#!ascii label  , from subject sub-v2s10x28979_ses-1 vox2ras=TkReg
1318
47220  -39.503  -11.332  73.300 0.0000000000
40633  -30.645  -18.122  84.128 0.0000000000
52342  -45.440  -6.996  59.934 0.0000000000
47324  -35.653  -11.444  64.592 0.0000000000
52223  -44.100  -6.525  67.992 0.0000000000
39789  -37.957  -19.114  77.962 0.0000000000
38909  -26.333  -19.680  71.006 0.0000000000
42576  -30.847  -16.749  67.122 0.0000000000
43243  -22.711  -15.566  87.535 0.0000000000
58731  -50.682  1.057  61.401 0.0000000000
37904  -23.610  -21.370  77.459 0.0000000000
47287  -38.137  -11.757  68.655 0.0000000000
50290  -39.627  -8.135  66.792 0.0000000000
48303  -42.633  -10.762  70.981 0.0000000000
44350  -39.259  -15.072  75.827 0.0000000000
41650  -34.736  -17.550  72.414 0.0000000000
43476  -35.945  -14.904  70.045 0.0000000000
44460  -33.050  -14.103  64.850 0.0000000000
59631  -51.754  1.576  57.622 0.0000000000
42353  -26.880  -16.355  85.506 0.0000000000
105228  -22.171  -17.541  81.895 0.0000000000
42451  -26.113  -16.927  79.852 0.0000000000
51312  -45.949  -7.764  63.745 0.0000000000
107867  -34.124  -20.671  81.144 0.0000000000
39784  -29.087  -18.956  77.064 0.0000000000
101302  -32.051  -20.132  74.676 0.0000000000
39880  -29.465  -19.438  69.520 0.0000000000
39639  -22.078  -20.186  89.278 0.0000000000
113405  -49.866  -6.909  68.579 0.0000000000
116022  -49.928  -5.942  64.025 0.0000000000
56877  -51.331  -1.220  64.097 0.0000000000
56050  -47.934  -2.601  60.217 0.0000000000
57856  -46.738  -0.691  57.225 0.0000000000
38757  -25.126  -21.221  85.491 0.0000000000
107110  -23.086  -19.536  73.618 0.0000000000
46343  -39.234  -11.823  70.867 0.0000000000
47289  -40.026  -11.060  69.170 0.0000000000
105424  -41.409  -11.379  71.818 0.0000000000
114761  -38.734  -12.826  74.376 0.0000000000
120313  -37.343  -15.489  72.503 0.0000000000
45406  -37.997  -12.908  71.575 0.0000000000
45422  -36.979  -12.940  69.078 0.0000000000
52359  -43.735  -7.177  58.386 0.0000000000
105463  -43.990  -5.457  58.796 0.0000000000
102556  -29.065  -17.335  84.768 0.0000000000
100702  -26.682  -16.625  82.802 0.0000000000
104223  -28.146  -17.335  81.282 0.0000000000
49335  -35.960  -9.136  63.251 0.0000000000
51255  -41.760  -7.098  67.690 0.0000000000
51281  -39.846  -7.128  65.586 0.0000000000
52256  -42.717  -6.489  66.091 0.0000000000
100806  -43.893  -7.141  63.255 0.0000000000
52276  -45.321  -6.762  65.874 0.0000000000
38839  -36.287  -20.326  79.196 0.0000000000
38854  -32.898  -20.535  78.179 0.0000000000
39802  -34.740  -19.647  76.674 0.0000000000
41672  -33.089  -17.057  69.982 0.0000000000
40789  -32.237  -18.333  70.917 0.0000000000
40819  -30.039  -18.037  67.988 0.0000000000
46385  -34.450  -12.684  64.405 0.0000000000
109602  -50.199  -6.604  65.704 0.0000000000
56041  -50.875  -2.484  62.276 0.0000000000
112214  -48.942  -1.311  60.622 0.0000000000
56953  -47.347  -1.387  58.781 0.0000000000
58740  -48.618  0.289  59.340 0.0000000000
58800  -49.441  0.483  54.620 0.0000000000
103077  -22.438  -18.018  88.990 0.0000000000
107462  -23.949  -20.809  87.416 0.0000000000
40613  -22.633  -18.647  86.068 0.0000000000
39757  -22.349  -18.730  79.359 0.0000000000
120693  -24.074  -20.690  81.504 0.0000000000
37029  -25.131  -22.373  79.361 0.0000000000
39824  -27.638  -19.273  74.264 0.0000000000
40743  -26.272  -18.065  75.440 0.0000000000
39841  -24.889  -19.157  72.064 0.0000000000
47309  -36.594  -11.756  66.146 0.0000000000
49322  -37.378  -9.620  65.504 0.0000000000
48330  -39.153  -10.349  67.790 0.0000000000
49302  -41.225  -9.325  69.058 0.0000000000
50268  -43.352  -8.138  69.827 0.0000000000
105464  -39.517  -16.981  76.509 0.0000000000
40762  -36.475  -18.124  74.827 0.0000000000
41648  -37.373  -17.034  73.960 0.0000000000
42548  -35.316  -16.163  70.827 0.0000000000
43484  -33.669  -15.675  68.251 0.0000000000
43519  -32.172  -15.229  65.707 0.0000000000
44430  -34.488  -14.572  67.345 0.0000000000
45451  -35.845  -12.918  66.912 0.0000000000
59619  -50.667  1.787  58.899 0.0000000000
105192  -53.513  3.515  60.183 0.0000000000
43257  -24.645  -15.400  86.661 0.0000000000
42362  -22.050  -16.713  84.308 0.0000000000
43293  -24.580  -15.930  83.319 0.0000000000
118752  -23.864  -16.508  80.695 0.0000000000
103739  -22.636  -18.189  77.852 0.0000000000
50308  -38.032  -7.816  64.851 0.0000000000
50321  -45.341  -8.551  61.903 0.0000000000
50334  -46.342  -8.715  61.633 0.0000000000
39733  -32.257  -19.522  82.401 0.0000000000
40671  -29.950  -18.442  80.277 0.0000000000
39760  -31.599  -19.913  79.478 0.0000000000
38865  -30.232  -20.340  76.164 0.0000000000
38888  -29.203  -20.442  73.219 0.0000000000
39837  -33.259  -19.248  73.757 0.0000000000
39844  -30.982  -19.826  72.085 0.0000000000
38929  -28.350  -19.842  70.731 0.0000000000
49216  -40.773  -9.490  73.718 0.0000000000
40623  -32.299  -18.087  84.674 0.0000000000
39735  -36.934  -20.034  81.868 0.0000000000
112369  -38.964  -18.761  79.689 0.0000000000
49219  -43.592  -10.160  73.550 0.0000000000
49238  -44.894  -10.021  72.833 0.0000000000
51208  -46.149  -7.459  70.662 0.0000000000
51205  -48.547  -7.050  71.286 0.0000000000
51243  -46.874  -6.984  68.604 0.0000000000
51271  -47.526  -7.404  66.295 0.0000000000
51315  -48.092  -7.434  63.724 0.0000000000
52320  -47.784  -6.269  62.173 0.0000000000
54199  -51.763  -3.827  63.597 0.0000000000
54210  -48.681  -4.443  61.562 0.0000000000
54220  -46.506  -4.897  60.471 0.0000000000
120495  -45.493  -3.502  59.090 0.0000000000
58759  -49.175  0.898  56.847 0.0000000000
38738  -21.829  -21.125  86.859 0.0000000000
36979  -26.046  -22.205  83.965 0.0000000000
39701  -23.663  -19.933  83.631 0.0000000000
37850  -25.982  -21.495  83.480 0.0000000000
41586  -27.464  -17.547  78.808 0.0000000000
41613  -24.051  -17.554  76.511 0.0000000000
112881  -22.834  -20.482  75.412 0.0000000000
118155  -23.718  -24.229  73.244 0.0000000000
47244  -39.769  -11.597  71.991 0.0000000000
47258  -39.885  -11.642  71.156 0.0000000000
47231  -40.649  -11.255  72.226 0.0000000000
46311  -38.920  -12.119  73.720 0.0000000000
45398  -38.192  -13.378  72.967 0.0000000000
120753  -38.596  -12.497  72.328 0.0000000000
46342  -38.532  -12.284  70.993 0.0000000000
51364  -45.572  -8.262  59.869 0.0000000000
106455  -45.043  -7.566  59.476 0.0000000000
52360  -44.032  -6.466  58.788 0.0000000000
52341  -44.696  -6.370  59.389 0.0000000000
41512  -29.888  -17.720  84.452 0.0000000000
41526  -28.635  -17.341  82.858 0.0000000000
41527  -29.356  -17.688  82.622 0.0000000000
47341  -34.963  -10.767  63.010 0.0000000000
48357  -36.001  -9.927  63.981 0.0000000000
51239  -42.530  -7.089  68.320 0.0000000000
52238  -42.022  -6.653  66.784 0.0000000000
101587  -42.977  -6.544  66.929 0.0000000000
52257  -43.630  -6.475  66.268 0.0000000000
52241  -44.758  -6.477  67.339 0.0000000000
39776  -37.806  -19.490  78.729 0.0000000000
39787  -35.440  -19.818  77.517 0.0000000000
112766  -36.375  -19.452  77.446 0.0000000000
42564  -31.746  -16.681  68.001 0.0000000000
41670  -31.718  -17.655  69.398 0.0000000000
41690  -30.431  -17.372  67.557 0.0000000000
41689  -29.702  -17.727  67.239 0.0000000000
46386  -35.072  -12.198  64.572 0.0000000000
46395  -33.708  -12.621  63.264 0.0000000000
46407  -34.038  -11.968  62.793 0.0000000000
57810  -50.237  -0.719  61.724 0.0000000000
58715  -50.310  0.210  61.564 0.0000000000
57841  -48.400  -0.514  59.624 0.0000000000
58741  -49.253  0.808  59.810 0.0000000000
42335  -22.238  -16.367  87.878 0.0000000000
40604  -22.754  -18.687  86.936 0.0000000000
41481  -22.093  -17.688  86.476 0.0000000000
38820  -23.216  -20.581  78.655 0.0000000000
37883  -23.945  -21.243  79.230 0.0000000000
37905  -24.229  -21.963  77.964 0.0000000000
37053  -25.122  -23.163  78.062 0.0000000000
36295  -24.862  -23.244  77.362 0.0000000000
39843  -27.196  -19.571  72.854 0.0000000000
39833  -26.652  -19.085  73.166 0.0000000000
107406  -25.839  -19.296  72.044 0.0000000000
101411  -37.383  -11.635  67.131 0.0000000000
47311  -37.859  -11.126  66.953 0.0000000000
102865  -38.519  -11.386  68.187 0.0000000000
48315  -41.464  -10.626  69.938 0.0000000000
48323  -40.348  -10.429  68.903 0.0000000000
49292  -41.675  -9.850  69.605 0.0000000000
50266  -41.810  -9.077  69.367 0.0000000000
49279  -42.825  -9.975  70.570 0.0000000000
43402  -39.268  -15.919  75.802 0.0000000000
41639  -38.167  -17.023  74.866 0.0000000000
43413  -38.422  -15.882  74.616 0.0000000000
44388  -36.804  -14.827  71.163 0.0000000000
43442  -36.941  -15.855  72.160 0.0000000000
43464  -35.642  -15.545  70.441 0.0000000000
42555  -34.249  -16.193  69.793 0.0000000000
43475  -35.311  -15.265  69.696 0.0000000000
43493  -34.110  -15.149  67.772 0.0000000000
44420  -35.371  -14.417  68.502 0.0000000000
46349  -37.751  -12.289  69.287 0.0000000000
45442  -36.106  -13.143  67.703 0.0000000000
46366  -36.476  -12.509  67.279 0.0000000000
46375  -36.236  -12.332  66.500 0.0000000000
43271  -26.510  -15.955  86.578 0.0000000000
43280  -24.258  -15.613  84.475 0.0000000000
42363  -25.954  -16.159  84.476 0.0000000000
42411  -26.402  -16.764  81.248 0.0000000000
42410  -25.388  -16.501  81.415 0.0000000000
42430  -24.760  -16.543  80.577 0.0000000000
42467  -23.470  -16.934  79.236 0.0000000000
42468  -24.300  -16.862  79.035 0.0000000000
49316  -38.600  -9.006  66.503 0.0000000000
50297  -37.568  -8.677  65.150 0.0000000000
50298  -38.453  -8.302  65.779 0.0000000000
120317  -41.177  -6.542  64.780 0.0000000000
52288  -39.869  -6.628  63.934 0.0000000000
52303  -40.432  -6.512  63.186 0.0000000000
110732  -45.242  -7.544  63.688 0.0000000000
51324  -44.631  -7.766  62.545 0.0000000000
117621  -45.632  -8.068  62.871 0.0000000000
50333  -45.814  -9.112  61.299 0.0000000000
50322  -46.383  -8.391  62.486 0.0000000000
38794  -33.516  -20.374  81.816 0.0000000000
104300  -31.986  -19.684  81.203 0.0000000000
38822  -32.930  -20.507  80.027 0.0000000000
100980  -32.349  -20.450  76.672 0.0000000000
101096  -31.532  -20.497  76.827 0.0000000000
101112  -30.963  -20.526  76.118 0.0000000000
38880  -29.740  -20.466  74.730 0.0000000000
38881  -30.438  -20.490  74.436 0.0000000000
40770  -35.329  -18.108  73.851 0.0000000000
40760  -34.774  -18.602  74.367 0.0000000000
40776  -34.245  -18.125  72.850 0.0000000000
39882  -30.892  -18.960  70.158 0.0000000000
39857  -31.497  -19.374  71.662 0.0000000000
39869  -30.468  -19.472  70.612 0.0000000000
38930  -29.163  -19.903  70.940 0.0000000000
44445  -32.616  -14.660  65.264 0.0000000000
39748  -37.893  -19.680  80.562 0.0000000000
43377  -40.777  -16.074  77.855 0.0000000000
49218  -42.462  -9.640  73.431 0.0000000000
49209  -45.504  -9.169  74.167 0.0000000000
114018  -46.194  -8.752  73.433 0.0000000000
50238  -45.938  -8.571  72.108 0.0000000000
50239  -46.638  -8.105  72.339 0.0000000000
51212  -49.502  -6.820  70.153 0.0000000000
51226  -47.982  -7.454  70.091 0.0000000000
51244  -47.961  -7.290  68.305 0.0000000000
51256  -46.957  -7.094  66.998 0.0000000000
51258  -48.622  -7.343  67.540 0.0000000000
52293  -50.022  -6.343  64.638 0.0000000000
51302  -48.607  -7.198  64.387 0.0000000000
115504  -48.591  -6.969  63.864 0.0000000000
51326  -47.676  -7.464  63.007 0.0000000000
117758  -48.634  -6.369  63.161 0.0000000000
56031  -51.692  -2.905  63.396 0.0000000000
56052  -49.221  -2.775  61.117 0.0000000000
113694  -50.129  -3.575  61.883 0.0000000000
54223  -48.291  -3.816  61.037 0.0000000000
110162  -47.932  -4.401  61.183 0.0000000000
55166  -47.088  -3.683  60.313 0.0000000000
55175  -45.883  -3.793  59.620 0.0000000000
55176  -46.579  -3.371  59.775 0.0000000000
56963  -47.099  -0.922  58.002 0.0000000000
56093  -46.127  -1.816  57.959 0.0000000000
56972  -45.460  -1.225  56.585 0.0000000000
59630  -50.719  1.608  57.912 0.0000000000
59629  -49.875  1.443  58.213 0.0000000000
59642  -49.973  1.256  57.339 0.0000000000
38746  -24.770  -20.974  86.035 0.0000000000
37811  -24.186  -21.524  86.631 0.0000000000
36970  -24.953  -21.879  85.555 0.0000000000
36978  -25.349  -22.070  84.828 0.0000000000
37832  -25.702  -21.662  84.500 0.0000000000
42377  -22.427  -16.500  83.343 0.0000000000
40632  -22.371  -18.531  83.936 0.0000000000
40645  -22.074  -17.984  82.808 0.0000000000
116499  -24.862  -21.075  82.058 0.0000000000
36264  -26.873  -23.640  81.022 0.0000000000
40697  -29.531  -18.580  78.675 0.0000000000
40683  -29.009  -18.153  79.276 0.0000000000
40709  -28.556  -18.437  77.599 0.0000000000
109404  -24.622  -18.072  74.500 0.0000000000
41624  -25.345  -17.703  75.740 0.0000000000
40740  -23.371  -18.531  74.734 0.0000000000
40739  -23.049  -18.533  75.641 0.0000000000
38873  -22.750  -19.855  74.900 0.0000000000
35474  -24.376  -24.631  74.711 0.0000000000
46350  -38.522  -11.826  69.428 0.0000000000
107324  -38.870  -11.452  68.782 0.0000000000
100547  -39.749  -11.589  70.374 0.0000000000
47259  -40.613  -11.451  70.713 0.0000000000
47261  -42.443  -11.171  71.486 0.0000000000
44349  -38.844  -14.315  75.154 0.0000000000
102786  -38.253  -15.318  74.161 0.0000000000
45384  -38.261  -13.908  73.692 0.0000000000
45397  -37.783  -13.738  72.166 0.0000000000
44400  -37.043  -14.056  70.824 0.0000000000
44410  -36.250  -14.239  69.628 0.0000000000
119752  -37.329  -13.403  70.545 0.0000000000
46341  -38.144  -12.313  70.111 0.0000000000
54247  -43.624  -4.603  58.287 0.0000000000
42364  -27.590  -16.723  84.917 0.0000000000
108920  -26.822  -16.495  84.422 0.0000000000
42381  -27.291  -16.732  83.701 0.0000000000
42395  -26.975  -16.829  82.004 0.0000000000
117384  -27.332  -17.086  81.106 0.0000000000
50291  -40.320  -7.845  67.175 0.0000000000
51267  -40.037  -7.499  66.438 0.0000000000
51268  -40.723  -7.252  66.771 0.0000000000
52272  -41.834  -6.566  65.812 0.0000000000
114688  -41.721  -6.516  64.979 0.0000000000
52306  -42.930  -6.737  63.521 0.0000000000
101421  -43.163  -6.548  64.830 0.0000000000
51283  -44.817  -6.900  64.875 0.0000000000
51284  -45.605  -7.166  65.114 0.0000000000
101346  -35.085  -20.776  80.530 0.0000000000
38823  -33.597  -20.650  79.691 0.0000000000
115658  -34.846  -20.547  78.983 0.0000000000
38867  -33.815  -20.132  77.004 0.0000000000
117018  -33.201  -19.921  75.813 0.0000000000
41662  -33.384  -17.316  70.712 0.0000000000
40782  -33.248  -18.181  71.824 0.0000000000
41661  -32.659  -17.643  70.443 0.0000000000
40800  -31.290  -18.317  69.774 0.0000000000
40808  -29.674  -18.703  68.380 0.0000000000
39901  -28.342  -19.309  67.726 0.0000000000
40818  -29.369  -18.419  67.647 0.0000000000
45462  -33.453  -13.575  64.466 0.0000000000
45473  -33.353  -13.269  63.742 0.0000000000
52227  -50.929  -6.016  68.505 0.0000000000
120832  -49.830  -6.899  66.814 0.0000000000
52245  -51.248  -5.968  67.600 0.0000000000
104725  -50.990  -6.131  65.967 0.0000000000
52294  -50.818  -5.714  64.740 0.0000000000
57776  -51.416  -0.512  64.059 0.0000000000
114773  -51.598  -2.450  63.081 0.0000000000
114728  -51.258  -1.616  62.797 0.0000000000
56040  -49.887  -2.248  61.479 0.0000000000
56051  -48.379  -2.019  60.285 0.0000000000
56067  -47.363  -2.436  59.606 0.0000000000
56939  -48.367  -1.323  60.004 0.0000000000
104632  -47.581  -0.779  58.574 0.0000000000
57849  -47.623  -0.308  58.067 0.0000000000
58772  -51.887  0.663  56.212 0.0000000000
58771  -50.923  0.833  56.283 0.0000000000
58801  -50.986  0.459  54.985 0.0000000000
40583  -22.675  -19.069  89.081 0.0000000000
38719  -23.142  -20.395  88.532 0.0000000000
39652  -23.558  -20.322  88.013 0.0000000000
39664  -24.139  -20.467  86.656 0.0000000000
39677  -24.196  -20.290  85.600 0.0000000000
40669  -22.228  -18.147  80.190 0.0000000000
39731  -22.675  -19.429  81.507 0.0000000000
38807  -23.527  -20.466  80.635 0.0000000000
38808  -24.182  -21.153  80.167 0.0000000000
37885  -25.555  -22.229  80.407 0.0000000000
37031  -26.350  -23.236  80.349 0.0000000000
36276  -25.957  -23.443  79.421 0.0000000000
39798  -28.971  -19.300  76.219 0.0000000000
40724  -28.369  -18.653  76.768 0.0000000000
116607  -27.076  -18.627  74.799 0.0000000000
40767  -25.934  -18.542  73.608 0.0000000000
40765  -24.048  -18.701  73.232 0.0000000000
100470  -36.281  -11.448  65.370 0.0000000000
47325  -36.217  -10.637  64.719 0.0000000000
48345  -37.273  -10.459  65.841 0.0000000000
49315  -38.251  -9.803  66.522 0.0000000000
105143  -38.855  -9.649  67.112 0.0000000000
48322  -39.681  -10.703  68.517 0.0000000000
48331  -39.917  -9.956  68.294 0.0000000000
50284  -39.939  -8.602  67.468 0.0000000000
50278  -41.518  -8.359  68.747 0.0000000000
50279  -42.215  -7.736  68.860 0.0000000000
51222  -43.827  -7.328  69.387 0.0000000000
40728  -38.714  -18.232  77.136 0.0000000000
40726  -37.088  -18.612  76.376 0.0000000000
41626  -38.161  -17.510  75.392 0.0000000000
41637  -36.951  -17.553  74.371 0.0000000000
41651  -35.561  -17.301  72.658 0.0000000000
42539  -37.319  -16.095  72.866 0.0000000000
42538  -36.721  -16.454  72.522 0.0000000000
41657  -35.223  -17.005  71.968 0.0000000000
42546  -33.803  -16.723  70.270 0.0000000000
42566  -33.207  -16.242  68.744 0.0000000000
42578  -32.224  -16.227  67.648 0.0000000000
42592  -31.989  -15.937  66.938 0.0000000000
43491  -32.716  -15.696  67.190 0.0000000000
44429  -33.854  -14.905  67.013 0.0000000000
44437  -34.226  -14.328  66.592 0.0000000000
45431  -35.710  -13.769  68.116 0.0000000000
45441  -35.471  -13.556  67.317 0.0000000000
45449  -34.578  -13.710  66.186 0.0000000000
45456  -34.968  -13.106  65.773 0.0000000000
46382  -35.991  -12.142  65.750 0.0000000000
59608  -50.889  1.888  60.032 0.0000000000
59609  -52.049  2.471  61.075 0.0000000000
60636  -52.385  2.484  59.384 0.0000000000
59621  -52.496  2.107  58.485 0.0000000000
59632  -52.972  1.533  57.819 0.0000000000
58773  -52.973  0.503  56.503 0.0000000000
43256  -23.675  -15.232  87.250 0.0000000000
121735  -22.178  -16.204  85.482 0.0000000000
113428  -23.304  -15.602  84.872 0.0000000000
43279  -23.503  -15.698  83.907 0.0000000000
42391  -22.659  -16.467  82.599 0.0000000000
42379  -25.475  -16.149  83.478 0.0000000000
101257  -23.821  -16.238  81.874 0.0000000000
42428  -22.684  -16.876  80.934 0.0000000000
41567  -22.494  -17.446  79.877 0.0000000000
39771  -22.437  -18.863  78.348 0.0000000000
38849  -22.742  -19.884  77.192 0.0000000000
49331  -36.925  -9.326  64.820 0.0000000000
50307  -37.041  -8.547  64.285 0.0000000000
51280  -38.881  -7.479  65.324 0.0000000000
50349  -46.058  -9.146  60.813 0.0000000000
51353  -46.459  -7.917  61.028 0.0000000000
40648  -31.407  -18.910  82.731 0.0000000000
115692  -30.039  -18.291  81.590 0.0000000000
39732  -31.347  -19.119  81.682 0.0000000000
40685  -30.596  -18.899  79.903 0.0000000000
113137  -30.676  -19.561  78.393 0.0000000000
115082  -32.285  -20.468  78.452 0.0000000000
38851  -31.036  -20.108  77.887 0.0000000000
39800  -30.034  -19.912  76.820 0.0000000000
39815  -29.218  -19.883  75.655 0.0000000000
38887  -28.510  -20.214  73.610 0.0000000000
101388  -28.154  -20.172  72.236 0.0000000000
39819  -35.372  -19.124  75.950 0.0000000000
39828  -34.244  -19.138  74.867 0.0000000000
39826  -32.679  -19.676  74.250 0.0000000000
40774  -32.699  -18.790  72.193 0.0000000000
39846  -32.310  -19.336  72.745 0.0000000000
38890  -31.365  -20.059  73.377 0.0000000000
117035  -30.060  -20.413  73.001 0.0000000000
38911  -28.615  -20.112  71.568 0.0000000000
43517  -30.596  -15.642  64.920 0.0000000000
48233  -39.778  -10.700  73.784 0.0000000000
48251  -40.621  -10.347  73.232 0.0000000000
41464  -22.075  -17.355  89.663 0.0000000000
44215  -24.267  -14.979  88.246 0.0000000000
43245  -24.821  -15.162  87.773 0.0000000000
103319  -26.717  -15.434  87.665 0.0000000000
103265  -28.659  -16.627  86.360 0.0000000000
41496  -29.797  -17.398  85.440 0.0000000000
41497  -30.493  -17.728  85.005 0.0000000000
40622  -31.173  -18.095  84.625 0.0000000000
39702  -32.219  -18.914  83.753 0.0000000000
39719  -33.552  -19.697  83.283 0.0000000000
38795  -34.295  -20.493  82.101 0.0000000000
39720  -35.271  -20.100  82.829 0.0000000000
106342  -35.089  -20.697  81.448 0.0000000000
38812  -36.522  -20.417  80.702 0.0000000000
113328  -38.057  -19.655  79.926 0.0000000000
39777  -38.401  -19.056  78.519 0.0000000000
101416  -39.557  -17.954  78.362 0.0000000000
42491  -40.297  -16.832  77.728 0.0000000000
43391  -40.283  -15.653  76.919 0.0000000000
47194  -39.414  -11.554  75.292 0.0000000000
48252  -41.714  -10.697  72.792 0.0000000000
47233  -42.665  -11.074  72.605 0.0000000000
47246  -43.104  -11.131  72.210 0.0000000000
118717  -44.231  -8.544  74.148 0.0000000000
48255  -44.361  -10.413  73.318 0.0000000000
49259  -43.969  -10.144  71.679 0.0000000000
49281  -44.288  -9.286  71.302 0.0000000000
50269  -44.237  -7.845  70.140 0.0000000000
51223  -44.750  -7.138  69.630 0.0000000000
51209  -47.215  -7.461  70.863 0.0000000000
51225  -46.815  -7.239  69.776 0.0000000000
52225  -45.898  -6.697  68.367 0.0000000000
52260  -46.190  -6.822  66.884 0.0000000000
51270  -46.617  -7.135  66.270 0.0000000000
115602  -46.394  -7.440  65.121 0.0000000000
51272  -48.454  -7.443  66.023 0.0000000000
51301  -47.841  -7.629  64.385 0.0000000000
51313  -46.789  -7.915  63.833 0.0000000000
116924  -47.218  -7.970  62.877 0.0000000000
51339  -46.747  -7.992  61.801 0.0000000000
52328  -46.429  -6.933  60.884 0.0000000000
53234  -51.572  -4.471  64.461 0.0000000000
53252  -50.759  -4.718  63.306 0.0000000000
55147  -51.440  -3.446  62.789 0.0000000000
54197  -50.307  -4.455  62.609 0.0000000000
53251  -49.746  -5.178  62.929 0.0000000000
53266  -48.302  -5.339  61.917 0.0000000000
53280  -46.626  -5.862  60.917 0.0000000000
53279  -46.033  -5.524  60.343 0.0000000000
53293  -44.839  -5.130  59.438 0.0000000000
54248  -44.403  -4.425  58.841 0.0000000000
55192  -44.090  -3.758  58.267 0.0000000000
56085  -46.246  -2.358  58.604 0.0000000000
55204  -44.689  -3.015  58.099 0.0000000000
55203  -43.850  -3.207  57.604 0.0000000000
59618  -49.776  1.374  59.216 0.0000000000
58758  -48.563  0.730  57.674 0.0000000000
58768  -47.541  0.126  56.782 0.0000000000
115116  -49.430  0.718  56.044 0.0000000000
118359  -47.597  0.329  55.528 0.0000000000
57877  -46.450  -0.235  55.686 0.0000000000
37810  -23.478  -21.528  87.065 0.0000000000
41495  -21.979  -17.601  85.291 0.0000000000
39689  -23.233  -19.455  84.846 0.0000000000
38767  -24.739  -20.524  84.301 0.0000000000
39716  -23.219  -19.829  82.481 0.0000000000
38778  -24.432  -20.463  83.333 0.0000000000
37840  -25.779  -21.350  84.081 0.0000000000
37841  -26.134  -21.805  83.865 0.0000000000
41556  -28.825  -17.690  80.874 0.0000000000
41570  -27.726  -17.485  79.664 0.0000000000
41569  -26.848  -17.211  79.523 0.0000000000
41616  -26.970  -17.901  77.116 0.0000000000
41600  -26.342  -17.537  77.711 0.0000000000
118727  -25.680  -17.236  78.306 0.0000000000
101560  -23.463  -17.652  77.035 0.0000000000
39797  -22.635  -19.286  76.672 0.0000000000
37910  -23.422  -21.391  76.584 0.0000000000
115470  -23.507  -20.716  71.396 0.0000000000
104494  -23.011  -20.862  73.007 0.0000000000
37917  -23.114  -21.692  73.731 0.0000000000
104871  -23.403  -22.406  74.478 0.0000000000
37059  -23.977  -22.761  75.923 0.0000000000
37056  -24.372  -22.840  76.726 0.0000000000
47230  -39.835  -11.312  72.603 0.0000000000
46321  -38.629  -12.529  72.879 0.0000000000
46322  -39.247  -11.796  72.778 0.0000000000
107978  -38.972  -12.091  72.233 0.0000000000
40646  -30.001  -17.954  83.405 0.0000000000
102924  -29.258  -17.556  83.641 0.0000000000
47331  -35.041  -11.513  63.835 0.0000000000
48349  -35.553  -10.733  63.909 0.0000000000
52222  -43.216  -6.639  67.763 0.0000000000
52240  -43.861  -6.483  67.125 0.0000000000
39788  -37.099  -19.504  78.110 0.0000000000
39804  -37.320  -18.991  77.229 0.0000000000
41691  -31.134  -17.013  67.834 0.0000000000
46396  -34.427  -12.226  63.717 0.0000000000
47330  -34.549  -11.547  63.133 0.0000000000
58716  -51.275  0.927  62.373 0.0000000000
58730  -49.704  0.497  60.686 0.0000000000
109050  -22.005  -17.064  87.255 0.0000000000
42341  -22.160  -16.146  86.949 0.0000000000
38834  -23.150  -20.639  77.773 0.0000000000
37894  -23.767  -21.313  78.329 0.0000000000
37052  -24.570  -22.635  77.608 0.0000000000
39855  -27.303  -19.848  72.156 0.0000000000
39842  -26.557  -19.397  72.442 0.0000000000
39854  -26.459  -19.601  71.732 0.0000000000
47299  -37.862  -11.602  67.780 0.0000000000
48302  -41.927  -11.003  70.698 0.0000000000
48316  -42.156  -10.338  70.244 0.0000000000
49293  -42.311  -9.462  69.897 0.0000000000
42514  -38.756  -16.218  75.246 0.0000000000
43401  -38.717  -15.335  75.030 0.0000000000
43465  -36.265  -15.214  70.781 0.0000000000
43486  -35.005  -15.011  68.925 0.0000000000
44409  -35.637  -14.636  69.289 0.0000000000
46358  -37.414  -12.201  68.424 0.0000000000
46367  -37.097  -12.065  67.604 0.0000000000
43282  -25.971  -16.026  85.479 0.0000000000
103161  -25.780  -16.717  80.527 0.0000000000
42450  -25.173  -16.761  79.682 0.0000000000
42469  -25.145  -16.975  78.847 0.0000000000
121239  -39.021  -8.389  66.453 0.0000000000
52290  -41.438  -6.494  64.200 0.0000000000
110508  -40.729  -6.504  63.843 0.0000000000
50314  -46.375  -8.111  63.188 0.0000000000
38810  -33.243  -20.480  80.953 0.0000000000
119695  -33.660  -20.642  80.434 0.0000000000
38877  -32.577  -20.233  75.900 0.0000000000
101111  -31.794  -20.441  76.017 0.0000000000
101095  -31.342  -20.438  75.218 0.0000000000
120363  -30.849  -20.472  74.805 0.0000000000
38882  -31.243  -20.318  74.274 0.0000000000
40777  -35.028  -17.811  73.137 0.0000000000
40769  -34.521  -18.387  73.589 0.0000000000
39881  -30.225  -19.274  69.822 0.0000000000
39868  -29.711  -19.628  70.344 0.0000000000
44446  -33.319  -14.383  65.559 0.0000000000
113792  -32.362  -14.399  64.495 0.0000000000
50226  -46.635  -8.222  72.894 0.0000000000
120714  -49.871  -6.658  69.567 0.0000000000
51228  -49.511  -7.097  69.366 0.0000000000
101176  -48.566  -7.371  69.295 0.0000000000
51245  -49.081  -7.312  68.481 0.0000000000
51316  -49.221  -6.643  64.261 0.0000000000
52307  -48.955  -6.466  63.660 0.0000000000
52315  -49.321  -5.855  63.326 0.0000000000
56876  -50.876  -0.987  64.442 0.0000000000
112265  -51.192  -2.145  64.158 0.0000000000
56018  -51.530  -2.394  63.685 0.0000000000
55168  -48.525  -3.120  60.805 0.0000000000
55167  -47.782  -3.371  60.518 0.0000000000
54222  -47.564  -4.067  60.762 0.0000000000
115274  -47.254  -3.006  59.964 0.0000000000
56962  -46.448  -1.282  57.626 0.0000000000
56973  -46.139  -0.966  56.923 0.0000000000
57865  -45.916  -0.674  56.143 0.0000000000
59643  -50.812  1.223  57.057 0.0000000000
38718  -22.140  -20.606  88.659 0.0000000000
37821  -24.754  -21.465  85.963 0.0000000000
37831  -25.261  -21.556  85.229 0.0000000000
109986  -25.479  -21.140  84.808 0.0000000000
41524  -22.229  -17.009  82.627 0.0000000000
39730  -22.280  -18.651  81.951 0.0000000000
37018  -26.691  -22.936  81.307 0.0000000000
40710  -29.295  -18.736  77.851 0.0000000000
40696  -28.774  -18.262  78.430 0.0000000000
40756  -23.446  -18.847  73.815 0.0000000000
40741  -24.128  -18.006  74.864 0.0000000000
39822  -22.955  -19.219  74.357 0.0000000000
38879  -22.803  -20.031  74.162 0.0000000000
47273  -38.924  -11.867  70.212 0.0000000000
47245  -40.681  -11.462  71.499 0.0000000000
47260  -41.556  -11.344  71.210 0.0000000000
100870  -42.215  -11.341  71.941 0.0000000000
45366  -38.951  -13.242  75.224 0.0000000000
45374  -38.578  -13.628  74.423 0.0000000000
105076  -38.253  -12.903  72.307 0.0000000000
44389  -37.293  -14.370  71.608 0.0000000000
45405  -37.523  -13.555  71.245 0.0000000000
51373  -44.196  -8.385  58.520 0.0000000000
116405  -43.328  -5.330  58.167 0.0000000000
42365  -28.457  -16.946  85.466 0.0000000000
41511  -28.175  -17.018  84.314 0.0000000000
41539  -27.871  -17.135  82.142 0.0000000000
48356  -35.510  -10.015  63.214 0.0000000000
51254  -41.004  -7.496  67.478 0.0000000000
119423  -41.327  -7.003  67.027 0.0000000000
52273  -42.543  -6.494  65.263 0.0000000000
52274  -43.387  -6.505  65.475 0.0000000000
52275  -44.382  -6.613  65.582 0.0000000000
119072  -45.039  -6.810  65.343 0.0000000000
103561  -35.841  -20.586  79.979 0.0000000000
38824  -34.973  -20.710  79.716 0.0000000000
38838  -35.544  -20.465  79.061 0.0000000000
38855  -34.532  -20.182  77.613 0.0000000000
39801  -33.830  -19.758  76.183 0.0000000000
41671  -32.400  -17.384  69.708 0.0000000000
41679  -30.751  -17.667  68.294 0.0000000000
40810  -31.031  -17.977  69.044 0.0000000000
40809  -30.360  -18.377  68.697 0.0000000000
40799  -30.631  -18.688  69.422 0.0000000000
45463  -34.060  -13.238  64.668 0.0000000000
120939  -33.708  -13.242  64.234 0.0000000000
53196  -51.032  -5.448  68.017 0.0000000000
53205  -51.535  -5.168  66.477 0.0000000000
52263  -51.446  -5.546  66.220 0.0000000000
53212  -51.670  -5.110  65.697 0.0000000000
52278  -51.382  -5.501  65.474 0.0000000000
119446  -51.702  -5.066  65.352 0.0000000000
58681  -51.399  1.091  63.652 0.0000000000
58680  -51.288  0.946  64.020 0.0000000000
112138  -51.357  0.368  64.043 0.0000000000
57792  -51.462  0.010  63.695 0.0000000000
56893  -51.480  -1.314  63.503 0.0000000000
57791  -51.349  -0.520  63.151 0.0000000000
56923  -49.618  -1.424  61.263 0.0000000000
56922  -49.006  -2.021  60.859 0.0000000000
120160  -48.646  -1.692  60.447 0.0000000000
57850  -48.033  -0.213  58.806 0.0000000000
58749  -48.062  0.211  58.120 0.0000000000
58785  -51.132  0.602  55.664 0.0000000000
39651  -23.143  -19.713  88.603 0.0000000000
118358  -22.793  -18.702  88.469 0.0000000000
107085  -23.421  -19.535  86.843 0.0000000000
104702  -23.410  -19.515  85.867 0.0000000000
110529  -22.330  -18.966  80.197 0.0000000000
39758  -22.690  -19.705  79.891 0.0000000000
37884  -24.721  -21.763  79.777 0.0000000000
37030  -25.759  -22.833  79.841 0.0000000000
37042  -25.405  -22.998  78.934 0.0000000000
36299  -25.368  -23.921  77.530 0.0000000000
36287  -25.631  -23.636  78.541 0.0000000000
39814  -28.637  -19.542  75.393 0.0000000000
39813  -27.902  -19.094  75.083 0.0000000000
39832  -25.672  -18.865  72.729 0.0000000000
40773  -24.697  -18.791  72.757 0.0000000000
40766  -24.924  -18.452  73.374 0.0000000000
39831  -24.087  -19.123  72.558 0.0000000000
47319  -36.937  -11.173  65.929 0.0000000000
48338  -38.424  -10.435  67.076 0.0000000000
48337  -37.836  -10.472  66.470 0.0000000000
47288  -39.449  -11.186  68.810 0.0000000000
49301  -40.595  -9.656  68.703 0.0000000000
49309  -40.241  -9.134  68.124 0.0000000000
50277  -40.833  -8.930  68.549 0.0000000000
50285  -40.716  -8.275  67.971 0.0000000000
50267  -42.433  -8.456  69.453 0.0000000000
51221  -42.926  -7.528  69.133 0.0000000000
41617  -39.325  -17.565  76.924 0.0000000000
40750  -38.582  -17.812  76.245 0.0000000000
119025  -38.667  -17.377  75.790 0.0000000000
42524  -37.842  -16.824  74.369 0.0000000000
41638  -37.675  -17.301  74.650 0.0000000000
41647  -36.667  -17.304  73.630 0.0000000000
44370  -38.148  -14.697  73.676 0.0000000000
43431  -37.811  -15.399  73.276 0.0000000000
42543  -36.371  -16.176  71.823 0.0000000000
42542  -35.657  -16.441  71.542 0.0000000000
42537  -36.004  -16.733  72.236 0.0000000000
42541  -34.881  -16.702  71.275 0.0000000000
42547  -34.558  -16.436  70.547 0.0000000000
42567  -33.936  -15.915  69.040 0.0000000000
42579  -32.935  -15.958  67.963 0.0000000000
44419  -34.734  -14.784  68.134 0.0000000000
44436  -33.583  -14.639  66.285 0.0000000000
45421  -36.476  -13.644  69.215 0.0000000000
44421  -35.978  -14.023  68.875 0.0000000000
45450  -35.217  -13.330  66.536 0.0000000000
46374  -35.602  -12.716  66.135 0.0000000000
46376  -36.826  -11.942  66.866 0.0000000000
47318  -35.705  -11.980  65.113 0.0000000000
60627  -53.130  3.555  61.091 0.0000000000
121675  -52.969  3.066  60.083 0.0000000000
60637  -53.142  2.659  59.330 0.0000000000
59622  -53.513  2.146  58.583 0.0000000000
59633  -54.075  1.412  58.018 0.0000000000
58760  -53.573  0.814  57.310 0.0000000000
43268  -23.525  -15.409  86.018 0.0000000000
43269  -24.379  -15.532  85.449 0.0000000000
105063  -24.223  -15.714  83.796 0.0000000000
42378  -23.058  -15.971  83.115 0.0000000000
43292  -23.824  -15.811  83.333 0.0000000000
42380  -26.363  -16.423  83.593 0.0000000000
102029  -25.875  -16.390  82.800 0.0000000000
42409  -24.292  -16.381  81.301 0.0000000000
100882  -24.660  -16.285  82.021 0.0000000000
42408  -23.288  -16.457  81.301 0.0000000000
42447  -22.703  -17.027  80.312 0.0000000000
42429  -23.186  -16.694  80.467 0.0000000000
41582  -22.901  -17.626  78.222 0.0000000000
112991  -22.794  -17.404  79.085 0.0000000000
40694  -22.473  -18.084  78.690 0.0000000000
39783  -22.542  -18.927  77.350 0.0000000000
48350  -36.817  -10.119  65.160 0.0000000000
115896  -36.482  -9.854  64.562 0.0000000000
121036  -37.520  -8.218  64.608 0.0000000000
52291  -43.491  -6.736  64.157 0.0000000000
50332  -45.116  -9.146  61.098 0.0000000000
51352  -46.036  -8.764  60.446 0.0000000000
114615  -46.329  -8.659  61.091 0.0000000000
39717  -31.973  -19.100  83.236 0.0000000000
39747  -31.826  -19.768  80.257 0.0000000000
39759  -31.258  -19.436  79.877 0.0000000000
40698  -30.962  -19.459  79.205 0.0000000000
38836  -33.584  -20.596  78.796 0.0000000000
38835  -32.815  -20.550  79.122 0.0000000000
38852  -31.415  -20.386  77.499 0.0000000000
101303  -30.775  -20.334  76.990 0.0000000000
39786  -30.386  -19.739  77.573 0.0000000000
39799  -29.607  -19.952  76.181 0.0000000000
38875  -29.703  -20.307  75.520 0.0000000000
101495  -29.843  -20.523  73.869 0.0000000000
101622  -29.105  -20.408  74.174 0.0000000000
117688  -28.529  -20.289  72.905 0.0000000000
40748  -36.793  -18.360  75.593 0.0000000000
40725  -36.232  -18.820  76.141 0.0000000000
40747  -35.916  -18.600  75.373 0.0000000000
39838  -33.993  -18.908  74.078 0.0000000000
39827  -33.457  -19.426  74.567 0.0000000000
115882  -32.658  -18.416  71.535 0.0000000000
40781  -32.143  -18.850  71.589 0.0000000000
39856  -30.729  -19.665  71.408 0.0000000000
39858  -32.065  -19.250  72.127 0.0000000000
39845  -31.566  -19.677  72.559 0.0000000000
39835  -31.934  -19.692  73.210 0.0000000000
38898  -30.819  -20.135  72.775 0.0000000000
38913  -30.237  -20.122  72.090 0.0000000000
38912  -29.415  -20.160  71.774 0.0000000000
38910  -27.737  -19.937  71.354 0.0000000000
38928  -27.647  -19.749  70.530 0.0000000000
43502  -31.718  -15.708  66.226 0.0000000000
42603  -31.063  -15.972  66.085 0.0000000000
43518  -31.289  -15.534  65.438 0.0000000000
40571  -22.222  -18.315  89.457 0.0000000000
44216  -25.219  -14.548  88.673 0.0000000000
102966  -31.872  -18.440  84.369 0.0000000000
40635  -32.617  -18.682  84.149 0.0000000000
38781  -33.624  -20.162  82.644 0.0000000000
38782  -34.376  -20.133  82.946 0.0000000000
39722  -36.796  -19.504  82.438 0.0000000000
39706  -36.311  -19.179  83.007 0.0000000000
119329  -36.443  -20.014  82.354 0.0000000000
38783  -35.934  -20.378  82.135 0.0000000000
101040  -35.944  -20.536  81.345 0.0000000000
38796  -36.536  -20.342  81.466 0.0000000000
39737  -38.238  -19.236  80.802 0.0000000000
39749  -38.524  -19.257  79.980 0.0000000000
39763  -38.390  -19.292  79.258 0.0000000000
40686  -38.844  -18.877  79.349 0.0000000000
41603  -40.088  -17.330  78.271 0.0000000000
41602  -39.781  -17.476  77.678 0.0000000000
117434  -40.578  -15.888  77.394 0.0000000000
103750  -40.779  -15.385  77.551 0.0000000000
109414  -39.559  -10.920  74.647 0.0000000000
49217  -41.552  -9.988  73.292 0.0000000000
48253  -42.778  -10.588  73.131 0.0000000000
47223  -43.209  -10.896  73.022 0.0000000000
47234  -43.382  -10.954  72.802 0.0000000000
48254  -43.727  -10.724  73.222 0.0000000000
49240  -45.649  -9.358  73.480 0.0000000000
49220  -44.742  -9.934  73.735 0.0000000000
48256  -44.978  -9.965  73.393 0.0000000000
48289  -44.278  -10.446  72.475 0.0000000000
49260  -44.673  -9.769  72.094 0.0000000000
50253  -45.580  -8.052  71.270 0.0000000000
50252  -44.676  -8.382  70.910 0.0000000000
51207  -45.165  -7.590  70.423 0.0000000000
52198  -49.075  -6.660  70.821 0.0000000000
51204  -47.853  -7.280  71.770 0.0000000000
51210  -48.190  -7.357  70.994 0.0000000000
102407  -47.643  -7.272  69.215 0.0000000000
101634  -46.111  -6.885  69.129 0.0000000000
52242  -45.629  -6.607  67.524 0.0000000000
52243  -46.474  -6.827  67.672 0.0000000000
104678  -46.925  -7.425  65.556 0.0000000000
51287  -49.449  -7.083  65.966 0.0000000000
51286  -48.602  -7.366  65.154 0.0000000000
120743  -47.299  -7.807  64.093 0.0000000000
51314  -47.425  -7.828  63.553 0.0000000000
50315  -46.891  -8.168  63.043 0.0000000000
51340  -47.402  -7.226  62.333 0.0000000000
52319  -46.966  -6.855  61.573 0.0000000000
54182  -51.802  -4.029  63.971 0.0000000000
54160  -51.585  -4.222  64.434 0.0000000000
54181  -51.557  -4.282  63.762 0.0000000000
121625  -51.454  -2.985  62.710 0.0000000000
55159  -50.807  -3.243  62.276 0.0000000000
54211  -49.741  -4.129  61.961 0.0000000000
54212  -50.705  -3.823  62.382 0.0000000000
53267  -49.228  -4.865  62.274 0.0000000000
53281  -47.278  -4.874  60.978 0.0000000000
53294  -45.414  -5.834  59.940 0.0000000000
112969  -45.721  -4.745  59.945 0.0000000000
54249  -45.178  -4.172  59.316 0.0000000000
55193  -44.884  -3.617  58.710 0.0000000000
56086  -47.058  -2.071  59.016 0.0000000000
56960  -44.993  -1.820  57.030 0.0000000000
56092  -45.401  -2.273  57.866 0.0000000000
110750  -44.459  -2.497  57.375 0.0000000000
117388  -49.308  1.165  57.664 0.0000000000
58757  -47.846  0.189  57.479 0.0000000000
58769  -48.273  0.510  56.807 0.0000000000
101807  -50.164  0.647  55.486 0.0000000000
58784  -49.084  0.582  55.384 0.0000000000
58798  -47.742  0.370  54.852 0.0000000000
58782  -47.124  0.047  56.090 0.0000000000
38730  -23.520  -20.833  87.940 0.0000000000
37800  -23.272  -21.195  87.755 0.0000000000
37801  -23.913  -21.182  87.314 0.0000000000
37820  -24.402  -21.958  86.009 0.0000000000
37819  -23.514  -21.846  86.292 0.0000000000
36988  -23.441  -22.335  84.531 0.0000000000
36990  -25.232  -22.656  83.941 0.0000000000
36230  -25.904  -22.966  83.567 0.0000000000
42351  -21.977  -16.635  85.108 0.0000000000
41480  -21.857  -16.797  85.815 0.0000000000
39700  -23.133  -19.432  84.013 0.0000000000
39690  -23.997  -20.099  84.603 0.0000000000
38792  -23.358  -20.132  81.515 0.0000000000
37860  -25.769  -21.444  82.652 0.0000000000
38779  -25.304  -21.006  83.181 0.0000000000
110610  -25.306  -20.868  84.011 0.0000000000
36277  -26.520  -23.980  79.901 0.0000000000
41557  -29.658  -18.169  80.906 0.0000000000
41587  -28.268  -17.797  79.027 0.0000000000
41571  -28.510  -17.752  79.900 0.0000000000
40744  -27.319  -18.484  75.676 0.0000000000
40723  -27.562  -18.353  76.526 0.0000000000
40722  -26.714  -18.033  76.308 0.0000000000
41614  -25.047  -17.511  76.507 0.0000000000
41615  -26.087  -17.649  76.875 0.0000000000
41599  -25.352  -17.381  77.456 0.0000000000
41598  -24.312  -17.378  77.215 0.0000000000
38872  -22.702  -19.850  75.651 0.0000000000
39811  -22.675  -19.155  75.974 0.0000000000
38863  -22.729  -19.926  76.419 0.0000000000
38864  -22.968  -20.629  76.106 0.0000000000
37086  -23.378  -22.695  71.243 0.0000000000
37926  -23.218  -21.262  72.060 0.0000000000
101747  -23.253  -22.226  71.962 0.0000000000
37067  -23.327  -22.846  72.688 0.0000000000
37061  -23.344  -22.607  73.569 0.0000000000
36309  -23.656  -23.258  74.301 0.0000000000
36310  -24.149  -23.816  75.005 0.0000000000
36301  -23.823  -23.021  75.199 0.0000000000
36302  -24.433  -23.502  75.995 0.0000000000
46333  -39.142  -11.921  71.526 0.0000000000
46305  -39.028  -12.239  74.755 0.0000000000
46310  -38.512  -13.041  73.689 0.0000000000
46332  -38.574  -12.433  71.837 0.0000000000
50361  -45.488  -9.178  59.886 0.0000000000
50360  -44.928  -8.705  59.237 0.0000000000
51374  -44.459  -7.437  58.965 0.0000000000
105830  -28.615  -17.274  83.756 0.0000000000
41540  -28.717  -17.483  81.886 0.0000000000
52239  -42.488  -6.745  67.514 0.0000000000
52258  -44.560  -6.517  66.479 0.0000000000
39775  -37.010  -19.975  78.935 0.0000000000
39774  -36.135  -20.027  78.346 0.0000000000
39803  -35.776  -19.322  76.743 0.0000000000
41681  -32.171  -17.144  69.079 0.0000000000
41680  -31.557  -17.246  68.590 0.0000000000
41700  -29.364  -17.442  66.435 0.0000000000
45474  -33.950  -12.880  64.021 0.0000000000
58700  -51.529  0.817  63.252 0.0000000000
57811  -50.900  -0.015  62.478 0.0000000000
57827  -49.450  -0.512  60.875 0.0000000000
57826  -48.767  -0.742  60.260 0.0000000000
58729  -48.923  0.001  60.140 0.0000000000
41474  -22.296  -17.488  88.203 0.0000000000
103790  -22.493  -18.156  87.528 0.0000000000
38819  -22.645  -19.700  78.955 0.0000000000
108330  -23.342  -20.526  79.585 0.0000000000
37895  -24.452  -21.866  78.844 0.0000000000
37041  -24.822  -22.519  78.460 0.0000000000
118143  -27.989  -19.774  73.777 0.0000000000
39834  -27.393  -19.447  73.508 0.0000000000
47310  -37.184  -11.437  66.551 0.0000000000
47300  -38.533  -11.037  67.625 0.0000000000
48314  -40.747  -10.870  69.569 0.0000000000
48324  -41.009  -10.134  69.295 0.0000000000
49294  -43.025  -9.053  70.207 0.0000000000
42515  -39.205  -16.635  75.943 0.0000000000
41627  -38.652  -16.940  75.417 0.0000000000
42525  -38.226  -16.457  74.636 0.0000000000
43453  -37.101  -15.177  71.870 0.0000000000
43452  -36.603  -15.548  71.481 0.0000000000
42549  -36.012  -15.871  71.136 0.0000000000
42556  -34.955  -15.863  70.114 0.0000000000
43474  -34.638  -15.603  69.355 0.0000000000
43485  -34.357  -15.365  68.569 0.0000000000
45432  -36.336  -13.372  68.515 0.0000000000
46357  -36.733  -12.696  68.103 0.0000000000
43270  -25.387  -15.712  86.003 0.0000000000
43281  -25.160  -15.784  84.954 0.0000000000
43294  -24.957  -15.843  84.057 0.0000000000
101790  -26.152  -16.570  82.068 0.0000000000
42449  -23.946  -16.670  79.902 0.0000000000
42448  -22.999  -16.918  79.774 0.0000000000
41583  -23.534  -17.171  78.552 0.0000000000
49323  -37.984  -9.208  65.935 0.0000000000
115263  -40.878  -6.693  65.380 0.0000000000
52271  -40.119  -6.754  64.846 0.0000000000
52289  -40.698  -6.579  64.507 0.0000000000
51298  -44.504  -7.103  64.076 0.0000000000
51311  -44.771  -7.506  63.307 0.0000000000
103814  -45.982  -8.741  62.024 0.0000000000
38780  -33.033  -20.032  82.334 0.0000000000
39734  -32.743  -20.110  81.577 0.0000000000
38809  -32.489  -20.182  80.639 0.0000000000
38821  -32.235  -20.214  79.813 0.0000000000
110825  -32.993  -20.443  77.281 0.0000000000
38853  -32.143  -20.491  77.583 0.0000000000
38876  -30.427  -20.487  75.303 0.0000000000
40771  -36.148  -17.822  74.109 0.0000000000
40761  -35.617  -18.366  74.600 0.0000000000
40768  -33.742  -18.678  73.305 0.0000000000
40788  -31.533  -18.610  70.498 0.0000000000
40780  -31.702  -18.869  71.116 0.0000000000
39870  -31.163  -19.212  70.882 0.0000000000
38931  -29.964  -19.853  71.183 0.0000000000
43520  -32.900  -14.917  66.002 0.0000000000
40624  -33.089  -18.199  84.448 0.0000000000
39723  -37.380  -19.501  81.898 0.0000000000
39736  -37.636  -19.651  81.318 0.0000000000
40661  -37.901  -19.115  81.557 0.0000000000
42476  -40.588  -16.655  78.374 0.0000000000
50194  -41.186  -8.063  73.857 0.0000000000
50209  -41.459  -8.866  73.591 0.0000000000
50210  -42.276  -8.669  73.509 0.0000000000
50211  -43.300  -9.170  73.731 0.0000000000
49222  -45.862  -9.085  73.893 0.0000000000
49239  -45.419  -9.593  73.084 0.0000000000
49261  -45.373  -9.352  72.522 0.0000000000
50225  -46.056  -8.926  72.902 0.0000000000
50254  -46.499  -7.816  71.572 0.0000000000
52199  -49.533  -6.108  70.361 0.0000000000
51211  -48.927  -7.131  70.736 0.0000000000
51227  -48.862  -7.304  70.159 0.0000000000
100774  -47.205  -7.090  67.750 0.0000000000
51257  -47.743  -7.299  67.258 0.0000000000
105437  -48.272  -7.404  66.766 0.0000000000
51303  -49.514  -6.843  65.030 0.0000000000
51327  -48.307  -6.939  63.359 0.0000000000
52314  -48.065  -6.705  62.794 0.0000000000
55130  -51.516  -3.375  64.079 0.0000000000
55139  -51.719  -3.536  63.716 0.0000000000
55148  -51.721  -3.469  63.312 0.0000000000
55158  -50.080  -3.032  61.631 0.0000000000
55157  -49.256  -3.573  61.381 0.0000000000
54221  -46.976  -4.318  60.539 0.0000000000
54230  -46.426  -4.096  60.171 0.0000000000
55194  -46.065  -3.081  59.185 0.0000000000
56952  -46.730  -1.640  58.329 0.0000000000
56961  -45.763  -1.559  57.341 0.0000000000
58814  -48.873  0.354  53.883 0.0000000000
58799  -48.562  0.465  54.692 0.0000000000
38728  -22.213  -20.987  87.837 0.0000000000
38739  -24.351  -21.143  86.707 0.0000000000
36977  -24.457  -22.230  85.240 0.0000000000
103643  -22.049  -17.327  83.525 0.0000000000
39715  -22.643  -19.087  83.118 0.0000000000
38793  -24.510  -21.106  81.102 0.0000000000
110532  -25.396  -21.505  81.650 0.0000000000
37851  -26.330  -21.856  83.195 0.0000000000
37009  -26.756  -22.611  82.194 0.0000000000
36255  -27.077  -23.363  82.090 0.0000000000
36265  -27.219  -24.105  81.611 0.0000000000
40684  -29.770  -18.494  79.524 0.0000000000
40670  -29.278  -18.095  80.116 0.0000000000
40695  -28.035  -17.920  78.171 0.0000000000
40742  -25.135  -17.877  74.948 0.0000000000
41623  -24.326  -17.717  75.714 0.0000000000
41612  -23.364  -17.968  76.235 0.0000000000
108322  -23.580  -18.106  75.415 0.0000000000
39812  -22.784  -19.089  75.164 0.0000000000
35487  -24.090  -24.950  73.649 0.0000000000
35473  -23.871  -24.081  74.067 0.0000000000
105196  -39.426  -11.479  69.502 0.0000000000
47274  -40.327  -11.326  69.912 0.0000000000
47275  -41.147  -11.181  70.336 0.0000000000
44360  -38.433  -14.528  74.355 0.0000000000
44379  -37.954  -14.316  73.016 0.0000000000
44378  -37.530  -14.763  72.404 0.0000000000
44399  -36.520  -14.489  70.409 0.0000000000
45411  -36.846  -13.655  69.960 0.0000000000
45412  -37.461  -12.896  69.959 0.0000000000
45413  -37.800  -12.863  70.750 0.0000000000
53312  -43.442  -6.119  58.297 0.0000000000
42354  -27.872  -16.586  86.048 0.0000000000
41525  -27.994  -17.036  83.233 0.0000000000
115960  -27.365  -16.852  82.754 0.0000000000
42431  -26.649  -16.974  80.412 0.0000000000
51282  -40.529  -7.048  66.107 0.0000000000
52255  -41.207  -6.823  66.320 0.0000000000
52305  -42.045  -6.533  63.519 0.0000000000
117046  -42.473  -6.527  64.371 0.0000000000
52292  -43.954  -6.689  64.836 0.0000000000
51299  -45.374  -7.360  64.347 0.0000000000
120464  -34.665  -20.762  80.864 0.0000000000
101843  -34.337  -20.759  80.272 0.0000000000
100981  -34.268  -20.669  79.353 0.0000000000
38837  -34.338  -20.492  78.469 0.0000000000
38856  -35.145  -20.300  78.301 0.0000000000
113803  -33.684  -20.444  77.876 0.0000000000
38866  -33.130  -20.205  76.461 0.0000000000
39816  -32.818  -19.870  75.140 0.0000000000
41655  -33.672  -17.574  71.432 0.0000000000
40783  -33.965  -17.858  72.130 0.0000000000
40790  -32.959  -17.890  71.159 0.0000000000
40801  -31.950  -17.962  70.139 0.0000000000
39891  -29.972  -19.031  69.073 0.0000000000
39890  -29.266  -19.259  68.745 0.0000000000
39902  -29.020  -19.006  68.045 0.0000000000
40817  -28.700  -18.789  67.281 0.0000000000
40828  -29.034  -18.143  66.871 0.0000000000
45454  -33.696  -13.806  65.143 0.0000000000
45461  -32.815  -13.819  64.109 0.0000000000
101202  -32.610  -13.578  63.297 0.0000000000
45487  -33.027  -13.000  62.849 0.0000000000
52209  -50.610  -6.002  69.068 0.0000000000
52226  -50.307  -6.515  69.039 0.0000000000
100713  -49.680  -7.013  67.669 0.0000000000
51246  -50.545  -6.503  68.157 0.0000000000
52244  -50.575  -6.546  67.251 0.0000000000
52261  -50.421  -6.587  66.400 0.0000000000
121520  -51.430  -5.601  66.876 0.0000000000
52262  -51.195  -6.103  66.744 0.0000000000
52277  -50.546  -6.242  65.242 0.0000000000
56885  -51.492  -1.519  63.750 0.0000000000
56024  -51.592  -2.172  63.482 0.0000000000
56907  -50.847  -0.912  62.466 0.0000000000
56906  -50.500  -1.593  61.952 0.0000000000
113623  -48.609  -2.524  60.648 0.0000000000
56068  -47.758  -1.845  59.577 0.0000000000
57840  -47.881  -1.014  59.233 0.0000000000
57857  -47.297  -0.326  57.396 0.0000000000
59644  -51.551  1.083  56.811 0.0000000000
117912  -22.655  -20.420  88.844 0.0000000000
39663  -23.264  -19.379  87.770 0.0000000000
113700  -23.762  -20.225  87.417 0.0000000000
38756  -24.918  -20.761  85.226 0.0000000000
40658  -22.121  -17.926  81.105 0.0000000000
39744  -22.296  -18.762  80.923 0.0000000000
39745  -22.723  -19.598  80.757 0.0000000000
37873  -25.027  -21.619  80.710 0.0000000000
36288  -26.083  -23.971  79.028 0.0000000000
40745  -28.158  -18.870  75.928 0.0000000000
39823  -26.860  -18.828  73.950 0.0000000000
40759  -26.110  -18.303  74.469 0.0000000000
40758  -25.146  -18.176  74.134 0.0000000000
39830  -23.501  -19.256  73.072 0.0000000000
48344  -36.707  -10.788  65.412 0.0000000000
104435  -37.433  -10.960  66.343 0.0000000000
49314  -37.744  -9.923  66.061 0.0000000000
112204  -39.234  -8.845  67.027 0.0000000000
47301  -39.085  -11.069  68.237 0.0000000000
49308  -39.548  -9.428  67.648 0.0000000000
50286  -41.332  -7.718  68.088 0.0000000000
51238  -41.842  -7.556  68.375 0.0000000000
51240  -43.464  -6.887  68.609 0.0000000000
40711  -38.162  -18.703  77.368 0.0000000000
40727  -37.979  -18.445  76.673 0.0000000000
40749  -37.699  -18.145  75.850 0.0000000000
40763  -37.317  -17.847  75.089 0.0000000000
41646  -35.864  -17.567  73.372 0.0000000000
43432  -38.089  -15.908  74.077 0.0000000000
42534  -37.691  -16.361  73.759 0.0000000000
42533  -37.075  -16.739  73.236 0.0000000000
41652  -36.377  -17.059  72.900 0.0000000000
41656  -34.440  -17.294  71.695 0.0000000000
41663  -34.104  -16.976  71.008 0.0000000000
42554  -33.512  -16.487  69.514 0.0000000000
42553  -32.781  -16.803  69.257 0.0000000000
42565  -32.370  -16.602  68.473 0.0000000000
42577  -31.539  -16.467  67.373 0.0000000000
42591  -31.300  -16.217  66.689 0.0000000000
43503  -32.468  -15.458  66.452 0.0000000000
43492  -33.434  -15.444  67.464 0.0000000000
43504  -33.192  -15.208  66.711 0.0000000000
44447  -33.954  -14.063  65.862 0.0000000000
44431  -35.125  -14.208  67.705 0.0000000000
44438  -34.856  -13.970  66.933 0.0000000000
45455  -34.333  -13.480  65.432 0.0000000000
46380  -34.712  -12.875  65.032 0.0000000000
46381  -35.357  -12.508  65.380 0.0000000000
59599  -51.378  1.792  61.249 0.0000000000
60625  -51.651  2.294  59.710 0.0000000000
60626  -52.616  2.865  60.594 0.0000000000
59620  -51.539  2.045  58.585 0.0000000000
60638  -53.958  2.951  59.315 0.0000000000
59645  -52.463  1.030  57.028 0.0000000000
117056  -52.480  0.341  55.815 0.0000000000
58787  -53.265  0.055  55.925 0.0000000000
43255  -22.725  -15.577  86.541 0.0000000000
43267  -22.666  -15.740  85.628 0.0000000000
112685  -22.455  -16.069  84.870 0.0000000000
43278  -22.704  -15.960  84.023 0.0000000000
42407  -22.557  -16.747  81.799 0.0000000000
117819  -25.443  -16.392  82.202 0.0000000000
42394  -25.010  -16.183  82.729 0.0000000000
42393  -23.959  -16.032  82.632 0.0000000000
42392  -23.120  -16.234  82.194 0.0000000000
41538  -22.364  -17.276  81.253 0.0000000000
41553  -22.388  -17.432  80.601 0.0000000000
40682  -22.355  -17.938  79.418 0.0000000000
38833  -22.655  -19.783  78.032 0.0000000000
38908  -25.637  -19.725  70.618 0.0000000000
49330  -36.449  -9.214  64.107 0.0000000000
50312  -36.553  -8.638  63.597 0.0000000000
50299  -39.280  -7.775  66.090 0.0000000000
114028  -38.617  -7.266  64.618 0.0000000000
51297  -39.337  -6.955  64.748 0.0000000000
51296  -38.113  -7.357  64.072 0.0000000000
101633  -43.732  -7.444  62.289 0.0000000000
49352  -45.534  -9.339  60.581 0.0000000000
115509  -45.711  -9.271  60.326 0.0000000000
112496  -46.019  -7.600  60.420 0.0000000000
40647  -30.702  -18.422  83.105 0.0000000000
40660  -30.670  -18.590  82.072 0.0000000000
40672  -30.505  -18.663  80.996 0.0000000000
39746  -31.253  -19.253  80.641 0.0000000000
116513  -30.282  -18.966  78.949 0.0000000000
39772  -30.018  -19.091  78.104 0.0000000000
117921  -32.502  -20.418  79.502 0.0000000000
101510  -32.019  -20.374  79.056 0.0000000000
112370  -31.681  -20.335  78.213 0.0000000000
39773  -31.317  -20.004  78.706 0.0000000000
39785  -29.721  -19.318  77.344 0.0000000000
118561  -29.493  -19.492  76.714 0.0000000000
39825  -28.413  -19.843  74.482 0.0000000000
38874  -29.122  -20.171  75.003 0.0000000000
38895  -27.872  -19.984  73.013 0.0000000000
114792  -36.546  -19.037  76.781 0.0000000000
40746  -35.049  -18.832  75.158 0.0000000000
39818  -34.496  -19.365  75.692 0.0000000000
39817  -33.672  -19.566  75.379 0.0000000000
40775  -33.484  -18.446  72.545 0.0000000000
39847  -33.000  -18.998  73.000 0.0000000000
39836  -32.530  -19.489  73.469 0.0000000000
38883  -31.971  -19.913  73.878 0.0000000000
38889  -30.630  -20.371  73.615 0.0000000000
38897  -29.571  -20.348  72.492 0.0000000000
38896  -28.910  -20.315  72.377 0.0000000000
103164  -27.006  -19.777  71.409 0.0000000000
47221  -40.170  -10.905  72.906 0.0000000000
48234  -40.138  -9.961  74.034 0.0000000000
39632  -22.330  -19.189  89.415 0.0000000000
118451  -22.244  -17.455  89.316 0.0000000000
101998  -22.387  -16.769  88.891 0.0000000000
43235  -22.714  -15.683  88.531 0.0000000000
43244  -23.444  -15.106  88.296 0.0000000000
121477  -25.266  -15.356  87.409 0.0000000000
43246  -25.917  -15.096  88.090 0.0000000000
43258  -25.736  -15.560  87.110 0.0000000000
42342  -27.409  -16.233  86.573 0.0000000000
41487  -29.187  -17.042  85.900 0.0000000000
40634  -31.431  -18.639  83.776 0.0000000000
119996  -32.480  -19.323  83.236 0.0000000000
39703  -32.875  -19.256  83.572 0.0000000000
39718  -32.973  -19.728  82.972 0.0000000000
106371  -34.997  -20.455  82.353 0.0000000000
38811  -35.677  -20.635  80.826 0.0000000000
39761  -36.833  -20.258  79.767 0.0000000000
38797  -37.242  -20.111  81.078 0.0000000000
38813  -37.439  -20.050  80.276 0.0000000000
39762  -37.652  -19.816  79.503 0.0000000000
40699  -39.343  -18.339  79.117 0.0000000000
111953  -38.950  -18.632  78.626 0.0000000000
40712  -38.619  -18.658  77.902 0.0000000000
40713  -39.234  -18.116  77.768 0.0000000000
42490  -39.911  -16.966  77.076 0.0000000000
42504  -40.324  -16.329  77.240 0.0000000000
104043  -39.781  -16.341  76.539 0.0000000000
43390  -39.706  -15.630  76.315 0.0000000000
44337  -39.865  -14.953  76.485 0.0000000000
45356  -40.492  -13.890  77.222 0.0000000000
103742  -39.996  -14.261  76.711 0.0000000000
45367  -39.373  -14.086  76.038 0.0000000000
105796  -39.357  -13.191  76.009 0.0000000000
47208  -39.320  -11.451  74.235 0.0000000000
47222  -40.948  -10.875  72.645 0.0000000000
47232  -41.647  -11.190  72.320 0.0000000000
48287  -43.048  -11.001  71.632 0.0000000000
49207  -44.391  -9.665  73.961 0.0000000000
120926  -44.828  -9.229  74.290 0.0000000000
112787  -44.248  -10.272  73.567 0.0000000000
48274  -43.897  -10.805  72.792 0.0000000000
48288  -43.643  -10.776  71.986 0.0000000000
48304  -43.283  -10.457  71.301 0.0000000000
49280  -43.536  -9.633  70.914 0.0000000000
50251  -43.834  -8.724  70.542 0.0000000000
50237  -45.089  -8.923  71.716 0.0000000000
51241  -44.391  -6.759  68.832 0.0000000000
115181  -47.172  -7.644  72.342 0.0000000000
51203  -47.315  -7.572  71.725 0.0000000000
51224  -45.701  -7.094  69.797 0.0000000000
51242  -45.299  -6.745  69.018 0.0000000000
52224  -45.008  -6.517  68.198 0.0000000000
52259  -45.414  -6.624  66.716 0.0000000000
110453  -45.957  -6.871  66.268 0.0000000000
51269  -46.143  -7.143  65.699 0.0000000000
51300  -46.208  -7.593  64.490 0.0000000000
51273  -49.065  -7.312  66.787 0.0000000000
51285  -47.751  -7.557  65.321 0.0000000000
111951  -47.060  -7.667  64.673 0.0000000000
51325  -46.785  -8.212  62.366 0.0000000000
110549  -47.154  -7.820  62.495 0.0000000000
105456  -51.587  -5.097  64.912 0.0000000000
53233  -51.011  -5.064  64.112 0.0000000000
114921  -50.173  -5.377  63.508 0.0000000000
120860  -51.704  -3.089  63.093 0.0000000000
54198  -51.428  -4.038  63.031 0.0000000000
53250  -48.691  -5.784  62.670 0.0000000000
54209  -47.922  -4.938  61.439 0.0000000000
106082  -47.450  -5.682  61.532 0.0000000000
52327  -45.973  -6.432  60.414 0.0000000000
56066  -46.757  -2.697  59.362 0.0000000000
56084  -45.472  -2.959  58.589 0.0000000000
59607  -50.186  1.297  60.362 0.0000000000
58751  -48.946  0.937  59.071 0.0000000000
59617  -49.090  1.136  58.389 0.0000000000
58750  -48.501  0.547  58.559 0.0000000000
57867  -47.040  -0.279  56.796 0.0000000000
58770  -50.073  0.940  56.490 0.0000000000
111047  -48.686  0.593  56.089 0.0000000000
58783  -48.262  0.477  55.430 0.0000000000
112468  -47.895  0.389  56.110 0.0000000000
57866  -46.552  -0.455  56.488 0.0000000000
38729  -22.935  -20.818  88.370 0.0000000000
37809  -22.697  -21.393  87.274 0.0000000000
36998  -24.025  -22.925  83.238 0.0000000000
36989  -24.316  -22.564  84.296 0.0000000000
41510  -22.038  -17.760  84.385 0.0000000000
40621  -22.518  -18.616  85.042 0.0000000000
105399  -24.188  -20.566  82.334 0.0000000000
37842  -26.358  -22.189  83.474 0.0000000000
40659  -30.026  -18.138  82.395 0.0000000000
41541  -29.440  -17.875  81.684 0.0000000000
41555  -27.971  -17.417  80.499 0.0000000000
41554  -27.304  -17.236  80.238 0.0000000000
41568  -25.953  -17.078  79.131 0.0000000000
40708  -27.786  -18.160  77.350 0.0000000000
41601  -27.219  -17.710  77.944 0.0000000000
41625  -25.922  -17.752  76.173 0.0000000000
41585  -26.601  -17.384  78.572 0.0000000000
41584  -24.544  -17.133  78.144 0.0000000000
41597  -23.559  -17.409  77.763 0.0000000000
119936  -23.002  -17.761  77.562 0.0000000000
40707  -22.866  -18.120  77.056 0.0000000000
38850  -23.083  -20.670  76.928 0.0000000000
39852  -24.453  -19.642  71.397 0.0000000000
105724  -24.095  -19.476  71.993 0.0000000000
39840  -23.585  -19.670  72.399 0.0000000000
38886  -23.134  -19.941  72.943 0.0000000000
109344  -23.185  -21.902  72.820 0.0000000000
113057  -22.929  -20.221  73.519 0.0000000000
110746  -22.880  -20.824  73.952 0.0000000000
110411  -22.844  -20.677  74.776 0.0000000000
37915  -23.116  -21.526  74.643 0.0000000000
37058  -23.522  -22.211  75.358 0.0000000000
37913  -23.175  -21.316  75.600 0.0000000000
37055  -23.728  -22.126  76.235 0.0000000000
37911  -23.995  -22.073  77.107 0.0000000000
36298  -24.834  -23.549  76.848 0.0000000000
34579  -24.424  -25.758  73.607 0.0000000000
36315  -23.541  -23.485  73.394 0.0000000000
38894  -23.311  -20.378  72.235 0.0000000000
39721  -35.997  -19.813  82.804 0.0000000000
39851  -23.742  -19.965  71.684 0.0000000000
40721  -22.776  -18.608  76.464 0.0000000000
40757  -24.164  -18.331  74.068 0.0000000000
41628  -39.055  -17.237  76.128 0.0000000000
42352  -22.133  -16.095  86.129 0.0000000000
48275  -44.508  -10.454  73.029 0.0000000000
49208  -45.060  -9.496  74.189 0.0000000000
49221  -45.316  -9.565  73.876 0.0000000000
52246  -51.381  -5.440  67.240 0.0000000000
115530  -21.913  -16.732  86.509 0.0000000000
117243  -32.133  -20.268  75.374 0.0000000000
