#!ascii label  , from subject sub-v2s10x30161_ses-1 vox2ras=TkReg
485
11240  -25.447  -60.241  11.740 0.6999999881
11937  -24.889  -59.513  10.540 0.6000000238
104626  -25.707  -59.618  10.075 0.6000000238
13235  -27.185  -58.534  10.430 0.4000000060
11840  -23.047  -59.718  18.295 0.6999999881
110132  -23.674  -58.399  17.853 0.6999999881
11857  -23.015  -59.814  17.632 0.6999999881
13179  -23.755  -58.206  16.986 0.6000000238
11183  -23.155  -60.068  17.190 0.6999999881
12516  -23.120  -58.893  16.984 0.6000000238
11866  -23.149  -60.014  16.362 0.6000000238
12532  -23.046  -59.445  16.243 0.6000000238
11194  -23.420  -60.067  15.527 0.6000000238
12546  -23.199  -59.209  15.401 0.6000000238
13200  -23.777  -57.924  14.167 0.5000000000
11908  -23.426  -59.466  13.757 0.5000000000
12559  -23.334  -58.933  14.473 0.5000000000
107878  -23.486  -59.062  12.861 0.6000000238
11238  -23.990  -60.017  12.152 0.6000000238
12574  -23.974  -58.333  11.534 0.6000000238
12575  -24.303  -58.838  11.076 0.6000000238
107919  -24.986  -58.472  10.956 0.6000000238
12502  -23.319  -58.787  18.597 0.6000000238
13180  -24.302  -57.659  17.439 0.6000000238
13188  -24.223  -57.612  16.580 0.6000000238
13194  -24.194  -57.503  15.698 0.6000000238
13187  -23.514  -58.472  16.129 0.6000000238
13193  -23.666  -58.242  15.108 0.6000000238
13201  -24.209  -57.206  14.754 0.6000000238
13845  -24.207  -56.935  13.770 0.6000000238
12565  -23.521  -58.567  13.567 0.6000000238
13207  -23.850  -57.606  13.260 0.6999999881
13216  -23.913  -57.392  12.383 0.6000000238
13226  -23.987  -57.592  11.875 0.6000000238
13229  -25.863  -58.165  11.098 0.5000000000
109105  -26.834  -57.977  11.201 0.5000000000
13167  -23.915  -58.230  18.875 0.6000000238
13168  -24.392  -57.679  18.361 0.6000000238
13822  -25.168  -56.362  17.347 0.6000000238
13821  -24.704  -56.974  17.019 0.6000000238
13827  -24.638  -56.840  16.222 0.6000000238
13828  -24.969  -56.390  16.659 0.6000000238
14508  -24.964  -56.034  15.994 0.6000000238
13836  -24.576  -56.529  15.361 0.6000000238
13846  -24.480  -56.117  14.311 0.6000000238
118006  -24.671  -57.121  11.953 0.6000000238
13228  -25.241  -57.654  11.583 0.6000000238
13230  -27.828  -57.799  11.142 0.4000000060
122701  -24.755  -57.209  19.535 0.6000000238
13803  -24.954  -57.029  18.890 0.6000000238
13815  -25.337  -56.343  18.250 0.6000000238
14509  -25.297  -55.759  16.724 0.6000000238
14518  -25.195  -55.086  15.939 0.5000000000
15199  -24.943  -54.765  15.082 0.6000000238
124939  -24.588  -55.434  14.352 0.6999999881
14538  -24.681  -55.344  12.639 0.6000000238
13857  -24.101  -56.983  13.016 0.6000000238
13871  -24.286  -56.715  12.429 0.6000000238
13872  -24.460  -56.353  12.558 0.6000000238
112363  -24.825  -56.207  12.411 0.6000000238
13874  -26.100  -56.623  12.720 0.6000000238
13217  -26.283  -57.397  11.966 0.6000000238
13218  -27.410  -57.320  11.945 0.4000000060
124063  -26.957  -56.916  12.618 0.5000000000
107416  -25.038  -56.797  19.774 0.5000000000
13804  -25.429  -56.278  19.208 0.6000000238
14502  -25.574  -55.566  17.625 0.6000000238
124894  -25.777  -54.834  17.470 0.5000000000
104148  -25.564  -54.998  16.854 0.5000000000
15881  -25.184  -54.173  15.452 0.6000000238
15880  -25.045  -53.267  14.865 0.6000000238
15198  -24.775  -54.129  14.536 0.6999999881
15205  -24.524  -54.276  13.505 0.6999999881
114836  -24.466  -55.243  13.560 0.6999999881
15909  -24.773  -53.581  12.591 0.6000000238
14528  -24.497  -55.445  12.817 0.6999999881
15226  -24.753  -54.412  12.613 0.6000000238
113957  -24.893  -54.094  12.478 0.6000000238
105855  -24.833  -54.788  12.527 0.6000000238
15227  -25.179  -54.929  12.586 0.6000000238
112169  -26.197  -54.822  13.397 0.6000000238
13875  -26.948  -56.316  13.215 0.5000000000
14540  -27.704  -55.983  13.382 0.4000000060
13785  -25.399  -56.091  20.135 0.6000000238
111517  -26.105  -54.966  19.058 0.6000000238
14492  -25.716  -55.626  18.628 0.5000000000
15189  -26.044  -54.295  17.668 0.6000000238
15867  -25.943  -53.684  16.950 0.5000000000
15194  -25.526  -54.303  16.362 0.6000000238
107021  -25.895  -52.824  16.451 0.5000000000
112583  -25.506  -53.475  15.949 0.5000000000
16647  -24.600  -52.692  13.952 0.5000000000
15888  -24.587  -53.462  13.828 0.6000000238
17422  -24.523  -51.408  13.068 0.5000000000
16655  -24.477  -52.321  13.141 0.5000000000
120128  -24.477  -52.953  13.247 0.6000000238
17432  -24.897  -51.376  12.594 0.4000000060
109766  -24.497  -53.511  12.971 0.6999999881
17433  -25.484  -51.298  12.476 0.4000000060
16670  -25.584  -51.939  12.513 0.5000000000
111555  -25.289  -52.699  12.461 0.6000000238
112824  -26.203  -52.030  12.943 0.5000000000
16656  -26.145  -52.920  13.083 0.6000000238
17423  -26.812  -51.346  13.595 0.5000000000
15897  -26.548  -53.928  13.665 0.6000000238
14531  -28.042  -55.394  13.772 0.5000000000
14530  -27.028  -55.548  13.660 0.6000000238
122553  -26.086  -54.945  19.870 0.5000000000
15177  -26.289  -54.271  18.531 0.5000000000
15868  -26.358  -53.590  17.907 0.5000000000
17406  -25.511  -51.693  15.416 0.4000000060
17405  -25.001  -51.599  14.583 0.5000000000
16639  -25.030  -52.300  14.734 0.5000000000
120373  -24.736  -51.130  13.970 0.5000000000
19828  -26.585  -48.407  12.271 0.4000000060
19013  -25.649  -49.745  12.453 0.4000000060
18216  -25.271  -50.554  12.508 0.4000000060
18217  -26.087  -50.373  12.472 0.5000000000
114310  -26.786  -49.679  12.797 0.5000000000
18204  -26.517  -50.563  12.906 0.5000000000
18205  -27.074  -50.349  13.581 0.5000000000
15890  -28.475  -53.237  14.651 0.5000000000
15206  -28.071  -54.017  14.453 0.5000000000
16657  -27.029  -53.249  14.015 0.6000000238
15215  -27.361  -54.660  14.067 0.5000000000
106476  -25.245  -50.937  14.827 0.4000000060
18194  -24.964  -50.441  14.238 0.5000000000
18203  -24.680  -50.487  13.461 0.5000000000
111381  -24.752  -49.100  12.941 0.5000000000
19014  -26.406  -49.319  12.433 0.4000000060
110928  -27.241  -49.653  13.537 0.5000000000
17416  -28.495  -51.774  14.904 0.5000000000
16649  -29.069  -52.523  14.861 0.3000000119
19003  -27.263  -49.010  13.167 0.5000000000
18195  -27.629  -49.957  14.386 0.5000000000
17415  -27.594  -51.947  14.428 0.5000000000
106439  -24.715  -48.982  13.576 0.4000000060
113357  -25.169  -49.234  12.610 0.4000000060
20541  -24.712  -47.694  13.066 0.4000000060
21262  -27.221  -46.317  12.390 0.4000000060
20549  -26.127  -47.651  12.333 0.4000000060
123059  -27.357  -47.666  12.650 0.4000000060
20551  -27.283  -47.201  12.458 0.4000000060
20542  -27.665  -47.256  13.134 0.5000000000
18190  -29.459  -50.243  15.305 0.4000000060
17417  -29.504  -51.750  15.008 0.4000000060
18994  -27.548  -49.226  14.141 0.5000000000
18189  -28.452  -50.175  15.034 0.5000000000
19808  -27.592  -48.518  13.935 0.5000000000
18995  -28.140  -49.412  14.869 0.5000000000
18196  -27.781  -50.933  14.562 0.5000000000
21953  -27.623  -45.640  12.672 0.4000000060
21252  -27.684  -46.431  12.853 0.4000000060
18989  -29.020  -49.477  15.320 0.4000000060
20543  -28.024  -47.088  14.052 0.5000000000
19809  -28.118  -48.211  14.651 0.5000000000
22674  -27.980  -44.929  12.934 0.4000000060
20526  -29.695  -47.760  15.459 0.4000000060
114305  -30.285  -48.188  15.438 0.3000000119
21253  -28.073  -46.450  13.644 0.5000000000
20534  -28.348  -47.461  14.703 0.5000000000
108987  -28.853  -48.008  15.245 0.5000000000
22687  -27.805  -44.205  12.795 0.4000000060
20525  -29.080  -47.184  15.274 0.3000000119
114183  -29.922  -46.976  15.505 0.3000000119
104164  -28.331  -44.924  13.691 0.4000000060
113019  -28.446  -45.715  14.222 0.4000000060
21937  -28.843  -45.770  15.026 0.5000000000
24262  -28.234  -42.783  13.164 0.4000000060
21242  -30.214  -46.195  15.515 0.3000000119
21939  -30.606  -45.405  15.487 0.3000000119
22675  -28.186  -44.201  13.243 0.4000000060
22650  -29.498  -44.609  15.289 0.4000000060
22662  -28.542  -44.132  14.098 0.4000000060
21946  -28.817  -44.914  14.761 0.4000000060
109625  -28.126  -42.018  12.893 0.5000000000
22651  -30.115  -44.795  15.488 0.3000000119
22652  -30.880  -44.572  15.467 0.4000000060
23434  -31.044  -43.650  15.442 0.4000000060
22664  -31.752  -44.354  15.192 0.4000000060
23456  -28.364  -43.472  13.526 0.4000000060
22663  -29.100  -44.002  14.968 0.5000000000
23433  -30.060  -44.018  15.414 0.4000000060
119271  -28.566  -42.861  13.795 0.5000000000
23445  -28.777  -43.362  14.361 0.5000000000
24263  -29.012  -42.624  14.423 0.5000000000
24264  -29.739  -42.376  14.984 0.4000000060
25073  -30.645  -42.102  15.256 0.4000000060
24265  -31.417  -42.784  15.331 0.4000000060
23447  -32.036  -43.491  15.142 0.3000000119
25088  -28.451  -41.257  13.174 0.5000000000
24278  -28.631  -42.092  13.674 0.5000000000
25918  -31.388  -40.329  14.824 0.4000000060
124493  -32.050  -39.883  14.630 0.3000000119
26774  -28.447  -39.784  13.061 0.5000000000
25917  -30.337  -40.335  14.644 0.4000000060
111617  -30.800  -41.164  15.052 0.4000000060
108871  -31.830  -41.125  15.041 0.4000000060
25075  -32.537  -41.691  14.600 0.3000000119
111666  -29.218  -41.959  14.421 0.5000000000
25072  -29.864  -41.600  14.804 0.5000000000
25933  -28.778  -40.456  13.440 0.5000000000
115142  -31.377  -38.546  14.530 0.4000000060
115867  -32.187  -39.187  14.472 0.4000000060
27644  -28.222  -38.474  13.132 0.5000000000
26766  -32.684  -39.859  14.221 0.3000000119
111506  -28.653  -39.060  13.275 0.5000000000
26775  -29.072  -39.675  13.646 0.5000000000
26763  -29.866  -39.553  14.312 0.5000000000
115148  -29.890  -40.918  14.599 0.5000000000
25916  -29.457  -40.341  14.169 0.5000000000
28457  -31.779  -37.699  14.537 0.4000000060
124065  -27.857  -38.002  13.092 0.5000000000
28455  -29.872  -37.610  14.350 0.5000000000
28458  -32.737  -37.480  14.263 0.3000000119
28467  -28.336  -37.830  13.398 0.5000000000
28468  -29.015  -37.663  13.842 0.5000000000
115806  -29.323  -38.953  13.787 0.5000000000
11252  -24.357  -60.132  11.340 0.6000000238
12577  -26.234  -58.738  10.435 0.5000000000
11893  -23.382  -59.764  14.801 0.6000000238
14517  -24.804  -55.549  15.075 0.6999999881
13873  -25.272  -56.873  12.196 0.6000000238
109767  -24.648  -54.888  14.365 0.6999999881
14529  -26.041  -55.786  13.168 0.6000000238
112800  -24.599  -54.043  12.812 0.6999999881
16669  -25.037  -52.044  12.358 0.5000000000
15911  -25.438  -53.765  12.689 0.6000000238
17414  -24.590  -51.899  13.889 0.5000000000
19012  -24.962  -49.841  12.746 0.5000000000
16668  -24.724  -52.161  12.635 0.4000000060
108017  -26.866  -52.387  13.816 0.5000000000
16648  -27.636  -52.798  14.433 0.5000000000
20550  -26.860  -47.668  12.180 0.4000000060
19015  -27.022  -48.774  12.471 0.5000000000
20548  -25.256  -47.684  12.655 0.4000000060
21241  -29.312  -46.344  15.343 0.4000000060
24266  -32.307  -42.635  14.917 0.3000000119
115868  -29.905  -38.836  14.247 0.5000000000
8779  -27.574  -64.622  14.769 0.5000000000
8790  -27.959  -65.057  14.178 0.5000000000
8793  -30.018  -64.126  13.396 0.5000000000
8176  -29.134  -65.170  13.400 0.5000000000
8175  -28.343  -65.427  13.548 0.4000000060
8769  -27.247  -64.269  15.546 0.5000000000
8780  -28.282  -64.314  14.486 0.6000000238
9341  -27.930  -63.918  15.097 0.6000000238
8792  -29.388  -64.408  13.671 0.5000000000
9354  -28.978  -63.979  14.190 0.5000000000
9356  -30.462  -63.464  13.276 0.4000000060
104352  -26.473  -63.753  17.798 0.6999999881
8752  -26.932  -63.754  16.930 0.6999999881
9328  -27.676  -63.470  15.778 0.6999999881
9342  -28.573  -63.450  14.723 0.5000000000
9329  -28.185  -63.249  15.333 0.6999999881
9355  -29.665  -63.537  13.789 0.5000000000
9343  -29.161  -63.285  14.292 0.5000000000
9933  -28.984  -62.659  14.559 0.5000000000
10585  -30.410  -61.996  12.947 0.5000000000
121117  -25.312  -64.019  19.316 0.5000000000
8736  -25.765  -64.091  18.533 0.6999999881
9304  -26.295  -63.238  18.613 0.6999999881
8751  -25.866  -64.440  17.657 0.6999999881
9305  -26.756  -62.998  18.133 0.6999999881
9316  -27.235  -63.772  16.244 0.6000000238
9919  -28.507  -62.614  15.148 0.6999999881
9918  -28.032  -62.648  15.829 0.6000000238
10584  -29.776  -61.844  13.530 0.5000000000
10575  -29.283  -62.050  14.230 0.6000000238
10574  -28.777  -61.746  14.787 0.6000000238
9949  -30.136  -62.706  13.477 0.5000000000
10604  -30.150  -61.217  11.255 0.5000000000
9297  -25.147  -63.484  19.865 0.5000000000
9298  -25.740  -63.373  19.248 0.6999999881
9309  -27.069  -63.048  17.522 0.6999999881
10546  -26.931  -61.592  17.589 0.6999999881
10534  -26.591  -61.814  18.141 0.6999999881
10553  -27.784  -61.661  16.342 0.8000000119
11199  -28.541  -60.605  14.557 0.6000000238
120977  -28.376  -61.131  15.245 0.6999999881
11227  -29.527  -60.853  13.065 0.6999999881
10583  -29.178  -61.238  14.005 0.6000000238
10591  -30.123  -61.311  12.492 0.6000000238
11257  -29.245  -60.903  10.684 0.6000000238
8726  -24.003  -64.213  20.452 0.5000000000
9876  -24.846  -62.710  20.250 0.6000000238
9287  -24.460  -63.576  20.462 0.5000000000
115657  -24.988  -62.027  19.770 0.6000000238
9877  -25.432  -62.664  19.641 0.6000000238
9883  -26.002  -62.512  19.050 0.6999999881
11174  -26.371  -60.789  17.379 0.6999999881
11173  -25.473  -60.788  17.912 0.6000000238
10552  -27.167  -61.021  16.938 0.6999999881
11185  -26.507  -60.299  16.607 0.6999999881
103667  -28.043  -61.066  15.787 0.6999999881
108591  -28.867  -60.348  13.550 0.6999999881
11242  -29.550  -60.699  11.934 0.6999999881
11226  -28.975  -60.234  12.532 0.6999999881
9863  -24.126  -62.699  20.881 0.5000000000
10522  -24.687  -61.283  19.248 0.6000000238
10532  -25.210  -61.203  18.687 0.6000000238
11197  -26.689  -59.860  15.963 0.8000000119
11867  -25.709  -59.839  16.026 0.5000000000
111556  -25.491  -60.313  16.924 0.6000000238
11198  -27.977  -60.426  15.341 0.6999999881
11895  -26.438  -59.550  14.607 0.6999999881
11927  -27.656  -59.743  12.133 0.6999999881
11911  -27.490  -59.532  13.181 0.6999999881
11256  -28.219  -60.835  10.385 0.6999999881
10609  -27.468  -61.046  9.096 0.5000000000
9846  -23.302  -62.676  21.499 0.5000000000
10507  -23.571  -61.713  21.004 0.5000000000
11131  -23.448  -60.868  20.211 0.6000000238
10508  -24.285  -61.650  20.169 0.6000000238
10521  -23.725  -60.631  19.040 0.6000000238
125023  -23.696  -60.435  18.166 0.6000000238
11170  -23.316  -60.167  18.053 0.6000000238
11158  -24.332  -60.688  18.246 0.6000000238
11171  -23.632  -60.344  17.565 0.6000000238
11894  -25.408  -59.785  14.979 0.6000000238
121376  -24.702  -60.051  15.519 0.5000000000
11184  -23.467  -60.224  16.860 0.5000000000
11925  -25.534  -59.912  12.816 0.6000000238
11909  -25.537  -59.765  13.934 0.6000000238
11254  -25.969  -60.426  10.977 0.6000000238
11926  -26.518  -59.818  12.202 0.6000000238
123311  -26.298  -60.429  9.776 0.5000000000
108165  -24.556  -60.210  16.232 0.5000000000
11225  -24.610  -60.132  13.338 0.4000000060
11212  -24.023  -60.271  13.975 0.5000000000
106847  -23.729  -60.132  14.729 0.5000000000
11253  -25.111  -60.330  10.929 0.6000000238
10492  -22.798  -61.724  21.644 0.5000000000
11130  -22.775  -60.228  20.262 0.6000000238
11145  -22.900  -59.980  19.472 0.6000000238
11157  -23.130  -60.119  18.851 0.6000000238
11223  -23.698  -59.791  12.965 0.5000000000
11211  -23.699  -60.016  13.885 0.4000000060
10491  -22.246  -60.927  21.676 0.5000000000
11111  -22.378  -60.242  21.128 0.5000000000
113382  -22.808  -59.414  19.917 0.6000000238
12501  -23.075  -59.261  18.568 0.6000000238
10490  -21.433  -60.884  22.091 0.5000000000
111641  -22.411  -59.550  20.745 0.6000000238
12487  -23.099  -59.029  19.249 0.6000000238
11109  -20.955  -60.093  21.986 0.5000000000
115670  -21.989  -59.692  21.302 0.5000000000
11810  -22.551  -58.829  20.690 0.5000000000
12476  -23.215  -58.543  20.116 0.6000000238
11796  -21.396  -59.512  21.608 0.5000000000
11797  -21.895  -59.010  21.253 0.5000000000
11795  -20.530  -59.249  21.728 0.5000000000
13155  -23.927  -58.043  19.774 0.5000000000
12462  -21.508  -58.436  21.488 0.5000000000
13144  -22.978  -58.083  21.001 0.5000000000
12460  -19.802  -58.634  21.669 0.5000000000
13125  -21.561  -57.739  21.542 0.5000000000
12463  -22.158  -58.272  21.281 0.5000000000
13145  -23.692  -57.705  20.567 0.4000000060
13124  -20.782  -57.280  21.645 0.5000000000
13126  -22.452  -57.473  21.419 0.5000000000
13127  -23.329  -57.263  21.215 0.4000000060
104285  -24.119  -56.962  20.939 0.4000000060
13762  -21.755  -56.731  21.617 0.4000000060
13764  -23.610  -56.463  21.380 0.4000000060
13765  -24.381  -56.146  21.191 0.4000000060
11239  -24.598  -60.211  12.134 0.6000000238
11260  -25.988  -60.476  10.184 0.5000000000
12588  -26.952  -60.096  9.391 0.4000000060
110384  -23.652  -60.224  16.220 0.6000000238
13784  -24.772  -56.524  20.534 0.4000000060
14458  -25.068  -55.721  20.859 0.4000000060
9310  -27.509  -62.875  16.668 0.6999999881
11186  -27.410  -60.470  16.117 0.6999999881
11912  -28.339  -59.752  12.924 0.6999999881
11897  -28.208  -59.757  13.923 0.6999999881
11172  -24.264  -60.397  17.128 0.6000000238
11935  -27.910  -60.230  11.266 0.6999999881
11878  -26.355  -59.673  15.427 0.6999999881
11896  -27.368  -59.536  14.260 0.6999999881
103575  -26.503  -60.599  10.292 0.6000000238
11255  -27.267  -60.741  10.253 0.6000000238
8744  -24.926  -64.602  18.792 0.5000000000
8791  -28.675  -64.737  13.927 0.4000000060
9884  -26.514  -62.413  18.471 0.6999999881
9893  -26.935  -62.364  17.925 0.6999999881
9894  -27.226  -62.349  17.375 0.6999999881
9934  -29.534  -62.703  14.038 0.5000000000
10506  -22.940  -60.907  21.051 0.6000000238
10523  -25.452  -61.852  19.230 0.6000000238
10533  -25.990  -61.633  18.542 0.6999999881
10545  -26.317  -61.270  17.948 0.6999999881
10547  -27.394  -61.872  17.032 0.6999999881
10561  -28.295  -61.817  15.557 0.6000000238
10592  -30.797  -61.795  11.959 0.5000000000
11110  -21.749  -60.219  21.659 0.5000000000
11146  -23.162  -60.332  19.538 0.6000000238
11195  -23.920  -60.254  15.470 0.5000000000
11196  -24.280  -60.169  14.789 0.5000000000
11213  -24.676  -60.082  14.201 0.6000000238
11214  -27.967  -59.888  14.747 0.6999999881
11224  -23.994  -60.192  13.054 0.5000000000
11241  -28.764  -60.382  11.496 0.6999999881
11261  -26.902  -60.706  9.579 0.6000000238
11262  -27.675  -61.086  9.500 0.5000000000
11266  -26.851  -60.563  9.451 0.4000000060
11267  -27.245  -60.887  9.155 0.5000000000
11825  -23.021  -59.606  19.032 0.6000000238
11877  -23.174  -59.810  15.665 0.6000000238
11879  -27.258  -59.736  15.306 0.6999999881
11910  -26.513  -59.551  13.518 0.6999999881
11923  -23.689  -59.446  12.136 0.6000000238
11924  -23.967  -59.772  11.567 0.6000000238
11928  -28.383  -59.926  12.083 0.6999999881
11931  -23.860  -59.115  11.485 0.6000000238
11932  -24.232  -59.683  11.013 0.6000000238
11933  -24.741  -60.113  10.732 0.6000000238
11934  -26.941  -60.275  11.166 0.6000000238
11938  -25.510  -60.206  10.214 0.6000000238
12461  -20.751  -58.284  21.645 0.5000000000
12488  -23.492  -58.571  19.344 0.6000000238
12515  -23.055  -59.216  17.819 0.6999999881
12531  -22.922  -59.653  17.007 0.6999999881
12571  -23.680  -58.436  12.064 0.6000000238
12576  -25.473  -58.901  10.511 0.5000000000
12581  -26.543  -59.448  9.834 0.4000000060
12587  -26.205  -60.189  9.654 0.5000000000
13146  -24.467  -57.324  20.140 0.4000000060
13156  -24.445  -57.616  19.280 0.6000000238
13227  -24.437  -57.857  11.565 0.6000000238
13763  -22.788  -56.648  21.518 0.4000000060
13814  -24.853  -57.027  17.872 0.6000000238
13858  -24.320  -56.044  13.205 0.6999999881
13876  -27.901  -56.623  12.692 0.4000000060
13882  -24.192  -57.000  12.202 0.6000000238
13883  -24.257  -57.027  12.110 0.6000000238
14459  -25.645  -55.286  20.394 0.4000000060
14475  -25.778  -55.562  19.555 0.6000000238
14527  -24.475  -56.101  12.652 0.6000000238
14539  -24.742  -55.441  12.567 0.6000000238
15176  -25.932  -54.938  18.158 0.6000000238
15188  -25.785  -54.418  17.055 0.5000000000
15214  -24.556  -54.750  12.828 0.6999999881
15216  -28.513  -54.701  14.141 0.5000000000
15889  -27.720  -53.452  14.430 0.5000000000
15898  -27.354  -53.887  14.214 0.5000000000
15910  -24.950  -53.370  12.401 0.6000000238
16640  -25.480  -52.619  15.596 0.5000000000
17407  -28.895  -50.988  15.159 0.4000000060
17434  -26.119  -51.261  12.642 0.5000000000
18215  -24.761  -50.569  12.853 0.5000000000
19002  -24.678  -49.766  13.196 0.5000000000
19800  -28.570  -48.771  15.136 0.5000000000
19801  -29.558  -48.662  15.432 0.4000000060
19818  -27.404  -48.154  12.965 0.5000000000
19826  -25.043  -48.476  12.714 0.5000000000
19827  -25.788  -48.939  12.354 0.4000000060
19829  -27.138  -48.002  12.353 0.4000000060
20533  -27.771  -47.764  13.948 0.5000000000
21240  -28.528  -46.565  14.692 0.5000000000
21938  -29.573  -45.417  15.393 0.4000000060
21954  -28.069  -45.684  13.238 0.4000000060
23446  -29.568  -43.216  15.085 0.5000000000
23472  -28.025  -43.505  12.922 0.4000000060
24255  -30.450  -42.912  15.346 0.4000000060
25074  -31.669  -41.903  15.216 0.4000000060
25089  -29.126  -41.213  14.051 0.5000000000
25919  -32.403  -40.642  14.572 0.3000000119
26764  -30.719  -39.743  14.619 0.4000000060
26765  -31.411  -39.459  14.612 0.4000000060
27633  -29.518  -38.292  14.048 0.5000000000
27635  -32.425  -38.360  14.352 0.3000000119
27645  -28.832  -38.369  13.534 0.5000000000
27659  -28.015  -39.155  12.799 0.5000000000
104932  -25.194  -55.960  12.520 0.6000000238
108762  -24.626  -52.884  12.738 0.6999999881
110140  -23.654  -58.209  12.820 0.6000000238
114040  -21.214  -58.890  21.563 0.5000000000
114524  -25.760  -48.237  12.396 0.4000000060
115812  -24.856  -52.793  12.450 0.6000000238
120819  -28.253  -52.468  14.737 0.5000000000
121539  -27.924  -48.819  14.607 0.5000000000
122367  -30.290  -43.433  15.392 0.4000000060
123427  -25.768  -52.364  12.647 0.5000000000
124452  -24.638  -55.801  12.593 0.6000000238
