#!ascii label  , from subject sub-v2s10x30161_ses-1 vox2ras=TkReg
704
39289  18.191  -23.521  82.606 0.0000000000
115573  16.399  -28.860  75.020 0.0000000000
36284  17.508  -28.065  87.727 0.0000000000
103434  10.552  -31.680  81.292 0.0000000000
39412  9.032  -24.108  72.010 0.0000000000
39268  16.860  -23.503  86.419 0.0000000000
36297  12.690  -27.743  85.380 0.0000000000
40229  23.698  -23.755  84.592 0.0000000000
102749  19.902  -23.901  84.433 0.0000000000
36299  19.328  -27.027  84.864 0.0000000000
36379  8.232  -27.958  79.197 0.0000000000
34646  9.188  -29.178  75.341 0.0000000000
40323  9.524  -23.692  75.926 0.0000000000
34546  19.377  -29.802  86.786 0.0000000000
34574  15.536  -29.650  82.727 0.0000000000
33628  13.560  -31.314  86.401 0.0000000000
34578  8.608  -30.330  83.103 0.0000000000
33695  13.957  -30.275  77.681 0.0000000000
36430  12.414  -28.048  73.488 0.0000000000
40375  13.609  -23.790  71.501 0.0000000000
118948  9.545  -19.852  69.302 0.0000000000
39281  17.560  -23.177  84.381 0.0000000000
109610  15.810  -25.501  84.152 0.0000000000
108523  21.096  -22.177  84.255 0.0000000000
103527  22.491  -23.582  84.749 0.0000000000
41230  20.207  -22.001  85.171 0.0000000000
39273  18.695  -23.228  85.772 0.0000000000
116757  9.136  -25.627  77.683 0.0000000000
34531  18.446  -29.161  87.637 0.0000000000
119661  16.121  -29.926  86.511 0.0000000000
34534  15.162  -29.802  87.379 0.0000000000
110700  12.826  -28.870  82.208 0.0000000000
111290  10.563  -29.716  84.591 0.0000000000
36290  18.870  -26.991  87.335 0.0000000000
35428  20.591  -28.146  86.203 0.0000000000
35423  19.956  -28.351  87.592 0.0000000000
34528  20.436  -29.905  87.813 0.0000000000
33661  13.656  -31.071  81.965 0.0000000000
33668  14.830  -30.021  80.464 0.0000000000
32799  12.802  -31.128  79.652 0.0000000000
37408  8.974  -26.833  73.641 0.0000000000
34683  11.279  -29.411  74.436 0.0000000000
37414  11.236  -26.532  72.999 0.0000000000
38395  13.103  -25.769  72.582 0.0000000000
39410  10.917  -24.390  71.695 0.0000000000
37253  16.769  -25.604  87.317 0.0000000000
36291  14.018  -27.188  86.770 0.0000000000
37257  14.510  -26.289  86.201 0.0000000000
36306  14.212  -27.372  83.791 0.0000000000
37274  25.454  -26.736  83.950 0.0000000000
36342  25.840  -27.765  81.119 0.0000000000
38313  24.015  -25.883  84.128 0.0000000000
38315  22.589  -25.145  82.839 0.0000000000
38296  18.763  -25.427  83.737 0.0000000000
38274  17.834  -25.154  86.819 0.0000000000
33679  7.972  -30.750  79.937 0.0000000000
33689  9.615  -30.657  78.042 0.0000000000
34625  8.500  -29.813  77.389 0.0000000000
38385  8.982  -26.061  75.119 0.0000000000
113089  8.742  -24.226  73.514 0.0000000000
40257  19.680  -23.415  80.887 0.0000000000
37271  28.328  -27.752  82.880 0.0000000000
37295  28.163  -26.051  81.186 0.0000000000
39296  25.005  -24.272  82.569 0.0000000000
103696  22.403  -22.736  82.645 0.0000000000
33634  19.896  -30.066  85.795 0.0000000000
34563  18.193  -28.989  83.280 0.0000000000
34556  17.415  -29.171  85.236 0.0000000000
33644  14.374  -31.010  84.029 0.0000000000
32783  11.809  -31.714  83.024 0.0000000000
34543  12.411  -29.858  86.659 0.0000000000
32767  10.756  -31.272  84.720 0.0000000000
123317  9.035  -31.536  82.637 0.0000000000
33663  7.705  -30.074  81.414 0.0000000000
35454  16.961  -28.693  80.993 0.0000000000
34614  15.873  -29.127  78.703 0.0000000000
110831  14.975  -29.515  76.721 0.0000000000
33709  11.649  -30.224  76.127 0.0000000000
33741  13.105  -29.835  74.978 0.0000000000
34680  14.373  -29.540  73.912 0.0000000000
36437  14.656  -27.851  72.628 0.0000000000
38404  14.480  -25.159  72.072 0.0000000000
43294  10.250  -21.214  74.093 0.0000000000
105106  9.467  -21.382  72.338 0.0000000000
44269  9.663  -19.697  70.615 0.0000000000
41348  9.197  -21.990  70.568 0.0000000000
123506  10.682  -22.059  69.957 0.0000000000
40232  18.182  -22.886  83.866 0.0000000000
39282  16.974  -24.373  83.450 0.0000000000
39298  17.583  -24.508  81.849 0.0000000000
40230  19.430  -22.614  83.033 0.0000000000
102599  20.827  -22.124  85.076 0.0000000000
41240  19.519  -22.217  84.375 0.0000000000
40223  18.884  -22.329  84.794 0.0000000000
35526  17.042  -28.690  74.342 0.0000000000
35527  16.220  -29.033  74.309 0.0000000000
116842  17.460  -28.816  87.739 0.0000000000
34533  16.255  -29.522  87.352 0.0000000000
35419  15.740  -28.973  87.564 0.0000000000
36340  27.499  -28.561  81.646 0.0000000000
37246  17.995  -27.105  87.605 0.0000000000
36289  19.503  -27.488  87.213 0.0000000000
36283  18.422  -28.075  87.781 0.0000000000
35416  18.874  -28.816  87.891 0.0000000000
32791  12.168  -31.537  81.158 0.0000000000
115449  12.687  -31.323  80.551 0.0000000000
32800  12.057  -31.465  80.344 0.0000000000
37416  8.950  -26.145  73.107 0.0000000000
105205  9.854  -27.378  73.528 0.0000000000
38398  9.819  -25.646  72.531 0.0000000000
38397  10.817  -25.764  72.551 0.0000000000
39411  9.827  -24.276  71.741 0.0000000000
38276  16.654  -24.621  87.059 0.0000000000
38278  15.347  -25.589  86.508 0.0000000000
38281  15.738  -24.852  86.194 0.0000000000
37266  15.375  -26.327  83.618 0.0000000000
36332  14.287  -27.874  81.645 0.0000000000
107865  24.543  -24.758  84.487 0.0000000000
37287  24.730  -26.669  83.918 0.0000000000
38302  23.972  -25.223  84.719 0.0000000000
102751  20.903  -23.322  85.015 0.0000000000
102737  22.375  -24.453  83.877 0.0000000000
102602  21.127  -24.562  82.815 0.0000000000
38295  19.131  -24.605  83.944 0.0000000000
39267  17.481  -23.289  86.548 0.0000000000
38279  18.080  -24.500  86.130 0.0000000000
39263  17.142  -23.865  86.931 0.0000000000
38275  17.385  -24.879  87.134 0.0000000000
34609  8.068  -29.458  79.192 0.0000000000
104089  8.347  -30.175  78.189 0.0000000000
36391  8.450  -28.239  77.929 0.0000000000
39368  9.439  -24.289  76.613 0.0000000000
38377  9.225  -25.856  76.116 0.0000000000
38384  9.170  -25.218  75.468 0.0000000000
39384  8.846  -25.279  74.564 0.0000000000
39396  9.384  -24.005  74.966 0.0000000000
39295  25.556  -25.114  82.724 0.0000000000
34554  19.185  -29.527  85.402 0.0000000000
34555  18.394  -29.218  85.330 0.0000000000
33627  14.365  -31.206  86.048 0.0000000000
33626  15.043  -30.700  85.539 0.0000000000
33636  14.433  -31.173  85.011 0.0000000000
32772  13.700  -31.420  83.831 0.0000000000
32765  12.375  -31.811  84.695 0.0000000000
36292  13.264  -27.677  86.462 0.0000000000
35425  13.266  -28.648  86.896 0.0000000000
35429  12.038  -28.344  85.847 0.0000000000
108839  9.997  -29.992  84.134 0.0000000000
33631  10.735  -30.390  85.171 0.0000000000
33645  9.651  -30.802  84.179 0.0000000000
103435  9.886  -31.448  83.667 0.0000000000
32786  8.680  -31.166  83.071 0.0000000000
32795  8.015  -31.037  82.575 0.0000000000
34579  8.091  -30.433  82.622 0.0000000000
37296  25.200  -27.451  81.769 0.0000000000
36305  19.258  -26.815  83.680 0.0000000000
36316  19.759  -27.213  82.665 0.0000000000
36304  20.024  -27.676  83.529 0.0000000000
35421  21.265  -28.816  86.627 0.0000000000
35431  21.150  -28.842  84.374 0.0000000000
34537  19.688  -29.777  87.686 0.0000000000
33625  20.083  -30.243  87.249 0.0000000000
102977  17.124  -28.773  82.781 0.0000000000
35447  17.047  -28.722  81.780 0.0000000000
34573  16.262  -29.076  82.258 0.0000000000
33676  14.242  -30.365  79.260 0.0000000000
34607  15.295  -29.530  79.198 0.0000000000
34616  14.527  -29.937  78.031 0.0000000000
34623  15.023  -29.539  77.557 0.0000000000
34624  14.390  -29.872  77.156 0.0000000000
33710  9.706  -30.187  76.438 0.0000000000
33699  10.158  -30.418  77.098 0.0000000000
33724  10.229  -30.050  75.846 0.0000000000
119443  11.663  -29.311  74.138 0.0000000000
34664  11.975  -29.732  74.758 0.0000000000
34663  12.779  -29.724  74.553 0.0000000000
106851  13.560  -29.741  74.490 0.0000000000
106020  13.561  -29.540  73.897 0.0000000000
35545  14.140  -29.073  73.421 0.0000000000
36429  13.293  -27.812  73.211 0.0000000000
39408  12.995  -24.393  71.906 0.0000000000
38394  14.037  -25.837  72.479 0.0000000000
116434  13.825  -24.522  71.915 0.0000000000
43303  10.473  -20.542  73.474 0.0000000000
43304  9.838  -21.284  73.079 0.0000000000
43313  9.931  -20.623  72.331 0.0000000000
45213  9.566  -18.791  69.289 0.0000000000
44280  9.474  -19.908  70.185 0.0000000000
43323  9.295  -21.028  71.008 0.0000000000
42335  9.367  -21.170  70.147 0.0000000000
41347  9.815  -22.376  70.368 0.0000000000
107286  10.314  -21.387  69.560 0.0000000000
39275  16.745  -23.568  85.496 0.0000000000
38287  16.226  -24.547  84.772 0.0000000000
113290  16.837  -23.940  84.454 0.0000000000
102600  22.496  -22.727  84.335 0.0000000000
102596  22.993  -23.461  84.684 0.0000000000
102604  21.599  -22.551  84.846 0.0000000000
102761  20.994  -22.545  85.326 0.0000000000
40222  20.398  -22.759  85.379 0.0000000000
39280  19.444  -23.389  85.223 0.0000000000
40216  19.585  -22.600  85.390 0.0000000000
39274  17.925  -22.599  85.633 0.0000000000
108220  8.473  -26.285  79.231 0.0000000000
112078  8.789  -26.374  78.048 0.0000000000
39356  9.185  -24.895  78.132 0.0000000000
39355  9.414  -24.193  77.538 0.0000000000
104451  9.682  -22.734  77.209 0.0000000000
34538  18.766  -29.503  87.382 0.0000000000
34548  17.790  -29.409  86.551 0.0000000000
117355  16.780  -29.623  87.020 0.0000000000
34540  15.670  -30.169  86.943 0.0000000000
33619  14.303  -30.960  86.858 0.0000000000
35434  12.773  -28.149  84.251 0.0000000000
35435  11.961  -28.448  85.031 0.0000000000
35449  12.121  -29.158  82.937 0.0000000000
34576  10.264  -29.717  83.138 0.0000000000
34587  9.485  -29.658  82.672 0.0000000000
34588  8.440  -29.692  82.421 0.0000000000
37255  18.914  -26.571  85.656 0.0000000000
36293  19.918  -27.536  85.649 0.0000000000
36294  19.530  -27.184  86.419 0.0000000000
35422  20.664  -28.522  87.269 0.0000000000
118917  21.039  -29.213  87.480 0.0000000000
34527  21.087  -29.928  87.704 0.0000000000
35414  20.362  -29.313  87.770 0.0000000000
34530  19.322  -29.354  87.778 0.0000000000
33652  14.302  -30.796  82.508 0.0000000000
33659  14.915  -30.052  81.286 0.0000000000
110637  13.791  -30.846  81.039 0.0000000000
121744  13.432  -30.869  79.820 0.0000000000
33678  13.021  -30.823  78.782 0.0000000000
36417  9.247  -28.088  74.367 0.0000000000
34667  9.757  -29.178  74.827 0.0000000000
35550  9.630  -28.238  74.089 0.0000000000
36432  10.282  -28.180  73.775 0.0000000000
36440  11.777  -27.275  73.384 0.0000000000
36439  12.658  -27.163  73.241 0.0000000000
109982  12.121  -26.595  73.099 0.0000000000
38407  11.440  -25.053  72.207 0.0000000000
40376  12.513  -23.754  71.424 0.0000000000
44338  9.601  -18.934  68.376 0.0000000000
109157  10.501  -20.197  68.586 0.0000000000
44336  10.994  -19.240  67.826 0.0000000000
37247  17.113  -26.776  87.507 0.0000000000
36286  15.595  -27.323  87.415 0.0000000000
37249  15.298  -26.522  87.173 0.0000000000
36295  13.860  -26.924  86.366 0.0000000000
37258  13.795  -26.776  85.802 0.0000000000
37261  15.154  -25.940  84.723 0.0000000000
37267  14.701  -26.698  84.205 0.0000000000
36301  13.453  -27.561  84.490 0.0000000000
36318  13.629  -28.325  82.413 0.0000000000
36314  26.205  -27.810  83.245 0.0000000000
36326  26.625  -28.258  82.701 0.0000000000
37286  25.524  -27.395  83.382 0.0000000000
39287  23.385  -24.359  84.582 0.0000000000
38314  23.259  -25.627  82.838 0.0000000000
38330  23.277  -25.853  81.675 0.0000000000
37265  18.891  -26.045  83.318 0.0000000000
111706  18.612  -25.951  84.102 0.0000000000
38286  18.513  -24.772  84.822 0.0000000000
37260  18.446  -25.711  85.156 0.0000000000
37251  18.356  -26.131  87.048 0.0000000000
37252  17.615  -26.032  87.339 0.0000000000
32802  9.857  -31.576  80.473 0.0000000000
120134  10.732  -31.350  79.564 0.0000000000
32817  9.119  -31.041  78.994 0.0000000000
33701  8.593  -30.121  77.346 0.0000000000
34647  8.920  -29.350  76.021 0.0000000000
114468  8.825  -27.362  77.175 0.0000000000
107856  8.887  -27.879  76.120 0.0000000000
119643  8.973  -28.434  75.146 0.0000000000
37399  8.725  -26.871  74.011 0.0000000000
38391  8.674  -26.102  73.519 0.0000000000
39404  8.637  -24.335  72.893 0.0000000000
40244  18.835  -23.264  82.221 0.0000000000
36312  27.701  -28.478  82.900 0.0000000000
38308  29.114  -25.792  81.376 0.0000000000
38309  28.731  -25.736  80.983 0.0000000000
37283  28.582  -26.440  81.777 0.0000000000
37284  27.831  -26.974  82.227 0.0000000000
37272  27.221  -27.859  82.969 0.0000000000
37273  26.371  -27.577  83.244 0.0000000000
39286  25.098  -25.087  83.999 0.0000000000
40228  24.332  -23.995  84.219 0.0000000000
40241  23.855  -23.288  82.522 0.0000000000
40242  23.305  -22.964  83.696 0.0000000000
102603  21.592  -22.501  83.315 0.0000000000
102807  20.190  -22.932  81.799 0.0000000000
34564  17.089  -28.912  84.011 0.0000000000
34565  16.249  -29.133  83.274 0.0000000000
123142  16.129  -29.832  85.758 0.0000000000
34558  15.716  -29.946  84.944 0.0000000000
33643  14.864  -30.431  83.238 0.0000000000
115515  14.210  -31.026  83.273 0.0000000000
32782  12.869  -31.489  82.464 0.0000000000
32792  11.301  -31.700  81.967 0.0000000000
35420  14.798  -28.584  87.426 0.0000000000
34542  13.349  -29.668  87.104 0.0000000000
118678  12.678  -31.041  86.511 0.0000000000
34551  11.163  -29.767  85.687 0.0000000000
33630  11.250  -30.538  85.746 0.0000000000
32757  12.069  -31.599  85.405 0.0000000000
32766  11.524  -31.594  84.730 0.0000000000
32784  10.603  -31.671  83.069 0.0000000000
105664  9.372  -31.678  81.710 0.0000000000
32803  8.643  -31.520  81.094 0.0000000000
33671  7.790  -30.297  80.416 0.0000000000
35480  7.894  -28.936  80.297 0.0000000000
34599  8.132  -29.037  81.859 0.0000000000
35469  7.972  -28.508  81.361 0.0000000000
37340  8.221  -27.003  79.914 0.0000000000
110208  20.299  -27.706  82.080 0.0000000000
35432  20.493  -28.144  84.349 0.0000000000
34584  15.533  -29.530  80.863 0.0000000000
34606  16.046  -29.105  79.499 0.0000000000
117833  15.759  -29.150  75.516 0.0000000000
32815  11.361  -31.006  78.747 0.0000000000
33687  11.943  -30.637  77.767 0.0000000000
33697  12.681  -30.446  77.103 0.0000000000
33723  11.672  -29.944  75.380 0.0000000000
33722  12.287  -30.068  75.675 0.0000000000
33707  13.186  -30.229  76.488 0.0000000000
33720  13.669  -29.957  75.941 0.0000000000
34642  14.892  -29.560  75.014 0.0000000000
34641  15.609  -29.277  74.737 0.0000000000
34679  15.223  -29.286  73.557 0.0000000000
37412  13.651  -26.524  72.752 0.0000000000
37411  14.540  -26.784  72.471 0.0000000000
42268  10.247  -21.472  75.975 0.0000000000
43284  10.716  -20.354  75.555 0.0000000000
41287  9.928  -22.348  75.458 0.0000000000
41296  9.571  -22.647  74.139 0.0000000000
41308  8.874  -23.036  72.731 0.0000000000
41317  8.855  -22.900  72.205 0.0000000000
44256  9.750  -20.160  71.364 0.0000000000
42320  9.098  -21.677  71.392 0.0000000000
41330  8.967  -22.734  71.459 0.0000000000
40390  9.993  -23.054  70.775 0.0000000000
40389  10.999  -23.197  70.808 0.0000000000
41345  12.398  -22.582  70.503 0.0000000000
42356  12.341  -21.445  69.665 0.0000000000
115216  17.557  -23.877  83.048 0.0000000000
40231  18.794  -22.679  83.453 0.0000000000
35418  16.726  -28.790  87.667 0.0000000000
35444  27.321  -28.543  82.766 0.0000000000
35450  27.549  -28.739  82.436 0.0000000000
36325  27.038  -28.573  82.136 0.0000000000
35417  18.054  -28.781  87.782 0.0000000000
105670  11.484  -31.606  80.988 0.0000000000
32801  11.129  -31.546  80.341 0.0000000000
39403  8.858  -24.689  72.513 0.0000000000
38399  9.099  -25.500  72.650 0.0000000000
39402  9.419  -24.882  72.237 0.0000000000
39264  16.752  -23.956  86.802 0.0000000000
38277  16.161  -24.742  86.713 0.0000000000
39265  16.368  -24.207  86.460 0.0000000000
40221  24.147  -24.520  84.830 0.0000000000
39279  24.171  -24.882  84.786 0.0000000000
38294  24.172  -24.670  84.782 0.0000000000
102706  21.570  -23.758  84.416 0.0000000000
117149  20.403  -24.397  83.370 0.0000000000
116971  19.624  -24.812  83.095 0.0000000000
124640  17.079  -23.523  86.774 0.0000000000
35489  8.243  -28.958  78.560 0.0000000000
39383  9.356  -24.464  75.719 0.0000000000
40339  9.601  -23.172  75.103 0.0000000000
34547  18.739  -29.455  86.357 0.0000000000
32756  13.615  -31.618  85.449 0.0000000000
32764  13.210  -31.763  84.612 0.0000000000
110329  12.815  -31.799  85.259 0.0000000000
36296  13.136  -27.242  85.998 0.0000000000
117492  12.623  -27.799  86.075 0.0000000000
34577  9.296  -30.201  83.631 0.0000000000
34568  9.540  -30.486  84.117 0.0000000000
33646  9.014  -30.745  83.586 0.0000000000
33654  8.402  -30.772  83.022 0.0000000000
34545  21.853  -29.416  86.330 0.0000000000
117255  21.436  -28.985  85.535 0.0000000000
115055  15.555  -29.581  81.757 0.0000000000
33684  14.096  -30.357  78.544 0.0000000000
34608  14.649  -29.948  78.855 0.0000000000
33725  9.460  -29.860  75.973 0.0000000000
35547  12.108  -29.028  73.830 0.0000000000
34682  12.129  -29.541  74.288 0.0000000000
34681  12.848  -29.539  74.019 0.0000000000
124281  13.199  -29.677  74.264 0.0000000000
35546  13.219  -28.845  73.538 0.0000000000
44241  10.966  -19.853  73.438 0.0000000000
104932  10.517  -20.104  72.736 0.0000000000
44254  10.930  -19.616  72.586 0.0000000000
104907  9.462  -18.995  68.964 0.0000000000
44292  9.522  -19.481  69.489 0.0000000000
109003  9.477  -20.298  69.735 0.0000000000
42358  9.749  -20.915  69.578 0.0000000000
43350  9.745  -20.210  69.019 0.0000000000
120491  17.296  -23.053  85.259 0.0000000000
39290  17.004  -24.855  82.500 0.0000000000
102595  22.470  -22.995  84.885 0.0000000000
102598  20.619  -22.221  85.262 0.0000000000
121079  20.258  -22.147  85.176 0.0000000000
41234  19.591  -22.187  85.299 0.0000000000
40224  18.283  -22.484  85.020 0.0000000000
40211  17.420  -22.892  86.069 0.0000000000
38359  8.791  -25.583  78.655 0.0000000000
40299  9.467  -23.398  77.846 0.0000000000
40312  9.546  -23.513  76.893 0.0000000000
34539  17.855  -29.368  87.309 0.0000000000
121920  14.921  -30.556  87.097 0.0000000000
34541  14.244  -30.269  87.236 0.0000000000
35448  12.899  -28.599  83.194 0.0000000000
35439  11.971  -28.742  84.016 0.0000000000
34575  11.378  -29.491  82.530 0.0000000000
123143  9.268  -29.428  82.183 0.0000000000
37250  18.974  -26.662  86.830 0.0000000000
36282  19.165  -28.029  87.706 0.0000000000
35415  19.623  -28.999  87.923 0.0000000000
33660  14.355  -30.598  81.627 0.0000000000
116948  13.297  -31.032  80.398 0.0000000000
33677  13.592  -30.688  79.196 0.0000000000
36433  9.338  -27.542  73.822 0.0000000000
37415  10.114  -26.525  72.967 0.0000000000
119173  10.737  -27.329  73.418 0.0000000000
36431  11.403  -28.149  73.645 0.0000000000
39409  11.988  -24.396  71.798 0.0000000000
40377  11.495  -23.769  71.313 0.0000000000
122493  9.522  -18.279  68.181 0.0000000000
117957  9.808  -18.411  67.801 0.0000000000
44337  10.129  -19.145  67.912 0.0000000000
45250  10.526  -18.556  67.505 0.0000000000
37248  16.125  -26.481  87.404 0.0000000000
117961  15.808  -25.592  87.057 0.0000000000
37254  14.746  -26.457  86.763 0.0000000000
38288  15.636  -25.093  85.273 0.0000000000
36300  13.983  -26.969  84.827 0.0000000000
115009  13.603  -27.975  83.458 0.0000000000
38331  22.415  -25.450  81.383 0.0000000000
38317  20.838  -25.211  81.600 0.0000000000
38304  19.147  -25.413  83.041 0.0000000000
37256  18.349  -25.795  86.358 0.0000000000
103532  17.898  -25.712  87.154 0.0000000000
32810  8.827  -31.390  79.966 0.0000000000
32818  8.362  -30.845  79.447 0.0000000000
34633  8.783  -29.718  76.643 0.0000000000
35507  8.721  -29.278  76.488 0.0000000000
106137  9.124  -26.298  76.978 0.0000000000
37376  9.060  -26.917  75.891 0.0000000000
107653  8.842  -28.580  75.786 0.0000000000
36408  8.914  -27.809  75.167 0.0000000000
107169  8.911  -27.466  74.457 0.0000000000
37386  8.826  -26.915  74.713 0.0000000000
114697  8.938  -24.484  74.238 0.0000000000
39399  8.636  -25.141  73.615 0.0000000000
40354  8.758  -23.601  73.105 0.0000000000
40243  19.494  -23.120  81.903 0.0000000000
40258  18.950  -23.660  81.140 0.0000000000
36311  28.658  -28.726  83.184 0.0000000000
117655  29.207  -28.454  83.363 0.0000000000
38327  27.707  -25.563  80.574 0.0000000000
38326  28.505  -25.384  80.428 0.0000000000
37285  26.926  -27.139  82.785 0.0000000000
39285  25.537  -26.028  83.935 0.0000000000
124049  24.746  -24.344  83.773 0.0000000000
40254  23.100  -23.003  81.863 0.0000000000
102771  20.909  -22.742  82.038 0.0000000000
33642  19.624  -29.835  84.265 0.0000000000
35433  18.029  -29.014  84.374 0.0000000000
108654  16.197  -29.332  84.183 0.0000000000
103651  16.759  -29.564  86.074 0.0000000000
33635  15.007  -30.500  84.401 0.0000000000
34566  15.566  -29.770  83.772 0.0000000000
32773  12.785  -31.687  83.675 0.0000000000
113658  12.263  -31.585  81.963 0.0000000000
36287  14.704  -27.345  87.188 0.0000000000
118123  15.331  -28.087  87.480 0.0000000000
35424  13.929  -28.009  87.063 0.0000000000
123972  12.843  -29.149  86.793 0.0000000000
33620  13.424  -30.654  86.971 0.0000000000
35436  11.200  -29.085  84.759 0.0000000000
35430  11.390  -29.008  85.508 0.0000000000
34559  10.781  -29.692  85.112 0.0000000000
33638  10.300  -30.844  84.683 0.0000000000
33637  10.925  -30.953  85.239 0.0000000000
32758  11.541  -31.152  85.714 0.0000000000
122751  11.336  -31.332  85.185 0.0000000000
32785  9.347  -31.417  83.228 0.0000000000
122476  9.907  -31.566  83.156 0.0000000000
32793  9.993  -31.669  82.450 0.0000000000
32794  8.457  -31.408  82.232 0.0000000000
33662  7.751  -30.627  82.002 0.0000000000
33670  7.793  -30.797  80.991 0.0000000000
34610  7.884  -29.843  79.840 0.0000000000
34601  7.739  -29.481  80.903 0.0000000000
36327  25.938  -27.979  82.497 0.0000000000
36341  26.437  -28.243  81.724 0.0000000000
36315  20.267  -27.876  82.835 0.0000000000
110596  20.372  -27.967  85.171 0.0000000000
33633  20.388  -30.529  84.835 0.0000000000
34572  17.957  -28.875  82.137 0.0000000000
35453  17.751  -28.742  81.205 0.0000000000
34595  15.448  -29.540  80.009 0.0000000000
35463  16.781  -28.745  79.700 0.0000000000
113453  15.521  -29.219  77.196 0.0000000000
34629  15.778  -29.069  76.455 0.0000000000
34630  15.014  -29.497  75.795 0.0000000000
32816  10.243  -31.020  78.808 0.0000000000
33698  11.235  -30.417  76.976 0.0000000000
105669  12.043  -30.408  76.816 0.0000000000
33686  12.830  -30.642  78.018 0.0000000000
34666  10.508  -29.448  74.834 0.0000000000
34644  10.777  -29.821  75.364 0.0000000000
34665  11.273  -29.681  74.937 0.0000000000
33742  12.493  -29.889  75.134 0.0000000000
33721  12.996  -30.023  75.628 0.0000000000
112326  14.269  -29.720  74.699 0.0000000000
34662  15.011  -29.493  74.280 0.0000000000
35559  14.748  -28.682  72.907 0.0000000000
37413  12.830  -26.449  72.910 0.0000000000
112118  13.314  -27.045  73.036 0.0000000000
115262  14.762  -25.982  72.226 0.0000000000
38403  15.294  -25.711  71.856 0.0000000000
118628  10.440  -21.030  75.166 0.0000000000
42275  10.090  -21.799  74.723 0.0000000000
42284  9.729  -21.932  73.616 0.0000000000
42296  9.346  -21.968  72.736 0.0000000000
41307  9.233  -22.556  73.104 0.0000000000
42297  9.017  -22.526  72.450 0.0000000000
117846  8.942  -22.490  72.124 0.0000000000
45195  9.904  -19.132  70.406 0.0000000000
45194  10.419  -19.004  70.941 0.0000000000
44268  10.075  -19.535  71.122 0.0000000000
41349  9.216  -21.455  70.780 0.0000000000
41331  8.978  -22.132  71.146 0.0000000000
122888  9.030  -22.370  71.019 0.0000000000
40379  9.360  -23.409  71.427 0.0000000000
40391  9.287  -22.630  70.926 0.0000000000
119013  10.587  -22.677  70.434 0.0000000000
41346  11.434  -22.630  70.419 0.0000000000
43366  11.271  -20.615  68.911 0.0000000000
106749  20.657  -22.520  82.946 0.0000000000
102601  20.239  -22.201  83.932 0.0000000000
35544  16.434  -28.934  73.689 0.0000000000
34678  15.955  -29.067  73.243 0.0000000000
34532  17.391  -29.178  87.516 0.0000000000
119625  18.597  -27.340  87.567 0.0000000000
32790  12.984  -31.304  81.338 0.0000000000
120646  11.791  -31.318  79.552 0.0000000000
37407  9.394  -26.759  73.329 0.0000000000
122998  9.406  -26.135  72.866 0.0000000000
38408  10.341  -25.008  72.133 0.0000000000
38282  15.067  -25.634  85.823 0.0000000000
37278  14.877  -27.039  83.162 0.0000000000
36317  14.327  -27.699  82.760 0.0000000000
37290  14.950  -27.255  82.162 0.0000000000
38293  24.588  -25.698  84.368 0.0000000000
102597  21.714  -22.991  85.033 0.0000000000
39266  18.058  -23.171  86.314 0.0000000000
38280  17.595  -24.016  86.693 0.0000000000
33680  8.022  -30.388  79.570 0.0000000000
33690  8.222  -30.452  79.038 0.0000000000
118748  8.090  -30.132  78.928 0.0000000000
34617  8.236  -29.796  78.225 0.0000000000
35498  8.430  -29.253  77.502 0.0000000000
38367  9.357  -24.942  77.218 0.0000000000
119217  9.291  -25.560  76.886 0.0000000000
38376  9.355  -25.050  76.344 0.0000000000
123860  9.152  -24.674  74.979 0.0000000000
40340  9.166  -23.596  74.001 0.0000000000
38310  27.363  -26.294  81.683 0.0000000000
38312  26.175  -25.848  82.650 0.0000000000
102755  21.521  -22.882  81.648 0.0000000000
34549  15.624  -30.302  86.106 0.0000000000
32763  13.910  -31.492  84.581 0.0000000000
35426  12.494  -28.541  86.401 0.0000000000
34560  10.133  -30.332  84.621 0.0000000000
32776  10.014  -31.228  84.237 0.0000000000
32777  9.352  -31.149  83.719 0.0000000000
34589  7.890  -29.828  82.106 0.0000000000
37275  19.322  -26.270  82.549 0.0000000000
35427  20.899  -28.471  85.352 0.0000000000
33615  20.281  -30.079  87.781 0.0000000000
33614  20.855  -30.375  87.647 0.0000000000
34583  16.269  -29.068  81.327 0.0000000000
33675  14.736  -30.003  79.647 0.0000000000
34615  15.156  -29.531  78.385 0.0000000000
33700  9.112  -30.350  77.215 0.0000000000
33688  10.789  -30.667  77.917 0.0000000000
105249  10.662  -30.258  76.315 0.0000000000
33740  13.632  -29.863  75.170 0.0000000000
35560  14.031  -28.316  73.085 0.0000000000
38406  12.514  -25.053  72.280 0.0000000000
38405  13.504  -25.084  72.260 0.0000000000
44228  10.946  -20.071  74.177 0.0000000000
45203  9.608  -19.239  69.949 0.0000000000
43322  9.492  -20.383  70.842 0.0000000000
43331  9.393  -20.688  70.443 0.0000000000
41365  9.726  -21.659  69.970 0.0000000000
39269  16.187  -24.211  85.832 0.0000000000
38297  16.417  -24.964  83.749 0.0000000000
38298  16.032  -25.826  83.050 0.0000000000
103061  22.990  -23.121  84.640 0.0000000000
40217  18.680  -22.583  85.721 0.0000000000
40210  17.972  -22.724  86.231 0.0000000000
112524  8.493  -27.186  78.577 0.0000000000
39341  9.263  -24.126  78.500 0.0000000000
107782  9.750  -22.913  76.210 0.0000000000
33618  14.989  -30.731  86.542 0.0000000000
34567  11.051  -29.454  83.765 0.0000000000
122864  19.435  -27.093  85.609 0.0000000000
36288  20.166  -27.755  86.893 0.0000000000
34536  21.634  -29.563  87.270 0.0000000000
34529  19.962  -29.653  87.873 0.0000000000
33651  14.939  -30.210  82.164 0.0000000000
119532  14.404  -30.449  80.891 0.0000000000
33669  14.062  -30.580  80.083 0.0000000000
33685  13.481  -30.547  78.268 0.0000000000
35529  9.111  -28.557  74.925 0.0000000000
34645  9.847  -29.605  75.379 0.0000000000
35528  9.455  -28.687  74.620 0.0000000000
35549  10.217  -28.917  74.302 0.0000000000
123225  9.694  -27.857  73.808 0.0000000000
35548  11.121  -28.938  73.955 0.0000000000
38396  12.013  -25.860  72.650 0.0000000000
44313  9.570  -19.507  68.922 0.0000000000
44312  9.945  -19.632  68.451 0.0000000000
35516  16.557  -28.752  75.937 0.0000000000
36285  16.505  -27.619  87.585 0.0000000000
120053  13.357  -27.207  85.374 0.0000000000
37262  14.481  -26.346  85.316 0.0000000000
37297  24.574  -26.895  82.418 0.0000000000
104618  23.781  -26.295  81.288 0.0000000000
38303  23.340  -25.171  84.068 0.0000000000
38316  21.707  -24.989  82.106 0.0000000000
106806  19.503  -25.435  82.418 0.0000000000
37259  18.787  -26.417  84.561 0.0000000000
113281  18.267  -26.522  87.345 0.0000000000
32809  9.742  -31.323  79.543 0.0000000000
104028  8.620  -30.478  78.304 0.0000000000
33711  8.982  -30.023  76.549 0.0000000000
34632  9.048  -29.603  76.036 0.0000000000
36399  8.683  -28.504  76.787 0.0000000000
35517  8.915  -28.930  75.568 0.0000000000
36434  9.007  -27.497  74.114 0.0000000000
38388  8.680  -26.103  74.162 0.0000000000
38400  8.631  -25.357  72.965 0.0000000000
39413  8.724  -23.980  72.361 0.0000000000
39297  18.292  -23.988  81.481 0.0000000000
36313  26.832  -28.061  82.960 0.0000000000
40240  24.399  -23.649  81.761 0.0000000000
110249  24.433  -23.766  83.083 0.0000000000
119299  23.990  -23.418  83.745 0.0000000000
102605  19.966  -22.635  82.641 0.0000000000
108045  18.818  -29.260  84.256 0.0000000000
34557  16.527  -29.394  85.018 0.0000000000
33653  13.600  -31.291  82.929 0.0000000000
124195  15.975  -28.199  87.561 0.0000000000
34535  14.095  -29.191  87.316 0.0000000000
34550  11.700  -29.142  86.120 0.0000000000
33622  11.596  -30.000  86.157 0.0000000000
33621  11.869  -30.723  86.235 0.0000000000
33629  12.169  -31.314  86.023 0.0000000000
113381  12.817  -31.554  85.899 0.0000000000
32774  11.862  -31.744  84.069 0.0000000000
32775  10.850  -31.635  84.006 0.0000000000
32811  8.129  -31.140  80.490 0.0000000000
32804  7.983  -31.195  81.636 0.0000000000
114191  8.081  -28.626  79.581 0.0000000000
34600  7.874  -29.336  81.644 0.0000000000
36366  8.010  -27.821  80.558 0.0000000000
36359  27.072  -28.218  80.916 0.0000000000
36360  26.445  -27.802  80.648 0.0000000000
36298  19.880  -27.562  84.485 0.0000000000
35438  20.613  -28.333  83.457 0.0000000000
34594  16.325  -28.986  80.376 0.0000000000
34622  15.699  -29.163  77.901 0.0000000000
32808  12.332  -30.949  78.762 0.0000000000
33696  13.342  -30.401  77.377 0.0000000000
120587  11.010  -30.093  75.794 0.0000000000
33708  12.500  -30.243  76.265 0.0000000000
33706  13.792  -30.118  76.798 0.0000000000
34631  14.303  -29.798  76.284 0.0000000000
34643  14.263  -29.776  75.454 0.0000000000
123075  15.299  -29.389  75.246 0.0000000000
34661  15.740  -29.248  73.931 0.0000000000
36438  13.933  -27.401  72.853 0.0000000000
36445  15.293  -27.441  72.226 0.0000000000
41281  9.962  -22.132  76.598 0.0000000000
41297  9.066  -23.078  73.348 0.0000000000
40365  8.745  -23.503  72.520 0.0000000000
42319  9.414  -21.030  71.590 0.0000000000
42307  9.075  -21.948  72.063 0.0000000000
114788  8.942  -22.417  71.759 0.0000000000
123022  8.864  -22.860  71.871 0.0000000000
40378  10.417  -23.700  71.267 0.0000000000
40388  11.980  -23.190  70.881 0.0000000000
40387  12.951  -23.112  71.020 0.0000000000
42374  10.412  -20.814  69.119 0.0000000000
41364  11.833  -22.023  70.010 0.0000000000
36418  9.045  -28.006  74.648 0.0000000000
38285  24.051  -24.788  84.898 0.0000000000
40215  24.119  -24.757  84.867 0.0000000000
40380  8.824  -23.340  71.987 0.0000000000
123812  9.312  -29.549  75.674 0.0000000000
