#!ascii label  , from subject sub-v2s10x28969_ses-1 vox2ras=TkReg
667
44726  22.257  -33.725  73.021 0.0000000000
61297  42.406  -19.631  66.471 0.0000000000
66438  46.204  -13.591  68.649 0.0000000000
49500  44.281  -29.032  71.197 0.0000000000
45962  27.140  -32.226  72.975 0.0000000000
41410  24.652  -36.085  73.097 0.0000000000
66411  43.287  -14.814  70.470 0.0000000000
61236  45.912  -19.220  71.143 0.0000000000
49469  39.403  -30.461  72.732 0.0000000000
44702  32.998  -33.568  75.335 0.0000000000
125940  50.165  -10.658  64.421 0.0000000000
134182  44.365  -12.204  64.980 0.0000000000
52963  40.444  -26.619  69.389 0.0000000000
56512  43.829  -23.610  72.008 0.0000000000
43608  24.789  -34.762  72.476 0.0000000000
42492  22.907  -34.907  73.166 0.0000000000
63325  42.967  -17.556  68.564 0.0000000000
64320  44.732  -16.679  71.883 0.0000000000
134197  43.804  -18.862  70.745 0.0000000000
44744  39.843  -33.498  70.636 0.0000000000
42461  28.130  -35.409  75.462 0.0000000000
45925  29.579  -32.646  74.480 0.0000000000
41358  31.037  -35.825  75.580 0.0000000000
71016  49.166  -9.623  64.161 0.0000000000
68857  47.620  -12.351  63.248 0.0000000000
69840  46.896  -10.851  66.228 0.0000000000
67597  42.941  -12.874  66.762 0.0000000000
67635  42.654  -13.321  64.253 0.0000000000
138396  44.888  -12.902  67.102 0.0000000000
66476  44.397  -14.402  65.967 0.0000000000
65467  45.290  -15.799  66.971 0.0000000000
49466  41.500  -29.695  72.641 0.0000000000
50604  39.480  -28.620  70.742 0.0000000000
51751  42.611  -27.584  72.267 0.0000000000
150573  42.423  -25.451  69.839 0.0000000000
54039  44.056  -26.219  72.173 0.0000000000
151313  45.728  -24.708  71.195 0.0000000000
51764  45.450  -27.521  69.971 0.0000000000
43579  26.550  -35.685  74.002 0.0000000000
66465  41.318  -14.516  66.568 0.0000000000
131080  45.249  -11.347  70.394 0.0000000000
66396  47.505  -14.163  71.266 0.0000000000
63314  47.545  -17.538  69.180 0.0000000000
45937  36.700  -32.287  74.289 0.0000000000
130185  39.080  -32.231  73.688 0.0000000000
45971  41.366  -31.924  72.178 0.0000000000
48311  42.625  -30.524  70.353 0.0000000000
50623  43.641  -28.421  68.987 0.0000000000
45957  33.421  -32.563  73.050 0.0000000000
43562  35.484  -34.032  74.872 0.0000000000
126562  50.425  -12.251  61.371 0.0000000000
69877  45.588  -11.096  63.812 0.0000000000
67621  45.807  -12.517  66.225 0.0000000000
66502  43.687  -14.861  63.677 0.0000000000
58918  43.438  -21.498  69.470 0.0000000000
58856  44.660  -21.349  72.354 0.0000000000
58917  46.894  -22.324  69.723 0.0000000000
43595  22.299  -34.311  73.061 0.0000000000
43609  22.361  -35.114  72.694 0.0000000000
139329  42.682  -18.264  67.338 0.0000000000
63324  43.396  -17.967  69.166 0.0000000000
62327  43.500  -18.838  68.918 0.0000000000
41360  29.273  -35.473  75.658 0.0000000000
129774  47.458  -10.318  62.772 0.0000000000
71005  47.803  -9.973  65.205 0.0000000000
71018  46.842  -10.462  63.438 0.0000000000
68801  44.977  -11.546  68.002 0.0000000000
148305  44.495  -12.172  66.990 0.0000000000
67583  45.037  -12.758  67.692 0.0000000000
66456  44.795  -14.150  67.377 0.0000000000
49464  43.015  -29.366  72.446 0.0000000000
50563  42.018  -29.095  72.627 0.0000000000
51730  42.981  -27.981  72.644 0.0000000000
52906  42.999  -27.231  72.443 0.0000000000
51728  43.942  -27.565  72.129 0.0000000000
52922  45.045  -26.745  71.330 0.0000000000
51765  45.037  -28.017  70.563 0.0000000000
43606  26.305  -34.528  71.958 0.0000000000
42489  25.548  -35.899  73.680 0.0000000000
42478  26.236  -36.132  74.099 0.0000000000
64365  41.644  -15.785  67.655 0.0000000000
65487  40.429  -15.396  65.584 0.0000000000
66439  42.154  -14.415  68.776 0.0000000000
67555  42.565  -13.164  68.648 0.0000000000
139114  43.444  -13.737  70.571 0.0000000000
67526  46.750  -12.630  71.436 0.0000000000
66399  44.572  -14.114  71.602 0.0000000000
62273  45.212  -18.266  72.042 0.0000000000
64330  46.448  -16.659  71.029 0.0000000000
62290  46.169  -18.557  70.633 0.0000000000
62307  47.794  -18.546  68.826 0.0000000000
61248  46.444  -19.282  70.011 0.0000000000
44697  37.453  -33.264  74.326 0.0000000000
44696  37.799  -32.661  74.358 0.0000000000
129475  38.476  -33.438  73.363 0.0000000000
44743  40.463  -33.116  71.108 0.0000000000
47143  41.957  -31.712  71.140 0.0000000000
44704  30.919  -33.555  75.430 0.0000000000
45942  31.848  -32.572  73.868 0.0000000000
45922  33.308  -32.947  74.850 0.0000000000
44700  34.849  -33.372  75.112 0.0000000000
43544  34.288  -34.015  75.420 0.0000000000
72047  51.210  -9.510  63.893 0.0000000000
69893  50.616  -11.798  62.230 0.0000000000
68858  46.869  -12.607  63.764 0.0000000000
67634  43.592  -12.657  64.541 0.0000000000
68861  43.398  -12.647  62.742 0.0000000000
68860  44.160  -12.129  63.318 0.0000000000
69878  44.813  -11.632  63.270 0.0000000000
68848  44.764  -11.799  64.688 0.0000000000
69841  45.798  -11.281  66.270 0.0000000000
68836  45.197  -11.780  66.431 0.0000000000
64399  43.992  -16.004  65.148 0.0000000000
66492  44.093  -14.794  65.124 0.0000000000
48288  38.687  -30.607  72.554 0.0000000000
49488  38.739  -30.076  71.736 0.0000000000
51780  39.946  -27.358  69.796 0.0000000000
50615  39.010  -28.003  69.855 0.0000000000
55304  43.229  -24.274  70.773 0.0000000000
55323  42.136  -24.354  68.698 0.0000000000
56527  42.882  -23.622  69.431 0.0000000000
57726  42.771  -22.310  68.172 0.0000000000
57707  43.437  -22.756  70.596 0.0000000000
58878  43.823  -21.156  71.564 0.0000000000
138852  44.223  -22.789  72.310 0.0000000000
54069  46.507  -25.204  69.728 0.0000000000
56510  46.159  -23.273  71.068 0.0000000000
56525  47.061  -23.580  69.381 0.0000000000
57724  47.435  -22.669  68.734 0.0000000000
146650  24.018  -34.566  73.069 0.0000000000
42491  23.582  -35.433  73.200 0.0000000000
41431  23.508  -36.121  72.361 0.0000000000
42503  22.912  -35.611  72.697 0.0000000000
64340  42.792  -16.169  69.538 0.0000000000
139835  44.130  -15.899  71.340 0.0000000000
64321  43.994  -16.690  71.178 0.0000000000
63295  44.200  -17.502  71.403 0.0000000000
62259  44.963  -18.993  72.337 0.0000000000
44707  27.940  -33.893  74.552 0.0000000000
45945  28.269  -32.305  73.997 0.0000000000
44684  28.778  -34.354  75.487 0.0000000000
44682  30.391  -34.194  75.709 0.0000000000
43546  32.152  -34.860  75.831 0.0000000000
42455  33.203  -35.237  75.412 0.0000000000
144428  32.639  -36.389  74.881 0.0000000000
144538  49.366  -9.952  65.125 0.0000000000
126396  49.251  -11.270  64.106 0.0000000000
69838  48.424  -10.449  65.470 0.0000000000
69839  47.747  -10.751  65.777 0.0000000000
68846  46.768  -12.022  65.716 0.0000000000
67613  41.960  -13.723  65.498 0.0000000000
67611  43.088  -12.954  65.691 0.0000000000
68825  44.278  -12.345  66.176 0.0000000000
68824  45.070  -11.947  66.743 0.0000000000
67610  45.293  -12.432  66.615 0.0000000000
66475  44.932  -13.098  66.574 0.0000000000
65468  44.591  -15.224  66.711 0.0000000000
49467  40.867  -29.986  72.762 0.0000000000
49487  39.694  -29.826  72.118 0.0000000000
50564  41.365  -29.427  72.599 0.0000000000
51753  41.171  -28.223  71.577 0.0000000000
52945  40.899  -27.061  70.116 0.0000000000
52962  41.260  -26.370  69.649 0.0000000000
52943  42.442  -26.412  70.903 0.0000000000
54055  42.996  -25.970  71.575 0.0000000000
55286  44.005  -24.346  72.202 0.0000000000
55284  44.430  -23.732  72.281 0.0000000000
54053  44.560  -25.888  71.858 0.0000000000
54070  45.929  -25.519  70.625 0.0000000000
52980  46.349  -26.179  68.939 0.0000000000
43622  26.008  -34.108  71.075 0.0000000000
44736  26.494  -33.282  71.677 0.0000000000
44715  27.289  -33.075  73.137 0.0000000000
43578  27.431  -34.926  74.249 0.0000000000
41372  27.218  -36.271  74.724 0.0000000000
67586  42.040  -13.678  66.909 0.0000000000
67573  43.341  -12.086  68.565 0.0000000000
146817  45.988  -11.550  69.507 0.0000000000
68766  46.979  -12.002  70.377 0.0000000000
66409  48.910  -13.416  70.127 0.0000000000
65412  49.349  -14.941  69.496 0.0000000000
65379  45.707  -15.324  71.899 0.0000000000
64329  47.327  -16.090  70.443 0.0000000000
45974  35.187  -32.406  72.057 0.0000000000
47117  36.883  -31.774  73.358 0.0000000000
47116  37.799  -31.535  73.603 0.0000000000
48264  39.245  -31.249  73.323 0.0000000000
44734  39.640  -33.407  72.034 0.0000000000
45953  40.555  -32.267  72.530 0.0000000000
148236  40.309  -31.059  72.909 0.0000000000
47114  41.651  -31.134  72.454 0.0000000000
48287  42.893  -30.544  71.730 0.0000000000
49501  43.794  -29.708  71.146 0.0000000000
50613  44.168  -28.820  69.775 0.0000000000
49512  42.962  -29.851  69.934 0.0000000000
45939  35.067  -32.502  74.019 0.0000000000
44699  35.750  -33.477  74.822 0.0000000000
43576  36.858  -34.060  74.035 0.0000000000
42467  34.326  -35.402  74.573 0.0000000000
42476  35.516  -35.134  73.651 0.0000000000
68892  51.752  -12.484  60.797 0.0000000000
69876  45.998  -10.884  62.679 0.0000000000
69858  46.315  -10.668  64.402 0.0000000000
68834  46.394  -11.386  66.517 0.0000000000
67632  45.773  -13.117  64.625 0.0000000000
67622  45.359  -13.043  66.102 0.0000000000
67633  45.123  -13.550  64.681 0.0000000000
66511  44.252  -14.325  63.549 0.0000000000
50605  38.642  -28.789  70.439 0.0000000000
58938  42.679  -21.614  67.609 0.0000000000
61285  43.324  -20.236  68.083 0.0000000000
128253  43.664  -19.811  70.153 0.0000000000
60070  44.412  -19.964  72.186 0.0000000000
60069  45.451  -20.542  72.070 0.0000000000
151143  45.053  -22.513  72.330 0.0000000000
57695  46.041  -22.353  71.327 0.0000000000
135121  46.365  -21.058  70.659 0.0000000000
60098  47.419  -20.993  69.257 0.0000000000
50622  44.343  -28.179  69.186 0.0000000000
52982  45.257  -26.823  68.411 0.0000000000
44727  21.564  -33.481  72.820 0.0000000000
134753  42.662  -18.950  66.843 0.0000000000
62328  43.141  -18.355  68.175 0.0000000000
62349  43.343  -19.320  68.117 0.0000000000
67582  45.536  -12.707  68.436 0.0000000000
66455  45.339  -14.123  68.031 0.0000000000
150032  45.891  -14.435  68.156 0.0000000000
49485  43.693  -29.241  71.881 0.0000000000
50561  43.318  -28.635  72.442 0.0000000000
50560  43.514  -28.010  72.383 0.0000000000
50586  44.054  -28.427  71.843 0.0000000000
138378  44.631  -28.437  71.101 0.0000000000
134261  24.830  -35.651  73.348 0.0000000000
41390  25.102  -35.862  73.408 0.0000000000
65428  42.357  -15.500  69.118 0.0000000000
64352  41.883  -15.243  68.228 0.0000000000
137549  42.626  -14.703  69.690 0.0000000000
66423  42.624  -13.740  69.454 0.0000000000
67529  44.074  -13.293  71.166 0.0000000000
66400  43.913  -14.412  71.076 0.0000000000
62272  45.702  -18.365  71.481 0.0000000000
43575  37.835  -33.697  73.642 0.0000000000
44703  31.940  -33.646  75.527 0.0000000000
45924  31.398  -32.967  74.809 0.0000000000
45923  32.383  -32.983  74.795 0.0000000000
45941  32.799  -32.614  73.935 0.0000000000
44701  33.932  -33.461  75.312 0.0000000000
44679  33.537  -33.969  75.521 0.0000000000
71004  50.349  -10.003  64.997 0.0000000000
71003  51.465  -9.942  64.617 0.0000000000
69854  51.196  -10.347  64.441 0.0000000000
69874  50.914  -11.222  63.528 0.0000000000
68849  43.864  -12.411  63.910 0.0000000000
64417  44.208  -16.543  64.726 0.0000000000
65501  43.801  -15.591  64.708 0.0000000000
52964  39.671  -26.759  69.076 0.0000000000
150331  42.928  -24.138  69.927 0.0000000000
56526  43.200  -23.568  70.273 0.0000000000
131862  43.158  -23.054  69.728 0.0000000000
57697  43.766  -22.772  71.794 0.0000000000
140959  46.847  -24.896  69.194 0.0000000000
55312  46.765  -24.313  69.714 0.0000000000
55311  47.136  -24.286  68.972 0.0000000000
55321  47.169  -23.921  68.457 0.0000000000
43594  23.449  -34.770  73.296 0.0000000000
144727  23.628  -34.245  72.951 0.0000000000
43593  24.181  -35.161  73.419 0.0000000000
63348  42.207  -17.499  67.147 0.0000000000
63349  41.744  -17.390  66.499 0.0000000000
64364  42.042  -16.687  67.663 0.0000000000
134476  42.546  -16.855  68.438 0.0000000000
64339  43.360  -16.537  70.228 0.0000000000
63316  42.997  -16.978  69.259 0.0000000000
62309  43.665  -18.179  70.134 0.0000000000
62291  44.020  -18.155  71.156 0.0000000000
63280  44.739  -18.111  72.100 0.0000000000
62274  44.103  -18.899  71.600 0.0000000000
43564  28.255  -34.611  75.343 0.0000000000
44706  28.442  -33.595  74.971 0.0000000000
43550  28.549  -35.030  75.642 0.0000000000
41359  30.038  -35.619  75.641 0.0000000000
43548  29.951  -34.824  75.849 0.0000000000
42458  30.596  -35.194  75.838 0.0000000000
140289  30.705  -34.673  75.867 0.0000000000
42457  31.624  -35.368  75.762 0.0000000000
41357  32.072  -36.063  75.393 0.0000000000
125938  48.314  -9.909  63.114 0.0000000000
72038  49.832  -9.776  64.816 0.0000000000
72027  48.959  -9.776  65.078 0.0000000000
70992  47.379  -10.470  65.683 0.0000000000
68833  47.158  -11.328  66.041 0.0000000000
67612  42.554  -13.253  66.232 0.0000000000
67596  43.834  -12.473  66.498 0.0000000000
67595  44.919  -12.144  66.826 0.0000000000
65448  44.992  -15.001  67.460 0.0000000000
64377  44.804  -16.181  66.224 0.0000000000
64376  45.837  -16.511  66.180 0.0000000000
51731  42.426  -28.395  72.523 0.0000000000
50587  41.718  -28.709  72.369 0.0000000000
51752  41.959  -27.938  71.933 0.0000000000
51766  41.439  -27.496  70.990 0.0000000000
52944  41.736  -26.745  70.447 0.0000000000
52926  42.180  -27.159  71.390 0.0000000000
52905  43.366  -26.836  72.317 0.0000000000
52924  43.218  -26.440  72.112 0.0000000000
140030  43.606  -26.218  72.207 0.0000000000
54054  43.594  -25.464  71.950 0.0000000000
137154  43.922  -25.485  72.187 0.0000000000
51749  45.346  -27.310  70.597 0.0000000000
52942  45.674  -26.495  70.544 0.0000000000
141496  45.772  -26.945  69.960 0.0000000000
52941  46.203  -26.177  69.675 0.0000000000
52961  45.837  -26.882  69.364 0.0000000000
43623  25.362  -34.337  71.101 0.0000000000
43607  25.705  -34.637  71.773 0.0000000000
43591  26.512  -35.163  72.915 0.0000000000
44724  27.053  -34.064  72.284 0.0000000000
43590  27.297  -34.588  73.213 0.0000000000
44714  27.647  -33.733  73.799 0.0000000000
65486  40.744  -15.032  66.064 0.0000000000
66477  41.151  -14.420  65.819 0.0000000000
128274  43.627  -11.898  69.509 0.0000000000
68781  44.698  -11.176  69.400 0.0000000000
68791  45.036  -11.158  68.746 0.0000000000
67553  45.452  -11.193  69.437 0.0000000000
67552  46.743  -11.985  69.867 0.0000000000
68768  46.061  -11.563  70.865 0.0000000000
140839  46.747  -13.801  71.654 0.0000000000
66410  48.113  -13.173  70.748 0.0000000000
65395  48.288  -13.974  70.789 0.0000000000
65413  49.103  -14.319  70.020 0.0000000000
145686  48.562  -14.443  70.433 0.0000000000
128904  44.629  -15.902  71.753 0.0000000000
65380  45.088  -14.985  71.929 0.0000000000
129071  45.193  -16.009  71.995 0.0000000000
63305  46.885  -17.108  70.013 0.0000000000
64338  47.783  -16.557  69.602 0.0000000000
132847  48.192  -16.968  68.943 0.0000000000
45954  36.196  -32.115  73.592 0.0000000000
45973  36.017  -32.092  72.549 0.0000000000
45936  38.402  -32.412  74.048 0.0000000000
143709  38.149  -31.919  74.039 0.0000000000
47103  38.781  -31.807  73.721 0.0000000000
47115  38.557  -31.415  73.599 0.0000000000
44735  38.990  -33.820  71.916 0.0000000000
137081  39.974  -33.418  71.303 0.0000000000
45972  40.961  -32.610  71.691 0.0000000000
44733  40.355  -33.028  71.879 0.0000000000
47102  40.140  -31.563  73.044 0.0000000000
45952  40.849  -31.315  72.746 0.0000000000
47101  41.149  -30.671  72.736 0.0000000000
47142  42.340  -31.184  70.746 0.0000000000
47126  42.481  -31.154  71.496 0.0000000000
48301  42.887  -30.680  71.096 0.0000000000
140118  43.253  -30.214  71.327 0.0000000000
48300  43.272  -30.130  70.722 0.0000000000
148285  28.834  -32.430  74.203 0.0000000000
45961  28.205  -31.927  73.356 0.0000000000
45944  29.191  -32.141  73.465 0.0000000000
125909  32.880  -32.492  72.030 0.0000000000
45976  33.752  -32.601  71.926 0.0000000000
45956  34.492  -32.516  72.793 0.0000000000
45940  34.225  -32.601  73.947 0.0000000000
43543  35.043  -33.826  75.113 0.0000000000
45920  35.514  -32.904  74.758 0.0000000000
43561  36.157  -33.780  74.607 0.0000000000
43577  35.904  -34.344  74.328 0.0000000000
42468  33.560  -35.678  74.950 0.0000000000
42488  35.896  -35.370  72.824 0.0000000000
68876  51.222  -12.140  61.534 0.0000000000
68893  50.753  -12.526  60.676 0.0000000000
69875  48.424  -11.801  63.676 0.0000000000
145906  42.407  -13.490  63.437 0.0000000000
67647  42.591  -13.278  62.776 0.0000000000
69897  44.743  -11.752  61.953 0.0000000000
144847  45.300  -11.371  62.603 0.0000000000
69896  45.433  -11.447  61.637 0.0000000000
68835  45.884  -11.729  66.714 0.0000000000
144269  46.326  -10.880  66.356 0.0000000000
68847  46.219  -12.235  66.173 0.0000000000
67609  45.582  -12.014  66.685 0.0000000000
66491  44.754  -13.738  65.923 0.0000000000
147157  43.697  -15.188  64.192 0.0000000000
66501  44.396  -14.302  64.727 0.0000000000
50589  40.011  -29.131  71.610 0.0000000000
49502  39.117  -29.296  71.216 0.0000000000
54073  42.098  -25.991  69.879 0.0000000000
56534  42.479  -23.713  68.691 0.0000000000
57725  43.184  -22.052  68.827 0.0000000000
58930  43.048  -21.707  68.240 0.0000000000
58929  43.296  -21.427  68.682 0.0000000000
60133  42.872  -20.709  67.400 0.0000000000
60117  43.464  -20.775  68.822 0.0000000000
61273  43.590  -19.808  69.046 0.0000000000
60100  43.581  -20.605  69.777 0.0000000000
58857  44.348  -21.053  72.179 0.0000000000
60071  43.987  -20.265  71.800 0.0000000000
60058  44.784  -20.489  72.389 0.0000000000
58877  45.158  -21.274  72.291 0.0000000000
55295  45.148  -24.152  71.939 0.0000000000
56501  45.085  -23.078  72.231 0.0000000000
56511  45.565  -23.487  71.749 0.0000000000
57706  46.542  -22.718  70.403 0.0000000000
58899  46.458  -21.899  70.575 0.0000000000
58876  45.853  -21.388  71.572 0.0000000000
143009  46.707  -20.797  69.878 0.0000000000
60099  46.848  -21.519  69.776 0.0000000000
58928  47.629  -21.859  68.482 0.0000000000
44725  22.926  -34.168  73.156 0.0000000000
133862  42.249  -18.192  66.621 0.0000000000
63336  42.621  -17.547  67.871 0.0000000000
149642  43.544  -18.507  69.470 0.0000000000
61262  43.629  -19.052  69.811 0.0000000000
42470  28.070  -35.688  75.448 0.0000000000
42460  28.553  -35.384  75.597 0.0000000000
41361  28.599  -35.707  75.522 0.0000000000
41370  29.499  -36.155  75.186 0.0000000000
125771  48.364  -9.760  64.637 0.0000000000
71017  47.605  -10.038  64.055 0.0000000000
71006  47.090  -10.298  64.957 0.0000000000
67584  44.101  -11.832  67.826 0.0000000000
126909  43.774  -12.277  67.133 0.0000000000
140767  44.704  -11.969  67.264 0.0000000000
49465  42.217  -29.465  72.587 0.0000000000
50562  42.635  -28.777  72.597 0.0000000000
51729  43.361  -27.421  72.393 0.0000000000
52904  43.739  -26.863  72.248 0.0000000000
52923  44.310  -26.852  71.921 0.0000000000
51750  44.692  -27.684  71.404 0.0000000000
50601  45.128  -28.041  70.038 0.0000000000
43592  25.229  -35.266  73.058 0.0000000000
136172  41.217  -15.660  66.961 0.0000000000
65449  41.514  -15.160  67.476 0.0000000000
66440  41.810  -14.653  67.949 0.0000000000
66457  41.604  -14.534  67.293 0.0000000000
66422  43.085  -13.104  69.954 0.0000000000
67540  43.709  -12.561  70.493 0.0000000000
68755  45.468  -11.952  71.280 0.0000000000
67528  44.918  -12.962  71.557 0.0000000000
66397  46.156  -13.453  71.855 0.0000000000
138283  45.944  -14.412  71.945 0.0000000000
63279  45.090  -17.586  72.063 0.0000000000
64319  45.198  -16.877  71.945 0.0000000000
63293  45.607  -17.355  71.671 0.0000000000
63306  46.218  -17.696  70.774 0.0000000000
62308  46.753  -18.280  69.641 0.0000000000
61260  47.321  -19.350  69.151 0.0000000000
61261  46.905  -20.158  69.494 0.0000000000
45918  37.129  -32.780  74.491 0.0000000000
44713  38.188  -33.096  74.022 0.0000000000
44712  38.931  -32.892  73.494 0.0000000000
45990  41.500  -32.172  71.429 0.0000000000
47127  42.010  -31.594  71.860 0.0000000000
47161  41.673  -31.603  70.399 0.0000000000
146840  30.517  -32.955  74.861 0.0000000000
149609  29.978  -32.338  73.649 0.0000000000
45943  30.736  -32.503  73.913 0.0000000000
45959  31.400  -32.377  72.860 0.0000000000
45958  32.381  -32.485  72.908 0.0000000000
141204  33.559  -32.663  74.148 0.0000000000
45921  34.145  -32.847  74.891 0.0000000000
129815  34.700  -34.356  75.064 0.0000000000
69873  51.928  -10.922  63.779 0.0000000000
69892  51.616  -11.623  62.643 0.0000000000
67646  43.025  -12.915  63.567 0.0000000000
68880  44.111  -12.181  62.314 0.0000000000
69860  45.367  -11.337  64.675 0.0000000000
139428  44.078  -15.290  65.454 0.0000000000
48279  38.253  -31.048  72.998 0.0000000000
51768  39.860  -28.038  70.393 0.0000000000
51781  38.534  -27.495  69.095 0.0000000000
54091  42.789  -24.919  70.021 0.0000000000
55314  42.105  -25.150  69.186 0.0000000000
55313  42.586  -24.329  69.281 0.0000000000
56546  42.380  -23.080  68.101 0.0000000000
57716  42.921  -22.907  68.901 0.0000000000
57715  43.287  -22.377  69.600 0.0000000000
146838  43.470  -21.977  70.261 0.0000000000
58900  43.577  -21.278  70.527 0.0000000000
135412  43.649  -21.983  71.201 0.0000000000
58858  44.065  -21.971  72.074 0.0000000000
139374  44.414  -21.971  72.301 0.0000000000
55302  46.272  -24.636  70.461 0.0000000000
55294  45.958  -24.043  71.203 0.0000000000
137023  46.434  -23.973  70.500 0.0000000000
56517  46.673  -23.487  70.092 0.0000000000
57714  46.880  -22.995  69.696 0.0000000000
57713  47.228  -22.833  69.212 0.0000000000
56524  47.292  -23.439  68.873 0.0000000000
144393  24.436  -34.286  71.727 0.0000000000
42490  24.447  -35.622  73.198 0.0000000000
41411  24.035  -35.937  73.003 0.0000000000
135369  41.508  -16.260  67.175 0.0000000000
64351  42.089  -16.052  68.370 0.0000000000
65415  42.937  -15.581  70.001 0.0000000000
65397  43.847  -15.233  71.040 0.0000000000
65398  43.583  -15.796  70.739 0.0000000000
146877  44.398  -16.519  71.596 0.0000000000
63315  43.464  -17.396  69.897 0.0000000000
138883  44.472  -17.293  71.730 0.0000000000
135345  45.431  -19.092  71.979 0.0000000000
127226  38.342  -33.990  72.530 0.0000000000
45946  27.562  -32.814  73.749 0.0000000000
47105  27.642  -32.194  73.412 0.0000000000
45927  27.993  -32.806  74.280 0.0000000000
45926  28.591  -32.798  74.598 0.0000000000
44705  29.059  -33.436  75.200 0.0000000000
43549  29.047  -34.778  75.708 0.0000000000
44683  29.516  -34.262  75.615 0.0000000000
138970  29.977  -33.460  75.295 0.0000000000
44681  31.222  -34.187  75.815 0.0000000000
140064  31.886  -34.337  75.852 0.0000000000
44680  32.693  -34.221  75.661 0.0000000000
42456  32.472  -35.414  75.596 0.0000000000
42469  32.879  -35.904  75.223 0.0000000000
41367  33.205  -36.363  74.612 0.0000000000
72037  50.868  -9.784  64.565 0.0000000000
69855  49.218  -10.357  65.097 0.0000000000
69856  48.500  -11.007  65.098 0.0000000000
70991  48.064  -10.230  65.475 0.0000000000
69857  47.826  -11.557  64.954 0.0000000000
68845  47.292  -12.027  64.836 0.0000000000
68859  46.302  -12.813  64.320 0.0000000000
67624  41.820  -13.857  64.615 0.0000000000
132322  42.579  -13.368  64.987 0.0000000000
67623  43.414  -12.811  65.169 0.0000000000
68837  44.370  -12.249  65.735 0.0000000000
65469  44.599  -14.177  66.675 0.0000000000
146558  44.274  -15.008  66.135 0.0000000000
65485  44.324  -15.710  65.847 0.0000000000
64398  44.502  -16.355  65.453 0.0000000000
49468  40.178  -30.278  72.774 0.0000000000
49486  40.565  -29.642  72.458 0.0000000000
50588  40.896  -28.934  72.058 0.0000000000
50603  40.333  -28.470  71.134 0.0000000000
51767  40.599  -27.773  70.636 0.0000000000
52925  42.766  -26.795  71.882 0.0000000000
54072  42.681  -25.667  70.527 0.0000000000
54071  43.196  -25.103  71.189 0.0000000000
55296  43.632  -24.355  71.795 0.0000000000
56503  44.221  -23.431  72.304 0.0000000000
55285  44.409  -24.758  72.109 0.0000000000
55303  45.206  -25.173  71.588 0.0000000000
54052  45.355  -25.996  71.251 0.0000000000
54090  46.640  -25.541  69.086 0.0000000000
47121  26.659  -31.773  72.355 0.0000000000
45963  26.768  -32.501  72.455 0.0000000000
43565  27.715  -35.233  75.073 0.0000000000
42477  26.983  -35.932  74.605 0.0000000000
42471  27.507  -35.941  75.070 0.0000000000
143475  41.720  -13.923  66.222 0.0000000000
141384  42.712  -12.965  67.277 0.0000000000
67585  42.139  -13.684  67.848 0.0000000000
127302  43.021  -12.532  67.826 0.0000000000
68792  44.356  -11.456  68.601 0.0000000000
68790  45.477  -11.489  68.805 0.0000000000
67572  46.155  -12.336  69.146 0.0000000000
66437  47.584  -13.472  68.703 0.0000000000
67571  47.184  -12.743  69.364 0.0000000000
67570  48.430  -12.908  69.245 0.0000000000
67550  48.889  -12.991  69.545 0.0000000000
68767  46.714  -11.818  70.865 0.0000000000
67537  48.355  -12.722  70.218 0.0000000000
65381  44.340  -15.122  71.498 0.0000000000
65378  46.546  -14.951  71.631 0.0000000000
64318  45.892  -16.119  71.682 0.0000000000
65396  46.853  -15.662  71.185 0.0000000000
131262  47.752  -15.015  70.816 0.0000000000
65414  48.372  -15.395  70.025 0.0000000000
47130  35.775  -32.190  71.422 0.0000000000
47128  37.414  -31.295  72.511 0.0000000000
47104  37.525  -32.113  74.271 0.0000000000
48278  39.019  -30.903  73.224 0.0000000000
48277  39.711  -30.775  73.005 0.0000000000
44723  39.003  -33.453  72.726 0.0000000000
44722  39.512  -33.044  72.856 0.0000000000
44721  40.016  -32.870  72.538 0.0000000000
45935  39.712  -32.368  73.171 0.0000000000
136182  39.453  -31.647  73.384 0.0000000000
48263  39.911  -31.000  73.016 0.0000000000
48276  40.331  -30.467  72.749 0.0000000000
49449  40.995  -30.226  72.769 0.0000000000
48275  41.789  -30.269  72.613 0.0000000000
47113  42.349  -30.868  72.160 0.0000000000
48274  42.645  -30.094  72.317 0.0000000000
48286  43.294  -29.920  71.851 0.0000000000
49510  44.201  -29.202  70.584 0.0000000000
49511  43.686  -29.534  70.276 0.0000000000
50614  43.303  -29.120  69.482 0.0000000000
49513  42.142  -30.170  69.587 0.0000000000
49520  42.449  -29.385  69.172 0.0000000000
47119  27.810  -31.618  72.789 0.0000000000
45980  29.601  -31.906  72.455 0.0000000000
45955  35.469  -32.311  73.205 0.0000000000
45938  35.908  -32.435  74.226 0.0000000000
145757  34.794  -32.798  74.699 0.0000000000
45919  36.337  -32.920  74.613 0.0000000000
44698  36.658  -33.364  74.569 0.0000000000
43589  37.431  -34.405  72.797 0.0000000000
43545  33.441  -34.517  75.500 0.0000000000
43563  33.945  -34.814  75.266 0.0000000000
42466  35.126  -34.792  74.455 0.0000000000
41380  34.857  -35.700  73.735 0.0000000000
147101  36.157  -34.731  73.564 0.0000000000
70993  46.646  -10.620  65.806 0.0000000000
69859  46.011  -10.848  65.551 0.0000000000
141701  45.021  -13.734  63.150 0.0000000000
49503  38.304  -29.494  70.826 0.0000000000
57738  42.262  -22.415  67.544 0.0000000000
58947  42.349  -21.177  66.886 0.0000000000
60143  42.488  -20.374  66.705 0.0000000000
61286  42.958  -19.745  67.245 0.0000000000
145240  43.702  -19.329  70.449 0.0000000000
60083  43.680  -20.449  70.874 0.0000000000
61239  44.147  -19.534  71.903 0.0000000000
61227  44.753  -19.636  72.369 0.0000000000
61226  45.183  -19.749  72.284 0.0000000000
61237  45.692  -19.888  71.704 0.0000000000
56502  44.426  -23.129  72.364 0.0000000000
57678  44.586  -22.586  72.378 0.0000000000
139944  44.806  -21.951  72.369 0.0000000000
57696  45.540  -22.805  71.898 0.0000000000
140049  45.424  -22.041  72.066 0.0000000000
60068  45.921  -20.602  71.401 0.0000000000
60082  46.240  -20.150  70.613 0.0000000000
58916  47.454  -21.913  69.118 0.0000000000
60116  47.857  -21.066  68.699 0.0000000000
50602  44.661  -28.589  70.434 0.0000000000
50612  44.813  -28.180  69.640 0.0000000000
51779  45.317  -27.562  69.505 0.0000000000
51794  43.992  -27.749  68.608 0.0000000000
51793  44.875  -27.572  68.910 0.0000000000
147507  45.557  -27.143  68.961 0.0000000000
52981  45.908  -26.576  68.686 0.0000000000
42459  29.597  -35.204  75.772 0.0000000000
43547  31.376  -34.780  75.906 0.0000000000
48262  40.533  -30.706  72.796 0.0000000000
54089  46.859  -24.993  68.728 0.0000000000
56518  43.518  -23.539  71.313 0.0000000000
58937  43.184  -21.088  68.087 0.0000000000
61238  44.500  -19.056  72.128 0.0000000000
61249  43.819  -19.585  71.140 0.0000000000
63294  44.384  -18.181  71.769 0.0000000000
63307  43.824  -17.368  70.723 0.0000000000
65470  41.129  -15.119  66.764 0.0000000000
66398  45.405  -13.784  71.878 0.0000000000
67527  45.844  -12.705  71.696 0.0000000000
67538  47.526  -12.415  70.668 0.0000000000
67539  44.501  -12.125  71.020 0.0000000000
67551  47.853  -12.409  69.967 0.0000000000
67554  42.921  -12.751  69.264 0.0000000000
68754  46.230  -11.972  71.313 0.0000000000
69837  48.710  -10.023  65.357 0.0000000000
72036  51.758  -9.755  64.316 0.0000000000
127111  46.229  -11.479  70.201 0.0000000000
132130  42.550  -16.302  68.948 0.0000000000
136504  32.800  -34.884  75.633 0.0000000000
137270  28.972  -35.300  75.684 0.0000000000
142847  47.429  -13.146  71.241 0.0000000000
143039  44.276  -11.653  70.209 0.0000000000
143235  33.465  -36.703  73.983 0.0000000000
144776  44.803  -17.334  72.003 0.0000000000
144888  37.961  -32.277  74.280 0.0000000000
145031  43.039  -18.934  67.501 0.0000000000
145363  42.950  -14.058  70.051 0.0000000000
149739  47.175  -14.992  71.261 0.0000000000
150996  48.382  -9.869  65.268 0.0000000000
