#!ascii label  , from subject sub-v2s10x30160_ses-1 vox2ras=TkReg
950
127295  42.938  36.100  18.606 0.0000000000
128356  45.448  39.159  22.752 0.0000000000
99581  52.099  30.578  21.683 0.0000000000
101526  37.411  34.011  20.060 0.0000000000
100189  41.782  32.744  21.701 0.0000000000
106462  46.445  42.377  20.214 0.0000000000
105692  43.080  42.036  28.527 0.0000000000
107664  41.961  44.780  24.576 0.0000000000
98194  46.071  29.118  22.746 0.0000000000
96918  48.750  26.944  16.007 0.0000000000
104589  49.079  40.240  16.632 0.0000000000
122737  48.306  34.197  18.026 0.0000000000
102142  50.537  36.086  21.482 0.0000000000
121866  49.591  32.353  25.976 0.0000000000
109795  43.184  50.239  26.012 0.0000000000
107686  48.467  44.673  22.590 0.0000000000
98216  44.977  29.865  19.947 0.0000000000
102782  40.456  35.603  19.348 0.0000000000
100870  39.641  33.552  19.528 0.0000000000
126377  41.140  33.699  17.712 0.0000000000
136133  44.634  39.333  20.452 0.0000000000
103370  41.472  37.314  21.456 0.0000000000
124363  40.082  42.650  27.392 0.0000000000
130705  43.797  26.940  24.166 0.0000000000
130247  44.451  26.255  22.110 0.0000000000
94850  43.101  24.224  24.460 0.0000000000
120959  44.261  50.052  20.858 0.0000000000
126746  47.401  39.138  20.062 0.0000000000
103386  48.583  37.363  18.358 0.0000000000
102745  48.070  36.748  22.136 0.0000000000
103307  46.594  37.255  26.579 0.0000000000
102120  49.630  36.018  24.954 0.0000000000
141010  46.801  34.136  25.404 0.0000000000
98887  46.487  30.140  27.139 0.0000000000
105719  44.718  42.113  24.724 0.0000000000
107674  45.031  44.681  24.210 0.0000000000
105742  46.992  41.937  22.339 0.0000000000
105764  49.359  42.128  18.838 0.0000000000
100839  50.178  32.738  20.982 0.0000000000
100185  46.358  32.713  21.391 0.0000000000
98941  48.177  30.932  21.035 0.0000000000
99568  40.194  31.108  23.183 0.0000000000
98195  41.210  30.059  22.300 0.0000000000
124184  47.230  45.260  21.592 0.0000000000
107086  43.723  43.574  22.142 0.0000000000
104510  43.977  39.346  25.569 0.0000000000
103323  46.944  37.885  24.987 0.0000000000
108715  36.215  46.873  27.457 0.0000000000
109262  38.672  47.401  25.871 0.0000000000
106376  42.460  43.138  26.491 0.0000000000
97524  50.275  28.610  22.006 0.0000000000
97557  50.471  27.550  18.548 0.0000000000
96892  47.533  27.338  19.761 0.0000000000
95553  44.224  25.966  19.271 0.0000000000
103395  45.553  37.309  17.985 0.0000000000
102181  43.978  34.420  16.243 0.0000000000
102194  48.164  35.484  15.348 0.0000000000
138932  50.571  34.181  17.885 0.0000000000
127905  51.715  33.609  21.330 0.0000000000
103344  50.696  37.582  24.637 0.0000000000
101488  51.604  35.349  24.398 0.0000000000
99560  52.278  30.944  24.108 0.0000000000
98908  48.911  30.488  25.074 0.0000000000
98171  44.484  29.661  24.627 0.0000000000
110336  41.658  50.345  23.910 0.0000000000
110333  44.997  49.452  23.297 0.0000000000
108734  45.514  47.551  23.803 0.0000000000
108736  47.876  46.948  22.411 0.0000000000
107136  49.093  43.962  19.464 0.0000000000
105157  46.579  40.728  18.953 0.0000000000
101521  44.622  34.445  19.987 0.0000000000
99588  43.851  31.584  21.395 0.0000000000
97552  42.221  28.609  20.347 0.0000000000
97566  46.453  28.789  17.548 0.0000000000
129370  41.598  35.617  18.774 0.0000000000
102175  40.209  33.806  17.718 0.0000000000
102793  42.346  34.972  17.506 0.0000000000
103379  44.115  37.726  20.159 0.0000000000
103959  43.761  38.236  20.866 0.0000000000
102766  42.758  36.727  19.949 0.0000000000
128467  40.853  36.260  20.227 0.0000000000
95523  42.670  25.311  25.473 0.0000000000
95528  43.365  25.264  24.367 0.0000000000
94106  42.952  23.759  26.014 0.0000000000
97545  39.801  28.117  21.915 0.0000000000
104556  46.527  39.382  21.420 0.0000000000
103378  46.794  37.997  21.031 0.0000000000
103357  46.379  37.953  21.818 0.0000000000
102715  45.519  36.076  25.684 0.0000000000
102714  46.680  35.977  25.342 0.0000000000
105119  45.208  40.602  23.507 0.0000000000
105726  45.585  41.555  23.646 0.0000000000
105134  46.289  40.554  22.248 0.0000000000
105144  47.001  40.318  21.143 0.0000000000
100182  50.329  31.932  21.392 0.0000000000
99583  48.598  31.651  21.382 0.0000000000
127312  49.736  30.670  21.171 0.0000000000
100852  36.766  33.972  21.595 0.0000000000
100851  37.474  33.765  21.294 0.0000000000
100848  40.354  33.585  21.051 0.0000000000
100827  40.040  33.255  21.986 0.0000000000
141876  40.912  32.228  22.378 0.0000000000
98934  40.719  30.611  22.764 0.0000000000
98933  41.396  30.995  22.399 0.0000000000
107107  46.504  43.723  21.162 0.0000000000
107697  45.170  44.814  21.960 0.0000000000
122524  44.805  42.525  21.533 0.0000000000
102143  37.785  35.544  20.747 0.0000000000
102145  36.474  34.878  21.374 0.0000000000
135521  43.350  40.333  26.690 0.0000000000
104502  45.097  39.026  26.864 0.0000000000
104490  43.959  40.109  28.194 0.0000000000
106355  41.812  42.967  27.994 0.0000000000
106377  41.460  43.139  27.147 0.0000000000
105707  42.620  42.555  26.936 0.0000000000
132668  43.354  40.905  26.157 0.0000000000
98192  47.866  29.381  22.378 0.0000000000
97539  49.466  27.816  20.931 0.0000000000
97541  47.104  28.049  21.418 0.0000000000
95540  43.472  25.259  21.886 0.0000000000
96224  44.856  26.379  20.432 0.0000000000
94872  42.970  24.758  20.547 0.0000000000
103995  47.628  39.055  16.622 0.0000000000
103402  47.082  37.644  16.396 0.0000000000
103409  48.368  38.374  16.162 0.0000000000
102775  49.535  36.105  19.668 0.0000000000
102788  49.628  35.864  18.548 0.0000000000
102150  50.886  34.871  19.743 0.0000000000
101516  51.198  33.561  19.280 0.0000000000
101507  51.583  34.495  21.136 0.0000000000
103887  48.760  38.799  26.690 0.0000000000
103334  48.867  37.760  24.615 0.0000000000
103913  50.562  38.255  25.846 0.0000000000
101491  49.577  34.997  24.684 0.0000000000
102118  51.325  35.646  24.656 0.0000000000
100806  50.936  33.550  25.086 0.0000000000
100804  51.945  33.393  24.251 0.0000000000
100146  50.917  31.569  25.697 0.0000000000
98906  51.165  30.600  24.551 0.0000000000
98894  49.662  30.688  26.145 0.0000000000
98889  44.986  29.816  27.527 0.0000000000
98898  45.921  29.927  26.693 0.0000000000
110818  42.693  50.821  25.437 0.0000000000
129224  43.570  49.827  23.278 0.0000000000
110325  43.896  49.582  24.447 0.0000000000
108203  40.530  45.690  24.501 0.0000000000
109260  40.438  47.537  24.769 0.0000000000
108725  41.677  46.258  24.116 0.0000000000
138126  46.966  44.290  24.139 0.0000000000
108199  44.829  45.610  23.899 0.0000000000
124688  46.745  46.378  24.051 0.0000000000
108733  46.470  47.302  23.812 0.0000000000
108207  48.296  45.964  23.042 0.0000000000
108215  48.798  45.817  21.585 0.0000000000
107685  49.231  44.960  21.360 0.0000000000
105155  49.118  41.378  17.797 0.0000000000
121070  49.176  41.710  17.900 0.0000000000
104583  48.196  40.525  17.333 0.0000000000
103968  46.638  39.692  18.220 0.0000000000
101555  46.449  34.227  15.961 0.0000000000
101546  43.853  34.145  17.145 0.0000000000
101534  45.978  34.715  18.925 0.0000000000
99596  45.487  31.230  20.886 0.0000000000
132184  45.124  32.085  21.306 0.0000000000
99597  44.840  30.861  20.800 0.0000000000
98954  43.076  30.016  21.133 0.0000000000
98217  44.180  29.705  20.172 0.0000000000
96916  49.801  27.239  17.065 0.0000000000
97565  48.437  28.579  17.920 0.0000000000
97583  48.785  27.704  15.917 0.0000000000
102167  38.320  34.266  19.206 0.0000000000
100871  38.528  33.593  19.775 0.0000000000
100891  39.597  33.589  18.102 0.0000000000
100880  40.102  33.371  18.473 0.0000000000
100868  41.648  33.771  20.162 0.0000000000
105152  44.918  40.534  20.562 0.0000000000
102769  39.368  35.980  20.400 0.0000000000
97515  44.686  28.316  23.522 0.0000000000
96873  45.545  27.499  22.148 0.0000000000
131009  44.458  26.791  23.152 0.0000000000
95535  43.475  25.279  22.823 0.0000000000
103967  49.042  39.994  17.648 0.0000000000
119014  48.850  38.120  17.199 0.0000000000
124787  48.010  38.496  19.070 0.0000000000
102765  47.976  37.086  20.405 0.0000000000
102753  48.760  36.554  21.549 0.0000000000
136379  49.118  37.563  27.074 0.0000000000
102695  50.530  37.848  26.650 0.0000000000
102713  48.158  36.528  25.539 0.0000000000
102121  48.470  35.373  24.845 0.0000000000
100790  48.626  33.057  25.669 0.0000000000
100132  48.674  30.924  26.838 0.0000000000
100134  46.991  32.018  26.496 0.0000000000
99528  45.395  30.506  27.522 0.0000000000
98874  43.997  30.065  28.038 0.0000000000
110310  42.118  51.044  27.515 0.0000000000
107067  43.638  43.649  24.924 0.0000000000
135068  43.532  44.339  24.495 0.0000000000
106407  45.164  42.871  24.614 0.0000000000
107073  46.774  43.491  23.831 0.0000000000
106438  47.798  42.830  22.139 0.0000000000
106451  48.736  42.968  21.063 0.0000000000
105741  47.878  42.043  21.265 0.0000000000
105150  48.136  40.622  19.712 0.0000000000
101518  49.098  33.811  19.584 0.0000000000
121009  46.968  34.494  19.910 0.0000000000
100840  48.031  33.159  21.353 0.0000000000
99584  47.627  31.810  21.358 0.0000000000
98949  47.161  30.577  20.495 0.0000000000
96254  46.601  27.340  15.617 0.0000000000
96939  47.235  27.911  14.671 0.0000000000
99569  39.085  31.205  23.922 0.0000000000
100828  39.160  33.396  22.101 0.0000000000
141845  39.512  32.283  23.208 0.0000000000
98924  39.593  30.681  23.564 0.0000000000
98197  39.938  29.255  23.037 0.0000000000
97530  40.265  28.820  22.362 0.0000000000
97544  40.528  28.455  21.613 0.0000000000
125889  45.584  46.707  21.860 0.0000000000
107698  44.210  44.988  22.025 0.0000000000
103924  44.677  38.824  24.057 0.0000000000
103348  45.625  37.994  23.510 0.0000000000
103903  45.368  38.372  25.463 0.0000000000
103883  46.436  39.020  27.106 0.0000000000
104495  48.644  39.624  28.252 0.0000000000
103872  49.704  39.142  29.189 0.0000000000
103283  47.812  38.043  28.452 0.0000000000
108714  36.901  47.076  27.106 0.0000000000
108193  38.757  45.630  25.056 0.0000000000
107678  40.197  45.035  24.748 0.0000000000
133311  42.090  44.049  25.173 0.0000000000
106394  43.474  42.559  25.727 0.0000000000
105112  44.212  40.433  24.614 0.0000000000
97522  52.139  28.620  21.324 0.0000000000
98203  51.859  28.518  20.751 0.0000000000
97549  51.401  27.759  19.921 0.0000000000
96890  50.071  26.980  19.206 0.0000000000
96903  47.916  27.240  18.494 0.0000000000
96223  45.445  26.724  20.927 0.0000000000
129181  45.764  26.783  19.043 0.0000000000
96237  45.946  26.855  18.021 0.0000000000
102791  44.624  36.761  18.291 0.0000000000
124573  43.857  35.690  17.295 0.0000000000
102802  45.149  35.675  16.191 0.0000000000
133387  46.426  34.934  15.199 0.0000000000
101563  47.805  34.257  15.451 0.0000000000
102800  48.798  36.655  16.649 0.0000000000
102179  49.333  34.871  16.299 0.0000000000
136924  49.888  33.639  17.315 0.0000000000
100878  50.948  33.259  19.194 0.0000000000
100859  51.104  33.101  20.107 0.0000000000
100180  52.008  31.439  21.902 0.0000000000
103346  47.400  37.215  23.299 0.0000000000
102735  48.510  36.993  23.140 0.0000000000
102743  50.639  36.625  22.734 0.0000000000
102710  50.847  37.515  25.524 0.0000000000
102732  51.317  36.626  24.514 0.0000000000
102134  51.722  35.693  23.043 0.0000000000
101501  51.842  34.578  22.438 0.0000000000
100815  52.130  32.703  23.376 0.0000000000
99572  52.451  30.656  23.175 0.0000000000
98178  51.756  29.496  22.911 0.0000000000
98920  49.231  30.335  23.867 0.0000000000
98179  47.440  30.058  23.151 0.0000000000
98896  47.757  30.442  26.427 0.0000000000
98923  46.180  30.327  24.289 0.0000000000
98181  45.662  29.617  23.535 0.0000000000
97507  44.181  28.787  24.172 0.0000000000
110347  42.434  49.659  22.551 0.0000000000
110346  44.517  49.751  22.668 0.0000000000
110332  45.705  49.262  22.870 0.0000000000
108200  43.243  45.658  24.018 0.0000000000
117833  43.532  48.974  24.503 0.0000000000
135471  45.453  48.612  23.883 0.0000000000
133397  46.428  48.342  23.162 0.0000000000
109833  46.528  48.440  22.140 0.0000000000
129228  47.831  46.762  21.942 0.0000000000
107696  48.414  45.354  20.974 0.0000000000
107124  47.713  43.678  20.213 0.0000000000
106460  49.437  43.138  19.365 0.0000000000
106475  48.690  42.321  18.407 0.0000000000
105765  47.426  42.040  19.117 0.0000000000
104576  46.002  39.859  19.029 0.0000000000
103969  45.582  38.841  19.057 0.0000000000
102172  42.783  34.206  16.975 0.0000000000
101537  42.640  33.985  18.112 0.0000000000
100867  42.580  33.838  20.465 0.0000000000
100864  45.328  34.063  20.767 0.0000000000
100844  44.097  33.240  21.293 0.0000000000
100188  42.614  32.619  21.586 0.0000000000
98944  42.639  30.646  21.635 0.0000000000
98220  41.933  29.060  21.047 0.0000000000
98214  48.897  29.270  19.745 0.0000000000
126342  47.339  29.282  18.974 0.0000000000
98226  46.300  29.491  19.107 0.0000000000
122630  45.824  28.504  16.011 0.0000000000
97559  44.079  28.829  18.913 0.0000000000
93191  43.203  22.756  26.865 0.0000000000
93203  43.365  22.489  25.114 0.0000000000
102780  42.215  35.832  18.747 0.0000000000
102163  41.673  34.747  17.731 0.0000000000
102779  43.603  36.916  19.597 0.0000000000
103380  43.370  37.464  20.523 0.0000000000
117887  41.923  36.365  19.791 0.0000000000
94845  42.797  24.508  25.726 0.0000000000
138506  46.029  38.719  22.114 0.0000000000
103935  45.568  38.458  22.857 0.0000000000
104533  44.944  39.552  23.514 0.0000000000
105135  45.572  40.045  22.837 0.0000000000
104546  46.090  39.661  22.118 0.0000000000
99582  50.772  31.017  21.380 0.0000000000
98940  51.717  29.734  21.206 0.0000000000
101509  37.096  34.019  20.766 0.0000000000
100847  41.291  33.487  21.126 0.0000000000
100190  40.918  32.849  21.910 0.0000000000
99573  41.475  31.980  22.225 0.0000000000
137990  46.757  43.064  20.476 0.0000000000
106452  45.666  42.927  21.217 0.0000000000
102155  37.425  34.636  20.299 0.0000000000
102144  37.066  35.208  21.008 0.0000000000
102156  36.995  34.396  20.781 0.0000000000
101510  36.603  34.373  21.343 0.0000000000
105103  43.274  40.692  27.770 0.0000000000
104499  43.560  39.906  27.178 0.0000000000
105098  43.820  41.536  29.060 0.0000000000
136624  42.363  42.887  28.390 0.0000000000
106354  42.189  42.999  27.369 0.0000000000
105693  42.579  42.615  28.150 0.0000000000
105706  42.967  41.497  27.173 0.0000000000
98193  46.920  29.339  22.528 0.0000000000
97526  47.446  28.696  21.856 0.0000000000
97527  46.554  28.534  22.106 0.0000000000
95544  43.511  25.338  21.026 0.0000000000
104590  48.475  40.153  16.780 0.0000000000
103401  48.092  38.498  16.099 0.0000000000
104599  49.008  39.921  16.479 0.0000000000
102151  50.331  35.694  20.312 0.0000000000
102162  50.328  35.406  19.172 0.0000000000
121141  51.165  35.338  20.996 0.0000000000
103886  50.189  38.665  27.088 0.0000000000
103900  49.649  38.543  26.049 0.0000000000
100789  49.751  33.683  25.182 0.0000000000
101490  50.730  34.711  24.782 0.0000000000
131466  50.422  32.751  25.634 0.0000000000
100788  51.047  32.484  25.471 0.0000000000
100147  50.322  31.832  26.049 0.0000000000
99553  50.052  31.115  26.297 0.0000000000
99554  49.492  31.289  26.542 0.0000000000
98153  44.300  29.770  27.629 0.0000000000
110809  42.793  50.968  26.264 0.0000000000
110819  42.039  51.548  25.668 0.0000000000
110326  43.264  50.217  25.325 0.0000000000
108202  41.383  45.601  24.337 0.0000000000
107072  47.607  44.376  23.562 0.0000000000
108209  47.092  45.613  24.173 0.0000000000
107681  48.152  45.258  23.322 0.0000000000
108208  47.836  45.816  23.782 0.0000000000
107680  48.691  45.619  22.316 0.0000000000
131288  49.244  40.615  16.956 0.0000000000
105161  49.071  41.103  17.345 0.0000000000
101543  47.511  34.284  17.149 0.0000000000
101544  46.174  34.551  17.536 0.0000000000
101533  47.180  34.575  18.604 0.0000000000
98951  45.308  30.470  20.374 0.0000000000
98952  44.549  30.324  20.520 0.0000000000
96917  49.502  26.994  16.606 0.0000000000
96925  49.355  27.327  16.274 0.0000000000
96926  48.966  27.256  15.876 0.0000000000
102166  39.070  34.452  18.700 0.0000000000
101538  39.024  33.857  18.582 0.0000000000
102176  39.643  34.004  17.982 0.0000000000
102174  41.145  33.881  17.503 0.0000000000
100889  40.314  33.595  17.801 0.0000000000
100879  40.931  33.561  18.567 0.0000000000
104568  45.270  40.041  19.973 0.0000000000
104557  44.399  39.925  20.926 0.0000000000
103368  43.092  37.929  21.262 0.0000000000
103946  43.369  38.721  21.485 0.0000000000
102768  40.201  36.149  20.321 0.0000000000
102152  39.595  35.393  19.439 0.0000000000
102153  38.716  35.163  19.610 0.0000000000
135373  44.224  27.061  23.692 0.0000000000
96866  44.600  27.481  23.317 0.0000000000
94844  43.061  23.962  25.311 0.0000000000
123140  43.697  25.694  23.657 0.0000000000
94855  43.295  24.839  23.693 0.0000000000
125616  42.931  24.373  22.990 0.0000000000
137271  42.914  24.022  23.653 0.0000000000
110361  42.903  49.613  21.360 0.0000000000
110375  42.112  49.269  20.727 0.0000000000
103955  48.243  39.515  18.904 0.0000000000
103356  47.115  37.293  21.722 0.0000000000
103367  47.331  37.510  20.760 0.0000000000
102754  47.884  36.905  21.257 0.0000000000
137589  48.514  36.683  20.838 0.0000000000
103306  47.717  37.405  26.730 0.0000000000
102696  48.482  37.127  26.304 0.0000000000
102697  47.190  36.817  26.034 0.0000000000
101479  46.309  34.867  25.281 0.0000000000
101478  47.350  34.909  24.976 0.0000000000
124380  48.498  34.287  24.984 0.0000000000
100791  47.593  33.680  25.428 0.0000000000
100149  47.774  32.497  26.117 0.0000000000
100150  46.846  33.193  25.836 0.0000000000
100135  45.438  32.238  26.657 0.0000000000
131899  44.668  31.032  27.536 0.0000000000
131342  44.712  30.204  27.851 0.0000000000
99529  43.978  30.936  27.683 0.0000000000
106408  44.519  42.710  24.936 0.0000000000
107066  44.513  43.323  24.795 0.0000000000
105725  46.272  41.811  23.080 0.0000000000
106422  46.066  42.494  23.831 0.0000000000
106421  46.891  42.677  23.059 0.0000000000
104567  47.314  39.709  20.418 0.0000000000
104566  48.623  40.517  18.705 0.0000000000
100860  50.016  33.329  20.158 0.0000000000
100861  48.562  33.664  20.647 0.0000000000
138214  49.077  33.115  21.077 0.0000000000
131652  48.056  32.338  21.479 0.0000000000
99594  47.193  31.325  21.068 0.0000000000
99563  38.525  31.751  24.206 0.0000000000
100168  39.057  32.081  23.658 0.0000000000
100850  38.352  33.630  21.097 0.0000000000
100849  39.340  33.604  20.991 0.0000000000
99575  40.066  31.970  22.992 0.0000000000
100176  39.713  32.739  22.668 0.0000000000
135946  39.597  31.558  23.443 0.0000000000
98183  39.481  29.772  23.534 0.0000000000
98935  40.114  30.176  23.170 0.0000000000
98196  40.558  29.671  22.640 0.0000000000
98208  40.928  29.193  22.024 0.0000000000
126453  46.824  46.832  21.963 0.0000000000
108218  46.158  45.689  21.906 0.0000000000
107109  44.443  44.140  22.007 0.0000000000
107687  43.741  44.389  22.109 0.0000000000
103915  44.310  39.028  24.812 0.0000000000
103914  44.937  38.390  24.644 0.0000000000
103904  44.534  38.722  25.419 0.0000000000
103882  47.948  39.162  27.302 0.0000000000
105070  48.823  40.151  29.834 0.0000000000
103874  48.465  38.511  29.435 0.0000000000
108708  36.507  47.780  27.974 0.0000000000
108194  37.884  45.584  25.445 0.0000000000
130630  41.917  43.373  26.593 0.0000000000
141238  41.669  43.559  26.147 0.0000000000
107054  41.360  43.837  25.619 0.0000000000
107042  42.202  43.567  25.917 0.0000000000
107052  43.400  43.219  25.460 0.0000000000
106395  42.924  43.204  25.896 0.0000000000
104511  43.481  39.990  25.809 0.0000000000
104522  43.716  40.600  25.357 0.0000000000
104521  43.911  39.746  25.061 0.0000000000
104534  44.382  39.578  24.317 0.0000000000
97523  51.577  28.404  21.554 0.0000000000
97537  51.919  28.042  20.681 0.0000000000
97538  50.943  27.761  20.874 0.0000000000
96881  47.814  27.606  20.612 0.0000000000
97551  49.132  27.415  20.267 0.0000000000
96891  48.728  27.265  19.692 0.0000000000
96902  49.399  26.924  18.561 0.0000000000
96213  45.141  26.784  21.881 0.0000000000
96883  45.879  27.254  21.339 0.0000000000
141998  44.357  26.038  20.010 0.0000000000
124753  45.632  26.739  19.998 0.0000000000
137861  44.932  26.429  19.593 0.0000000000
96230  44.959  26.483  18.692 0.0000000000
96238  45.052  26.568  17.692 0.0000000000
95559  44.200  26.005  18.315 0.0000000000
102790  44.785  36.256  17.152 0.0000000000
103403  45.929  36.841  16.972 0.0000000000
103410  47.557  36.916  15.756 0.0000000000
137662  46.685  35.704  15.467 0.0000000000
102812  47.460  35.609  15.308 0.0000000000
101564  46.514  34.478  15.470 0.0000000000
102187  48.075  34.675  15.274 0.0000000000
102789  49.012  36.587  17.779 0.0000000000
102171  50.353  34.959  18.085 0.0000000000
102799  49.645  35.432  17.360 0.0000000000
122470  50.167  34.387  17.183 0.0000000000
129969  49.605  33.934  16.571 0.0000000000
101541  50.264  33.786  17.489 0.0000000000
101531  50.342  33.572  18.055 0.0000000000
100888  50.680  33.758  18.276 0.0000000000
100858  51.419  33.553  20.305 0.0000000000
100837  51.440  32.909  20.841 0.0000000000
128206  51.608  32.288  21.420 0.0000000000
135717  51.712  32.861  21.491 0.0000000000
103336  46.208  37.700  24.205 0.0000000000
103347  46.471  37.526  23.406 0.0000000000
103335  47.415  37.510  24.230 0.0000000000
130498  50.147  37.952  24.908 0.0000000000
120347  48.259  37.357  23.851 0.0000000000
103345  49.469  37.526  24.096 0.0000000000
102734  50.110  37.208  23.508 0.0000000000
102723  49.589  36.649  25.546 0.0000000000
102711  50.570  37.528  26.097 0.0000000000
102722  50.730  36.889  25.425 0.0000000000
102117  51.433  36.132  24.601 0.0000000000
102128  51.673  35.974  24.083 0.0000000000
102742  51.403  36.426  23.525 0.0000000000
101496  51.894  35.075  23.737 0.0000000000
121567  52.061  32.474  24.493 0.0000000000
100167  52.299  31.625  23.844 0.0000000000
100174  52.291  31.511  22.759 0.0000000000
98918  52.353  30.222  23.384 0.0000000000
99567  52.000  30.585  24.180 0.0000000000
98907  49.963  30.542  25.083 0.0000000000
133278  50.699  29.976  23.656 0.0000000000
98932  48.457  29.988  23.018 0.0000000000
98921  48.117  30.531  23.972 0.0000000000
99543  47.959  30.740  26.782 0.0000000000
98885  48.298  30.721  26.703 0.0000000000
98886  47.324  30.555  26.718 0.0000000000
98912  45.078  30.105  25.482 0.0000000000
98911  45.954  30.335  25.435 0.0000000000
98170  45.298  30.013  24.437 0.0000000000
98182  44.868  29.242  23.814 0.0000000000
110829  41.311  50.995  24.442 0.0000000000
122429  40.276  51.269  23.943 0.0000000000
110337  40.802  50.270  23.501 0.0000000000
110348  41.500  49.840  23.128 0.0000000000
110334  44.253  49.665  23.768 0.0000000000
110345  45.398  49.759  22.129 0.0000000000
125489  43.956  44.962  24.108 0.0000000000
108210  45.664  46.454  23.821 0.0000000000
108211  44.507  46.636  23.766 0.0000000000
127775  43.638  47.104  23.790 0.0000000000
109281  44.590  47.871  23.862 0.0000000000
109270  44.580  48.967  24.185 0.0000000000
109278  47.364  47.296  23.036 0.0000000000
109279  46.768  47.713  23.488 0.0000000000
109814  46.818  47.856  22.839 0.0000000000
109824  46.530  48.299  22.504 0.0000000000
109285  47.131  47.417  22.405 0.0000000000
109287  46.775  47.741  22.192 0.0000000000
108739  47.456  47.057  22.186 0.0000000000
107695  49.117  45.109  20.718 0.0000000000
108216  48.544  45.896  21.568 0.0000000000
107708  48.806  44.463  20.040 0.0000000000
107123  48.850  43.575  19.259 0.0000000000
105753  48.941  42.316  20.036 0.0000000000
138715  49.362  42.985  20.098 0.0000000000
105763  49.394  42.649  19.274 0.0000000000
105156  48.566  41.446  17.820 0.0000000000
105775  48.637  41.881  18.034 0.0000000000
105776  47.089  41.417  18.957 0.0000000000
103982  46.059  38.504  18.270 0.0000000000
103388  45.195  37.780  18.882 0.0000000000
102803  44.106  35.135  16.327 0.0000000000
102804  43.427  34.616  16.594 0.0000000000
101558  43.474  34.265  16.621 0.0000000000
101536  43.725  34.361  18.602 0.0000000000
101522  43.649  34.308  19.839 0.0000000000
101523  42.885  34.142  19.755 0.0000000000
100866  43.477  33.898  20.713 0.0000000000
100841  46.880  33.369  21.219 0.0000000000
100863  46.353  34.023  20.727 0.0000000000
100842  45.902  33.463  21.176 0.0000000000
132352  44.342  32.295  21.406 0.0000000000
141279  44.816  32.817  21.388 0.0000000000
100187  43.481  32.483  21.476 0.0000000000
99589  42.912  31.632  21.664 0.0000000000
98943  43.441  30.797  21.353 0.0000000000
98219  42.656  29.308  20.729 0.0000000000
97553  41.510  28.402  20.628 0.0000000000
138659  41.760  28.099  20.010 0.0000000000
98224  50.864  27.798  19.271 0.0000000000
119841  50.220  28.717  19.852 0.0000000000
98225  50.017  28.272  18.906 0.0000000000
123029  48.609  28.779  18.923 0.0000000000
98234  46.921  29.034  18.236 0.0000000000
97597  46.682  28.051  14.184 0.0000000000
118199  47.388  28.141  14.888 0.0000000000
97585  46.351  28.350  14.955 0.0000000000
102781  41.216  35.942  19.519 0.0000000000
102165  39.896  34.608  18.361 0.0000000000
102164  40.848  34.800  18.104 0.0000000000
102173  42.012  34.010  17.177 0.0000000000
103958  44.430  38.598  20.388 0.0000000000
120225  42.773  37.353  20.861 0.0000000000
103381  42.155  37.005  20.758 0.0000000000
102767  41.436  36.613  20.551 0.0000000000
95529  43.111  25.740  24.880 0.0000000000
96200  43.586  26.140  24.287 0.0000000000
95522  43.156  24.844  25.085 0.0000000000
128038  46.663  38.700  21.108 0.0000000000
141503  46.966  38.481  20.663 0.0000000000
102698  46.096  36.646  26.035 0.0000000000
100792  46.098  33.902  25.613 0.0000000000
105727  44.839  41.221  24.232 0.0000000000
105718  45.352  42.164  24.253 0.0000000000
105743  45.851  40.975  22.966 0.0000000000
120478  46.435  41.282  22.491 0.0000000000
105754  47.037  41.218  21.632 0.0000000000
100183  49.041  32.384  21.432 0.0000000000
131630  49.551  31.563  21.384 0.0000000000
98948  49.236  29.893  20.537 0.0000000000
100175  40.429  32.461  22.493 0.0000000000
99574  40.752  31.615  22.667 0.0000000000
98945  41.894  30.391  21.953 0.0000000000
122803  46.263  44.621  21.694 0.0000000000
107108  45.403  43.874  21.753 0.0000000000
119494  44.645  43.253  21.832 0.0000000000
102146  36.024  34.722  21.820 0.0000000000
101502  36.257  34.300  21.868 0.0000000000
104504  43.688  39.615  26.357 0.0000000000
104503  44.291  39.048  26.179 0.0000000000
104498  44.088  39.423  27.055 0.0000000000
135534  44.703  39.553  27.712 0.0000000000
106356  40.895  42.830  27.681 0.0000000000
106378  40.557  43.001  26.919 0.0000000000
106375  43.139  41.981  26.292 0.0000000000
98191  48.940  29.156  22.260 0.0000000000
97525  49.547  28.363  21.576 0.0000000000
98205  48.475  28.607  21.713 0.0000000000
97540  48.155  28.051  21.166 0.0000000000
133218  44.049  25.806  21.568 0.0000000000
96218  44.690  26.333  21.297 0.0000000000
95547  44.187  25.898  20.724 0.0000000000
95548  43.626  25.448  20.021 0.0000000000
103394  46.529  38.109  17.357 0.0000000000
140989  48.096  37.742  15.820 0.0000000000
102811  48.117  36.834  15.683 0.0000000000
102776  48.890  36.635  19.038 0.0000000000
102161  50.843  34.398  18.696 0.0000000000
141632  51.097  33.748  18.751 0.0000000000
141653  51.250  34.110  19.199 0.0000000000
101508  51.358  34.294  20.029 0.0000000000
103901  47.850  38.368  25.804 0.0000000000
103322  48.345  38.053  25.148 0.0000000000
138415  49.621  38.228  25.325 0.0000000000
102119  50.793  35.904  24.940 0.0000000000
101489  51.397  34.507  24.630 0.0000000000
120215  51.752  34.321  24.325 0.0000000000
100805  51.586  33.278  24.808 0.0000000000
100160  51.658  32.101  25.121 0.0000000000
99561  51.654  31.204  24.963 0.0000000000
99562  50.636  30.922  25.667 0.0000000000
138104  49.350  30.513  25.821 0.0000000000
98888  45.822  29.914  27.314 0.0000000000
140868  46.291  29.972  27.158 0.0000000000
98899  45.105  29.785  26.716 0.0000000000
110810  41.437  51.689  26.057 0.0000000000
110828  42.207  50.694  24.732 0.0000000000
120412  42.595  50.104  23.877 0.0000000000
137136  42.927  50.405  24.785 0.0000000000
110335  43.556  50.039  24.346 0.0000000000
109816  44.644  49.314  23.994 0.0000000000
108719  39.131  46.531  25.025 0.0000000000
109261  39.589  47.408  25.219 0.0000000000
108727  40.113  46.618  24.566 0.0000000000
133146  40.999  46.380  24.266 0.0000000000
107673  45.845  44.484  24.341 0.0000000000
108198  45.991  45.395  24.125 0.0000000000
108732  47.231  47.005  23.748 0.0000000000
108731  47.893  46.583  23.239 0.0000000000
108730  48.373  46.318  22.319 0.0000000000
108738  48.233  46.505  21.950 0.0000000000
107105  49.343  44.348  20.338 0.0000000000
105149  49.262  41.507  18.260 0.0000000000
104575  47.505  40.705  18.020 0.0000000000
103981  47.165  39.431  17.442 0.0000000000
101566  44.672  34.463  15.981 0.0000000000
101557  44.035  34.239  16.336 0.0000000000
101545  44.980  34.467  17.641 0.0000000000
101535  44.819  34.595  18.878 0.0000000000
99586  45.930  31.988  21.265 0.0000000000
100186  45.516  32.789  21.380 0.0000000000
99587  44.651  31.466  21.171 0.0000000000
98942  44.206  30.848  21.055 0.0000000000
98953  43.810  30.200  20.789 0.0000000000
98218  43.411  29.514  20.429 0.0000000000
98230  42.972  28.831  20.012 0.0000000000
96909  50.368  27.130  18.004 0.0000000000
97558  49.906  27.824  17.916 0.0000000000
139489  49.553  27.863  17.227 0.0000000000
97575  49.116  27.941  16.637 0.0000000000
119392  47.695  28.563  17.229 0.0000000000
101525  37.753  34.173  19.678 0.0000000000
100872  37.648  33.789  20.207 0.0000000000
100882  38.138  33.848  19.331 0.0000000000
100881  39.207  33.596  18.651 0.0000000000
101548  39.873  33.556  17.850 0.0000000000
100890  39.762  33.430  18.019 0.0000000000
100869  40.698  33.637  19.936 0.0000000000
105766  46.075  41.631  20.022 0.0000000000
105755  45.353  42.067  20.909 0.0000000000
105145  44.457  40.636  21.113 0.0000000000
103945  44.100  39.024  21.046 0.0000000000
102755  40.797  36.662  21.015 0.0000000000
102756  39.990  36.622  21.143 0.0000000000
102770  38.548  35.777  20.532 0.0000000000
102154  37.981  34.915  19.911 0.0000000000
106357  39.239  42.331  27.477 0.0000000000
106339  41.325  42.690  28.513 0.0000000000
106338  42.301  43.034  28.909 0.0000000000
97514  45.359  28.721  23.116 0.0000000000
97528  45.808  28.255  22.433 0.0000000000
97529  45.178  27.873  22.872 0.0000000000
96874  44.931  27.164  22.639 0.0000000000
96214  44.626  26.625  22.542 0.0000000000
96206  44.035  26.441  23.684 0.0000000000
95534  44.166  26.099  22.935 0.0000000000
135519  43.938  25.750  22.290 0.0000000000
94860  43.000  24.603  22.206 0.0000000000
104588  49.153  40.100  16.670 0.0000000000
103980  49.278  39.770  17.040 0.0000000000
103387  48.536  38.479  18.100 0.0000000000
102777  48.178  37.385  19.325 0.0000000000
128730  47.647  37.740  19.988 0.0000000000
102764  48.693  36.641  20.049 0.0000000000
102763  49.456  36.295  20.778 0.0000000000
102752  49.726  36.377  21.792 0.0000000000
103292  49.830  38.068  27.921 0.0000000000
103304  50.549  38.231  26.942 0.0000000000
135410  49.717  37.520  26.672 0.0000000000
102712  49.616  37.134  26.160 0.0000000000
102724  48.603  36.105  25.105 0.0000000000
102107  47.753  35.826  25.072 0.0000000000
100148  48.715  31.819  26.421 0.0000000000
100133  47.941  31.303  26.742 0.0000000000
125223  47.129  30.695  26.921 0.0000000000
127672  46.255  31.585  26.811 0.0000000000
98871  46.204  30.451  27.243 0.0000000000
98873  45.289  29.974  27.667 0.0000000000
98144  44.584  29.943  27.839 0.0000000000
98145  43.843  29.861  27.936 0.0000000000
110318  42.813  50.955  26.898 0.0000000000
107676  42.829  44.209  24.766 0.0000000000
125575  42.941  44.896  24.288 0.0000000000
107675  44.332  44.090  24.489 0.0000000000
107065  45.296  43.799  24.498 0.0000000000
138185  45.625  42.689  24.287 0.0000000000
107074  45.883  43.205  24.319 0.0000000000
107064  46.243  43.982  24.344 0.0000000000
106420  47.719  43.633  22.905 0.0000000000
107085  48.756  43.914  21.820 0.0000000000
105143  48.295  41.359  20.092 0.0000000000
104574  49.251  40.854  17.529 0.0000000000
124762  48.170  34.327  19.190 0.0000000000
101519  48.016  34.205  20.141 0.0000000000
100862  47.432  33.857  20.736 0.0000000000
100184  47.257  32.582  21.448 0.0000000000
99595  46.423  31.271  20.906 0.0000000000
98950  46.137  30.600  20.344 0.0000000000
98959  45.806  30.001  19.779 0.0000000000
96253  47.573  27.359  16.098 0.0000000000
96927  47.944  27.601  15.574 0.0000000000
96928  47.075  27.715  14.792 0.0000000000
98913  38.512  30.849  24.405 0.0000000000
100177  38.928  32.917  23.039 0.0000000000
98925  39.020  30.297  24.002 0.0000000000
108219  44.869  45.734  21.903 0.0000000000
105756  44.497  41.885  21.509 0.0000000000
103923  45.145  38.669  23.397 0.0000000000
129806  45.081  38.297  23.936 0.0000000000
103337  45.470  38.022  24.211 0.0000000000
103324  45.827  38.034  24.848 0.0000000000
103890  44.965  38.659  26.029 0.0000000000
103889  45.851  38.557  26.262 0.0000000000
103902  46.449  38.276  25.623 0.0000000000
103888  47.142  38.604  26.458 0.0000000000
104493  50.009  39.056  28.517 0.0000000000
103281  49.946  38.672  28.603 0.0000000000
103293  48.486  37.780  27.677 0.0000000000
103294  47.127  37.659  27.396 0.0000000000
109250  37.699  47.448  26.695 0.0000000000
108721  37.387  46.380  25.978 0.0000000000
108720  38.205  46.498  25.506 0.0000000000
108204  39.650  45.694  24.697 0.0000000000
107677  40.966  44.897  24.626 0.0000000000
107044  40.143  43.317  26.232 0.0000000000
107666  40.513  44.309  25.166 0.0000000000
107665  41.359  44.349  24.976 0.0000000000
107053  42.850  43.646  25.351 0.0000000000
106409  43.976  42.943  25.225 0.0000000000
105712  44.112  42.227  25.225 0.0000000000
105713  43.642  41.581  25.617 0.0000000000
105720  44.198  41.366  24.953 0.0000000000
105120  44.644  40.259  23.986 0.0000000000
98939  52.599  29.559  21.894 0.0000000000
97536  51.979  28.287  20.882 0.0000000000
125462  51.843  28.032  20.420 0.0000000000
97550  50.547  27.328  19.924 0.0000000000
96889  50.586  27.393  18.989 0.0000000000
124041  50.011  26.946  17.584 0.0000000000
141294  49.327  26.872  17.556 0.0000000000
96910  48.393  27.108  17.225 0.0000000000
97542  46.241  27.832  21.737 0.0000000000
96882  46.778  27.503  20.956 0.0000000000
96893  46.279  27.128  20.423 0.0000000000
96229  46.584  27.141  19.375 0.0000000000
96236  46.861  27.192  18.278 0.0000000000
96245  47.223  27.251  17.149 0.0000000000
96246  46.216  27.047  16.898 0.0000000000
102778  43.733  36.390  18.442 0.0000000000
102792  43.019  35.274  17.327 0.0000000000
102180  44.697  34.739  15.821 0.0000000000
102801  46.351  36.298  16.000 0.0000000000
102813  45.670  35.197  15.485 0.0000000000
102189  45.465  34.604  15.564 0.0000000000
101565  45.472  34.397  15.695 0.0000000000
134450  47.149  34.172  15.600 0.0000000000
103400  48.662  38.445  16.519 0.0000000000
125430  48.427  37.314  16.124 0.0000000000
102810  48.616  35.978  15.812 0.0000000000
102186  48.715  34.790  15.555 0.0000000000
101552  49.096  34.147  15.767 0.0000000000
101542  48.986  33.783  16.771 0.0000000000
101532  49.487  33.662  18.140 0.0000000000
101517  50.295  33.480  18.821 0.0000000000
100838  51.211  32.506  21.021 0.0000000000
100181  51.488  31.635  21.496 0.0000000000
137486  45.990  37.922  22.669 0.0000000000
117997  46.704  37.405  22.569 0.0000000000
124354  47.486  37.046  22.582 0.0000000000
102744  49.264  36.657  22.470 0.0000000000
103321  50.741  38.012  26.218 0.0000000000
103333  50.835  37.793  25.504 0.0000000000
102721  51.185  36.701  24.990 0.0000000000
103332  51.109  37.294  25.022 0.0000000000
102733  51.058  37.063  24.089 0.0000000000
102135  51.275  36.016  22.299 0.0000000000
102141  51.536  35.320  21.982 0.0000000000
100826  51.893  33.372  22.350 0.0000000000
131749  51.964  33.958  23.495 0.0000000000
131893  51.921  32.365  22.135 0.0000000000
99580  52.499  30.466  22.288 0.0000000000
98930  52.525  29.800  22.522 0.0000000000
98189  52.230  28.862  22.199 0.0000000000
98190  51.059  29.121  22.533 0.0000000000
98931  49.680  29.602  22.878 0.0000000000
98884  49.180  30.828  26.621 0.0000000000
98895  48.812  30.479  26.253 0.0000000000
98909  47.970  30.490  25.257 0.0000000000
98897  46.713  30.157  26.762 0.0000000000
98910  46.962  30.442  25.410 0.0000000000
98922  47.138  30.486  24.134 0.0000000000
98180  46.512  29.917  23.316 0.0000000000
96860  43.447  27.558  24.451 0.0000000000
96201  43.067  26.793  24.707 0.0000000000
120856  43.782  49.800  22.021 0.0000000000
110360  44.971  50.079  21.448 0.0000000000
110344  46.040  49.486  21.735 0.0000000000
109796  42.383  50.254  26.725 0.0000000000
108201  42.298  45.721  24.144 0.0000000000
136151  43.992  45.796  23.902 0.0000000000
127415  43.082  49.400  25.106 0.0000000000
109804  43.513  49.790  25.166 0.0000000000
109815  45.302  49.105  23.832 0.0000000000
109280  46.156  48.172  23.684 0.0000000000
119828  45.970  48.813  23.522 0.0000000000
109825  46.320  48.887  22.506 0.0000000000
109834  46.284  49.050  21.769 0.0000000000
109288  46.532  48.374  21.976 0.0000000000
108217  47.667  46.059  21.726 0.0000000000
107709  47.524  44.534  20.971 0.0000000000
107106  49.338  43.880  20.744 0.0000000000
107122  49.507  43.621  20.005 0.0000000000
106459  49.406  43.585  19.520 0.0000000000
105774  49.264  42.104  18.181 0.0000000000
106474  49.098  42.800  18.639 0.0000000000
106461  47.869  42.791  19.410 0.0000000000
105151  45.715  40.906  19.903 0.0000000000
103957  45.112  39.120  19.824 0.0000000000
103970  44.810  38.210  19.670 0.0000000000
103389  44.377  37.273  19.267 0.0000000000
132378  42.328  33.988  17.161 0.0000000000
121878  42.929  33.999  17.079 0.0000000000
101524  41.922  33.819  18.733 0.0000000000
100846  42.183  33.402  21.159 0.0000000000
101520  45.686  34.508  20.008 0.0000000000
100843  45.007  33.452  21.197 0.0000000000
100865  44.382  34.011  20.789 0.0000000000
100845  43.089  33.330  21.264 0.0000000000
124157  42.191  32.046  21.868 0.0000000000
99590  42.094  31.284  21.983 0.0000000000
98206  42.317  29.812  21.415 0.0000000000
98207  41.601  29.538  21.709 0.0000000000
97543  41.241  28.764  21.343 0.0000000000
98204  50.767  29.288  20.589 0.0000000000
98215  47.714  29.697  19.724 0.0000000000
98958  46.701  29.965  19.744 0.0000000000
98227  45.404  29.496  19.256 0.0000000000
96938  48.082  27.761  15.511 0.0000000000
97584  47.978  28.174  15.595 0.0000000000
97576  47.231  28.526  16.532 0.0000000000
97586  45.125  28.392  15.476 0.0000000000
97577  46.046  28.615  16.799 0.0000000000
98235  45.863  29.175  18.440 0.0000000000
98236  44.943  29.058  18.657 0.0000000000
98228  44.548  29.353  19.456 0.0000000000
98229  43.741  29.126  19.703 0.0000000000
94094  43.096  23.108  26.239 0.0000000000
94105  43.108  23.130  25.602 0.0000000000
93190  43.499  22.473  25.975 0.0000000000
94113  43.035  23.231  24.815 0.0000000000
92321  43.761  22.010  25.356 0.0000000000
94095  42.740  23.465  26.647 0.0000000000
96901  50.318  26.943  18.366 0.0000000000
97516  44.057  27.784  23.970 0.0000000000
98146  43.061  29.687  27.964 0.0000000000
98154  43.485  29.615  27.205 0.0000000000
98177  52.347  29.551  22.719 0.0000000000
98188  52.568  29.066  21.992 0.0000000000
98202  52.242  28.809  21.390 0.0000000000
98213  51.472  28.147  19.975 0.0000000000
98872  45.902  30.019  27.425 0.0000000000
98919  51.881  29.995  23.636 0.0000000000
99544  45.686  31.295  27.142 0.0000000000
99545  44.984  31.666  27.108 0.0000000000
99585  46.765  31.932  21.340 0.0000000000
100159  52.095  31.657  24.617 0.0000000000
101547  41.835  33.875  17.400 0.0000000000
101553  48.799  33.970  15.762 0.0000000000
101554  47.815  33.974  15.884 0.0000000000
101556  45.002  34.313  16.323 0.0000000000
101562  48.575  34.236  15.505 0.0000000000
102188  47.328  34.753  15.190 0.0000000000
102195  47.760  35.078  15.186 0.0000000000
103282  49.216  38.259  28.644 0.0000000000
103305  50.314  37.946  27.248 0.0000000000
103369  42.357  37.673  21.434 0.0000000000
103873  49.401  38.801  29.327 0.0000000000
103899  50.551  38.330  26.495 0.0000000000
103956  47.376  38.361  20.167 0.0000000000
103979  49.042  39.459  16.692 0.0000000000
103993  48.862  39.519  16.487 0.0000000000
103994  48.584  39.638  16.472 0.0000000000
104008  48.689  39.318  16.402 0.0000000000
104472  49.249  39.572  29.639 0.0000000000
104485  49.481  39.513  29.156 0.0000000000
105773  49.317  42.670  18.801 0.0000000000
106473  49.306  43.378  19.121 0.0000000000
107134  49.447  43.969  19.781 0.0000000000
107135  49.312  43.901  19.491 0.0000000000
107672  46.617  44.759  24.260 0.0000000000
107682  47.441  44.998  24.024 0.0000000000
107707  49.307  44.321  19.902 0.0000000000
108726  40.836  47.073  24.327 0.0000000000
109832  46.685  47.924  22.314 0.0000000000
119565  46.878  28.458  15.729 0.0000000000
120710  48.145  30.114  20.358 0.0000000000
123376  44.283  34.195  16.692 0.0000000000
134908  48.282  28.236  16.274 0.0000000000
134939  50.875  33.520  18.631 0.0000000000
138505  47.463  46.318  23.951 0.0000000000
138795  43.701  22.146  26.629 0.0000000000
140072  42.944  42.756  26.264 0.0000000000
140621  39.747  33.394  18.645 0.0000000000
