#!ascii label  , from subject sub-v2s10x30160_ses-1 vox2ras=TkReg
981
47149  28.807  -25.662  59.694 0.0000000000
55021  34.764  -17.576  66.496 0.0000000000
69718  41.884  -4.123  46.105 0.0000000000
58952  34.672  -14.026  52.149 0.0000000000
56155  38.976  -16.909  58.979 0.0000000000
77453  50.956  5.043  38.808 0.0000000000
67743  42.114  -5.330  49.123 0.0000000000
123999  37.190  -6.830  47.514 0.0000000000
48206  24.399  -25.652  59.809 0.0000000000
50944  31.540  -22.313  63.605 0.0000000000
55071  31.362  -17.965  62.168 0.0000000000
49210  30.460  -25.101  57.208 0.0000000000
74585  46.035  2.041  43.807 0.0000000000
47057  31.206  -26.463  63.995 0.0000000000
48116  27.343  -25.397  64.735 0.0000000000
72585  46.523  -0.448  47.438 0.0000000000
48108  22.689  -25.221  65.161 0.0000000000
45076  19.519  -28.720  64.743 0.0000000000
64792  36.597  -7.986  52.857 0.0000000000
57957  37.469  -15.361  55.216 0.0000000000
55203  36.178  -18.658  53.641 0.0000000000
55127  33.808  -17.797  58.294 0.0000000000
69670  41.430  -2.955  51.765 0.0000000000
67761  39.680  -5.542  48.845 0.0000000000
67730  38.826  -4.825  50.960 0.0000000000
133384  43.748  -2.765  51.280 0.0000000000
120192  27.684  -25.825  57.152 0.0000000000
47181  25.463  -26.819  57.615 0.0000000000
48203  27.097  -25.239  59.625 0.0000000000
48185  31.159  -25.397  60.648 0.0000000000
50091  30.928  -23.520  60.209 0.0000000000
47176  30.020  -25.702  57.876 0.0000000000
140039  28.913  -26.803  55.567 0.0000000000
70632  41.347  -2.678  45.191 0.0000000000
68779  45.054  -4.988  47.892 0.0000000000
70624  43.708  -2.283  46.724 0.0000000000
72603  43.658  -0.694  45.822 0.0000000000
48064  26.664  -25.716  67.802 0.0000000000
118324  25.215  -24.549  64.947 0.0000000000
48080  24.950  -24.648  67.495 0.0000000000
45045  19.663  -27.936  69.950 0.0000000000
46010  20.254  -27.277  67.461 0.0000000000
44174  18.365  -29.504  66.618 0.0000000000
42407  17.016  -31.150  66.938 0.0000000000
42360  16.304  -31.491  69.263 0.0000000000
59811  38.484  -13.659  57.577 0.0000000000
57041  38.421  -16.027  57.109 0.0000000000
56189  37.492  -17.649  54.487 0.0000000000
55151  37.355  -18.105  56.640 0.0000000000
121005  29.828  -19.395  58.607 0.0000000000
118315  32.851  -17.489  60.247 0.0000000000
55142  31.080  -17.939  57.657 0.0000000000
55170  32.004  -17.640  55.537 0.0000000000
62803  35.200  -11.011  52.826 0.0000000000
63843  34.603  -9.750  50.510 0.0000000000
128333  33.513  -13.285  49.658 0.0000000000
80294  52.624  7.160  36.132 0.0000000000
131862  51.328  4.410  37.276 0.0000000000
66780  42.914  -6.524  47.653 0.0000000000
66782  40.767  -6.890  47.193 0.0000000000
67728  45.192  -4.956  49.754 0.0000000000
55024  31.798  -18.760  66.320 0.0000000000
56106  33.027  -17.489  64.445 0.0000000000
54063  30.660  -19.388  63.440 0.0000000000
52064  30.047  -21.525  59.981 0.0000000000
50118  29.999  -23.469  56.829 0.0000000000
75524  48.927  3.150  46.031 0.0000000000
76466  48.047  3.995  43.786 0.0000000000
77443  48.091  4.933  41.727 0.0000000000
77462  48.645  4.062  38.679 0.0000000000
47110  30.258  -26.555  61.853 0.0000000000
119092  28.248  -25.757  62.012 0.0000000000
47059  29.461  -26.601  64.708 0.0000000000
49152  32.601  -24.305  63.748 0.0000000000
73609  46.140  1.029  45.915 0.0000000000
141779  26.308  -24.758  62.343 0.0000000000
48153  23.652  -25.405  62.105 0.0000000000
46037  21.800  -26.884  62.916 0.0000000000
48083  21.661  -25.746  67.491 0.0000000000
46024  20.936  -26.909  65.141 0.0000000000
40583  14.268  -33.885  70.473 0.0000000000
67711  38.395  -5.620  52.988 0.0000000000
61771  36.002  -11.582  53.952 0.0000000000
59839  37.221  -12.924  55.492 0.0000000000
58940  36.215  -14.053  53.857 0.0000000000
57089  37.073  -17.032  52.709 0.0000000000
55224  37.259  -18.750  52.512 0.0000000000
54152  35.396  -19.456  51.148 0.0000000000
55068  34.939  -17.480  62.387 0.0000000000
55096  35.470  -17.701  60.740 0.0000000000
55125  36.384  -18.537  58.478 0.0000000000
55153  35.168  -18.435  56.288 0.0000000000
55205  33.169  -17.872  53.177 0.0000000000
65791  36.183  -7.358  50.293 0.0000000000
64854  35.262  -8.798  47.446 0.0000000000
69657  41.091  -2.903  52.772 0.0000000000
68751  40.204  -4.119  50.649 0.0000000000
68726  39.405  -4.358  52.251 0.0000000000
70573  42.266  -2.083  52.812 0.0000000000
124978  28.807  -25.656  58.621 0.0000000000
47165  26.990  -25.633  57.882 0.0000000000
48202  27.895  -25.424  59.870 0.0000000000
47127  30.358  -26.109  60.367 0.0000000000
48201  30.526  -25.545  59.298 0.0000000000
47148  29.641  -25.822  59.165 0.0000000000
47164  28.731  -25.707  57.627 0.0000000000
69724  41.199  -3.586  45.465 0.0000000000
68781  43.833  -4.897  47.240 0.0000000000
69715  44.142  -3.244  47.157 0.0000000000
69717  42.589  -3.543  46.418 0.0000000000
70625  42.728  -2.597  46.269 0.0000000000
44150  18.870  -28.677  69.907 0.0000000000
45053  19.271  -28.297  68.409 0.0000000000
44162  18.287  -29.289  68.438 0.0000000000
43278  17.860  -29.952  67.057 0.0000000000
43279  17.371  -30.465  67.467 0.0000000000
42388  16.847  -31.024  67.881 0.0000000000
129955  38.623  -15.454  57.621 0.0000000000
57033  38.446  -16.695  57.366 0.0000000000
56171  38.121  -17.137  56.805 0.0000000000
56165  38.337  -17.217  57.622 0.0000000000
56079  35.716  -17.550  66.334 0.0000000000
52091  29.449  -20.944  56.910 0.0000000000
55130  30.400  -18.512  58.290 0.0000000000
53133  29.643  -19.473  56.218 0.0000000000
55172  30.105  -18.705  55.698 0.0000000000
60815  34.556  -12.554  52.359 0.0000000000
130586  33.811  -11.861  51.128 0.0000000000
117678  50.840  5.847  39.948 0.0000000000
78428  51.762  5.875  39.997 0.0000000000
133349  52.445  5.413  38.784 0.0000000000
78444  52.192  5.278  37.734 0.0000000000
122712  51.199  4.752  38.274 0.0000000000
66768  42.881  -6.598  47.972 0.0000000000
66781  41.567  -6.886  47.088 0.0000000000
138780  41.333  -6.289  48.161 0.0000000000
66772  38.379  -6.048  48.208 0.0000000000
66784  38.774  -6.386  47.546 0.0000000000
117715  37.656  -7.084  46.734 0.0000000000
69680  43.366  -3.944  50.385 0.0000000000
68748  43.470  -4.863  49.753 0.0000000000
66756  44.100  -6.056  48.349 0.0000000000
47167  25.033  -25.906  58.723 0.0000000000
47152  23.931  -26.394  59.550 0.0000000000
140674  31.293  -20.013  65.501 0.0000000000
54054  31.198  -19.271  65.144 0.0000000000
124223  30.981  -21.636  63.212 0.0000000000
49202  30.700  -24.619  58.680 0.0000000000
50979  30.738  -22.782  60.268 0.0000000000
50100  30.421  -23.044  58.895 0.0000000000
140048  29.984  -22.612  58.008 0.0000000000
132048  30.301  -24.366  57.037 0.0000000000
48231  30.228  -25.667  56.197 0.0000000000
57100  36.333  -17.069  50.960 0.0000000000
75526  47.663  2.471  45.245 0.0000000000
76437  48.605  3.479  45.282 0.0000000000
75539  47.119  3.026  43.743 0.0000000000
76479  47.240  3.820  41.685 0.0000000000
123895  47.305  3.863  40.915 0.0000000000
77449  48.152  4.975  40.769 0.0000000000
47072  30.653  -26.733  63.185 0.0000000000
136408  29.857  -26.779  63.263 0.0000000000
121160  30.168  -26.750  63.938 0.0000000000
48130  32.024  -25.831  63.565 0.0000000000
48148  31.466  -25.999  62.144 0.0000000000
73600  47.429  0.938  46.815 0.0000000000
72591  45.737  0.285  46.386 0.0000000000
72612  42.862  -0.245  44.202 0.0000000000
120291  27.750  -25.564  63.280 0.0000000000
48170  26.922  -25.046  61.957 0.0000000000
48132  26.381  -24.752  63.695 0.0000000000
48119  24.250  -24.636  64.750 0.0000000000
119222  24.011  -24.857  63.885 0.0000000000
48134  23.244  -25.334  63.717 0.0000000000
47076  22.965  -25.722  62.873 0.0000000000
47062  22.115  -26.082  64.088 0.0000000000
131133  21.380  -26.056  68.990 0.0000000000
45064  19.820  -27.898  66.126 0.0000000000
46018  20.310  -27.335  66.562 0.0000000000
45069  19.945  -28.033  65.215 0.0000000000
46039  20.684  -27.762  63.861 0.0000000000
62787  36.239  -10.800  54.118 0.0000000000
58913  37.933  -14.707  56.308 0.0000000000
59825  37.617  -13.186  56.177 0.0000000000
121468  37.162  -13.791  55.141 0.0000000000
58927  36.682  -13.920  54.498 0.0000000000
58939  36.660  -14.749  54.180 0.0000000000
57981  36.329  -15.463  53.209 0.0000000000
121236  37.224  -16.296  54.001 0.0000000000
55183  37.341  -18.210  53.882 0.0000000000
55201  37.454  -18.293  53.005 0.0000000000
55202  37.086  -18.628  53.343 0.0000000000
54138  36.733  -19.203  51.835 0.0000000000
119204  35.243  -18.578  52.924 0.0000000000
141656  32.733  -17.496  63.625 0.0000000000
56116  33.651  -17.388  63.683 0.0000000000
117924  32.947  -17.437  62.337 0.0000000000
118314  33.206  -17.589  58.867 0.0000000000
55097  34.743  -17.603  60.620 0.0000000000
128560  35.058  -17.972  59.339 0.0000000000
55110  36.337  -18.012  59.591 0.0000000000
54088  35.290  -18.375  58.670 0.0000000000
117820  35.653  -18.683  57.057 0.0000000000
119309  34.716  -18.366  57.090 0.0000000000
55207  31.247  -18.263  53.650 0.0000000000
55187  32.908  -17.631  54.186 0.0000000000
66717  37.595  -6.678  53.031 0.0000000000
66731  37.459  -6.486  52.321 0.0000000000
65775  36.485  -7.695  52.094 0.0000000000
125742  33.959  -10.772  48.261 0.0000000000
63852  34.700  -9.132  48.995 0.0000000000
130298  52.352  6.880  34.777 0.0000000000
68749  42.064  -4.067  50.171 0.0000000000
67744  41.214  -5.138  49.218 0.0000000000
68761  40.755  -4.527  49.849 0.0000000000
67745  39.488  -4.976  49.707 0.0000000000
66758  38.013  -5.829  48.963 0.0000000000
71550  43.075  -1.676  52.694 0.0000000000
69669  42.307  -2.978  51.200 0.0000000000
47179  26.722  -26.251  56.938 0.0000000000
138419  26.207  -25.679  58.202 0.0000000000
48205  25.171  -25.342  59.555 0.0000000000
50079  31.622  -23.647  61.867 0.0000000000
50080  31.430  -23.204  61.508 0.0000000000
49187  31.319  -24.768  60.672 0.0000000000
129481  30.721  -25.152  58.954 0.0000000000
48225  30.246  -25.445  57.499 0.0000000000
125357  29.895  -26.142  55.918 0.0000000000
47177  29.455  -25.797  57.202 0.0000000000
47178  28.459  -26.051  56.613 0.0000000000
74593  45.121  1.745  42.546 0.0000000000
127891  31.378  -26.205  66.016 0.0000000000
70608  46.396  -3.048  48.633 0.0000000000
70617  45.314  -2.290  47.581 0.0000000000
71579  45.457  -1.326  47.322 0.0000000000
72592  45.060  -0.303  46.448 0.0000000000
72594  43.841  -1.366  46.432 0.0000000000
71594  42.341  -1.375  45.229 0.0000000000
47050  27.068  -25.583  66.198 0.0000000000
48105  26.099  -24.686  65.133 0.0000000000
117795  26.271  -24.983  65.982 0.0000000000
48106  24.602  -24.539  65.767 0.0000000000
118098  23.697  -24.650  66.361 0.0000000000
45987  20.782  -26.624  68.704 0.0000000000
45052  19.713  -27.744  68.894 0.0000000000
45058  19.294  -28.353  67.508 0.0000000000
44173  18.852  -29.032  66.147 0.0000000000
43309  18.001  -30.382  65.364 0.0000000000
57940  38.301  -15.227  56.803 0.0000000000
57956  37.843  -15.431  55.951 0.0000000000
57065  37.512  -16.211  54.910 0.0000000000
57049  37.844  -16.315  55.786 0.0000000000
55165  37.541  -17.572  55.423 0.0000000000
55166  36.751  -18.389  55.599 0.0000000000
55101  30.384  -18.725  59.936 0.0000000000
55099  32.096  -17.615  60.826 0.0000000000
55115  31.367  -17.792  59.446 0.0000000000
55128  32.182  -17.613  58.700 0.0000000000
118313  32.908  -17.644  58.123 0.0000000000
55155  33.463  -17.781  56.721 0.0000000000
127640  31.569  -17.776  56.197 0.0000000000
55189  30.903  -18.198  54.610 0.0000000000
63818  35.908  -9.210  52.753 0.0000000000
63835  35.209  -9.348  51.536 0.0000000000
62829  34.470  -10.395  51.179 0.0000000000
138544  33.779  -10.996  49.953 0.0000000000
79398  53.121  6.430  37.897 0.0000000000
78447  52.060  5.496  36.944 0.0000000000
67777  42.804  -5.773  46.878 0.0000000000
67783  41.310  -6.089  45.918 0.0000000000
66792  41.424  -6.770  46.455 0.0000000000
66770  40.458  -6.249  47.968 0.0000000000
65828  39.292  -7.234  46.100 0.0000000000
70571  45.161  -2.091  51.951 0.0000000000
69666  45.868  -3.393  51.431 0.0000000000
68745  46.350  -4.443  50.191 0.0000000000
67756  45.547  -5.097  48.840 0.0000000000
67770  44.089  -5.800  47.678 0.0000000000
55022  33.679  -17.769  66.722 0.0000000000
56080  34.033  -17.485  65.760 0.0000000000
55037  32.291  -18.090  65.875 0.0000000000
55057  31.998  -17.765  64.081 0.0000000000
132970  30.915  -18.404  62.809 0.0000000000
52037  30.815  -22.131  61.636 0.0000000000
52025  30.410  -21.147  61.744 0.0000000000
54075  30.168  -19.552  60.909 0.0000000000
125529  29.757  -20.625  59.660 0.0000000000
52090  29.598  -21.563  57.592 0.0000000000
51019  29.676  -22.698  56.451 0.0000000000
77421  48.868  5.067  43.903 0.0000000000
76468  46.888  3.211  42.955 0.0000000000
77423  47.827  4.181  43.010 0.0000000000
78389  49.312  5.678  43.481 0.0000000000
78413  49.206  5.883  41.725 0.0000000000
142047  49.189  5.196  39.600 0.0000000000
117687  49.914  5.081  38.995 0.0000000000
77461  50.425  4.579  38.311 0.0000000000
141172  29.880  -26.203  60.697 0.0000000000
47129  28.279  -25.589  60.580 0.0000000000
47093  28.909  -26.116  62.096 0.0000000000
47074  28.471  -26.123  63.520 0.0000000000
47075  27.890  -25.751  64.141 0.0000000000
47047  29.924  -26.684  65.523 0.0000000000
47049  27.761  -26.035  65.942 0.0000000000
131847  27.836  -26.437  67.293 0.0000000000
121284  34.105  -18.146  68.245 0.0000000000
55011  32.530  -18.796  67.570 0.0000000000
53047  31.841  -20.240  66.862 0.0000000000
51993  31.965  -21.854  65.450 0.0000000000
50919  32.394  -22.692  65.015 0.0000000000
50069  32.341  -23.437  63.452 0.0000000000
48168  31.785  -25.185  61.944 0.0000000000
47109  30.929  -26.243  61.586 0.0000000000
75519  48.874  2.098  47.168 0.0000000000
74558  47.285  1.852  45.651 0.0000000000
74570  46.276  1.851  44.629 0.0000000000
72601  45.038  0.242  46.003 0.0000000000
73623  44.325  0.668  44.628 0.0000000000
74572  44.762  1.211  44.031 0.0000000000
48186  27.424  -25.258  60.455 0.0000000000
118820  26.789  -24.948  61.020 0.0000000000
48172  25.123  -24.837  61.428 0.0000000000
48133  25.494  -24.603  63.540 0.0000000000
48152  24.575  -24.877  62.334 0.0000000000
139538  24.072  -25.486  60.842 0.0000000000
48174  23.521  -25.782  61.135 0.0000000000
47115  22.472  -26.742  61.615 0.0000000000
48081  23.237  -24.758  67.904 0.0000000000
48095  22.172  -25.367  66.772 0.0000000000
47036  21.391  -26.095  66.580 0.0000000000
47051  21.996  -25.777  64.898 0.0000000000
47078  21.657  -26.681  63.757 0.0000000000
41482  15.482  -32.671  69.370 0.0000000000
68714  39.458  -4.551  53.248 0.0000000000
64771  36.457  -8.692  53.225 0.0000000000
121922  36.083  -10.257  53.669 0.0000000000
61772  35.542  -11.577  53.385 0.0000000000
60814  35.194  -12.908  53.028 0.0000000000
60782  36.827  -12.192  55.010 0.0000000000
132615  35.724  -13.410  53.512 0.0000000000
58951  35.244  -14.332  52.600 0.0000000000
57993  35.448  -15.233  52.269 0.0000000000
57090  36.489  -16.500  52.356 0.0000000000
57099  36.902  -17.280  51.920 0.0000000000
57079  37.343  -17.070  53.380 0.0000000000
56215  37.411  -17.758  52.653 0.0000000000
55240  37.511  -18.663  51.358 0.0000000000
54151  37.235  -19.171  51.214 0.0000000000
128416  36.482  -19.638  50.862 0.0000000000
55122  38.639  -17.261  59.361 0.0000000000
119244  34.702  -17.449  64.956 0.0000000000
55055  35.737  -17.575  63.632 0.0000000000
55067  35.766  -17.596  62.882 0.0000000000
118602  34.149  -17.466  61.148 0.0000000000
55083  35.083  -17.574  61.420 0.0000000000
55081  36.282  -17.706  61.641 0.0000000000
118316  36.730  -17.713  61.117 0.0000000000
55109  37.096  -17.837  59.542 0.0000000000
55123  37.946  -17.641  58.933 0.0000000000
133380  37.358  -18.202  57.487 0.0000000000
55152  36.184  -18.585  56.267 0.0000000000
55167  35.780  -18.456  55.408 0.0000000000
55169  33.540  -17.736  55.845 0.0000000000
135251  34.391  -18.000  54.595 0.0000000000
119306  34.950  -18.294  53.915 0.0000000000
55226  34.403  -18.543  52.161 0.0000000000
129847  38.483  -5.278  52.224 0.0000000000
67732  37.550  -5.924  50.742 0.0000000000
65808  36.626  -6.868  48.706 0.0000000000
64820  35.336  -8.544  50.325 0.0000000000
64841  35.790  -7.722  48.756 0.0000000000
64853  35.714  -8.050  47.711 0.0000000000
123613  50.155  3.563  37.127 0.0000000000
69647  40.537  -3.451  53.214 0.0000000000
69658  40.602  -3.386  52.218 0.0000000000
68725  39.972  -3.897  52.723 0.0000000000
70563  41.612  -2.487  53.299 0.0000000000
47150  27.770  -25.447  58.930 0.0000000000
47128  29.763  -26.016  60.030 0.0000000000
122322  30.254  -25.933  59.613 0.0000000000
137012  41.192  -4.405  45.631 0.0000000000
122466  42.613  -4.342  46.529 0.0000000000
142209  43.220  -4.142  46.788 0.0000000000
44156  18.319  -29.253  69.374 0.0000000000
43258  17.790  -29.779  68.902 0.0000000000
43268  17.764  -29.810  67.956 0.0000000000
43269  17.292  -30.361  68.402 0.0000000000
57024  39.045  -16.271  58.757 0.0000000000
57032  38.712  -16.182  57.897 0.0000000000
56164  38.718  -16.808  58.175 0.0000000000
117765  35.398  -17.653  67.187 0.0000000000
52105  29.405  -21.139  56.136 0.0000000000
53128  29.469  -20.030  56.959 0.0000000000
135882  29.428  -20.384  56.364 0.0000000000
53134  29.439  -20.327  55.571 0.0000000000
59880  34.323  -13.392  51.926 0.0000000000
60826  33.967  -12.654  51.549 0.0000000000
137844  50.624  5.417  39.370 0.0000000000
78432  51.440  5.448  39.345 0.0000000000
77460  51.800  5.149  38.689 0.0000000000
67758  42.595  -6.154  48.495 0.0000000000
125301  42.101  -6.581  48.054 0.0000000000
67759  41.693  -5.848  48.604 0.0000000000
66773  37.528  -6.306  48.383 0.0000000000
66785  37.978  -6.378  47.719 0.0000000000
134281  37.022  -7.407  46.762 0.0000000000
139871  36.688  -7.321  47.252 0.0000000000
135905  42.795  -4.232  50.098 0.0000000000
67742  43.018  -5.591  49.103 0.0000000000
66757  43.416  -6.233  48.397 0.0000000000
47168  24.472  -26.573  58.815 0.0000000000
47151  24.569  -25.917  59.249 0.0000000000
52004  31.394  -21.359  64.715 0.0000000000
53071  31.140  -20.281  64.871 0.0000000000
52013  31.308  -21.753  63.990 0.0000000000
50108  30.486  -23.793  58.423 0.0000000000
49209  30.515  -24.519  57.871 0.0000000000
50109  30.250  -23.630  57.635 0.0000000000
49217  30.447  -24.981  56.267 0.0000000000
56227  37.023  -17.683  51.222 0.0000000000
75530  46.704  2.438  44.164 0.0000000000
75529  47.390  2.766  44.494 0.0000000000
120817  47.193  3.504  40.241 0.0000000000
48115  31.906  -25.785  64.529 0.0000000000
47071  31.486  -26.339  62.974 0.0000000000
126100  46.092  -1.008  47.565 0.0000000000
73594  46.963  0.215  47.190 0.0000000000
126536  46.316  0.026  46.921 0.0000000000
48131  27.196  -25.162  63.892 0.0000000000
48107  23.529  -24.755  65.417 0.0000000000
48120  23.376  -25.017  64.526 0.0000000000
48135  22.644  -25.774  63.661 0.0000000000
48121  22.660  -25.515  64.331 0.0000000000
46996  21.432  -26.047  69.882 0.0000000000
45070  19.386  -28.552  65.678 0.0000000000
45075  20.124  -28.223  64.317 0.0000000000
58914  37.543  -14.521  55.632 0.0000000000
58926  37.122  -14.639  54.847 0.0000000000
57980  36.724  -15.518  53.769 0.0000000000
57970  37.130  -15.471  54.490 0.0000000000
120490  36.851  -18.505  54.192 0.0000000000
118824  36.461  -18.900  52.755 0.0000000000
55058  31.982  -17.624  62.943 0.0000000000
55070  33.210  -17.356  62.992 0.0000000000
55085  32.297  -17.601  61.761 0.0000000000
55126  34.146  -17.754  59.077 0.0000000000
117950  34.628  -18.109  58.511 0.0000000000
55139  35.184  -18.549  57.903 0.0000000000
55140  34.307  -18.105  57.742 0.0000000000
65774  37.088  -7.260  52.751 0.0000000000
69682  41.706  -3.458  50.823 0.0000000000
68750  41.185  -3.989  50.358 0.0000000000
68752  39.461  -4.603  50.454 0.0000000000
118206  38.895  -4.962  50.217 0.0000000000
67746  38.666  -5.391  49.522 0.0000000000
71521  44.039  -0.821  54.237 0.0000000000
70574  42.182  -2.449  51.945 0.0000000000
48217  26.651  -25.384  58.806 0.0000000000
48218  25.780  -25.481  58.785 0.0000000000
48204  26.163  -25.124  59.546 0.0000000000
49177  31.606  -24.477  61.462 0.0000000000
48216  30.367  -25.453  58.457 0.0000000000
68771  45.535  -4.717  48.334 0.0000000000
69708  45.358  -4.121  47.902 0.0000000000
122759  44.933  -3.270  47.566 0.0000000000
70618  44.511  -2.519  47.236 0.0000000000
71586  44.590  -1.621  46.971 0.0000000000
70631  42.086  -2.136  45.633 0.0000000000
47034  27.150  -25.939  67.133 0.0000000000
48092  26.435  -25.336  66.898 0.0000000000
48093  25.503  -24.731  66.607 0.0000000000
48094  24.537  -24.556  66.698 0.0000000000
118210  23.928  -24.588  67.285 0.0000000000
45976  20.288  -27.272  70.519 0.0000000000
45988  20.338  -27.128  69.440 0.0000000000
44161  18.760  -28.788  67.971 0.0000000000
44167  18.821  -28.914  67.062 0.0000000000
45065  19.326  -28.445  66.601 0.0000000000
44180  18.413  -29.692  65.698 0.0000000000
43292  17.515  -30.590  66.599 0.0000000000
43310  17.648  -30.668  65.894 0.0000000000
42374  16.338  -31.605  68.344 0.0000000000
41509  15.876  -32.384  67.925 0.0000000000
41496  15.918  -32.150  68.860 0.0000000000
121794  38.130  -15.927  56.440 0.0000000000
57042  38.170  -16.548  56.578 0.0000000000
55164  37.709  -17.578  56.291 0.0000000000
56175  37.895  -17.048  55.988 0.0000000000
118443  37.278  -18.029  55.846 0.0000000000
55100  31.208  -17.926  60.457 0.0000000000
142372  30.648  -18.269  59.031 0.0000000000
55129  31.203  -17.850  58.493 0.0000000000
119803  31.986  -17.695  57.918 0.0000000000
55156  31.934  -17.703  57.071 0.0000000000
55157  30.930  -18.017  56.820 0.0000000000
135065  30.623  -18.300  55.314 0.0000000000
62814  35.151  -10.282  52.403 0.0000000000
62828  34.918  -9.994  51.796 0.0000000000
62815  34.709  -10.720  52.057 0.0000000000
60834  33.591  -12.712  50.550 0.0000000000
61814  33.967  -11.075  50.743 0.0000000000
121377  33.631  -11.728  50.202 0.0000000000
78445  51.712  4.866  37.173 0.0000000000
78448  51.559  5.174  36.239 0.0000000000
77469  51.285  4.333  36.561 0.0000000000
66791  42.868  -6.333  47.266 0.0000000000
67778  42.133  -6.118  46.592 0.0000000000
117849  42.215  -6.654  47.161 0.0000000000
65817  40.849  -7.011  46.530 0.0000000000
65827  40.147  -7.200  45.878 0.0000000000
67760  40.779  -5.654  48.680 0.0000000000
65829  38.392  -7.158  46.390 0.0000000000
65819  39.078  -6.799  46.839 0.0000000000
133175  44.413  -1.759  52.006 0.0000000000
71548  44.952  -1.318  52.551 0.0000000000
70580  44.472  -2.502  51.550 0.0000000000
68735  44.834  -4.047  50.621 0.0000000000
137237  45.470  -3.891  50.925 0.0000000000
68734  46.166  -4.068  50.910 0.0000000000
68746  45.545  -4.487  50.340 0.0000000000
68758  46.180  -4.584  49.381 0.0000000000
67739  45.718  -4.916  49.620 0.0000000000
66767  43.554  -6.400  47.969 0.0000000000
66766  44.168  -6.107  48.005 0.0000000000
66779  43.531  -6.278  47.711 0.0000000000
67776  43.397  -5.783  47.285 0.0000000000
55023  32.583  -18.319  66.809 0.0000000000
55036  33.087  -17.757  66.122 0.0000000000
54058  30.912  -19.358  64.350 0.0000000000
55047  31.434  -18.463  64.650 0.0000000000
133555  31.194  -18.375  63.736 0.0000000000
126291  31.187  -23.062  60.893 0.0000000000
50968  31.238  -22.754  61.574 0.0000000000
50980  30.451  -22.155  60.323 0.0000000000
52052  30.336  -21.598  60.865 0.0000000000
53102  30.206  -20.190  61.516 0.0000000000
141465  29.906  -20.901  60.349 0.0000000000
119100  29.842  -19.978  60.219 0.0000000000
51008  29.886  -22.628  57.487 0.0000000000
52104  29.535  -21.846  56.763 0.0000000000
50126  29.781  -23.377  56.079 0.0000000000
47201  29.485  -26.852  55.274 0.0000000000
75521  49.252  2.797  46.785 0.0000000000
76448  48.326  3.751  44.520 0.0000000000
76447  48.879  4.159  44.968 0.0000000000
77406  49.149  4.822  44.668 0.0000000000
77407  48.586  4.400  44.222 0.0000000000
75545  46.312  2.740  42.515 0.0000000000
77434  47.673  4.333  42.162 0.0000000000
77433  48.188  4.782  42.618 0.0000000000
78390  48.695  5.259  43.071 0.0000000000
78399  48.608  5.408  42.189 0.0000000000
78398  49.209  5.824  42.599 0.0000000000
77455  48.217  4.249  39.351 0.0000000000
77448  48.898  5.401  40.355 0.0000000000
77454  48.961  4.688  39.104 0.0000000000
47111  29.553  -26.247  61.420 0.0000000000
132823  29.564  -26.494  62.163 0.0000000000
47073  29.277  -26.565  63.766 0.0000000000
125290  29.179  -26.472  62.868 0.0000000000
47060  28.597  -26.281  64.365 0.0000000000
47046  30.687  -26.517  65.654 0.0000000000
47032  28.892  -26.728  66.482 0.0000000000
132596  28.434  -26.383  65.792 0.0000000000
47033  28.174  -26.442  66.565 0.0000000000
134601  27.579  -26.114  66.623 0.0000000000
55010  33.284  -18.284  67.669 0.0000000000
53061  31.909  -21.186  66.409 0.0000000000
50063  32.627  -23.605  64.377 0.0000000000
50931  32.375  -22.964  64.255 0.0000000000
122808  32.381  -24.238  62.951 0.0000000000
49166  31.914  -24.258  62.261 0.0000000000
138736  32.206  -24.906  62.602 0.0000000000
47091  30.883  -26.571  62.368 0.0000000000
133566  30.361  -26.301  61.101 0.0000000000
67784  40.619  -6.048  45.237 0.0000000000
74551  46.926  1.270  46.116 0.0000000000
74550  47.553  1.550  46.276 0.0000000000
74559  46.564  1.600  45.405 0.0000000000
74560  45.803  1.346  45.158 0.0000000000
72602  44.448  -0.148  45.925 0.0000000000
73624  43.550  0.260  44.405 0.0000000000
73639  44.011  0.751  43.720 0.0000000000
47112  28.634  -25.824  61.363 0.0000000000
47113  27.704  -25.431  61.409 0.0000000000
48171  26.073  -24.706  61.577 0.0000000000
48187  25.776  -24.848  60.513 0.0000000000
48118  25.813  -24.612  64.316 0.0000000000
117764  23.822  -25.118  63.030 0.0000000000
118097  24.638  -24.731  63.288 0.0000000000
48173  24.252  -25.241  61.391 0.0000000000
47095  22.399  -26.467  62.448 0.0000000000
46051  21.955  -27.135  62.083 0.0000000000
48068  22.670  -25.074  68.557 0.0000000000
48082  22.403  -25.204  67.678 0.0000000000
119223  22.973  -24.801  67.004 0.0000000000
46000  20.253  -27.218  68.383 0.0000000000
45999  20.689  -26.701  67.844 0.0000000000
46017  20.848  -26.786  66.077 0.0000000000
47052  21.415  -26.241  65.516 0.0000000000
47063  21.511  -26.454  64.605 0.0000000000
46031  21.090  -27.118  64.256 0.0000000000
41474  15.423  -32.462  70.365 0.0000000000
40592  14.926  -33.240  69.881 0.0000000000
65761  38.008  -6.957  54.183 0.0000000000
63795  36.770  -8.994  54.150 0.0000000000
63796  36.238  -9.540  53.500 0.0000000000
63779  36.490  -9.994  54.174 0.0000000000
132268  35.124  -12.003  52.945 0.0000000000
60798  35.721  -12.427  53.638 0.0000000000
60767  37.207  -12.016  55.642 0.0000000000
59852  36.221  -13.198  54.129 0.0000000000
58941  35.749  -14.217  53.266 0.0000000000
58950  35.833  -14.978  52.941 0.0000000000
57991  36.744  -16.254  53.172 0.0000000000
57992  36.103  -15.740  52.651 0.0000000000
125218  37.527  -17.030  54.227 0.0000000000
55223  37.508  -18.430  52.198 0.0000000000
55241  37.400  -18.876  51.883 0.0000000000
55225  35.501  -18.993  52.062 0.0000000000
54170  34.763  -19.883  50.706 0.0000000000
136850  33.782  -17.445  64.970 0.0000000000
56105  34.156  -17.412  64.315 0.0000000000
56115  34.244  -17.347  63.059 0.0000000000
56114  34.513  -17.417  63.698 0.0000000000
55056  35.123  -17.485  63.298 0.0000000000
55098  33.135  -17.497  61.015 0.0000000000
119109  35.140  -17.751  60.123 0.0000000000
55082  35.765  -17.679  61.342 0.0000000000
118224  36.072  -17.747  60.881 0.0000000000
119002  36.571  -18.213  59.042 0.0000000000
55124  37.172  -18.139  58.466 0.0000000000
137643  36.777  -18.569  57.865 0.0000000000
125119  32.594  -17.635  56.251 0.0000000000
126836  32.757  -17.570  55.213 0.0000000000
125118  33.646  -17.736  54.874 0.0000000000
55186  33.846  -17.854  53.947 0.0000000000
55204  34.146  -18.148  53.035 0.0000000000
67697  39.029  -5.197  53.468 0.0000000000
67710  38.917  -4.947  52.677 0.0000000000
65790  36.656  -6.833  50.697 0.0000000000
66739  37.448  -6.182  51.520 0.0000000000
132459  37.099  -6.401  50.976 0.0000000000
66748  37.124  -6.314  50.229 0.0000000000
65799  36.621  -6.789  49.786 0.0000000000
127910  35.025  -9.177  50.797 0.0000000000
64807  35.477  -8.687  51.176 0.0000000000
63842  34.851  -9.118  49.951 0.0000000000
63863  34.705  -9.306  48.019 0.0000000000
64830  35.233  -8.464  49.385 0.0000000000
64842  35.176  -8.528  48.379 0.0000000000
80298  52.706  7.352  35.238 0.0000000000
79410  52.906  7.275  34.419 0.0000000000
126603  53.859  7.550  34.159 0.0000000000
76499  50.867  4.266  37.658 0.0000000000
69671  40.817  -3.545  51.211 0.0000000000
68736  40.007  -3.844  51.703 0.0000000000
68737  39.423  -4.360  51.294 0.0000000000
142267  41.677  -2.535  52.510 0.0000000000
141444  28.005  -25.585  58.026 0.0000000000
47147  30.695  -25.692  60.087 0.0000000000
47162  30.125  -25.767  58.790 0.0000000000
47163  29.565  -25.724  58.231 0.0000000000
69709  44.552  -4.259  47.489 0.0000000000
69716  43.846  -3.959  47.051 0.0000000000
121805  43.365  -3.268  46.742 0.0000000000
69723  41.901  -3.051  45.902 0.0000000000
48065  26.177  -25.527  68.501 0.0000000000
44155  18.793  -28.761  68.891 0.0000000000
44168  18.307  -29.366  67.517 0.0000000000
42373  16.760  -30.900  68.855 0.0000000000
57931  38.926  -15.561  58.331 0.0000000000
55150  37.837  -17.655  57.102 0.0000000000
53121  29.569  -20.043  58.144 0.0000000000
55116  30.193  -18.881  59.044 0.0000000000
54089  29.876  -19.208  57.852 0.0000000000
54095  29.783  -19.216  57.095 0.0000000000
55143  30.343  -18.526  57.382 0.0000000000
54106  29.704  -19.404  55.241 0.0000000000
61784  34.632  -11.565  52.308 0.0000000000
61797  34.266  -11.240  51.576 0.0000000000
132122  34.197  -11.957  51.831 0.0000000000
78429  50.226  6.119  40.650 0.0000000000
79358  51.463  6.697  41.608 0.0000000000
79378  51.125  6.303  40.674 0.0000000000
79393  52.732  5.663  38.327 0.0000000000
78438  52.185  5.235  38.325 0.0000000000
77459  51.665  4.811  37.906 0.0000000000
118141  42.245  -6.699  47.575 0.0000000000
66769  41.487  -6.720  47.631 0.0000000000
67762  38.787  -5.711  48.701 0.0000000000
66771  39.301  -6.034  48.085 0.0000000000
122835  38.152  -6.686  47.086 0.0000000000
64864  37.668  -7.648  46.083 0.0000000000
141299  44.293  -3.017  51.191 0.0000000000
69679  44.179  -4.397  50.255 0.0000000000
67729  44.498  -5.170  49.581 0.0000000000
138058  44.526  -5.692  48.866 0.0000000000
67741  43.893  -5.740  49.011 0.0000000000
46090  23.460  -27.262  59.664 0.0000000000
47130  23.251  -26.575  60.374 0.0000000000
54050  31.425  -19.331  65.862 0.0000000000
55038  31.634  -18.569  65.495 0.0000000000
53082  30.894  -20.647  63.968 0.0000000000
50099  30.741  -23.900  59.320 0.0000000000
50092  30.641  -23.115  59.644 0.0000000000
130574  30.289  -22.329  59.524 0.0000000000
50998  29.907  -22.218  58.395 0.0000000000
127384  30.193  -22.977  58.132 0.0000000000
120732  30.102  -24.116  56.181 0.0000000000
75525  48.306  2.782  45.617 0.0000000000
75528  48.023  3.100  44.861 0.0000000000
76449  47.729  3.396  44.126 0.0000000000
76477  46.753  3.307  42.080 0.0000000000
76480  46.747  3.315  41.081 0.0000000000
77444  47.639  4.403  41.258 0.0000000000
77450  47.734  4.274  40.249 0.0000000000
76486  48.107  3.746  38.923 0.0000000000
47092  30.065  -26.744  62.604 0.0000000000
137967  32.441  -25.065  63.226 0.0000000000
48147  32.004  -25.618  62.719 0.0000000000
73601  46.597  0.614  46.552 0.0000000000
121826  43.219  -0.333  45.011 0.0000000000
47094  27.642  -25.458  62.391 0.0000000000
48149  26.917  -25.004  62.939 0.0000000000
48150  25.999  -24.634  62.949 0.0000000000
118323  24.895  -24.606  64.105 0.0000000000
47077  22.273  -26.276  63.300 0.0000000000
46995  22.168  -25.439  69.417 0.0000000000
48069  21.877  -25.570  68.375 0.0000000000
45057  19.759  -27.823  67.034 0.0000000000
46025  20.397  -27.419  65.652 0.0000000000
46032  20.519  -27.561  64.744 0.0000000000
63778  36.885  -9.740  54.898 0.0000000000
62786  36.641  -10.633  54.759 0.0000000000
61757  36.480  -11.478  54.584 0.0000000000
58901  38.213  -14.286  56.868 0.0000000000
59824  38.038  -13.428  56.807 0.0000000000
58902  37.765  -13.984  56.274 0.0000000000
124586  37.461  -13.685  55.733 0.0000000000
127471  36.252  -14.828  53.536 0.0000000000
56201  37.481  -17.705  53.576 0.0000000000
55069  33.875  -17.356  62.359 0.0000000000
55113  33.537  -17.528  59.648 0.0000000000
119592  33.854  -17.478  60.419 0.0000000000
55112  34.458  -17.639  59.866 0.0000000000
55111  35.772  -17.900  60.017 0.0000000000
54080  35.865  -18.305  59.091 0.0000000000
54087  35.745  -18.610  58.412 0.0000000000
55138  36.077  -18.764  57.802 0.0000000000
55188  31.869  -17.721  54.570 0.0000000000
55206  32.199  -17.910  53.418 0.0000000000
55228  32.519  -18.258  52.425 0.0000000000
55227  33.450  -18.281  52.255 0.0000000000
129156  37.877  -6.180  52.818 0.0000000000
65781  36.880  -6.866  51.666 0.0000000000
65782  36.304  -7.475  51.191 0.0000000000
62857  34.001  -10.525  49.324 0.0000000000
63853  34.416  -9.787  49.623 0.0000000000
63864  34.313  -9.907  48.667 0.0000000000
79403  51.710  6.017  35.762 0.0000000000
79405  52.190  6.702  35.525 0.0000000000
68759  42.515  -4.761  49.657 0.0000000000
68760  41.637  -4.595  49.711 0.0000000000
121319  40.322  -5.054  49.373 0.0000000000
68762  40.035  -4.614  49.984 0.0000000000
71549  43.956  -1.395  52.576 0.0000000000
70572  43.599  -1.983  51.854 0.0000000000
126219  42.774  -2.085  52.129 0.0000000000
70581  42.934  -2.524  51.511 0.0000000000
69668  43.158  -3.194  50.922 0.0000000000
69681  42.561  -3.613  50.568 0.0000000000
47180  25.991  -26.922  56.985 0.0000000000
47166  26.102  -26.182  57.554 0.0000000000
122389  25.566  -26.088  58.136 0.0000000000
132848  31.911  -23.082  62.962 0.0000000000
50957  31.460  -22.559  62.881 0.0000000000
49186  31.329  -23.825  60.948 0.0000000000
49196  31.042  -24.345  60.050 0.0000000000
48200  30.971  -25.149  59.835 0.0000000000
141932  30.878  -24.710  59.353 0.0000000000
48215  30.574  -25.112  58.131 0.0000000000
47190  29.935  -25.808  56.843 0.0000000000
47191  29.252  -26.237  56.081 0.0000000000
74586  45.300  1.673  43.460 0.0000000000
75541  45.796  2.221  42.961 0.0000000000
47045  31.252  -26.200  65.066 0.0000000000
70596  46.930  -3.197  49.271 0.0000000000
70607  47.078  -2.485  48.979 0.0000000000
69707  45.687  -3.202  48.016 0.0000000000
71578  46.051  -1.715  47.827 0.0000000000
72586  45.732  -0.512  47.016 0.0000000000
71585  45.043  -0.908  46.848 0.0000000000
72593  44.412  -0.811  46.448 0.0000000000
71587  42.990  -1.578  45.993 0.0000000000
71593  42.952  -0.936  45.384 0.0000000000
48103  27.406  -25.609  65.454 0.0000000000
48117  26.647  -24.900  64.519 0.0000000000
48104  26.820  -25.169  65.336 0.0000000000
135126  25.560  -24.640  65.687 0.0000000000
138377  20.939  -26.501  69.439 0.0000000000
121304  19.748  -27.783  67.949 0.0000000000
44179  18.950  -29.226  65.196 0.0000000000
43291  17.960  -30.126  66.206 0.0000000000
58889  38.551  -14.656  57.519 0.0000000000
140559  37.663  -15.847  55.470 0.0000000000
56188  37.660  -17.003  55.123 0.0000000000
128056  37.189  -18.136  54.870 0.0000000000
55184  36.587  -18.432  54.913 0.0000000000
55086  31.287  -17.963  61.375 0.0000000000
120757  31.963  -17.574  60.090 0.0000000000
55114  32.510  -17.532  59.486 0.0000000000
55141  33.454  -17.781  57.517 0.0000000000
136849  32.829  -17.662  57.038 0.0000000000
55171  30.731  -18.136  56.005 0.0000000000
132972  31.260  -17.880  55.382 0.0000000000
64793  36.190  -8.456  52.419 0.0000000000
63819  35.389  -9.630  52.257 0.0000000000
135100  34.822  -9.716  51.180 0.0000000000
62845  34.178  -10.398  50.238 0.0000000000
61834  33.649  -11.464  49.148 0.0000000000
79401  52.735  6.856  37.050 0.0000000000
79399  52.518  5.970  37.444 0.0000000000
79402  52.207  6.312  36.468 0.0000000000
77470  51.236  4.449  35.472 0.0000000000
68788  42.366  -5.092  46.476 0.0000000000
68789  41.613  -5.156  46.034 0.0000000000
66783  39.750  -6.559  47.375 0.0000000000
65818  40.040  -6.983  46.640 0.0000000000
70579  45.270  -2.778  51.594 0.0000000000
70570  45.950  -2.645  51.927 0.0000000000
68757  46.652  -4.184  49.763 0.0000000000
68770  45.995  -4.519  48.797 0.0000000000
67757  44.763  -5.646  48.430 0.0000000000
67769  44.695  -5.653  47.972 0.0000000000
68780  44.511  -5.217  47.657 0.0000000000
68787  43.066  -5.012  46.821 0.0000000000
55009  34.381  -17.813  67.392 0.0000000000
56095  33.013  -17.593  65.378 0.0000000000
55046  32.125  -17.867  65.015 0.0000000000
132547  31.240  -22.529  62.150 0.0000000000
52024  30.889  -21.926  62.377 0.0000000000
132854  30.603  -21.100  62.515 0.0000000000
52051  30.816  -22.450  60.946 0.0000000000
53094  30.383  -20.245  62.173 0.0000000000
54064  30.493  -19.344  62.520 0.0000000000
54069  30.373  -19.369  61.686 0.0000000000
55072  30.742  -18.548  61.945 0.0000000000
55087  30.630  -18.630  61.053 0.0000000000
54081  29.831  -19.620  59.394 0.0000000000
52077  29.797  -21.369  59.130 0.0000000000
124192  29.595  -21.036  58.300 0.0000000000
118166  29.624  -20.339  58.881 0.0000000000
121496  29.507  -20.581  57.580 0.0000000000
51020  29.450  -22.007  55.872 0.0000000000
47200  30.123  -26.420  55.200 0.0000000000
58962  34.836  -14.702  51.905 0.0000000000
78376  49.496  5.483  44.321 0.0000000000
75540  46.474  2.622  43.363 0.0000000000
76467  47.492  3.601  43.368 0.0000000000
76476  47.319  3.738  42.553 0.0000000000
77422  48.355  4.606  43.448 0.0000000000
78388  49.898  6.187  43.909 0.0000000000
79337  49.816  6.307  42.984 0.0000000000
79348  49.785  6.300  42.074 0.0000000000
78412  49.785  6.185  41.332 0.0000000000
78414  48.672  5.456  41.277 0.0000000000
122979  49.406  5.836  40.859 0.0000000000
138099  49.851  5.626  39.920 0.0000000000
136049  29.203  -25.886  60.650 0.0000000000
121573  28.354  -25.911  62.707 0.0000000000
47058  30.452  -26.561  64.796 0.0000000000
47031  29.632  -26.816  66.341 0.0000000000
47048  29.145  -26.634  65.655 0.0000000000
137333  28.710  -26.401  65.087 0.0000000000
47061  28.005  -25.971  65.072 0.0000000000
47020  27.379  -26.295  67.980 0.0000000000
54040  31.985  -19.259  67.148 0.0000000000
54041  31.649  -19.522  66.476 0.0000000000
53048  31.527  -20.229  66.114 0.0000000000
51994  31.479  -20.877  65.517 0.0000000000
52003  31.900  -22.332  64.441 0.0000000000
139045  32.194  -22.363  65.112 0.0000000000
50943  31.970  -22.831  63.566 0.0000000000
50075  31.963  -23.546  62.655 0.0000000000
49178  31.509  -25.115  61.181 0.0000000000
48169  31.322  -25.652  61.372 0.0000000000
47126  30.852  -25.928  60.836 0.0000000000
68794  40.893  -5.144  45.449 0.0000000000
75522  48.589  2.412  46.390 0.0000000000
74549  48.168  1.608  46.766 0.0000000000
74557  47.947  2.093  45.980 0.0000000000
74569  46.983  2.177  44.924 0.0000000000
73610  45.398  0.756  45.641 0.0000000000
73612  43.935  0.098  45.251 0.0000000000
73611  44.690  0.463  45.407 0.0000000000
73622  45.059  1.047  44.885 0.0000000000
74571  45.536  1.542  44.332 0.0000000000
74587  44.528  1.259  43.086 0.0000000000
124700  26.655  -25.007  60.208 0.0000000000
48188  24.647  -25.239  60.534 0.0000000000
48151  25.226  -24.627  62.878 0.0000000000
120229  25.535  -24.669  62.253 0.0000000000
48189  23.905  -25.767  60.336 0.0000000000
47114  22.953  -26.051  61.882 0.0000000000
127729  22.911  -26.401  61.153 0.0000000000
47131  22.626  -27.073  60.863 0.0000000000
117787  22.809  -25.010  66.079 0.0000000000
47008  21.217  -26.152  68.133 0.0000000000
46009  20.749  -26.752  66.989 0.0000000000
47021  21.126  -26.303  67.404 0.0000000000
47035  22.006  -25.544  65.818 0.0000000000
46038  21.262  -27.337  63.401 0.0000000000
46052  21.429  -27.570  62.539 0.0000000000
40606  15.148  -33.459  68.883 0.0000000000
68713  40.100  -4.092  53.664 0.0000000000
65762  37.576  -7.142  53.596 0.0000000000
64770  37.036  -7.977  53.642 0.0000000000
63797  35.609  -10.085  53.038 0.0000000000
62802  35.756  -10.877  53.507 0.0000000000
59879  34.856  -13.468  52.548 0.0000000000
61756  36.891  -11.339  55.231 0.0000000000
60783  36.334  -12.322  54.361 0.0000000000
59851  36.750  -13.057  54.776 0.0000000000
59866  35.355  -13.664  53.005 0.0000000000
136728  36.257  -16.634  51.675 0.0000000000
56237  37.312  -18.201  50.909 0.0000000000
56226  37.433  -18.041  51.732 0.0000000000
54168  37.073  -19.712  50.304 0.0000000000
132892  36.377  -20.247  50.175 0.0000000000
56094  35.184  -17.495  65.653 0.0000000000
56104  35.600  -17.566  64.913 0.0000000000
55045  35.173  -17.482  64.158 0.0000000000
55044  35.995  -17.615  64.290 0.0000000000
55066  36.377  -17.667  62.481 0.0000000000
55084  33.473  -17.435  61.712 0.0000000000
134605  34.349  -17.435  61.783 0.0000000000
120472  35.746  -17.653  62.015 0.0000000000
55080  37.050  -17.722  61.961 0.0000000000
55095  36.515  -17.795  60.291 0.0000000000
55094  37.274  -17.663  60.503 0.0000000000
55108  37.975  -17.534  59.901 0.0000000000
56156  38.518  -17.259  58.465 0.0000000000
55137  37.943  -17.725  57.966 0.0000000000
121479  36.681  -18.611  57.038 0.0000000000
134656  36.916  -18.395  56.262 0.0000000000
137177  35.947  -18.513  54.496 0.0000000000
119308  34.032  -18.037  57.113 0.0000000000
55154  34.223  -18.061  56.435 0.0000000000
55168  34.511  -18.090  55.466 0.0000000000
55185  35.088  -18.283  54.775 0.0000000000
137280  34.586  -18.981  51.503 0.0000000000
55242  33.753  -18.804  51.493 0.0000000000
54153  34.231  -19.412  51.017 0.0000000000
67718  38.868  -4.799  51.817 0.0000000000
66730  37.939  -5.781  52.107 0.0000000000
66738  37.860  -5.670  51.292 0.0000000000
67731  38.233  -5.359  50.573 0.0000000000
66747  37.757  -5.787  49.870 0.0000000000
66759  37.238  -6.274  49.312 0.0000000000
64806  35.966  -8.202  51.607 0.0000000000
64819  35.795  -7.994  50.746 0.0000000000
64829  35.702  -7.857  49.838 0.0000000000
65800  36.160  -7.299  49.477 0.0000000000
65809  36.338  -7.380  47.808 0.0000000000
76502  50.896  3.844  36.873 0.0000000000
50956  31.599  -23.029  62.235 0.0000000000
53093  30.569  -20.398  62.996 0.0000000000
53108  30.059  -20.602  60.964 0.0000000000
55158  30.195  -18.608  56.549 0.0000000000
55190  30.208  -18.733  54.850 0.0000000000
64794  35.655  -8.908  51.972 0.0000000000
67719  38.350  -5.269  51.495 0.0000000000
67740  45.119  -5.361  49.169 0.0000000000
67768  45.149  -5.302  48.260 0.0000000000
68733  46.836  -3.992  50.817 0.0000000000
68747  44.859  -4.641  50.133 0.0000000000
119307  32.639  -17.658  57.539 0.0000000000
135358  29.591  -19.786  57.543 0.0000000000
137493  48.453  4.878  39.863 0.0000000000
138293  39.366  -4.934  53.755 0.0000000000
