#!ascii label  , from subject sub-v2s10x30160_ses-1 vox2ras=TkReg
570
68429  20.054  -5.719  -12.731 0.0000000000
120609  25.844  2.248  -14.697 0.0000000000
84319  22.488  11.858  -15.208 0.0000000000
79822  18.862  6.984  -15.895 0.0000000000
63526  22.179  -10.255  -11.136 0.0000000000
67423  25.463  -6.761  -12.681 0.0000000000
71280  22.245  -2.997  -16.574 0.0000000000
75157  19.953  2.563  -16.566 0.0000000000
79813  23.502  6.702  -14.438 0.0000000000
84323  27.688  11.527  -16.485 0.0000000000
87634  21.208  16.154  -17.013 0.0000000000
65465  21.158  -7.864  -12.114 0.0000000000
64513  24.142  -8.966  -12.154 0.0000000000
67433  22.312  -7.269  -14.389 0.0000000000
74214  18.512  0.543  -14.091 0.0000000000
76002  17.249  2.694  -13.162 0.0000000000
82544  21.718  9.330  -16.141 0.0000000000
138566  21.801  6.944  -15.958 0.0000000000
82524  23.432  9.252  -14.239 0.0000000000
119982  26.511  9.230  -14.213 0.0000000000
84312  25.321  12.030  -14.254 0.0000000000
87608  19.411  15.737  -14.632 0.0000000000
86851  19.672  14.622  -15.382 0.0000000000
88442  19.424  17.282  -18.127 0.0000000000
125435  24.683  -0.049  -15.303 0.0000000000
71252  25.780  -2.696  -14.539 0.0000000000
73224  27.231  -0.391  -13.902 0.0000000000
126949  20.864  10.721  -16.308 0.0000000000
77900  28.158  4.632  -13.794 0.0000000000
69381  19.201  -3.351  -12.653 0.0000000000
69394  20.822  -4.844  -15.060 0.0000000000
71269  20.001  -2.050  -14.559 0.0000000000
73249  20.547  -0.347  -16.266 0.0000000000
141203  23.308  1.990  -15.562 0.0000000000
77931  19.419  4.613  -16.321 0.0000000000
77928  21.960  5.098  -15.744 0.0000000000
77903  25.403  4.603  -14.515 0.0000000000
80728  27.128  7.022  -14.499 0.0000000000
85212  20.082  12.753  -16.539 0.0000000000
122766  22.303  14.080  -15.726 0.0000000000
89322  19.805  17.436  -20.443 0.0000000000
89295  23.050  17.463  -18.666 0.0000000000
86857  24.788  15.140  -15.878 0.0000000000
86105  26.283  14.005  -18.620 0.0000000000
68451  24.363  -5.428  -15.082 0.0000000000
68417  18.793  -5.199  -11.262 0.0000000000
67415  19.311  -6.026  -11.256 0.0000000000
137243  20.712  -7.279  -12.196 0.0000000000
141405  21.533  -7.827  -12.809 0.0000000000
137832  20.992  -6.782  -13.389 0.0000000000
83452  21.910  10.122  -15.990 0.0000000000
82535  22.179  9.282  -15.726 0.0000000000
83436  23.094  10.140  -14.571 0.0000000000
124391  24.433  11.286  -13.944 0.0000000000
84313  23.726  11.761  -14.252 0.0000000000
88419  18.910  16.511  -16.285 0.0000000000
87628  19.018  15.970  -16.612 0.0000000000
133268  18.136  17.728  -17.976 0.0000000000
74221  25.097  0.731  -15.009 0.0000000000
131208  26.086  -0.217  -14.592 0.0000000000
129563  26.839  0.918  -14.367 0.0000000000
82536  20.076  9.500  -15.688 0.0000000000
132033  19.477  10.800  -15.147 0.0000000000
63514  21.017  -10.060  -10.102 0.0000000000
62540  21.864  -11.185  -10.109 0.0000000000
62538  23.138  -11.319  -10.240 0.0000000000
63511  23.554  -10.696  -10.606 0.0000000000
65461  24.539  -8.207  -12.506 0.0000000000
64483  25.189  -8.923  -10.668 0.0000000000
71243  19.376  -2.521  -13.439 0.0000000000
72199  18.598  -1.776  -13.047 0.0000000000
75132  19.022  1.640  -15.145 0.0000000000
73238  19.506  -0.047  -15.136 0.0000000000
75143  20.205  1.025  -16.447 0.0000000000
75141  22.201  1.139  -16.542 0.0000000000
131072  20.986  1.981  -16.997 0.0000000000
77918  17.878  4.843  -14.495 0.0000000000
79832  19.071  6.184  -16.109 0.0000000000
79814  22.523  6.617  -14.959 0.0000000000
78898  21.772  5.708  -15.942 0.0000000000
78891  22.813  5.513  -14.795 0.0000000000
77915  23.380  4.635  -14.717 0.0000000000
118092  24.774  5.342  -14.472 0.0000000000
119353  26.103  6.165  -14.450 0.0000000000
125067  25.754  6.751  -14.384 0.0000000000
123203  26.830  10.605  -14.752 0.0000000000
82534  27.656  9.727  -14.800 0.0000000000
87626  20.445  14.932  -16.241 0.0000000000
85214  19.586  13.315  -16.151 0.0000000000
86861  20.720  14.033  -16.162 0.0000000000
86094  20.792  13.272  -16.378 0.0000000000
86860  21.992  14.927  -16.262 0.0000000000
88428  24.340  16.675  -17.570 0.0000000000
87639  25.202  16.328  -18.765 0.0000000000
86865  25.929  15.064  -17.100 0.0000000000
70315  22.019  -4.127  -16.252 0.0000000000
68465  23.066  -5.393  -15.965 0.0000000000
69409  24.019  -4.201  -16.014 0.0000000000
71242  26.850  -2.517  -13.706 0.0000000000
124301  26.405  -3.905  -13.748 0.0000000000
136491  20.531  -8.608  -10.605 0.0000000000
64500  21.758  -9.413  -11.516 0.0000000000
138257  23.167  -10.202  -11.409 0.0000000000
64515  22.782  -9.199  -12.433 0.0000000000
65477  23.423  -8.160  -13.464 0.0000000000
66428  23.886  -7.501  -13.984 0.0000000000
75081  17.218  1.332  -12.402 0.0000000000
75117  17.683  1.658  -13.414 0.0000000000
142352  18.577  2.431  -14.885 0.0000000000
81665  20.192  8.026  -16.220 0.0000000000
80748  20.826  7.384  -16.500 0.0000000000
81662  21.777  7.890  -16.150 0.0000000000
131914  22.494  7.603  -15.136 0.0000000000
131193  23.234  7.511  -14.461 0.0000000000
81644  24.896  8.393  -13.863 0.0000000000
82523  24.401  9.310  -13.786 0.0000000000
83432  26.188  10.852  -14.383 0.0000000000
84318  26.675  11.923  -15.113 0.0000000000
134324  19.586  15.151  -14.181 0.0000000000
87617  19.409  15.168  -15.013 0.0000000000
87627  19.552  15.722  -16.646 0.0000000000
88441  20.091  17.018  -18.220 0.0000000000
72245  23.849  -1.658  -16.284 0.0000000000
70314  24.513  -3.304  -15.860 0.0000000000
72233  25.241  -1.606  -15.119 0.0000000000
72221  26.697  -1.765  -13.983 0.0000000000
81656  19.452  8.202  -15.515 0.0000000000
81655  20.084  8.697  -15.940 0.0000000000
134575  21.408  10.067  -16.242 0.0000000000
84326  21.821  11.679  -16.175 0.0000000000
64484  24.688  -9.642  -10.450 0.0000000000
76933  27.371  3.625  -14.158 0.0000000000
76016  27.448  2.357  -14.139 0.0000000000
69366  19.307  -4.143  -12.406 0.0000000000
68440  20.309  -5.308  -13.465 0.0000000000
69396  20.013  -3.542  -13.696 0.0000000000
70302  20.273  -3.367  -14.332 0.0000000000
71267  21.058  -3.017  -15.604 0.0000000000
72223  18.966  -1.047  -13.954 0.0000000000
72235  20.339  -1.746  -15.237 0.0000000000
72247  22.038  -1.356  -16.636 0.0000000000
129815  23.240  -0.198  -16.144 0.0000000000
74222  24.177  0.801  -15.419 0.0000000000
76035  24.479  2.393  -14.931 0.0000000000
76951  18.445  3.750  -15.079 0.0000000000
76967  19.331  3.763  -16.147 0.0000000000
78900  20.555  5.534  -16.634 0.0000000000
78912  20.995  4.975  -16.660 0.0000000000
76977  21.035  3.467  -16.750 0.0000000000
76037  22.818  3.394  -15.336 0.0000000000
76948  24.269  3.263  -14.794 0.0000000000
76935  25.737  3.672  -14.584 0.0000000000
77902  26.799  4.972  -14.338 0.0000000000
78883  27.314  5.727  -14.321 0.0000000000
128864  26.338  7.902  -14.364 0.0000000000
130406  20.605  12.087  -16.314 0.0000000000
85211  21.180  12.413  -16.404 0.0000000000
86085  22.412  13.301  -15.486 0.0000000000
89312  19.405  17.322  -19.623 0.0000000000
89297  20.391  17.294  -18.992 0.0000000000
121279  21.216  17.559  -20.065 0.0000000000
88430  21.849  16.799  -17.437 0.0000000000
88418  23.187  16.210  -16.761 0.0000000000
86858  23.761  15.244  -15.776 0.0000000000
133423  23.973  13.915  -14.952 0.0000000000
86082  25.615  13.732  -15.238 0.0000000000
86092  26.264  13.520  -15.678 0.0000000000
85218  26.865  12.847  -17.159 0.0000000000
67445  21.724  -6.520  -14.769 0.0000000000
67443  23.527  -6.526  -15.113 0.0000000000
67442  24.658  -6.280  -14.192 0.0000000000
124961  25.250  -3.857  -14.843 0.0000000000
68438  25.663  -5.301  -13.712 0.0000000000
68430  19.397  -5.224  -12.070 0.0000000000
66418  19.947  -6.247  -11.933 0.0000000000
125022  20.321  -6.941  -11.895 0.0000000000
66417  20.504  -6.655  -12.606 0.0000000000
140208  20.516  -6.126  -13.263 0.0000000000
84325  22.190  10.951  -15.791 0.0000000000
83441  22.411  10.118  -15.297 0.0000000000
130557  22.735  10.962  -14.881 0.0000000000
84314  23.469  11.012  -14.276 0.0000000000
140760  23.130  11.613  -14.601 0.0000000000
88433  18.811  17.011  -17.176 0.0000000000
75115  25.541  1.484  -14.787 0.0000000000
74213  26.011  0.647  -14.650 0.0000000000
75114  26.352  1.571  -14.571 0.0000000000
64485  21.405  -9.768  -10.795 0.0000000000
63513  21.635  -10.519  -10.451 0.0000000000
63512  22.193  -10.841  -10.565 0.0000000000
62539  22.521  -11.312  -10.227 0.0000000000
62551  22.805  -10.799  -10.733 0.0000000000
62537  23.750  -11.184  -9.919 0.0000000000
66414  25.216  -7.524  -12.282 0.0000000000
65460  25.101  -8.082  -11.855 0.0000000000
66402  25.588  -7.640  -11.518 0.0000000000
67414  25.839  -6.953  -11.861 0.0000000000
72213  18.188  -1.170  -12.843 0.0000000000
129965  19.493  2.149  -15.961 0.0000000000
75144  19.645  1.303  -15.922 0.0000000000
138094  19.928  1.762  -16.414 0.0000000000
75155  20.910  1.153  -16.848 0.0000000000
79823  18.458  6.361  -15.365 0.0000000000
78886  22.406  6.178  -15.017 0.0000000000
128308  23.146  6.037  -14.587 0.0000000000
77905  23.766  5.352  -14.535 0.0000000000
79812  24.177  6.006  -14.400 0.0000000000
79811  25.208  6.063  -14.382 0.0000000000
125066  24.735  6.731  -14.284 0.0000000000
83451  27.221  11.193  -15.481 0.0000000000
83440  27.505  10.374  -15.107 0.0000000000
87635  20.277  15.812  -16.919 0.0000000000
87625  21.183  15.395  -16.626 0.0000000000
123396  21.153  14.637  -16.317 0.0000000000
88446  24.652  16.743  -19.319 0.0000000000
87644  25.187  16.005  -19.684 0.0000000000
87643  25.553  15.507  -19.025 0.0000000000
70328  22.311  -3.772  -16.584 0.0000000000
69424  22.796  -4.256  -16.539 0.0000000000
69423  23.416  -4.086  -16.418 0.0000000000
71241  27.531  -2.514  -13.224 0.0000000000
70280  27.766  -3.246  -12.785 0.0000000000
66403  20.498  -7.538  -11.607 0.0000000000
65453  20.225  -7.800  -10.822 0.0000000000
65452  20.788  -8.273  -11.377 0.0000000000
64501  21.088  -9.024  -11.112 0.0000000000
65451  21.436  -8.656  -11.809 0.0000000000
64516  22.085  -9.024  -12.204 0.0000000000
65464  21.765  -8.362  -12.501 0.0000000000
66430  22.348  -7.815  -13.746 0.0000000000
65478  22.732  -8.234  -13.420 0.0000000000
66429  23.023  -7.749  -14.021 0.0000000000
76003  17.046  2.460  -12.726 0.0000000000
75097  17.199  1.937  -12.734 0.0000000000
76020  17.706  2.428  -13.729 0.0000000000
76019  18.144  2.776  -14.428 0.0000000000
81664  20.860  8.298  -16.486 0.0000000000
130971  21.353  7.924  -16.421 0.0000000000
81663  21.474  8.634  -16.329 0.0000000000
82525  22.664  9.238  -14.923 0.0000000000
131714  22.362  8.412  -15.435 0.0000000000
81646  22.946  8.342  -14.641 0.0000000000
81645  23.802  8.330  -14.039 0.0000000000
126930  25.459  11.103  -14.074 0.0000000000
84311  26.113  11.649  -14.511 0.0000000000
85201  26.066  12.468  -14.765 0.0000000000
88407  19.323  16.284  -15.267 0.0000000000
87592  19.440  15.786  -14.163 0.0000000000
127555  19.433  15.134  -14.344 0.0000000000
87636  19.120  16.559  -17.370 0.0000000000
88432  19.689  16.434  -17.472 0.0000000000
73246  24.106  -1.001  -15.960 0.0000000000
72234  24.573  -1.522  -15.750 0.0000000000
73236  25.011  -0.806  -15.231 0.0000000000
74212  26.688  0.089  -14.318 0.0000000000
73225  26.542  -0.874  -14.289 0.0000000000
72210  27.256  -1.206  -13.752 0.0000000000
81648  18.895  8.165  -14.585 0.0000000000
83454  20.743  9.883  -16.113 0.0000000000
83453  21.611  10.858  -16.338 0.0000000000
84327  21.117  11.522  -16.477 0.0000000000
125730  23.722  -9.600  -11.783 0.0000000000
63525  24.035  -10.039  -11.006 0.0000000000
64497  24.511  -9.252  -11.314 0.0000000000
64472  25.311  -9.338  -9.866 0.0000000000
142063  27.597  4.242  -14.039 0.0000000000
69367  18.764  -3.685  -12.017 0.0000000000
69380  19.719  -3.791  -13.062 0.0000000000
71254  19.642  -2.296  -13.995 0.0000000000
70303  19.861  -2.890  -13.809 0.0000000000
71253  20.162  -2.703  -14.381 0.0000000000
70317  20.646  -3.194  -14.963 0.0000000000
71268  20.501  -2.501  -15.023 0.0000000000
73227  18.367  -0.232  -13.541 0.0000000000
127621  18.985  -0.209  -14.344 0.0000000000
136842  19.765  -0.729  -15.179 0.0000000000
72249  20.723  -1.281  -15.946 0.0000000000
72248  21.272  -1.597  -16.353 0.0000000000
73261  21.254  -0.789  -16.569 0.0000000000
73260  21.923  -0.331  -16.749 0.0000000000
76036  22.776  1.662  -15.951 0.0000000000
75140  22.887  0.970  -16.132 0.0000000000
75131  23.426  1.289  -15.712 0.0000000000
75130  23.966  1.799  -15.314 0.0000000000
77917  18.412  4.939  -15.251 0.0000000000
134688  18.316  4.352  -14.995 0.0000000000
77932  18.778  4.248  -15.634 0.0000000000
76968  18.894  3.424  -15.577 0.0000000000
79829  21.434  6.739  -16.292 0.0000000000
79830  20.748  6.366  -16.558 0.0000000000
77929  21.555  5.113  -16.276 0.0000000000
77942  21.302  4.337  -16.528 0.0000000000
134992  21.760  4.522  -16.125 0.0000000000
76965  21.651  3.711  -16.299 0.0000000000
129396  22.215  4.166  -15.650 0.0000000000
77904  24.372  4.633  -14.569 0.0000000000
76949  23.467  3.707  -14.879 0.0000000000
77914  24.069  4.027  -14.693 0.0000000000
76936  24.836  3.848  -14.612 0.0000000000
118077  26.296  4.313  -14.459 0.0000000000
119891  26.849  6.304  -14.478 0.0000000000
78884  26.497  5.620  -14.428 0.0000000000
79809  27.447  6.468  -14.415 0.0000000000
79808  28.006  6.270  -14.203 0.0000000000
80727  27.913  6.972  -14.410 0.0000000000
81643  25.951  8.484  -14.115 0.0000000000
86088  19.276  13.795  -14.869 0.0000000000
85213  19.252  12.795  -15.973 0.0000000000
85204  19.894  12.157  -15.874 0.0000000000
84321  19.655  11.465  -15.484 0.0000000000
130010  21.416  14.019  -16.095 0.0000000000
86093  21.638  13.241  -15.980 0.0000000000
85203  22.076  12.531  -15.857 0.0000000000
119577  18.402  17.003  -20.225 0.0000000000
142294  19.060  17.257  -20.197 0.0000000000
138841  19.937  17.322  -19.340 0.0000000000
89311  20.385  17.415  -19.783 0.0000000000
89309  22.780  17.586  -19.608 0.0000000000
89321  21.737  17.696  -20.671 0.0000000000
89310  21.960  17.603  -19.865 0.0000000000
89296  22.080  17.506  -18.964 0.0000000000
133020  22.218  17.317  -18.166 0.0000000000
134761  22.710  16.594  -17.177 0.0000000000
88439  22.863  17.113  -17.753 0.0000000000
87632  24.830  16.191  -17.083 0.0000000000
87623  23.687  15.867  -16.367 0.0000000000
86850  23.306  14.318  -15.325 0.0000000000
86849  24.324  14.535  -15.321 0.0000000000
86083  24.790  13.859  -14.961 0.0000000000
86848  25.230  14.445  -15.493 0.0000000000
86100  26.357  14.299  -17.577 0.0000000000
86855  26.242  14.380  -16.627 0.0000000000
86099  26.598  13.699  -16.953 0.0000000000
85210  26.662  13.233  -16.297 0.0000000000
86104  26.561  13.377  -17.919 0.0000000000
68454  20.587  -5.034  -14.194 0.0000000000
68439  20.903  -6.076  -14.036 0.0000000000
68453  21.143  -5.710  -14.910 0.0000000000
68464  23.754  -5.330  -15.626 0.0000000000
67452  23.345  -6.032  -15.571 0.0000000000
67451  23.914  -6.046  -15.177 0.0000000000
66441  24.055  -6.696  -14.649 0.0000000000
122853  24.365  -6.025  -14.743 0.0000000000
70313  25.189  -3.143  -15.139 0.0000000000
69408  24.736  -4.018  -15.438 0.0000000000
70301  25.639  -3.390  -14.552 0.0000000000
69376  26.755  -4.250  -13.227 0.0000000000
69377  26.097  -4.574  -13.725 0.0000000000
68437  26.349  -5.024  -13.096 0.0000000000
68428  25.792  -5.898  -13.053 0.0000000000
66416  21.066  -7.342  -12.784 0.0000000000
66431  21.655  -7.471  -13.508 0.0000000000
67434  21.480  -6.881  -14.062 0.0000000000
83435  23.917  10.226  -13.930 0.0000000000
85195  24.376  12.334  -14.285 0.0000000000
87618  19.362  15.799  -15.547 0.0000000000
88443  18.812  17.522  -17.847 0.0000000000
126223  18.939  17.471  -18.466 0.0000000000
127918  25.412  -0.088  -14.875 0.0000000000
74211  27.337  0.417  -13.985 0.0000000000
83442  20.026  10.526  -15.755 0.0000000000
138325  20.603  -9.612  -9.760 0.0000000000
64474  20.269  -9.425  -9.151 0.0000000000
63496  21.261  -10.748  -9.752 0.0000000000
62519  23.326  -11.682  -9.723 0.0000000000
135086  24.353  -11.044  -9.320 0.0000000000
141744  24.959  -8.793  -11.235 0.0000000000
64496  24.767  -8.618  -11.719 0.0000000000
134645  18.739  -3.011  -12.330 0.0000000000
70293  19.088  -2.737  -12.895 0.0000000000
71244  18.956  -2.258  -13.123 0.0000000000
71255  19.086  -1.842  -13.589 0.0000000000
75133  18.604  1.191  -14.455 0.0000000000
74223  19.427  0.795  -15.390 0.0000000000
74236  19.834  0.501  -15.842 0.0000000000
74249  20.589  0.454  -16.600 0.0000000000
74247  21.895  0.440  -16.785 0.0000000000
75154  21.536  0.919  -16.837 0.0000000000
75142  21.512  1.651  -16.790 0.0000000000
130732  22.116  2.097  -16.288 0.0000000000
78902  18.652  5.577  -15.646 0.0000000000
78901  19.258  5.405  -16.226 0.0000000000
79821  22.053  6.701  -15.555 0.0000000000
79828  21.775  6.363  -15.907 0.0000000000
78892  22.091  5.847  -15.389 0.0000000000
77916  22.508  4.948  -15.158 0.0000000000
78885  25.689  5.463  -14.443 0.0000000000
79810  26.474  6.714  -14.473 0.0000000000
82521  26.332  10.060  -14.205 0.0000000000
134044  27.031  9.851  -14.562 0.0000000000
82533  28.246  10.138  -15.290 0.0000000000
86862  19.976  14.940  -15.882 0.0000000000
86087  19.507  13.892  -15.430 0.0000000000
86086  20.129  14.099  -15.878 0.0000000000
86095  20.142  13.436  -16.466 0.0000000000
89308  23.477  17.458  -19.449 0.0000000000
88438  23.765  17.169  -18.061 0.0000000000
88447  24.000  17.318  -18.932 0.0000000000
88427  25.095  16.406  -17.894 0.0000000000
87631  25.501  15.768  -17.500 0.0000000000
86856  25.618  14.858  -16.203 0.0000000000
86868  25.955  15.062  -18.206 0.0000000000
69412  21.492  -4.625  -15.834 0.0000000000
68467  21.475  -5.370  -15.530 0.0000000000
69411  22.545  -4.780  -16.275 0.0000000000
69410  23.379  -4.713  -16.113 0.0000000000
69393  24.274  -4.763  -15.498 0.0000000000
71251  26.322  -2.386  -14.159 0.0000000000
128237  26.259  -3.194  -14.043 0.0000000000
70291  27.016  -3.374  -13.381 0.0000000000
122471  27.368  -3.928  -12.859 0.0000000000
65441  20.350  -8.973  -9.843 0.0000000000
64486  20.807  -9.355  -10.388 0.0000000000
64499  22.525  -9.635  -11.812 0.0000000000
64498  23.109  -9.664  -12.079 0.0000000000
64514  23.419  -9.173  -12.423 0.0000000000
122345  22.425  -8.601  -12.788 0.0000000000
65463  23.073  -8.702  -12.948 0.0000000000
65462  23.771  -8.599  -12.849 0.0000000000
65476  24.050  -8.037  -13.277 0.0000000000
66415  24.666  -7.389  -13.205 0.0000000000
74215  17.969  0.776  -13.408 0.0000000000
128997  17.475  1.195  -12.872 0.0000000000
75116  18.214  1.225  -13.908 0.0000000000
131517  18.261  1.923  -14.282 0.0000000000
76038  18.984  2.634  -15.452 0.0000000000
80740  19.640  7.534  -16.082 0.0000000000
79831  19.886  6.717  -16.322 0.0000000000
80747  21.589  7.375  -16.223 0.0000000000
131915  21.968  8.516  -16.027 0.0000000000
81654  22.109  7.736  -15.792 0.0000000000
80746  21.950  7.295  -15.886 0.0000000000
80739  22.235  7.127  -15.504 0.0000000000
80732  22.660  7.017  -14.867 0.0000000000
80731  24.255  7.487  -14.123 0.0000000000
82522  25.554  9.441  -13.844 0.0000000000
83434  24.913  10.300  -13.764 0.0000000000
83433  25.700  10.358  -13.987 0.0000000000
139256  26.623  11.249  -14.841 0.0000000000
84324  27.079  12.031  -15.942 0.0000000000
136184  19.642  15.387  -15.773 0.0000000000
88431  20.654  16.567  -17.537 0.0000000000
71279  23.260  -2.557  -16.579 0.0000000000
70326  23.787  -3.416  -16.403 0.0000000000
71278  24.219  -2.486  -16.176 0.0000000000
71266  24.892  -2.396  -15.564 0.0000000000
71265  25.390  -2.315  -14.952 0.0000000000
73226  25.695  -0.885  -14.745 0.0000000000
123949  25.945  -1.780  -14.526 0.0000000000
80741  18.862  7.615  -15.267 0.0000000000
82546  20.799  9.087  -16.218 0.0000000000
82545  21.294  9.418  -16.263 0.0000000000
76017  26.669  2.451  -14.467 0.0000000000
118204  27.186  2.980  -14.261 0.0000000000
68431  18.811  -4.475  -11.739 0.0000000000
68441  19.824  -4.716  -12.899 0.0000000000
69379  20.140  -4.366  -13.592 0.0000000000
69395  20.372  -4.136  -14.309 0.0000000000
70292  19.548  -3.102  -13.260 0.0000000000
69413  20.774  -3.944  -15.020 0.0000000000
70316  21.208  -3.733  -15.721 0.0000000000
70329  21.677  -3.474  -16.198 0.0000000000
72212  18.519  -1.151  -13.339 0.0000000000
72222  19.487  -1.621  -14.248 0.0000000000
73239  19.439  -0.876  -14.606 0.0000000000
72236  19.846  -1.361  -14.864 0.0000000000
71282  20.941  -2.217  -15.820 0.0000000000
117888  21.700  -2.234  -16.445 0.0000000000
118019  22.458  -2.158  -16.581 0.0000000000
72246  22.997  -1.544  -16.496 0.0000000000
73247  23.510  -0.875  -16.206 0.0000000000
74232  23.946  -0.222  -15.778 0.0000000000
74234  22.614  0.266  -16.424 0.0000000000
74233  23.392  0.493  -15.919 0.0000000000
75129  24.734  1.554  -15.021 0.0000000000
76034  25.160  2.120  -14.806 0.0000000000
76921  17.241  3.587  -13.387 0.0000000000
76938  17.682  3.289  -13.987 0.0000000000
76937  18.173  3.387  -14.612 0.0000000000
76039  18.516  3.085  -15.030 0.0000000000
76050  19.384  2.978  -16.066 0.0000000000
126132  19.891  5.915  -16.507 0.0000000000
138987  19.848  5.246  -16.560 0.0000000000
78899  21.342  5.855  -16.380 0.0000000000
77930  20.217  4.754  -16.665 0.0000000000
76966  19.892  3.985  -16.616 0.0000000000
76978  20.305  3.346  -16.722 0.0000000000
76058  20.701  2.632  -16.830 0.0000000000
76049  21.434  2.643  -16.624 0.0000000000
76048  22.162  3.088  -15.978 0.0000000000
136346  22.773  2.481  -15.669 0.0000000000
76950  22.808  4.184  -15.017 0.0000000000
127043  23.580  2.715  -15.183 0.0000000000
76018  25.195  2.922  -14.706 0.0000000000
136440  26.024  2.941  -14.605 0.0000000000
76934  26.625  3.450  -14.435 0.0000000000
120500  27.040  4.246  -14.295 0.0000000000
77901  27.483  4.893  -14.120 0.0000000000
136074  26.133  4.993  -14.415 0.0000000000
130663  28.052  5.488  -13.966 0.0000000000
80730  25.494  7.557  -14.218 0.0000000000
80729  26.390  7.280  -14.441 0.0000000000
82520  27.285  9.144  -14.503 0.0000000000
131588  27.732  7.671  -14.469 0.0000000000
138973  19.197  13.343  -15.596 0.0000000000
84320  20.350  11.449  -16.084 0.0000000000
85202  22.659  12.728  -15.154 0.0000000000
121043  18.734  17.409  -18.889 0.0000000000
119887  18.522  17.205  -19.444 0.0000000000
89298  19.560  17.336  -18.892 0.0000000000
118730  20.775  17.612  -20.608 0.0000000000
133038  21.207  17.455  -19.326 0.0000000000
88440  21.198  17.207  -18.324 0.0000000000
87633  22.140  16.034  -16.701 0.0000000000
87624  22.936  15.552  -16.256 0.0000000000
88429  23.508  16.734  -17.334 0.0000000000
86859  22.844  14.883  -15.786 0.0000000000
139295  22.785  13.807  -15.313 0.0000000000
86084  23.208  13.431  -14.955 0.0000000000
85196  23.340  12.446  -14.618 0.0000000000
86079  24.170  13.216  -14.631 0.0000000000
85194  25.238  13.026  -14.638 0.0000000000
133190  26.000  13.130  -15.120 0.0000000000
85200  26.565  12.724  -15.569 0.0000000000
136364  26.923  12.609  -16.342 0.0000000000
122196  27.256  12.195  -16.829 0.0000000000
85225  26.483  13.087  -18.978 0.0000000000
85224  26.847  12.698  -18.157 0.0000000000
138083  27.201  12.348  -17.606 0.0000000000
84333  27.672  11.899  -17.441 0.0000000000
68452  21.972  -6.041  -15.495 0.0000000000
67444  22.739  -6.603  -15.237 0.0000000000
66442  23.327  -7.167  -14.700 0.0000000000
67432  24.453  -6.916  -13.965 0.0000000000
67431  25.049  -6.549  -13.503 0.0000000000
69392  24.967  -4.659  -14.831 0.0000000000
69391  25.757  -4.074  -14.295 0.0000000000
69378  25.500  -4.840  -14.208 0.0000000000
68450  24.964  -5.517  -14.396 0.0000000000
138959  25.216  -5.912  -13.771 0.0000000000
75113  27.101  1.670  -14.312 0.0000000000
141773  27.412  1.098  -14.071 0.0000000000
65479  22.100  -8.021  -13.098 0.0000000000
67453  22.713  -5.978  -15.781 0.0000000000
68466  22.221  -5.419  -15.965 0.0000000000
70327  22.988  -3.568  -16.656 0.0000000000
71281  21.460  -2.866  -16.136 0.0000000000
72250  20.166  -0.965  -15.520 0.0000000000
73237  24.470  -0.724  -15.601 0.0000000000
73248  22.727  -0.670  -16.489 0.0000000000
73250  20.005  -0.229  -15.703 0.0000000000
74224  19.042  0.636  -14.756 0.0000000000
74235  20.238  0.275  -16.200 0.0000000000
74248  21.204  0.210  -16.786 0.0000000000
75156  20.448  1.840  -16.748 0.0000000000
76952  17.997  3.969  -14.532 0.0000000000
76979  19.737  3.322  -16.481 0.0000000000
77943  20.629  4.146  -16.725 0.0000000000
81642  26.782  8.477  -14.392 0.0000000000
87621  25.227  15.539  -16.639 0.0000000000
87622  24.407  15.766  -16.391 0.0000000000
88417  24.050  16.355  -16.841 0.0000000000
88437  24.554  16.850  -18.400 0.0000000000
88451  24.590  16.426  -20.226 0.0000000000
131874  18.878  4.939  -15.838 0.0000000000
134269  26.423  13.853  -16.242 0.0000000000
134631  25.989  14.204  -15.838 0.0000000000
139276  23.834  -4.769  -15.811 0.0000000000
140836  17.396  2.171  -13.194 0.0000000000
142149  25.518  15.883  -18.265 0.0000000000
