#!ascii label  , from subject sub-v2s10x28971_ses-1 vox2ras=TkReg
1791
120223  53.518  -19.641  56.417 0.0000000000
41612  42.910  -32.820  75.631 0.0000000000
28391  37.453  -47.079  77.506 0.0000000000
26008  31.590  -49.780  78.983 0.0000000000
35778  41.748  -38.261  79.696 0.0000000000
33926  35.906  -39.987  71.838 0.0000000000
51151  52.439  -23.812  56.907 0.0000000000
117869  58.116  -13.565  54.000 0.0000000000
132252  52.128  -25.286  67.085 0.0000000000
48084  42.661  -26.642  67.294 0.0000000000
40773  35.641  -33.486  63.509 0.0000000000
132813  35.871  -43.051  76.140 0.0000000000
25197  36.740  -50.901  79.278 0.0000000000
29233  31.807  -45.078  75.641 0.0000000000
31021  40.543  -43.544  77.775 0.0000000000
115378  56.724  -23.737  66.645 0.0000000000
43754  42.363  -30.274  80.835 0.0000000000
45979  46.197  -27.683  77.675 0.0000000000
48938  46.321  -25.169  73.467 0.0000000000
44942  43.295  -29.596  71.515 0.0000000000
43926  38.816  -30.106  65.887 0.0000000000
40701  40.177  -34.605  68.553 0.0000000000
32049  32.027  -42.744  71.529 0.0000000000
35888  31.746  -38.570  68.628 0.0000000000
56967  57.055  -17.427  54.710 0.0000000000
56007  57.676  -18.485  50.513 0.0000000000
28427  32.860  -47.373  74.070 0.0000000000
25247  33.324  -51.100  74.921 0.0000000000
37683  44.806  -36.414  78.754 0.0000000000
36797  41.108  -37.147  72.242 0.0000000000
129211  41.543  -40.913  74.937 0.0000000000
30116  36.811  -43.889  74.409 0.0000000000
51149  55.620  -24.268  56.889 0.0000000000
29223  26.164  -44.944  76.117 0.0000000000
27572  26.289  -48.032  80.254 0.0000000000
56905  61.056  -16.920  58.684 0.0000000000
54084  58.508  -20.474  60.544 0.0000000000
51077  56.191  -23.067  60.982 0.0000000000
51079  52.199  -23.445  61.820 0.0000000000
110403  48.222  -24.532  61.922 0.0000000000
49871  51.773  -23.618  72.844 0.0000000000
49955  47.297  -24.404  67.218 0.0000000000
50055  43.328  -24.252  61.936 0.0000000000
48138  38.468  -26.134  61.430 0.0000000000
115334  35.674  -36.308  68.668 0.0000000000
32934  34.271  -40.758  75.837 0.0000000000
31044  33.961  -43.864  75.665 0.0000000000
31999  31.924  -41.681  74.882 0.0000000000
33896  36.628  -40.378  76.356 0.0000000000
41576  44.151  -32.128  78.321 0.0000000000
117432  44.662  -30.878  76.494 0.0000000000
44902  45.413  -29.239  74.737 0.0000000000
42735  42.747  -31.569  73.534 0.0000000000
42782  41.150  -31.455  70.645 0.0000000000
40650  40.934  -33.056  73.004 0.0000000000
30151  30.693  -44.668  71.317 0.0000000000
31128  29.793  -42.788  70.030 0.0000000000
55965  55.177  -18.054  56.192 0.0000000000
55998  54.275  -18.471  52.450 0.0000000000
55071  52.609  -19.781  53.609 0.0000000000
28421  34.735  -46.831  75.389 0.0000000000
26831  33.099  -49.289  74.376 0.0000000000
26808  35.314  -48.934  76.659 0.0000000000
25199  34.498  -50.319  79.553 0.0000000000
23359  35.575  -53.638  78.870 0.0000000000
22410  34.609  -54.221  80.427 0.0000000000
23331  31.907  -52.870  81.478 0.0000000000
38612  43.189  -35.516  81.350 0.0000000000
35776  44.740  -38.349  79.079 0.0000000000
132281  44.046  -39.163  76.027 0.0000000000
33878  43.477  -40.948  77.037 0.0000000000
29195  38.997  -45.919  78.255 0.0000000000
30101  38.831  -44.377  76.191 0.0000000000
29231  36.495  -45.511  75.542 0.0000000000
29246  34.602  -45.535  74.359 0.0000000000
50108  54.743  -25.112  57.083 0.0000000000
49098  54.338  -25.716  55.447 0.0000000000
48174  53.253  -26.364  54.794 0.0000000000
28361  25.896  -46.126  82.839 0.0000000000
52028  58.401  -22.779  60.526 0.0000000000
118696  58.456  -23.079  62.687 0.0000000000
122041  54.343  -24.516  66.375 0.0000000000
51051  53.993  -23.625  64.367 0.0000000000
50003  52.129  -24.654  64.661 0.0000000000
112413  50.207  -24.459  61.779 0.0000000000
49986  50.242  -24.994  64.911 0.0000000000
48967  44.521  -25.580  70.528 0.0000000000
49905  46.898  -24.055  70.423 0.0000000000
49958  44.753  -24.650  67.586 0.0000000000
116238  45.185  -24.455  65.083 0.0000000000
49027  42.547  -25.328  64.727 0.0000000000
49047  40.444  -25.146  61.563 0.0000000000
48119  40.645  -26.498  64.441 0.0000000000
131710  37.158  -30.233  62.868 0.0000000000
35847  38.138  -38.550  72.234 0.0000000000
37795  38.257  -36.741  70.292 0.0000000000
36817  35.908  -37.700  70.399 0.0000000000
36863  31.430  -37.143  66.902 0.0000000000
62899  60.175  -11.835  50.858 0.0000000000
59843  58.598  -14.330  51.319 0.0000000000
111094  38.384  -46.321  79.350 0.0000000000
26026  37.334  -49.249  78.614 0.0000000000
28381  35.855  -46.714  78.699 0.0000000000
28393  33.827  -46.727  77.602 0.0000000000
27601  32.049  -47.518  77.677 0.0000000000
35799  39.441  -38.698  78.635 0.0000000000
33871  41.527  -40.531  77.381 0.0000000000
34888  38.697  -39.833  76.881 0.0000000000
31031  38.730  -43.609  77.984 0.0000000000
119946  58.375  -22.763  65.317 0.0000000000
49937  54.595  -24.777  69.229 0.0000000000
48005  46.999  -26.786  75.676 0.0000000000
126942  45.071  -27.302  72.862 0.0000000000
47117  42.862  -27.868  69.247 0.0000000000
46137  40.982  -28.189  66.910 0.0000000000
118199  41.187  -29.564  68.498 0.0000000000
41740  39.199  -32.196  67.202 0.0000000000
39787  38.534  -34.179  65.459 0.0000000000
32980  34.324  -41.405  71.485 0.0000000000
34925  33.417  -39.591  70.211 0.0000000000
33934  31.816  -40.736  70.330 0.0000000000
58913  58.503  -15.571  54.575 0.0000000000
58039  58.262  -16.674  52.071 0.0000000000
56988  56.616  -17.741  52.276 0.0000000000
25228  35.814  -51.290  77.571 0.0000000000
40596  43.876  -33.561  79.660 0.0000000000
39651  43.473  -34.395  77.465 0.0000000000
38706  40.934  -35.590  73.905 0.0000000000
37732  42.174  -37.099  74.822 0.0000000000
34901  41.195  -38.857  73.377 0.0000000000
125509  38.347  -40.602  73.509 0.0000000000
31975  41.382  -43.113  76.772 0.0000000000
32019  38.632  -42.482  74.547 0.0000000000
32038  36.313  -42.027  72.890 0.0000000000
31104  34.847  -43.239  72.774 0.0000000000
30127  32.994  -45.058  73.196 0.0000000000
52048  54.490  -22.202  56.729 0.0000000000
52066  53.171  -22.080  54.172 0.0000000000
130434  54.424  -23.589  54.994 0.0000000000
30108  28.893  -44.504  75.062 0.0000000000
28398  28.566  -46.903  77.347 0.0000000000
28385  25.909  -46.569  78.323 0.0000000000
26781  28.312  -48.784  79.340 0.0000000000
59814  59.641  -15.032  56.334 0.0000000000
120299  58.853  -17.110  56.776 0.0000000000
56908  57.235  -17.774  58.120 0.0000000000
55009  55.689  -19.744  58.910 0.0000000000
53059  56.540  -22.500  58.769 0.0000000000
50105  56.323  -24.335  58.263 0.0000000000
113172  54.387  -23.342  59.211 0.0000000000
51060  56.412  -22.978  63.975 0.0000000000
110767  53.811  -22.756  61.026 0.0000000000
114479  52.159  -23.213  59.134 0.0000000000
50089  50.071  -24.157  59.072 0.0000000000
50074  48.182  -24.546  59.256 0.0000000000
49920  51.725  -24.803  69.537 0.0000000000
50975  48.612  -23.675  73.445 0.0000000000
49903  49.644  -23.994  70.360 0.0000000000
131557  49.730  -24.767  67.354 0.0000000000
50006  48.060  -24.509  64.804 0.0000000000
50042  45.633  -24.197  62.294 0.0000000000
47177  38.968  -27.842  64.132 0.0000000000
38761  40.536  -35.892  70.275 0.0000000000
38808  38.938  -35.321  67.788 0.0000000000
39790  35.795  -34.465  65.853 0.0000000000
37822  33.653  -37.252  68.425 0.0000000000
38827  33.690  -35.565  66.423 0.0000000000
32953  33.694  -41.212  75.391 0.0000000000
32935  32.500  -40.749  76.330 0.0000000000
41597  43.914  -32.731  76.864 0.0000000000
42674  44.326  -31.425  77.754 0.0000000000
42709  44.016  -31.871  75.633 0.0000000000
42722  44.348  -31.214  75.178 0.0000000000
41627  42.753  -32.365  74.738 0.0000000000
41661  42.083  -31.915  73.180 0.0000000000
40632  41.489  -33.246  74.256 0.0000000000
55954  54.484  -18.594  56.560 0.0000000000
55985  53.729  -18.505  54.169 0.0000000000
55052  53.223  -19.410  55.568 0.0000000000
27611  35.770  -47.531  76.499 0.0000000000
27612  35.186  -48.018  76.369 0.0000000000
26807  36.081  -48.265  77.013 0.0000000000
124292  32.930  -50.231  79.254 0.0000000000
24274  34.005  -52.125  80.017 0.0000000000
24275  32.865  -51.905  79.986 0.0000000000
23330  32.907  -52.875  80.848 0.0000000000
24276  31.928  -51.180  79.742 0.0000000000
130433  41.188  -38.419  81.538 0.0000000000
35742  42.662  -38.063  81.147 0.0000000000
36644  43.262  -37.649  81.117 0.0000000000
35761  43.958  -38.364  79.756 0.0000000000
34860  44.076  -39.226  77.940 0.0000000000
35796  43.068  -38.874  78.397 0.0000000000
28407  38.278  -46.351  77.672 0.0000000000
29213  37.787  -45.743  76.736 0.0000000000
28408  36.730  -46.620  76.602 0.0000000000
28420  35.489  -46.486  75.610 0.0000000000
50109  53.531  -24.529  56.795 0.0000000000
49086  54.308  -25.678  55.861 0.0000000000
50147  53.447  -25.321  55.903 0.0000000000
52982  59.880  -21.560  63.230 0.0000000000
126547  59.665  -22.650  62.228 0.0000000000
52983  59.373  -22.032  63.900 0.0000000000
49967  53.573  -24.872  66.618 0.0000000000
49983  53.397  -24.582  65.642 0.0000000000
49984  51.900  -24.982  65.409 0.0000000000
124616  51.496  -24.839  64.676 0.0000000000
49011  51.286  -25.217  65.987 0.0000000000
48070  43.394  -26.458  68.625 0.0000000000
48980  44.231  -25.246  68.765 0.0000000000
48990  43.676  -25.535  67.450 0.0000000000
49002  43.606  -25.292  66.554 0.0000000000
49003  42.879  -25.729  66.212 0.0000000000
49028  41.824  -25.611  64.384 0.0000000000
48109  41.613  -26.478  65.504 0.0000000000
35848  37.380  -38.984  72.248 0.0000000000
35862  37.102  -37.890  71.218 0.0000000000
35854  35.865  -38.810  71.277 0.0000000000
120158  58.210  -12.531  52.399 0.0000000000
60737  57.922  -13.445  52.791 0.0000000000
31033  36.925  -44.041  77.415 0.0000000000
29182  36.829  -45.827  78.725 0.0000000000
30080  35.712  -44.999  77.323 0.0000000000
124346  32.929  -43.898  75.363 0.0000000000
29215  34.076  -45.398  76.649 0.0000000000
29216  33.121  -45.731  76.514 0.0000000000
27600  32.873  -47.570  77.809 0.0000000000
28412  31.535  -46.318  76.595 0.0000000000
35781  38.598  -38.986  78.897 0.0000000000
34877  39.214  -39.321  77.366 0.0000000000
34879  37.550  -39.596  77.312 0.0000000000
129826  36.189  -41.238  75.888 0.0000000000
31977  37.360  -42.006  76.369 0.0000000000
31040  37.220  -43.229  76.861 0.0000000000
30064  38.366  -45.005  78.932 0.0000000000
127984  44.990  -28.224  78.647 0.0000000000
47007  46.338  -26.754  79.516 0.0000000000
47037  47.182  -26.902  77.992 0.0000000000
47986  47.906  -26.469  76.930 0.0000000000
47054  46.796  -27.437  76.715 0.0000000000
44926  44.080  -29.728  72.730 0.0000000000
46030  44.969  -28.621  73.315 0.0000000000
46057  44.226  -28.420  71.995 0.0000000000
120791  43.950  -27.907  71.286 0.0000000000
46075  42.848  -28.821  70.164 0.0000000000
44984  42.221  -28.897  69.102 0.0000000000
43886  41.921  -29.865  69.826 0.0000000000
41705  40.147  -32.974  69.860 0.0000000000
42798  40.138  -31.514  68.907 0.0000000000
127329  39.559  -33.122  68.209 0.0000000000
41762  39.058  -32.982  66.527 0.0000000000
40718  39.505  -34.230  67.060 0.0000000000
32048  32.993  -42.437  71.604 0.0000000000
32985  32.706  -40.941  70.653 0.0000000000
32986  32.087  -41.531  70.808 0.0000000000
56966  57.813  -17.184  54.554 0.0000000000
56978  57.657  -17.222  53.303 0.0000000000
126817  57.286  -17.363  53.940 0.0000000000
127577  54.985  -18.840  51.008 0.0000000000
28438  32.407  -47.121  73.480 0.0000000000
27644  32.484  -48.217  73.434 0.0000000000
26003  37.121  -50.189  79.165 0.0000000000
25227  36.625  -50.682  78.300 0.0000000000
24307  36.478  -51.523  78.501 0.0000000000
22435  34.788  -53.882  78.408 0.0000000000
23369  34.181  -53.377  77.468 0.0000000000
38632  44.963  -35.908  79.669 0.0000000000
39608  43.588  -34.122  80.477 0.0000000000
123764  44.651  -35.204  79.311 0.0000000000
39635  44.423  -34.422  78.905 0.0000000000
38664  43.778  -35.389  77.919 0.0000000000
118208  42.828  -36.223  76.785 0.0000000000
36717  43.440  -37.197  76.623 0.0000000000
33909  42.710  -40.146  75.124 0.0000000000
34893  43.074  -39.420  74.963 0.0000000000
33910  41.891  -40.288  74.696 0.0000000000
119800  39.589  -39.733  73.496 0.0000000000
33915  39.466  -40.550  73.941 0.0000000000
129765  41.316  -41.835  77.429 0.0000000000
31944  42.192  -42.294  77.160 0.0000000000
31958  41.397  -43.091  77.289 0.0000000000
31057  37.550  -43.865  74.868 0.0000000000
31077  38.245  -43.275  74.814 0.0000000000
31078  37.324  -43.335  74.313 0.0000000000
32028  37.497  -42.311  73.805 0.0000000000
32030  36.239  -42.778  73.267 0.0000000000
31103  35.499  -42.906  72.898 0.0000000000
125900  35.602  -43.520  73.400 0.0000000000
29247  33.797  -45.955  74.230 0.0000000000
116919  33.771  -45.019  73.542 0.0000000000
29254  32.561  -46.065  73.440 0.0000000000
52056  55.108  -23.242  56.596 0.0000000000
52061  54.376  -23.042  55.478 0.0000000000
51157  54.909  -24.310  55.583 0.0000000000
49111  54.252  -25.929  54.503 0.0000000000
124143  27.731  -44.889  75.463 0.0000000000
29221  28.767  -45.806  76.133 0.0000000000
114237  26.881  -45.534  76.360 0.0000000000
28369  25.450  -46.560  80.583 0.0000000000
27581  25.969  -47.456  79.779 0.0000000000
27594  26.854  -47.479  78.699 0.0000000000
26782  27.528  -48.556  79.525 0.0000000000
25182  28.844  -50.362  80.663 0.0000000000
25996  27.547  -49.482  80.763 0.0000000000
121487  59.139  -14.066  55.829 0.0000000000
58891  60.600  -15.897  57.484 0.0000000000
56926  60.133  -17.052  57.956 0.0000000000
56928  57.894  -17.475  57.215 0.0000000000
121644  59.608  -17.421  58.454 0.0000000000
54987  59.204  -19.581  60.579 0.0000000000
55912  57.247  -18.713  59.552 0.0000000000
54098  57.543  -20.322  60.194 0.0000000000
54117  55.947  -20.672  59.103 0.0000000000
53041  57.111  -22.138  59.443 0.0000000000
51084  57.872  -23.201  60.628 0.0000000000
51097  56.773  -23.771  59.155 0.0000000000
51098  56.440  -23.935  59.165 0.0000000000
51113  55.314  -24.226  58.421 0.0000000000
51099  55.487  -23.634  59.345 0.0000000000
51036  57.849  -23.182  65.842 0.0000000000
52006  57.956  -23.113  64.741 0.0000000000
51049  56.096  -23.267  64.776 0.0000000000
51064  52.764  -23.745  63.452 0.0000000000
113174  54.004  -22.997  62.901 0.0000000000
113173  52.981  -23.056  61.955 0.0000000000
51100  53.441  -22.887  60.118 0.0000000000
125475  51.994  -23.380  61.109 0.0000000000
51103  50.692  -23.835  59.458 0.0000000000
51090  50.742  -23.936  60.354 0.0000000000
111707  49.038  -24.638  62.200 0.0000000000
50062  49.406  -24.483  60.460 0.0000000000
50063  48.550  -24.547  60.511 0.0000000000
125165  47.394  -24.340  60.904 0.0000000000
49901  52.187  -24.358  71.217 0.0000000000
48922  48.139  -25.019  75.295 0.0000000000
49847  48.908  -24.401  75.165 0.0000000000
49862  47.732  -24.135  73.776 0.0000000000
110607  47.075  -24.284  69.009 0.0000000000
124285  47.705  -23.871  70.564 0.0000000000
49923  48.544  -24.215  69.305 0.0000000000
110322  49.351  -24.408  69.021 0.0000000000
110551  48.893  -24.557  67.621 0.0000000000
49970  48.461  -24.598  66.224 0.0000000000
130014  47.739  -24.470  66.514 0.0000000000
50030  44.261  -24.448  63.621 0.0000000000
124639  45.148  -24.390  63.616 0.0000000000
110780  44.112  -24.182  62.143 0.0000000000
127579  44.906  -23.757  60.970 0.0000000000
112855  43.114  -24.079  61.015 0.0000000000
50066  42.343  -24.306  61.024 0.0000000000
49044  39.882  -25.614  62.061 0.0000000000
49052  40.260  -24.902  60.732 0.0000000000
46139  39.753  -28.716  66.069 0.0000000000
46150  39.763  -28.183  65.532 0.0000000000
46152  38.738  -28.939  64.894 0.0000000000
46176  37.128  -28.910  62.418 0.0000000000
116543  41.096  -36.301  73.204 0.0000000000
38718  40.711  -35.459  73.071 0.0000000000
37777  40.830  -36.538  71.752 0.0000000000
37810  36.978  -36.605  69.612 0.0000000000
37817  38.611  -36.008  69.013 0.0000000000
38794  37.145  -35.614  68.301 0.0000000000
39769  37.138  -34.758  66.949 0.0000000000
38811  35.723  -35.441  67.507 0.0000000000
34930  32.946  -38.975  69.544 0.0000000000
35876  33.617  -38.442  69.490 0.0000000000
36839  32.115  -37.937  68.237 0.0000000000
37845  32.514  -36.397  66.693 0.0000000000
39793  33.016  -34.883  65.046 0.0000000000
111193  58.209  -17.593  51.396 0.0000000000
58042  58.693  -17.096  51.332 0.0000000000
52073  53.363  -22.451  52.526 0.0000000000
32951  35.261  -41.503  75.617 0.0000000000
31043  34.818  -43.808  76.037 0.0000000000
31997  34.090  -42.020  75.082 0.0000000000
31060  33.542  -42.858  75.124 0.0000000000
120407  32.023  -43.575  74.960 0.0000000000
32933  35.136  -40.836  75.787 0.0000000000
42655  43.110  -31.503  79.585 0.0000000000
44818  42.973  -29.324  80.684 0.0000000000
118331  43.576  -30.071  78.941 0.0000000000
44862  44.499  -29.563  77.652 0.0000000000
44861  45.142  -28.939  77.121 0.0000000000
46003  45.771  -28.640  75.862 0.0000000000
43803  45.137  -29.879  75.799 0.0000000000
43828  44.440  -30.302  73.912 0.0000000000
42752  42.968  -30.670  72.480 0.0000000000
43861  42.166  -30.646  71.199 0.0000000000
42754  41.614  -31.693  72.075 0.0000000000
41678  41.079  -32.173  71.788 0.0000000000
114059  40.362  -33.655  70.666 0.0000000000
121602  31.736  -43.540  71.805 0.0000000000
32050  31.032  -43.099  71.251 0.0000000000
31117  30.434  -43.904  70.997 0.0000000000
119757  56.120  -17.563  54.943 0.0000000000
112692  55.276  -17.812  53.603 0.0000000000
55984  54.683  -18.014  54.256 0.0000000000
55990  53.470  -18.743  53.063 0.0000000000
27627  33.914  -47.329  75.085 0.0000000000
27629  32.899  -48.326  74.162 0.0000000000
27618  33.952  -48.186  75.427 0.0000000000
26817  33.664  -49.082  75.235 0.0000000000
26079  34.047  -49.893  75.649 0.0000000000
25198  35.297  -50.145  79.618 0.0000000000
24272  36.205  -52.303  79.353 0.0000000000
23327  35.707  -52.835  79.676 0.0000000000
22422  35.317  -53.919  79.726 0.0000000000
23317  33.025  -54.012  81.557 0.0000000000
37645  44.514  -36.755  80.533 0.0000000000
35794  45.059  -38.058  78.578 0.0000000000
36716  44.425  -38.038  76.934 0.0000000000
35810  44.820  -38.693  77.727 0.0000000000
33891  44.022  -40.346  76.828 0.0000000000
32949  42.814  -41.426  76.196 0.0000000000
30077  40.142  -44.898  77.919 0.0000000000
30076  40.415  -44.069  77.647 0.0000000000
116233  39.018  -44.961  77.028 0.0000000000
30102  37.697  -44.506  75.521 0.0000000000
30117  36.420  -44.441  74.569 0.0000000000
115403  35.809  -44.539  74.281 0.0000000000
29245  35.323  -45.461  74.694 0.0000000000
28424  35.019  -46.048  74.990 0.0000000000
50128  55.136  -25.326  56.643 0.0000000000
50146  54.853  -25.326  55.826 0.0000000000
49085  54.740  -25.592  56.073 0.0000000000
49112  53.944  -26.253  54.812 0.0000000000
29164  25.363  -45.490  81.616 0.0000000000
27568  25.698  -47.043  81.281 0.0000000000
129385  26.592  -48.821  81.780 0.0000000000
118380  26.378  -48.046  82.907 0.0000000000
53029  60.272  -21.238  61.135 0.0000000000
52032  58.505  -22.287  60.382 0.0000000000
122823  59.280  -22.597  60.907 0.0000000000
52025  58.802  -22.958  61.098 0.0000000000
51075  58.028  -23.127  61.755 0.0000000000
49965  55.936  -23.922  66.416 0.0000000000
51038  55.463  -23.683  65.467 0.0000000000
131116  54.141  -24.258  65.623 0.0000000000
50021  53.161  -23.911  64.217 0.0000000000
50036  52.009  -24.112  63.251 0.0000000000
50049  50.980  -24.234  62.130 0.0000000000
50037  51.244  -24.408  62.987 0.0000000000
114768  49.959  -24.742  63.239 0.0000000000
111725  49.235  -24.655  62.961 0.0000000000
48950  45.337  -25.578  72.309 0.0000000000
49887  46.218  -24.356  71.743 0.0000000000
49907  45.187  -24.809  70.535 0.0000000000
49926  45.574  -24.510  69.589 0.0000000000
49956  46.106  -24.379  67.908 0.0000000000
49990  46.219  -24.396  66.024 0.0000000000
111627  44.789  -24.550  65.915 0.0000000000
111836  44.308  -24.621  65.107 0.0000000000
50032  42.751  -24.727  63.419 0.0000000000
50046  41.893  -24.661  62.235 0.0000000000
49039  41.675  -25.327  63.555 0.0000000000
49040  40.834  -25.596  63.231 0.0000000000
48134  39.375  -26.168  62.498 0.0000000000
43927  38.460  -30.868  65.497 0.0000000000
45024  37.842  -29.920  64.143 0.0000000000
43939  37.634  -30.813  63.803 0.0000000000
42878  36.627  -31.552  61.897 0.0000000000
42921  35.797  -31.297  60.706 0.0000000000
36780  40.392  -37.839  72.252 0.0000000000
37779  40.093  -36.926  71.035 0.0000000000
35853  38.714  -37.654  71.534 0.0000000000
36826  37.009  -37.036  70.224 0.0000000000
37811  36.031  -36.669  69.384 0.0000000000
35900  31.333  -38.138  67.995 0.0000000000
35916  30.106  -37.945  66.989 0.0000000000
62877  58.684  -11.587  51.972 0.0000000000
122764  58.939  -12.836  51.214 0.0000000000
59852  59.723  -14.585  50.699 0.0000000000
115117  38.346  -47.418  78.946 0.0000000000
26798  37.439  -48.540  78.340 0.0000000000
27584  38.054  -48.029  78.965 0.0000000000
26771  37.347  -48.618  79.329 0.0000000000
26778  36.405  -49.093  79.514 0.0000000000
30081  34.894  -45.196  76.935 0.0000000000
28382  35.145  -46.630  78.226 0.0000000000
26779  34.920  -48.689  79.146 0.0000000000
125871  34.172  -48.941  78.984 0.0000000000
26790  32.605  -48.687  78.490 0.0000000000
26791  31.760  -48.589  78.384 0.0000000000
35779  40.676  -38.426  79.504 0.0000000000
124107  41.400  -38.933  77.948 0.0000000000
35811  40.558  -38.850  77.878 0.0000000000
33879  39.667  -40.068  76.975 0.0000000000
32915  39.646  -41.283  76.922 0.0000000000
33895  37.448  -40.331  76.466 0.0000000000
32930  38.719  -41.175  76.616 0.0000000000
31948  39.599  -43.537  78.094 0.0000000000
30063  39.267  -44.851  78.878 0.0000000000
29180  39.149  -46.141  79.066 0.0000000000
51152  51.604  -23.738  56.691 0.0000000000
119179  52.148  -24.818  55.425 0.0000000000
50148  51.141  -24.559  55.160 0.0000000000
52005  58.758  -22.136  64.898 0.0000000000
51029  56.506  -23.937  67.335 0.0000000000
49950  56.149  -24.187  67.894 0.0000000000
49952  54.627  -24.842  68.292 0.0000000000
48985  53.704  -25.071  68.540 0.0000000000
48907  48.055  -25.634  75.810 0.0000000000
48024  46.731  -26.480  74.931 0.0000000000
46016  46.130  -28.076  75.302 0.0000000000
47087  45.584  -27.497  73.677 0.0000000000
48035  45.647  -26.682  73.462 0.0000000000
48050  44.435  -26.843  71.520 0.0000000000
48057  43.762  -26.927  70.252 0.0000000000
47129  42.586  -27.668  68.479 0.0000000000
47156  41.514  -27.496  66.762 0.0000000000
46124  42.038  -28.202  68.130 0.0000000000
114899  41.240  -28.928  67.926 0.0000000000
44993  39.873  -29.796  67.173 0.0000000000
112137  41.588  -30.461  70.058 0.0000000000
43895  40.075  -30.957  68.379 0.0000000000
43913  38.876  -30.922  66.374 0.0000000000
42832  38.537  -31.777  65.745 0.0000000000
117838  38.380  -33.389  64.643 0.0000000000
39802  37.604  -33.782  64.432 0.0000000000
32979  34.927  -41.001  71.581 0.0000000000
34917  34.711  -39.717  70.918 0.0000000000
33932  33.896  -40.138  70.679 0.0000000000
34926  32.727  -39.799  70.022 0.0000000000
33941  31.381  -40.040  69.729 0.0000000000
32987  31.120  -41.525  70.541 0.0000000000
33942  30.603  -40.275  69.579 0.0000000000
59822  58.265  -14.614  54.219 0.0000000000
115608  58.048  -15.083  52.609 0.0000000000
58033  58.164  -16.448  52.869 0.0000000000
56986  58.036  -17.054  52.718 0.0000000000
56000  57.180  -18.232  51.080 0.0000000000
56989  55.739  -17.949  52.314 0.0000000000
128725  55.655  -18.497  51.248 0.0000000000
124176  36.053  -49.266  77.309 0.0000000000
25238  35.201  -50.535  76.838 0.0000000000
111767  34.239  -51.661  76.129 0.0000000000
23358  35.822  -52.859  78.344 0.0000000000
23379  34.406  -52.742  76.895 0.0000000000
122439  42.400  -31.912  80.592 0.0000000000
41568  43.683  -32.895  79.543 0.0000000000
40607  44.257  -33.291  78.266 0.0000000000
40617  43.100  -33.838  76.789 0.0000000000
40624  41.784  -34.010  75.483 0.0000000000
39656  41.963  -34.670  76.000 0.0000000000
37721  41.688  -36.324  75.103 0.0000000000
36750  42.038  -37.351  73.997 0.0000000000
128601  43.115  -38.376  74.899 0.0000000000
36749  42.585  -37.873  74.440 0.0000000000
35839  41.509  -38.178  73.072 0.0000000000
35841  39.698  -38.935  72.963 0.0000000000
34908  38.106  -39.246  72.682 0.0000000000
33920  37.324  -39.922  72.669 0.0000000000
33870  42.636  -40.506  77.421 0.0000000000
32913  42.517  -42.105  76.981 0.0000000000
31992  41.095  -42.079  75.491 0.0000000000
31055  40.097  -43.492  76.133 0.0000000000
31994  39.777  -42.951  75.470 0.0000000000
32965  40.166  -41.780  74.871 0.0000000000
32968  38.271  -41.233  73.757 0.0000000000
32969  36.938  -41.468  73.092 0.0000000000
32973  36.314  -41.224  72.588 0.0000000000
32974  35.006  -41.675  71.903 0.0000000000
32046  34.354  -42.147  71.860 0.0000000000
31114  33.453  -43.003  72.135 0.0000000000
31093  34.687  -43.972  73.246 0.0000000000
30139  33.100  -44.199  72.738 0.0000000000
31106  32.365  -43.919  72.314 0.0000000000
30141  31.427  -44.502  72.004 0.0000000000
54157  53.619  -20.445  56.790 0.0000000000
54172  53.024  -20.411  55.899 0.0000000000
53096  53.211  -21.418  55.550 0.0000000000
50155  54.489  -25.298  54.848 0.0000000000
50160  54.485  -25.050  53.850 0.0000000000
48175  52.097  -26.235  54.576 0.0000000000
32955  31.178  -41.373  75.289 0.0000000000
32000  30.988  -41.935  74.732 0.0000000000
31063  30.733  -42.833  74.628 0.0000000000
116555  28.959  -43.569  74.699 0.0000000000
29235  30.168  -45.089  75.428 0.0000000000
29220  29.814  -45.907  76.146 0.0000000000
27603  30.276  -47.352  77.511 0.0000000000
27590  30.069  -47.966  78.084 0.0000000000
29201  25.368  -45.506  77.468 0.0000000000
28400  26.656  -46.525  77.656 0.0000000000
27592  28.459  -47.846  78.330 0.0000000000
26010  29.912  -49.390  79.163 0.0000000000
25180  30.468  -50.808  80.110 0.0000000000
60711  58.624  -13.143  55.187 0.0000000000
121265  58.531  -14.045  54.931 0.0000000000
58903  59.259  -15.799  55.781 0.0000000000
58013  59.045  -16.444  55.869 0.0000000000
59802  60.289  -15.196  57.318 0.0000000000
58012  59.686  -16.222  56.463 0.0000000000
56938  58.614  -16.958  55.986 0.0000000000
56940  56.869  -17.575  56.473 0.0000000000
56941  55.942  -17.816  56.752 0.0000000000
55941  55.443  -18.609  57.830 0.0000000000
55924  57.742  -17.957  58.975 0.0000000000
55926  55.837  -18.847  58.573 0.0000000000
55023  54.468  -19.981  57.848 0.0000000000
54135  54.555  -20.896  57.826 0.0000000000
53061  54.898  -21.863  57.550 0.0000000000
52047  56.245  -23.663  57.841 0.0000000000
52034  57.002  -23.325  59.168 0.0000000000
52039  56.519  -23.540  58.412 0.0000000000
51131  56.074  -24.364  57.605 0.0000000000
50088  55.765  -24.737  57.758 0.0000000000
51132  55.050  -24.697  57.732 0.0000000000
51133  53.969  -24.198  57.632 0.0000000000
124594  58.822  -22.770  64.320 0.0000000000
52020  57.574  -23.060  62.838 0.0000000000
112894  56.263  -22.828  61.966 0.0000000000
51061  55.486  -22.906  63.671 0.0000000000
51069  54.823  -22.756  62.862 0.0000000000
110586  55.377  -22.874  60.941 0.0000000000
112514  54.432  -22.963  59.990 0.0000000000
113096  53.244  -23.084  59.211 0.0000000000
128540  52.040  -23.356  58.247 0.0000000000
133186  51.305  -23.548  58.152 0.0000000000
50110  49.961  -24.115  58.149 0.0000000000
50061  50.169  -24.328  60.846 0.0000000000
128397  49.470  -24.397  59.498 0.0000000000
48971  53.628  -24.953  69.445 0.0000000000
124066  51.969  -25.125  68.600 0.0000000000
49872  50.807  -23.593  72.800 0.0000000000
50987  47.856  -23.627  72.069 0.0000000000
50986  48.902  -23.544  71.992 0.0000000000
49883  50.930  -23.790  71.941 0.0000000000
110556  50.556  -24.249  70.367 0.0000000000
49938  51.045  -24.882  68.771 0.0000000000
48988  50.979  -25.147  67.358 0.0000000000
49013  49.907  -24.958  65.619 0.0000000000
50005  48.953  -24.684  64.604 0.0000000000
50027  47.886  -24.442  63.378 0.0000000000
117088  46.118  -24.397  65.130 0.0000000000
50028  46.895  -24.374  63.462 0.0000000000
110402  46.531  -24.221  61.967 0.0000000000
110400  46.265  -23.955  60.644 0.0000000000
50068  40.876  -24.482  60.163 0.0000000000
50081  40.678  -24.329  59.195 0.0000000000
47167  40.405  -27.550  65.556 0.0000000000
47187  39.355  -27.243  63.893 0.0000000000
47189  38.351  -27.110  62.566 0.0000000000
46172  37.655  -28.680  63.043 0.0000000000
129569  37.512  -28.221  62.488 0.0000000000
118147  40.922  -33.927  74.045 0.0000000000
39695  40.508  -34.810  71.638 0.0000000000
113758  40.459  -34.638  70.350 0.0000000000
119314  40.252  -36.289  70.351 0.0000000000
37808  40.267  -35.821  69.420 0.0000000000
39751  40.141  -35.075  68.017 0.0000000000
39767  39.088  -34.895  67.095 0.0000000000
39777  37.665  -34.459  66.035 0.0000000000
39804  35.806  -34.092  65.007 0.0000000000
34923  34.665  -38.828  70.419 0.0000000000
36829  34.727  -37.532  69.448 0.0000000000
37820  34.867  -36.509  68.439 0.0000000000
36848  32.473  -37.350  67.793 0.0000000000
37831  33.655  -36.588  67.676 0.0000000000
38812  34.868  -35.648  67.333 0.0000000000
38835  34.127  -35.023  65.942 0.0000000000
122743  34.219  -34.387  64.892 0.0000000000
110653  58.331  -15.107  51.753 0.0000000000
58942  58.831  -15.154  51.084 0.0000000000
58047  60.347  -16.892  50.385 0.0000000000
54176  52.555  -20.331  54.235 0.0000000000
41610  44.240  -32.082  76.490 0.0000000000
41611  43.670  -32.492  76.046 0.0000000000
41626  43.404  -32.248  75.344 0.0000000000
41628  42.007  -32.670  74.334 0.0000000000
40631  42.069  -33.203  75.069 0.0000000000
129372  54.021  -19.161  56.753 0.0000000000
55955  53.789  -18.891  56.076 0.0000000000
27610  36.502  -47.389  76.885 0.0000000000
26007  32.298  -49.782  78.981 0.0000000000
120164  32.600  -50.962  79.533 0.0000000000
35763  41.903  -38.200  80.941 0.0000000000
35762  42.860  -38.146  80.264 0.0000000000
35777  42.928  -38.422  79.257 0.0000000000
125595  37.423  -46.334  76.934 0.0000000000
28409  35.945  -46.863  76.284 0.0000000000
50130  52.474  -24.274  56.200 0.0000000000
54026  59.266  -20.757  63.848 0.0000000000
48997  52.791  -25.150  66.889 0.0000000000
49968  52.714  -24.987  65.996 0.0000000000
49010  52.041  -25.213  66.340 0.0000000000
48083  43.264  -26.232  67.792 0.0000000000
48981  43.716  -25.720  68.302 0.0000000000
48095  43.114  -25.980  66.960 0.0000000000
48096  42.493  -26.365  66.547 0.0000000000
48108  42.288  -26.143  65.828 0.0000000000
48097  41.869  -26.750  66.230 0.0000000000
34909  36.629  -39.503  72.119 0.0000000000
34914  36.705  -38.686  71.635 0.0000000000
34915  36.107  -39.293  71.672 0.0000000000
118465  58.087  -12.646  53.437 0.0000000000
31041  36.377  -43.536  76.636 0.0000000000
30079  36.566  -44.774  77.729 0.0000000000
30091  36.088  -44.291  76.986 0.0000000000
126906  32.177  -44.395  75.399 0.0000000000
30104  32.634  -44.993  75.815 0.0000000000
29217  32.134  -45.723  76.222 0.0000000000
117415  37.884  -39.328  79.147 0.0000000000
34862  37.955  -39.300  78.147 0.0000000000
124234  37.202  -39.528  77.969 0.0000000000
31978  36.466  -42.577  76.213 0.0000000000
45969  45.681  -27.796  78.285 0.0000000000
45960  45.313  -27.699  79.215 0.0000000000
122845  46.087  -27.269  79.017 0.0000000000
47023  46.824  -26.869  78.761 0.0000000000
114076  46.481  -27.296  78.209 0.0000000000
47038  46.748  -27.359  77.471 0.0000000000
45989  46.314  -27.903  77.033 0.0000000000
43859  43.482  -30.015  72.204 0.0000000000
118364  44.457  -28.950  72.678 0.0000000000
44941  43.877  -29.248  72.071 0.0000000000
46058  43.659  -28.796  71.382 0.0000000000
44957  43.090  -29.189  70.831 0.0000000000
44958  42.515  -29.543  70.322 0.0000000000
44943  42.669  -29.918  71.013 0.0000000000
132064  39.941  -32.738  69.280 0.0000000000
120186  39.876  -33.475  68.918 0.0000000000
40702  39.771  -34.165  67.880 0.0000000000
32057  32.329  -42.110  71.232 0.0000000000
119968  56.279  -17.552  53.958 0.0000000000
25993  36.835  -50.186  79.416 0.0000000000
25218  36.849  -51.026  78.852 0.0000000000
130263  36.681  -51.596  78.950 0.0000000000
22436  33.930  -53.821  78.167 0.0000000000
38647  44.864  -35.992  79.140 0.0000000000
114913  44.633  -34.994  79.885 0.0000000000
38648  44.450  -35.453  78.646 0.0000000000
37697  44.312  -36.349  78.150 0.0000000000
37709  43.543  -36.307  77.434 0.0000000000
36703  44.335  -37.231  77.556 0.0000000000
33907  42.293  -40.998  75.400 0.0000000000
33911  41.025  -40.534  74.463 0.0000000000
33912  40.160  -40.959  74.414 0.0000000000
31946  40.924  -42.823  77.608 0.0000000000
31020  41.205  -43.084  77.493 0.0000000000
31030  40.749  -43.549  77.625 0.0000000000
31091  37.064  -42.824  73.777 0.0000000000
31092  36.525  -43.410  73.840 0.0000000000
30124  36.082  -44.016  74.032 0.0000000000
28437  33.062  -46.431  73.944 0.0000000000
29253  33.383  -45.608  73.714 0.0000000000
51150  55.109  -23.834  56.139 0.0000000000
30110  26.588  -44.433  75.476 0.0000000000
29238  27.057  -45.020  75.757 0.0000000000
27573  25.779  -47.325  80.453 0.0000000000
28376  25.572  -46.853  79.783 0.0000000000
26783  26.853  -48.269  79.704 0.0000000000
26773  27.018  -48.768  80.351 0.0000000000
60702  59.571  -12.972  57.339 0.0000000000
57992  60.894  -16.420  58.247 0.0000000000
56925  60.691  -16.846  58.251 0.0000000000
56906  60.566  -17.298  58.701 0.0000000000
54988  57.987  -19.311  60.294 0.0000000000
54099  56.806  -20.830  59.649 0.0000000000
53031  57.874  -21.527  60.152 0.0000000000
51085  56.969  -23.523  60.035 0.0000000000
51086  55.975  -23.381  60.112 0.0000000000
51037  57.259  -23.490  66.308 0.0000000000
51048  57.163  -23.364  65.385 0.0000000000
122167  56.470  -23.616  65.852 0.0000000000
51071  52.456  -23.587  62.641 0.0000000000
51070  53.230  -23.266  62.797 0.0000000000
51088  52.735  -23.053  61.067 0.0000000000
51089  51.420  -23.624  60.742 0.0000000000
51080  51.501  -23.783  61.597 0.0000000000
112876  48.940  -24.597  61.330 0.0000000000
110401  48.061  -24.530  61.118 0.0000000000
110399  47.798  -24.439  60.402 0.0000000000
49882  51.880  -23.974  72.069 0.0000000000
48937  46.979  -24.913  74.079 0.0000000000
49848  47.915  -24.601  74.626 0.0000000000
49863  46.850  -24.381  73.238 0.0000000000
110405  47.051  -24.328  68.164 0.0000000000
49942  47.828  -24.311  68.757 0.0000000000
49941  48.698  -24.416  68.466 0.0000000000
110406  48.002  -24.398  67.881 0.0000000000
49954  48.246  -24.519  67.042 0.0000000000
50044  43.609  -24.417  62.884 0.0000000000
114586  44.054  -23.935  61.307 0.0000000000
129387  42.581  -24.085  60.474 0.0000000000
48137  39.166  -25.851  61.744 0.0000000000
49049  38.950  -25.591  60.966 0.0000000000
45010  39.291  -29.385  66.003 0.0000000000
46151  39.267  -28.819  65.467 0.0000000000
45011  38.788  -29.497  65.412 0.0000000000
37745  41.230  -36.807  72.554 0.0000000000
37819  36.572  -36.169  68.860 0.0000000000
37818  37.551  -36.073  68.970 0.0000000000
38795  36.149  -35.740  68.195 0.0000000000
38810  36.679  -35.259  67.603 0.0000000000
35877  32.151  -38.932  69.153 0.0000000000
35887  32.522  -38.401  68.835 0.0000000000
57000  57.997  -18.038  51.045 0.0000000000
56006  58.549  -18.263  50.510 0.0000000000
32952  34.532  -41.328  75.478 0.0000000000
31996  34.887  -42.179  75.425 0.0000000000
32954  32.725  -41.220  75.381 0.0000000000
31998  33.218  -41.857  74.943 0.0000000000
130196  32.607  -41.758  74.892 0.0000000000
31061  32.567  -42.581  74.805 0.0000000000
33898  34.881  -40.471  76.364 0.0000000000
42664  43.696  -31.669  78.891 0.0000000000
43763  43.314  -30.732  79.221 0.0000000000
42675  44.062  -31.368  78.296 0.0000000000
126227  44.560  -30.585  77.177 0.0000000000
43770  44.202  -30.631  77.956 0.0000000000
44875  44.831  -29.696  76.925 0.0000000000
44874  45.276  -29.296  76.324 0.0000000000
123037  44.866  -30.163  76.408 0.0000000000
116621  43.425  -31.306  73.908 0.0000000000
43818  44.115  -31.007  74.303 0.0000000000
43829  43.839  -30.698  73.571 0.0000000000
43844  43.631  -30.377  72.896 0.0000000000
42734  43.178  -30.977  73.204 0.0000000000
42770  42.251  -31.119  72.006 0.0000000000
118942  42.525  -31.307  72.824 0.0000000000
41662  41.409  -32.270  72.635 0.0000000000
41663  40.750  -32.902  72.205 0.0000000000
41679  40.599  -32.850  71.363 0.0000000000
40661  40.469  -33.765  71.712 0.0000000000
31116  31.020  -43.912  71.532 0.0000000000
111588  55.138  -17.882  55.175 0.0000000000
55070  52.986  -19.096  53.809 0.0000000000
112457  52.872  -19.317  53.144 0.0000000000
54180  52.727  -20.131  52.119 0.0000000000
27617  34.573  -47.697  75.722 0.0000000000
26816  34.448  -48.757  75.978 0.0000000000
26065  34.764  -49.746  76.383 0.0000000000
25178  35.356  -51.067  79.738 0.0000000000
125569  36.048  -51.664  79.609 0.0000000000
23329  34.527  -53.256  80.350 0.0000000000
23328  35.287  -53.442  80.025 0.0000000000
22423  34.644  -54.604  79.780 0.0000000000
21513  33.892  -54.965  80.453 0.0000000000
22411  33.885  -53.747  80.914 0.0000000000
22399  32.221  -53.813  82.096 0.0000000000
37647  42.053  -37.018  82.065 0.0000000000
36680  44.653  -38.054  79.980 0.0000000000
36663  44.215  -37.535  80.561 0.0000000000
36662  45.044  -37.364  80.040 0.0000000000
36679  45.102  -37.829  79.422 0.0000000000
34859  44.724  -38.689  78.216 0.0000000000
34873  44.102  -40.017  77.220 0.0000000000
33892  43.434  -40.922  76.542 0.0000000000
29211  39.479  -45.242  77.869 0.0000000000
29214  36.948  -45.912  76.285 0.0000000000
29230  37.319  -45.279  75.909 0.0000000000
30103  36.799  -44.820  75.197 0.0000000000
29244  35.975  -45.061  74.794 0.0000000000
28425  34.270  -46.381  74.746 0.0000000000
50107  55.413  -25.030  57.250 0.0000000000
50129  54.503  -25.416  56.360 0.0000000000
49099  53.807  -25.947  55.388 0.0000000000
132326  53.564  -26.724  54.385 0.0000000000
113449  25.622  -45.980  82.061 0.0000000000
28366  25.492  -46.259  81.396 0.0000000000
27566  25.760  -46.677  82.128 0.0000000000
27565  25.961  -47.509  82.085 0.0000000000
28364  26.203  -47.098  83.216 0.0000000000
52023  59.974  -22.152  61.055 0.0000000000
52024  59.595  -22.681  61.403 0.0000000000
52019  59.040  -22.989  62.020 0.0000000000
49966  55.468  -24.354  67.067 0.0000000000
49982  54.967  -24.142  66.008 0.0000000000
50002  52.873  -24.410  64.783 0.0000000000
50022  52.394  -24.244  64.049 0.0000000000
50023  51.544  -24.566  63.921 0.0000000000
50004  50.869  -24.890  64.345 0.0000000000
50024  50.711  -24.701  63.530 0.0000000000
118645  50.141  -24.856  64.034 0.0000000000
48958  44.539  -26.093  71.258 0.0000000000
48957  45.021  -25.370  71.413 0.0000000000
49945  44.754  -24.697  68.352 0.0000000000
49927  44.770  -24.769  69.180 0.0000000000
49944  45.462  -24.491  68.636 0.0000000000
115786  45.299  -24.488  67.954 0.0000000000
49957  45.483  -24.477  67.274 0.0000000000
49972  44.830  -24.590  66.800 0.0000000000
49014  43.298  -25.268  65.841 0.0000000000
49973  43.910  -24.830  65.854 0.0000000000
49026  43.372  -24.971  65.102 0.0000000000
50011  43.036  -24.837  64.236 0.0000000000
49038  42.335  -25.143  63.974 0.0000000000
130288  42.198  -25.000  63.496 0.0000000000
48118  41.354  -26.188  64.781 0.0000000000
49029  41.092  -25.877  64.035 0.0000000000
111526  40.355  -26.219  63.675 0.0000000000
48129  40.076  -25.896  62.878 0.0000000000
42843  38.223  -31.695  64.913 0.0000000000
42844  37.832  -31.674  64.100 0.0000000000
118878  36.241  -31.012  61.340 0.0000000000
42900  36.123  -31.825  61.254 0.0000000000
124449  38.860  -38.134  72.105 0.0000000000
132909  38.213  -38.060  71.811 0.0000000000
35863  36.300  -38.159  70.978 0.0000000000
36816  36.710  -37.515  70.595 0.0000000000
36827  36.357  -37.104  70.025 0.0000000000
36828  35.540  -37.290  69.762 0.0000000000
60749  58.342  -13.337  51.722 0.0000000000
61815  58.607  -12.473  51.668 0.0000000000
60756  59.167  -13.562  50.950 0.0000000000
28371  38.626  -46.555  79.187 0.0000000000
28379  38.319  -47.264  79.140 0.0000000000
28380  36.615  -46.517  78.983 0.0000000000
28373  36.983  -46.930  79.315 0.0000000000
27576  36.579  -47.749  79.347 0.0000000000
26777  36.816  -48.520  79.460 0.0000000000
30092  35.262  -44.465  76.648 0.0000000000
116603  34.415  -44.597  76.343 0.0000000000
29199  33.897  -46.135  77.076 0.0000000000
121469  34.522  -46.321  77.617 0.0000000000
28392  34.378  -46.895  77.987 0.0000000000
27578  35.122  -47.891  78.883 0.0000000000
26788  34.162  -48.158  78.628 0.0000000000
27587  33.197  -48.128  78.264 0.0000000000
27588  32.329  -48.090  78.092 0.0000000000
27589  31.491  -48.000  77.996 0.0000000000
35780  39.254  -38.786  79.647 0.0000000000
34850  39.357  -39.037  80.794 0.0000000000
120100  40.060  -38.608  80.226 0.0000000000
127278  39.928  -38.547  79.276 0.0000000000
35798  40.335  -38.581  78.555 0.0000000000
35812  39.716  -38.822  77.907 0.0000000000
33880  36.285  -39.949  76.843 0.0000000000
34890  37.075  -39.840  76.783 0.0000000000
31961  38.109  -42.951  77.188 0.0000000000
31976  38.374  -42.004  76.752 0.0000000000
31960  38.954  -42.760  77.479 0.0000000000
31022  39.746  -44.337  78.431 0.0000000000
31023  38.835  -43.931  78.546 0.0000000000
29170  38.426  -45.772  79.292 0.0000000000
30045  38.970  -45.436  79.202 0.0000000000
29169  38.921  -45.961  79.258 0.0000000000
28378  38.689  -46.824  79.015 0.0000000000
50131  51.463  -24.104  55.813 0.0000000000
49935  56.215  -24.054  68.645 0.0000000000
49936  55.476  -24.449  68.948 0.0000000000
45962  43.662  -28.725  80.012 0.0000000000
47064  47.231  -26.912  76.440 0.0000000000
48004  47.647  -26.342  76.180 0.0000000000
48023  47.317  -26.183  75.517 0.0000000000
129229  45.720  -28.750  75.182 0.0000000000
46017  45.697  -28.519  74.565 0.0000000000
46042  45.171  -27.940  73.271 0.0000000000
46029  45.483  -28.251  73.847 0.0000000000
48041  45.206  -26.433  72.670 0.0000000000
48042  44.775  -26.881  72.216 0.0000000000
46093  43.157  -28.129  69.951 0.0000000000
47106  43.619  -27.663  70.484 0.0000000000
122398  43.368  -27.420  69.715 0.0000000000
47128  43.109  -27.175  68.948 0.0000000000
46113  42.380  -28.349  68.818 0.0000000000
44992  40.554  -29.539  67.756 0.0000000000
43875  41.610  -30.869  70.632 0.0000000000
42790  41.093  -31.012  70.069 0.0000000000
42799  39.732  -31.681  68.377 0.0000000000
42807  39.528  -31.328  67.723 0.0000000000
43904  39.443  -30.604  67.120 0.0000000000
42816  39.156  -31.380  67.011 0.0000000000
42817  38.850  -31.975  66.502 0.0000000000
40731  39.025  -33.646  65.794 0.0000000000
128186  38.710  -33.323  65.291 0.0000000000
40741  38.722  -33.876  65.266 0.0000000000
40753  38.036  -33.557  64.277 0.0000000000
39801  38.276  -33.890  64.799 0.0000000000
33928  34.424  -40.614  71.179 0.0000000000
33929  33.597  -41.009  70.982 0.0000000000
33933  33.153  -40.313  70.472 0.0000000000
130667  32.524  -40.368  70.299 0.0000000000
33940  32.136  -40.083  69.992 0.0000000000
32059  30.597  -42.396  70.643 0.0000000000
33943  30.039  -40.745  69.572 0.0000000000
34933  30.766  -39.784  69.310 0.0000000000
58924  58.145  -15.257  53.513 0.0000000000
119312  58.239  -16.205  53.778 0.0000000000
56987  57.496  -17.407  52.525 0.0000000000
56992  57.476  -17.744  51.687 0.0000000000
56993  56.738  -18.051  51.582 0.0000000000
56980  55.952  -17.682  52.995 0.0000000000
55988  55.090  -18.020  52.745 0.0000000000
27628  33.421  -48.265  74.853 0.0000000000
26799  36.839  -48.856  77.790 0.0000000000
26047  36.761  -49.744  78.069 0.0000000000
26048  35.982  -50.202  77.492 0.0000000000
25239  34.361  -50.792  76.079 0.0000000000
25229  34.880  -51.482  76.719 0.0000000000
127345  36.079  -52.959  79.017 0.0000000000
125100  41.896  -34.592  81.987 0.0000000000
39592  42.637  -34.653  81.448 0.0000000000
40588  43.626  -33.719  80.105 0.0000000000
40589  43.083  -33.480  80.558 0.0000000000
41563  42.674  -32.700  80.592 0.0000000000
121788  43.367  -33.145  80.072 0.0000000000
41562  43.062  -32.289  80.005 0.0000000000
39643  44.122  -34.517  78.254 0.0000000000
39642  44.248  -33.891  78.469 0.0000000000
40608  44.062  -33.735  77.907 0.0000000000
40616  43.687  -33.453  77.198 0.0000000000
39652  42.670  -34.574  76.703 0.0000000000
37720  42.336  -36.579  75.894 0.0000000000
37733  41.510  -36.527  74.149 0.0000000000
35822  44.345  -38.818  76.489 0.0000000000
36732  43.808  -38.099  76.185 0.0000000000
35828  43.685  -38.650  75.597 0.0000000000
34896  42.323  -39.464  74.442 0.0000000000
35833  42.665  -38.654  74.408 0.0000000000
35834  41.946  -38.765  73.724 0.0000000000
35840  40.548  -38.472  72.815 0.0000000000
33916  38.859  -40.168  73.517 0.0000000000
34903  38.857  -39.440  73.094 0.0000000000
33919  38.170  -39.997  73.144 0.0000000000
34876  40.984  -39.447  77.547 0.0000000000
34875  41.967  -39.616  77.674 0.0000000000
31957  42.024  -42.625  76.979 0.0000000000
32929  42.396  -42.060  76.600 0.0000000000
31974  41.697  -42.515  76.341 0.0000000000
30100  39.686  -44.001  76.392 0.0000000000
30088  40.370  -43.901  76.877 0.0000000000
31995  39.035  -42.925  75.045 0.0000000000
32018  39.495  -42.361  74.887 0.0000000000
131537  39.124  -41.526  74.319 0.0000000000
32027  38.128  -41.997  74.075 0.0000000000
32029  36.940  -42.211  73.385 0.0000000000
119303  37.577  -41.664  73.557 0.0000000000
32972  36.924  -40.747  72.802 0.0000000000
126105  35.634  -40.922  72.007 0.0000000000
119302  35.675  -41.827  72.397 0.0000000000
32040  35.058  -42.466  72.380 0.0000000000
32041  34.239  -42.829  72.270 0.0000000000
31105  33.927  -43.618  72.636 0.0000000000
30118  35.263  -44.934  74.261 0.0000000000
30125  35.338  -44.298  73.799 0.0000000000
30126  34.519  -44.783  73.733 0.0000000000
31094  33.853  -44.422  73.173 0.0000000000
30140  32.221  -44.772  72.619 0.0000000000
53078  54.101  -21.201  57.178 0.0000000000
110004  53.609  -21.318  56.403 0.0000000000
52058  53.892  -22.153  55.932 0.0000000000
123833  53.901  -22.812  54.663 0.0000000000
50167  54.876  -24.718  52.951 0.0000000000
49101  51.620  -25.298  54.839 0.0000000000
109946  31.620  -40.880  76.936 0.0000000000
32956  30.402  -41.535  75.309 0.0000000000
32001  30.080  -42.137  74.737 0.0000000000
30107  29.635  -44.309  74.946 0.0000000000
29219  30.601  -45.622  75.903 0.0000000000
29236  29.287  -45.192  75.487 0.0000000000
28415  28.178  -46.335  76.752 0.0000000000
28414  29.128  -46.485  76.763 0.0000000000
28397  29.411  -47.087  77.352 0.0000000000
128034  29.573  -47.586  77.788 0.0000000000
123158  24.998  -45.814  79.085 0.0000000000
29185  24.730  -45.279  78.690 0.0000000000
29184  25.260  -45.876  78.319 0.0000000000
28401  25.818  -46.114  77.715 0.0000000000
26794  27.991  -48.247  78.868 0.0000000000
27593  27.656  -47.666  78.477 0.0000000000
26793  28.810  -48.437  78.742 0.0000000000
26780  29.765  -48.635  78.617 0.0000000000
121842  29.093  -49.053  79.228 0.0000000000
25203  30.189  -50.117  79.630 0.0000000000
25204  29.224  -49.791  79.835 0.0000000000
25160  29.384  -51.008  81.079 0.0000000000
25988  27.424  -49.760  81.663 0.0000000000
62840  58.998  -11.619  55.429 0.0000000000
59815  58.862  -14.876  55.301 0.0000000000
131746  60.152  -14.612  57.600 0.0000000000
59791  60.376  -14.912  58.006 0.0000000000
56937  59.800  -16.820  57.281 0.0000000000
58002  60.208  -16.333  57.151 0.0000000000
58003  59.441  -16.646  56.586 0.0000000000
56939  57.867  -17.326  56.211 0.0000000000
56929  56.658  -17.772  57.339 0.0000000000
56930  55.891  -18.099  57.412 0.0000000000
55940  56.266  -18.203  58.020 0.0000000000
55923  58.924  -17.791  59.119 0.0000000000
55910  59.416  -18.302  59.780 0.0000000000
55008  56.354  -19.176  59.228 0.0000000000
55022  55.118  -19.414  58.248 0.0000000000
54118  55.168  -20.503  58.460 0.0000000000
53060  55.823  -21.512  58.631 0.0000000000
52040  55.872  -22.533  58.055 0.0000000000
52033  57.779  -22.730  59.909 0.0000000000
50071  56.438  -24.138  58.582 0.0000000000
51112  56.544  -24.034  58.585 0.0000000000
51130  56.363  -24.264  58.146 0.0000000000
50106  56.109  -24.638  57.946 0.0000000000
51114  54.236  -23.759  58.376 0.0000000000
52015  57.263  -23.066  63.797 0.0000000000
51067  56.479  -22.855  63.014 0.0000000000
111473  54.946  -23.355  64.534 0.0000000000
51062  54.423  -23.148  63.669 0.0000000000
51078  53.794  -22.825  62.100 0.0000000000
132637  54.450  -22.727  62.251 0.0000000000
125270  55.295  -22.703  61.861 0.0000000000
110587  54.580  -22.702  61.434 0.0000000000
51087  54.954  -22.927  60.436 0.0000000000
51101  52.271  -23.140  60.206 0.0000000000
51115  53.073  -23.360  58.313 0.0000000000
51135  51.807  -23.555  57.498 0.0000000000
51116  51.334  -23.504  58.911 0.0000000000
51117  50.668  -23.783  58.559 0.0000000000
133105  49.472  -24.345  58.716 0.0000000000
51081  50.824  -24.097  61.246 0.0000000000
50073  48.784  -24.530  59.765 0.0000000000
50090  48.858  -24.513  58.924 0.0000000000
110077  52.437  -24.666  70.374 0.0000000000
48972  52.670  -24.956  69.529 0.0000000000
48978  52.919  -25.104  68.803 0.0000000000
49861  48.689  -23.945  74.303 0.0000000000
50949  49.539  -23.877  74.699 0.0000000000
115319  49.575  -23.604  73.972 0.0000000000
50974  50.519  -23.526  73.695 0.0000000000
120672  49.569  -23.517  72.944 0.0000000000
49873  46.895  -24.037  72.341 0.0000000000
49886  47.144  -23.884  71.325 0.0000000000
49904  48.602  -23.881  70.258 0.0000000000
49885  48.238  -23.691  71.203 0.0000000000
50995  49.265  -23.702  71.150 0.0000000000
50985  49.952  -23.550  71.982 0.0000000000
49884  50.268  -23.866  71.149 0.0000000000
49940  49.561  -24.606  68.211 0.0000000000
110407  50.197  -24.622  68.859 0.0000000000
49939  50.438  -24.881  67.963 0.0000000000
48979  51.212  -25.088  68.064 0.0000000000
131177  50.374  -24.969  67.131 0.0000000000
48999  50.759  -25.148  66.572 0.0000000000
49000  49.959  -24.924  66.437 0.0000000000
49988  48.670  -24.647  65.398 0.0000000000
50026  48.412  -24.546  64.016 0.0000000000
117087  47.458  -24.432  64.144 0.0000000000
49991  45.568  -24.435  65.707 0.0000000000
126455  45.561  -24.330  63.023 0.0000000000
50029  45.988  -24.358  63.590 0.0000000000
111352  46.314  -24.312  62.823 0.0000000000
50052  46.725  -24.155  61.129 0.0000000000
50053  45.788  -23.994  61.331 0.0000000000
51093  44.095  -23.618  60.031 0.0000000000
49046  41.168  -24.881  61.909 0.0000000000
50057  41.764  -24.526  61.419 0.0000000000
50058  41.023  -24.661  61.068 0.0000000000
49057  39.281  -24.956  59.519 0.0000000000
50069  40.057  -24.683  59.842 0.0000000000
50082  39.864  -24.568  58.857 0.0000000000
111582  40.770  -27.835  66.305 0.0000000000
47166  41.212  -27.169  65.893 0.0000000000
46162  39.268  -28.200  64.847 0.0000000000
47176  39.584  -27.481  64.492 0.0000000000
48131  38.757  -27.379  63.360 0.0000000000
127728  37.457  -30.089  63.445 0.0000000000
45032  37.779  -29.265  63.611 0.0000000000
45034  37.321  -29.505  62.969 0.0000000000
46178  37.030  -28.104  61.792 0.0000000000
39665  40.991  -34.747  74.443 0.0000000000
120913  41.372  -33.936  74.797 0.0000000000
39673  40.724  -34.719  73.619 0.0000000000
38746  40.668  -35.723  71.602 0.0000000000
38732  40.591  -35.204  72.336 0.0000000000
39711  40.575  -35.321  70.774 0.0000000000
116016  40.460  -34.437  71.032 0.0000000000
39729  40.488  -35.318  69.791 0.0000000000
37794  39.343  -36.692  70.459 0.0000000000
38793  38.223  -35.611  68.353 0.0000000000
38777  39.690  -35.975  69.037 0.0000000000
38792  39.301  -35.616  68.369 0.0000000000
38791  40.056  -35.479  68.491 0.0000000000
38807  39.729  -35.211  67.775 0.0000000000
39778  36.499  -34.578  66.340 0.0000000000
39789  36.693  -34.273  65.515 0.0000000000
34924  34.084  -39.450  70.437 0.0000000000
35865  33.821  -38.930  69.980 0.0000000000
131934  33.401  -37.753  68.766 0.0000000000
36830  33.876  -37.788  69.126 0.0000000000
36837  34.420  -37.108  68.794 0.0000000000
36849  31.741  -37.540  67.578 0.0000000000
37833  32.129  -36.940  67.184 0.0000000000
38828  32.891  -35.794  66.210 0.0000000000
37844  33.282  -36.180  66.895 0.0000000000
38813  34.061  -35.895  67.134 0.0000000000
38826  34.508  -35.354  66.625 0.0000000000
39806  33.580  -34.370  64.511 0.0000000000
39792  33.777  -34.715  65.275 0.0000000000
40757  34.400  -34.029  64.358 0.0000000000
58929  58.234  -15.862  52.260 0.0000000000
58933  58.691  -16.066  51.378 0.0000000000
58048  59.536  -16.723  50.749 0.0000000000
58941  59.511  -15.708  50.756 0.0000000000
114694  53.015  -21.537  54.789 0.0000000000
54175  52.744  -20.804  54.956 0.0000000000
53098  52.646  -21.192  54.160 0.0000000000
112849  33.396  -40.712  75.961 0.0000000000
41585  44.279  -32.626  78.000 0.0000000000
120220  44.303  -32.023  77.703 0.0000000000
42686  44.478  -31.555  77.021 0.0000000000
42695  44.498  -31.395  76.084 0.0000000000
43804  44.793  -30.583  75.688 0.0000000000
42723  43.593  -31.696  74.743 0.0000000000
42724  42.958  -31.798  74.174 0.0000000000
41643  42.356  -32.159  73.914 0.0000000000
41644  41.595  -32.627  73.583 0.0000000000
132480  41.093  -33.323  73.635 0.0000000000
55966  54.399  -18.357  55.697 0.0000000000
126509  54.299  -18.245  54.894 0.0000000000
55967  53.691  -18.691  55.191 0.0000000000
55067  53.095  -19.145  54.669 0.0000000000
55068  52.723  -19.629  54.263 0.0000000000
27616  35.274  -47.225  75.972 0.0000000000
25200  33.732  -50.480  79.479 0.0000000000
24273  34.348  -51.247  79.729 0.0000000000
118205  33.375  -51.143  79.627 0.0000000000
128299  33.684  -52.797  80.496 0.0000000000
24259  31.903  -51.970  80.497 0.0000000000
36645  42.177  -37.747  81.678 0.0000000000
36664  43.681  -38.025  80.538 0.0000000000
34849  44.508  -38.677  78.524 0.0000000000
35795  44.006  -38.624  78.840 0.0000000000
33869  43.493  -40.294  77.335 0.0000000000
29212  38.668  -45.564  77.338 0.0000000000
29232  35.725  -45.755  75.249 0.0000000000
28419  36.214  -46.190  75.906 0.0000000000
49100  52.785  -25.733  55.147 0.0000000000
29153  25.963  -45.409  83.352 0.0000000000
53001  60.311  -21.579  62.414 0.0000000000
52018  60.080  -22.210  61.825 0.0000000000
52012  59.918  -22.262  62.831 0.0000000000
52013  59.241  -22.808  63.150 0.0000000000
117663  52.593  -24.736  65.272 0.0000000000
49985  51.050  -25.056  65.158 0.0000000000
48062  43.947  -26.137  70.000 0.0000000000
48973  44.327  -25.420  69.601 0.0000000000
48974  43.787  -25.905  69.153 0.0000000000
48989  44.186  -25.083  67.939 0.0000000000
49001  44.184  -24.940  67.139 0.0000000000
49015  42.712  -25.525  65.487 0.0000000000
49016  42.029  -25.845  65.140 0.0000000000
110500  40.895  -26.802  65.180 0.0000000000
116904  37.567  -38.306  71.755 0.0000000000
35864  35.512  -38.423  70.684 0.0000000000
61801  58.358  -11.755  53.074 0.0000000000
59840  58.058  -14.273  52.197 0.0000000000
29181  37.638  -45.442  78.927 0.0000000000
29171  37.632  -46.282  79.317 0.0000000000
112925  36.934  -45.196  78.391 0.0000000000
29183  35.974  -46.142  78.413 0.0000000000
30093  33.533  -44.785  76.038 0.0000000000
28410  33.174  -46.510  77.157 0.0000000000
122430  33.246  -47.051  77.624 0.0000000000
28411  32.387  -46.386  76.813 0.0000000000
28394  32.583  -46.986  77.426 0.0000000000
28395  31.764  -46.876  77.215 0.0000000000
34851  38.375  -39.276  80.079 0.0000000000
35813  38.863  -38.902  77.951 0.0000000000
34878  38.370  -39.454  77.353 0.0000000000
32932  37.115  -40.955  76.151 0.0000000000
31032  37.831  -43.798  77.768 0.0000000000
31024  38.510  -44.342  78.498 0.0000000000
30078  37.534  -44.627  78.336 0.0000000000
45961  44.489  -28.307  79.397 0.0000000000
47009  44.899  -27.608  79.958 0.0000000000
47008  45.566  -27.097  79.961 0.0000000000
47955  47.575  -26.522  78.539 0.0000000000
47969  47.979  -26.459  77.749 0.0000000000
47053  47.340  -26.941  77.214 0.0000000000
47065  46.674  -27.429  75.899 0.0000000000
44914  44.650  -29.518  73.440 0.0000000000
44913  45.289  -29.033  73.986 0.0000000000
46043  44.733  -28.108  72.684 0.0000000000
47092  44.489  -27.544  72.003 0.0000000000
46074  43.413  -28.423  70.671 0.0000000000
46094  42.634  -28.538  69.495 0.0000000000
44972  42.361  -29.210  69.649 0.0000000000
44973  41.771  -29.447  69.139 0.0000000000
42783  40.558  -31.895  70.205 0.0000000000
123923  40.150  -32.116  69.441 0.0000000000
41721  39.766  -32.416  68.771 0.0000000000
41722  39.469  -32.322  67.959 0.0000000000
121661  39.384  -33.304  67.315 0.0000000000
40730  39.323  -33.914  66.432 0.0000000000
39786  39.063  -34.134  65.882 0.0000000000
119301  33.673  -41.869  71.462 0.0000000000
32981  32.920  -41.648  71.122 0.0000000000
58024  58.173  -16.759  54.299 0.0000000000
56977  58.050  -16.843  53.475 0.0000000000
132677  57.872  -17.107  53.914 0.0000000000
56979  56.907  -17.497  53.174 0.0000000000
55997  55.104  -18.325  51.841 0.0000000000
26089  33.393  -50.247  74.765 0.0000000000
26027  37.204  -50.094  78.812 0.0000000000
23368  35.094  -53.265  77.808 0.0000000000
133226  43.896  -35.347  80.830 0.0000000000
39591  43.426  -34.691  80.931 0.0000000000
39590  44.133  -34.795  80.424 0.0000000000
39607  44.149  -34.207  79.904 0.0000000000
40595  44.277  -33.920  79.333 0.0000000000
38678  42.995  -35.398  77.212 0.0000000000
124803  43.345  -40.027  75.498 0.0000000000
34897  41.330  -39.621  73.986 0.0000000000
34902  40.443  -39.285  73.430 0.0000000000
33914  40.329  -40.116  73.961 0.0000000000
31945  41.636  -42.513  77.353 0.0000000000
126959  41.718  -42.752  77.271 0.0000000000
125974  38.267  -43.910  75.377 0.0000000000
31056  39.126  -43.574  75.590 0.0000000000
32020  37.799  -42.713  74.231 0.0000000000
32039  35.752  -42.427  72.752 0.0000000000
29252  34.030  -45.358  73.902 0.0000000000
29261  32.028  -45.737  72.871 0.0000000000
28453  31.943  -46.818  72.882 0.0000000000
52057  54.570  -22.847  56.166 0.0000000000
30109  27.274  -44.309  75.200 0.0000000000
29237  28.427  -45.095  75.476 0.0000000000
29222  27.753  -45.598  76.111 0.0000000000
29167  25.161  -45.772  80.806 0.0000000000
120403  25.423  -46.420  79.053 0.0000000000
28375  26.045  -47.129  79.028 0.0000000000
28384  26.540  -46.993  78.336 0.0000000000
27579  27.215  -48.015  79.081 0.0000000000
26011  28.544  -49.313  79.733 0.0000000000
26012  27.843  -49.146  79.979 0.0000000000
25995  28.326  -49.712  80.344 0.0000000000
60710  59.205  -13.172  56.299 0.0000000000
111957  59.723  -14.173  56.987 0.0000000000
58881  60.709  -15.579  57.961 0.0000000000
58890  60.899  -15.990  57.967 0.0000000000
57993  60.460  -16.612  57.760 0.0000000000
56927  59.172  -17.214  57.617 0.0000000000
56907  58.437  -17.556  58.255 0.0000000000
55899  58.876  -18.806  60.266 0.0000000000
55911  58.317  -18.410  59.733 0.0000000000
54995  56.937  -19.689  59.797 0.0000000000
54100  56.261  -20.013  59.398 0.0000000000
128558  56.428  -21.526  59.126 0.0000000000
51096  57.472  -23.300  59.856 0.0000000000
50087  56.152  -24.379  58.398 0.0000000000
128465  56.988  -23.181  64.554 0.0000000000
51063  53.558  -23.444  63.585 0.0000000000
51102  51.389  -23.502  59.817 0.0000000000
50050  49.527  -24.575  61.814 0.0000000000
122242  49.660  -24.500  61.254 0.0000000000
125540  48.187  -24.510  59.920 0.0000000000
50075  47.584  -24.374  59.692 0.0000000000
110555  46.981  -24.143  60.303 0.0000000000
48906  48.689  -24.982  75.730 0.0000000000
48905  49.424  -24.618  75.907 0.0000000000
49925  46.585  -24.258  69.637 0.0000000000
49924  47.607  -24.102  69.695 0.0000000000
131561  49.214  -24.141  69.697 0.0000000000
49922  49.948  -24.342  69.630 0.0000000000
49953  49.099  -24.696  66.766 0.0000000000
49989  47.692  -24.478  65.698 0.0000000000
50009  44.728  -24.473  64.353 0.0000000000
50008  45.604  -24.406  64.337 0.0000000000
50043  44.743  -24.287  62.772 0.0000000000
50054  44.874  -24.031  61.800 0.0000000000
132131  43.765  -23.788  60.611 0.0000000000
50078  43.255  -23.770  60.051 0.0000000000
50080  41.541  -24.130  59.507 0.0000000000
49048  39.704  -25.379  61.252 0.0000000000
49053  39.499  -25.142  60.425 0.0000000000
46138  40.359  -28.586  66.627 0.0000000000
127979  40.194  -28.174  66.033 0.0000000000
46163  38.689  -28.468  64.381 0.0000000000
45035  36.795  -29.896  62.323 0.0000000000
45040  36.571  -29.113  61.730 0.0000000000
38731  40.818  -36.053  72.390 0.0000000000
119401  40.637  -36.068  70.977 0.0000000000
115022  37.939  -36.408  69.643 0.0000000000
110769  38.952  -36.321  69.713 0.0000000000
38809  37.903  -35.137  67.572 0.0000000000
38824  36.155  -34.940  66.992 0.0000000000
39779  35.733  -34.748  66.469 0.0000000000
35886  33.205  -38.195  69.037 0.0000000000
36838  32.908  -37.714  68.452 0.0000000000
37847  31.185  -36.634  66.183 0.0000000000
37846  31.853  -36.615  66.597 0.0000000000
38837  32.546  -35.452  65.507 0.0000000000
38836  33.341  -35.245  65.718 0.0000000000
52070  53.201  -22.288  53.230 0.0000000000
31979  35.665  -42.256  75.750 0.0000000000
31042  35.603  -43.721  76.373 0.0000000000
31058  35.244  -43.031  75.767 0.0000000000
31059  34.430  -42.969  75.457 0.0000000000
33897  35.765  -40.449  76.317 0.0000000000
43753  42.812  -30.476  79.969 0.0000000000
111779  43.311  -29.746  79.627 0.0000000000
44832  43.855  -29.245  79.104 0.0000000000
43771  43.777  -30.754  78.584 0.0000000000
44849  43.970  -29.858  78.394 0.0000000000
45970  44.401  -28.903  78.469 0.0000000000
45981  45.022  -28.549  77.899 0.0000000000
45980  45.706  -28.218  77.432 0.0000000000
45990  45.767  -28.500  76.661 0.0000000000
44889  45.435  -29.287  75.503 0.0000000000
43816  45.102  -29.896  75.111 0.0000000000
43817  44.661  -30.486  74.734 0.0000000000
44903  44.970  -29.769  74.298 0.0000000000
43843  44.163  -30.149  73.281 0.0000000000
43860  42.820  -30.334  71.723 0.0000000000
42771  41.536  -31.429  71.331 0.0000000000
42753  41.949  -31.632  72.553 0.0000000000
41690  40.870  -32.068  71.005 0.0000000000
41691  40.483  -32.683  70.635 0.0000000000
40688  40.274  -34.318  69.558 0.0000000000
121818  30.295  -43.196  70.673 0.0000000000
31140  29.919  -43.933  70.105 0.0000000000
56968  55.472  -17.722  54.380 0.0000000000
55989  54.381  -18.213  53.368 0.0000000000
55076  53.625  -18.955  52.208 0.0000000000
28426  33.520  -46.790  74.466 0.0000000000
130696  33.300  -47.582  74.548 0.0000000000
25246  33.760  -50.742  75.363 0.0000000000
25177  36.019  -50.368  79.681 0.0000000000
127267  36.487  -51.460  79.353 0.0000000000
23346  35.803  -53.243  79.479 0.0000000000
24258  35.178  -52.330  79.905 0.0000000000
22409  35.598  -53.422  79.778 0.0000000000
22430  35.064  -54.264  79.183 0.0000000000
22431  34.356  -54.457  78.929 0.0000000000
110570  33.722  -54.605  81.022 0.0000000000
119598  42.875  -37.050  81.508 0.0000000000
131517  43.308  -36.387  81.377 0.0000000000
38611  43.926  -36.121  80.967 0.0000000000
37674  45.060  -36.559  79.999 0.0000000000
122013  45.157  -36.966  79.285 0.0000000000
37696  44.896  -37.249  78.393 0.0000000000
36702  44.907  -38.071  77.751 0.0000000000
35821  44.725  -38.636  77.243 0.0000000000
34886  44.630  -39.213  77.136 0.0000000000
34872  44.518  -39.247  77.486 0.0000000000
124101  44.403  -39.756  77.069 0.0000000000
34887  44.238  -39.647  76.504 0.0000000000
33905  43.774  -40.276  76.148 0.0000000000
33906  43.186  -40.722  75.798 0.0000000000
30061  40.210  -44.191  78.161 0.0000000000
30089  39.795  -44.510  77.239 0.0000000000
30090  38.201  -45.070  76.430 0.0000000000
110934  37.052  -44.307  74.875 0.0000000000
50127  55.578  -24.843  57.346 0.0000000000
50145  55.310  -24.931  56.473 0.0000000000
30031  25.025  -44.951  81.089 0.0000000000
27567  25.975  -47.823  81.159 0.0000000000
26769  26.443  -48.516  81.095 0.0000000000
26766  26.254  -48.270  81.914 0.0000000000
54083  59.761  -20.705  60.823 0.0000000000
53030  58.994  -21.586  60.586 0.0000000000
52027  59.232  -22.273  60.708 0.0000000000
51076  57.132  -23.171  61.193 0.0000000000
51050  54.489  -23.858  65.166 0.0000000000
50001  53.647  -24.124  64.959 0.0000000000
51072  51.709  -23.927  62.422 0.0000000000
50038  50.482  -24.560  62.693 0.0000000000
50039  49.755  -24.631  62.457 0.0000000000
50040  48.429  -24.529  62.727 0.0000000000
50964  51.453  -23.482  73.621 0.0000000000
48939  45.743  -25.785  73.144 0.0000000000
48949  46.012  -24.815  72.647 0.0000000000
49888  45.550  -24.891  71.905 0.0000000000
110474  45.663  -24.608  71.188 0.0000000000
49906  46.019  -24.351  70.401 0.0000000000
49908  44.786  -24.913  69.921 0.0000000000
49943  46.323  -24.343  68.815 0.0000000000
125920  46.702  -24.378  67.566 0.0000000000
110404  46.344  -24.399  66.972 0.0000000000
49971  45.541  -24.458  66.446 0.0000000000
127611  44.246  -24.788  66.460 0.0000000000
50010  43.858  -24.615  64.364 0.0000000000
50031  43.492  -24.587  63.713 0.0000000000
50045  42.670  -24.537  62.539 0.0000000000
50056  42.500  -24.389  61.702 0.0000000000
50033  42.069  -24.844  63.010 0.0000000000
49042  41.371  -25.112  62.721 0.0000000000
49043  40.627  -25.382  62.387 0.0000000000
117315  38.450  -30.154  65.272 0.0000000000
45023  38.322  -29.699  64.796 0.0000000000
43938  38.065  -30.680  64.669 0.0000000000
43942  37.321  -30.886  63.062 0.0000000000
43948  36.922  -30.831  62.455 0.0000000000
43949  36.565  -30.683  61.927 0.0000000000
36798  40.634  -37.177  71.755 0.0000000000
111943  39.701  -37.597  71.766 0.0000000000
36813  39.290  -37.227  71.136 0.0000000000
36814  38.487  -37.223  70.914 0.0000000000
36799  37.904  -37.695  71.364 0.0000000000
36815  37.552  -37.267  70.681 0.0000000000
37796  37.516  -36.785  70.117 0.0000000000
34938  30.898  -38.755  68.436 0.0000000000
35901  30.492  -38.360  67.717 0.0000000000
36850  30.953  -37.726  67.297 0.0000000000
119313  30.640  -37.315  66.572 0.0000000000
130869  30.380  -36.903  65.983 0.0000000000
61814  59.237  -12.087  51.247 0.0000000000
61833  59.848  -12.765  50.790 0.0000000000
60768  60.072  -13.600  50.630 0.0000000000
110654  60.316  -15.450  50.495 0.0000000000
56018  58.214  -18.739  49.978 0.0000000000
27598  37.057  -48.002  77.639 0.0000000000
27597  37.851  -47.832  78.486 0.0000000000
26787  37.730  -48.646  78.899 0.0000000000
28372  37.991  -47.018  79.419 0.0000000000
27575  37.849  -47.869  79.223 0.0000000000
26776  37.661  -48.664  79.093 0.0000000000
25992  37.280  -49.442  79.227 0.0000000000
26772  36.933  -49.306  79.443 0.0000000000
25994  36.509  -49.728  79.561 0.0000000000
29197  35.283  -45.786  77.666 0.0000000000
29198  34.527  -45.757  77.201 0.0000000000
27577  35.828  -47.654  79.082 0.0000000000
118844  35.893  -48.414  79.329 0.0000000000
26004  35.698  -49.415  79.545 0.0000000000
26005  34.692  -49.498  79.346 0.0000000000
26789  33.442  -48.810  78.714 0.0000000000
26006  33.732  -49.636  79.176 0.0000000000
26028  32.843  -49.387  78.844 0.0000000000
26029  32.061  -49.217  78.704 0.0000000000
26030  31.254  -49.131  78.672 0.0000000000
35765  40.304  -38.739  81.479 0.0000000000
35764  40.971  -38.356  80.616 0.0000000000
126924  41.102  -38.427  78.878 0.0000000000
35797  41.889  -38.591  78.606 0.0000000000
126961  41.018  -38.632  78.328 0.0000000000
115576  40.086  -39.340  77.450 0.0000000000
132545  40.545  -39.984  77.247 0.0000000000
32914  40.577  -40.936  77.153 0.0000000000
32902  40.468  -42.130  77.458 0.0000000000
31947  39.969  -43.122  77.885 0.0000000000
34889  37.868  -39.808  76.812 0.0000000000
33894  38.249  -40.379  76.578 0.0000000000
32931  37.878  -41.117  76.408 0.0000000000
32916  39.104  -41.958  77.043 0.0000000000
31959  39.709  -42.508  77.515 0.0000000000
123694  40.127  -43.843  78.179 0.0000000000
30062  39.671  -44.824  78.580 0.0000000000
29194  39.452  -45.342  78.655 0.0000000000
29179  39.323  -45.451  79.020 0.0000000000
28389  38.758  -46.480  78.601 0.0000000000
28390  38.288  -47.021  78.431 0.0000000000
50156  50.676  -25.049  54.724 0.0000000000
51995  58.020  -22.765  66.193 0.0000000000
51027  57.668  -23.198  66.693 0.0000000000
51028  57.182  -23.555  67.099 0.0000000000
49951  55.493  -24.521  68.057 0.0000000000
109839  54.552  -24.740  67.324 0.0000000000
48996  53.669  -25.057  67.573 0.0000000000
48986  52.684  -25.218  67.858 0.0000000000
118665  48.904  -25.238  76.324 0.0000000000
48923  47.296  -25.544  74.940 0.0000000000
48034  46.324  -25.938  74.086 0.0000000000
46002  46.286  -28.017  76.240 0.0000000000
47076  45.938  -27.776  74.438 0.0000000000
47075  46.463  -27.281  75.067 0.0000000000
47086  46.099  -26.962  74.279 0.0000000000
48049  44.812  -26.203  71.940 0.0000000000
131878  44.235  -27.373  71.448 0.0000000000
47099  44.020  -27.197  70.980 0.0000000000
48056  44.184  -26.474  70.773 0.0000000000
48063  43.543  -26.673  69.458 0.0000000000
48071  42.859  -26.931  68.135 0.0000000000
47155  42.160  -26.948  66.854 0.0000000000
47143  42.206  -27.462  67.573 0.0000000000
46125  41.484  -28.222  67.520 0.0000000000
44991  41.780  -28.849  68.511 0.0000000000
131390  41.631  -28.547  68.019 0.0000000000
46126  40.793  -28.761  67.321 0.0000000000
45000  40.276  -29.185  67.095 0.0000000000
45001  39.802  -29.259  66.598 0.0000000000
43912  39.334  -29.990  66.542 0.0000000000
43874  42.090  -30.221  70.502 0.0000000000
43887  41.178  -30.338  69.289 0.0000000000
42791  40.579  -31.240  69.491 0.0000000000
43888  40.516  -30.826  68.912 0.0000000000
43894  40.578  -30.243  68.446 0.0000000000
43903  39.983  -30.371  67.794 0.0000000000
41792  38.168  -32.609  64.273 0.0000000000
41763  38.743  -32.725  65.845 0.0000000000
41781  38.495  -32.604  65.090 0.0000000000
40770  37.983  -33.168  63.864 0.0000000000
33927  35.179  -40.309  71.473 0.0000000000
34916  35.496  -39.529  71.357 0.0000000000
34931  32.136  -39.515  69.580 0.0000000000
34932  31.369  -39.262  69.113 0.0000000000
32058  31.515  -42.218  71.027 0.0000000000
32994  30.101  -41.625  70.048 0.0000000000
32993  30.803  -40.796  70.027 0.0000000000
59837  57.941  -14.362  53.187 0.0000000000
123539  58.155  -15.763  52.983 0.0000000000
56991  58.061  -17.283  51.961 0.0000000000
55996  56.027  -18.142  51.730 0.0000000000
56001  56.367  -18.398  51.114 0.0000000000
131657  35.434  -49.716  76.938 0.0000000000
25240  33.752  -51.426  75.570 0.0000000000
24290  36.381  -52.201  78.835 0.0000000000
24308  35.994  -52.095  78.121 0.0000000000
24309  35.235  -52.328  77.372 0.0000000000
24327  34.477  -52.130  76.576 0.0000000000
24328  33.776  -52.127  76.072 0.0000000000
24341  33.242  -51.624  75.300 0.0000000000
39609  42.853  -33.982  81.003 0.0000000000
42649  41.984  -31.106  81.009 0.0000000000
42656  42.535  -31.293  80.270 0.0000000000
132033  43.528  -32.241  79.399 0.0000000000
129400  43.968  -32.562  79.005 0.0000000000
41567  44.119  -33.268  79.176 0.0000000000
41575  44.222  -32.936  78.612 0.0000000000
40615  44.131  -33.001  77.629 0.0000000000
40622  43.298  -33.160  76.431 0.0000000000
40623  42.499  -33.723  76.043 0.0000000000
39657  41.403  -34.748  75.252 0.0000000000
38679  42.318  -35.517  76.441 0.0000000000
38691  41.696  -35.604  75.648 0.0000000000
38692  41.246  -35.616  74.800 0.0000000000
123191  41.673  -37.094  73.300 0.0000000000
36778  41.524  -37.455  72.840 0.0000000000
36733  43.030  -37.734  75.445 0.0000000000
35829  43.329  -38.907  75.005 0.0000000000
35838  42.111  -37.917  73.571 0.0000000000
36779  41.052  -37.667  72.478 0.0000000000
35846  39.717  -38.332  72.473 0.0000000000
34907  38.869  -38.751  72.615 0.0000000000
34874  42.241  -39.053  78.043 0.0000000000
34861  43.008  -39.590  77.769 0.0000000000
32900  42.999  -41.126  77.185 0.0000000000
32901  42.234  -41.607  77.308 0.0000000000
32912  42.772  -41.681  77.091 0.0000000000
32928  42.928  -41.556  76.816 0.0000000000
32950  42.057  -41.827  75.880 0.0000000000
128778  41.582  -41.428  75.313 0.0000000000
31039  40.989  -43.438  76.965 0.0000000000
31054  40.749  -43.427  76.589 0.0000000000
31993  40.776  -42.931  75.991 0.0000000000
32017  40.244  -42.416  75.329 0.0000000000
32964  40.929  -41.297  74.884 0.0000000000
32967  38.808  -40.818  73.823 0.0000000000
126540  37.631  -40.772  73.261 0.0000000000
33921  36.446  -40.364  72.358 0.0000000000
32047  33.762  -42.471  71.844 0.0000000000
31115  32.620  -43.178  71.992 0.0000000000
130053  33.104  -43.560  72.389 0.0000000000
29262  31.455  -45.524  72.248 0.0000000000
29276  30.933  -45.463  71.579 0.0000000000
52062  53.540  -22.165  55.107 0.0000000000
125382  54.604  -24.465  54.940 0.0000000000
121001  54.489  -24.297  54.176 0.0000000000
123128  31.590  -42.628  74.668 0.0000000000
31062  31.298  -43.486  74.776 0.0000000000
30105  31.497  -44.302  75.175 0.0000000000
31064  29.842  -43.155  74.612 0.0000000000
30106  30.616  -44.080  74.869 0.0000000000
29234  31.017  -45.049  75.444 0.0000000000
29218  31.300  -45.687  76.044 0.0000000000
28413  30.701  -46.212  76.416 0.0000000000
28396  30.914  -46.821  77.031 0.0000000000
118265  30.037  -46.690  76.847 0.0000000000
27602  31.216  -47.425  77.568 0.0000000000
124946  30.782  -47.854  77.912 0.0000000000
26792  30.808  -48.472  78.326 0.0000000000
29224  25.506  -45.134  76.754 0.0000000000
29200  26.217  -45.745  76.975 0.0000000000
28416  27.220  -46.144  76.853 0.0000000000
28399  27.666  -46.745  77.422 0.0000000000
28383  27.246  -47.149  78.052 0.0000000000
27605  28.083  -47.322  77.879 0.0000000000
27604  28.886  -47.481  77.797 0.0000000000
27591  29.257  -47.993  78.220 0.0000000000
26031  30.512  -49.069  78.729 0.0000000000
26009  30.772  -49.661  79.070 0.0000000000
25202  31.129  -50.476  79.527 0.0000000000
25179  31.121  -51.268  80.170 0.0000000000
127214  30.634  -51.266  80.459 0.0000000000
25181  29.701  -50.540  80.310 0.0000000000
24261  30.139  -51.203  80.692 0.0000000000
25989  26.934  -49.151  81.271 0.0000000000
123480  58.314  -12.694  54.343 0.0000000000
61771  58.621  -12.192  54.940 0.0000000000
122317  58.598  -16.283  54.943 0.0000000000
56948  58.401  -16.832  55.181 0.0000000000
56949  57.816  -17.240  55.346 0.0000000000
60692  59.972  -14.004  57.914 0.0000000000
58902  60.081  -15.809  56.757 0.0000000000
56950  56.962  -17.474  55.575 0.0000000000
56951  55.995  -17.639  55.858 0.0000000000
55953  55.220  -18.321  57.047 0.0000000000
55942  54.597  -19.074  57.410 0.0000000000
55925  56.725  -18.383  58.762 0.0000000000
55035  53.967  -19.762  57.168 0.0000000000
54136  54.086  -20.433  57.388 0.0000000000
129984  55.184  -21.448  58.150 0.0000000000
112185  55.551  -23.161  57.264 0.0000000000
51134  52.810  -23.640  57.525 0.0000000000
52014  58.297  -23.003  63.618 0.0000000000
122343  57.076  -23.024  62.143 0.0000000000
51068  55.622  -22.723  62.676 0.0000000000
51136  50.792  -23.760  57.503 0.0000000000
50072  50.106  -24.236  59.955 0.0000000000
50965  47.687  -23.792  72.926 0.0000000000
128583  48.518  -23.577  72.672 0.0000000000
130300  51.381  -23.722  72.433 0.0000000000
49902  51.216  -24.149  71.186 0.0000000000
110675  51.483  -24.482  70.373 0.0000000000
49921  50.818  -24.576  69.579 0.0000000000
48987  51.721  -25.233  67.621 0.0000000000
48998  51.473  -25.256  66.814 0.0000000000
49012  50.535  -25.097  65.764 0.0000000000
49969  49.278  -24.792  65.921 0.0000000000
49987  49.470  -24.840  65.144 0.0000000000
130439  49.653  -24.829  64.485 0.0000000000
50025  49.322  -24.707  63.806 0.0000000000
128363  48.678  -24.579  63.371 0.0000000000
111353  47.015  -24.395  66.349 0.0000000000
126783  46.797  -24.407  65.618 0.0000000000
117089  47.078  -24.425  64.939 0.0000000000
50007  46.498  -24.394  64.264 0.0000000000
50041  47.376  -24.378  62.559 0.0000000000
50051  47.395  -24.356  61.607 0.0000000000
51091  45.574  -23.763  60.469 0.0000000000
50067  41.783  -24.316  60.500 0.0000000000
127900  39.825  -27.679  65.068 0.0000000000
47175  40.229  -27.133  64.805 0.0000000000
48120  39.942  -26.842  64.122 0.0000000000
48130  39.526  -26.609  63.336 0.0000000000
48135  38.932  -26.714  62.798 0.0000000000
110579  38.712  -26.436  62.158 0.0000000000
45031  38.266  -29.095  64.261 0.0000000000
46171  38.300  -28.364  63.684 0.0000000000
46175  38.040  -27.881  62.909 0.0000000000
47190  37.715  -27.531  62.198 0.0000000000
40640  40.663  -33.918  73.203 0.0000000000
38719  40.585  -34.725  72.936 0.0000000000
39681  40.506  -34.320  72.401 0.0000000000
40651  40.619  -33.570  72.521 0.0000000000
37778  40.515  -36.512  71.061 0.0000000000
37809  39.851  -36.235  69.719 0.0000000000
39750  40.330  -35.224  68.845 0.0000000000
39766  39.624  -34.792  67.390 0.0000000000
39775  39.241  -34.416  66.673 0.0000000000
39776  38.783  -34.466  66.237 0.0000000000
39768  38.138  -34.718  66.778 0.0000000000
39788  37.667  -34.151  65.097 0.0000000000
39803  36.816  -33.935  64.713 0.0000000000
40755  36.182  -33.690  64.172 0.0000000000
126796  35.248  -39.063  70.929 0.0000000000
35874  35.064  -37.979  70.117 0.0000000000
35875  34.285  -38.264  69.757 0.0000000000
36836  35.199  -36.858  69.110 0.0000000000
36847  33.097  -37.146  67.940 0.0000000000
37832  32.857  -36.748  67.360 0.0000000000
37830  34.481  -36.231  67.784 0.0000000000
37829  35.273  -35.955  68.001 0.0000000000
38825  35.321  -35.160  66.846 0.0000000000
39780  34.988  -34.725  66.161 0.0000000000
39791  34.514  -34.574  65.451 0.0000000000
126146  35.185  -34.420  65.484 0.0000000000
39805  34.880  -34.216  64.914 0.0000000000
40756  35.240  -33.801  64.297 0.0000000000
121141  60.310  -16.222  50.447 0.0000000000
54173  52.748  -19.931  54.964 0.0000000000
53101  52.710  -21.563  53.343 0.0000000000
53106  52.531  -21.124  52.738 0.0000000000
24289  36.602  -51.577  79.186 0.0000000000
25176  36.542  -50.939  79.447 0.0000000000
25201  32.068  -50.408  79.262 0.0000000000
26002  37.479  -49.433  79.057 0.0000000000
27571  37.352  -47.806  79.403 0.0000000000
27580  26.509  -47.739  79.415 0.0000000000
27585  35.446  -47.209  78.725 0.0000000000
27586  34.648  -47.349  78.421 0.0000000000
27599  33.757  -47.411  78.046 0.0000000000
28374  36.223  -47.132  79.072 0.0000000000
29159  25.627  -45.378  82.434 0.0000000000
29196  36.222  -45.470  78.012 0.0000000000
29202  24.824  -45.258  77.940 0.0000000000
33893  38.975  -40.478  76.719 0.0000000000
33949  30.103  -40.046  69.177 0.0000000000
34892  43.693  -39.461  75.633 0.0000000000
37646  43.751  -36.985  81.078 0.0000000000
37821  34.209  -36.715  68.231 0.0000000000
38619  44.576  -35.761  80.355 0.0000000000
39625  44.463  -34.513  79.471 0.0000000000
40602  44.291  -33.618  78.810 0.0000000000
41596  44.250  -32.315  77.322 0.0000000000
50065  44.327  -23.712  60.632 0.0000000000
53102  52.480  -20.648  53.365 0.0000000000
58001  60.656  -16.242  57.747 0.0000000000
117452  46.367  -24.210  71.008 0.0000000000
117835  40.513  -36.184  70.637 0.0000000000
126690  59.761  -21.699  60.838 0.0000000000
131346  39.985  -38.590  72.745 0.0000000000
