#!ascii label  , from subject sub-v2s10x28974_ses-1 vox2ras=TkReg
290
24749  46.752  -50.444  27.483 0.0000000000
18137  33.985  -57.836  23.745 0.0000000000
18136  46.106  -56.439  23.492 0.0000000000
22031  39.800  -53.891  24.076 0.0000000000
16214  38.508  -59.451  26.720 0.0000000000
18095  42.020  -57.839  25.251 0.0000000000
14392  40.947  -61.201  27.190 0.0000000000
132521  36.653  -55.322  24.445 0.0000000000
24785  37.032  -50.860  24.941 0.0000000000
134558  46.557  -52.778  25.297 0.0000000000
21112  42.595  -54.773  23.642 0.0000000000
135683  39.793  -57.022  25.054 0.0000000000
16232  35.975  -59.381  25.482 0.0000000000
14435  36.983  -61.998  24.958 0.0000000000
121951  49.483  -46.907  26.684 0.0000000000
23799  50.056  -51.819  26.588 0.0000000000
21069  49.029  -54.202  24.900 0.0000000000
23808  40.363  -51.172  27.228 0.0000000000
15307  42.471  -60.926  26.462 0.0000000000
126415  35.060  -57.035  24.463 0.0000000000
141219  35.342  -54.414  24.453 0.0000000000
21084  46.210  -54.621  23.598 0.0000000000
20159  44.125  -55.466  23.437 0.0000000000
17133  39.945  -58.734  26.485 0.0000000000
18096  41.020  -57.673  25.449 0.0000000000
17134  38.985  -58.709  26.500 0.0000000000
18099  37.963  -57.533  25.464 0.0000000000
16215  37.622  -59.533  26.481 0.0000000000
14439  36.622  -61.344  23.470 0.0000000000
22868  50.941  -52.452  27.641 0.0000000000
22876  49.907  -53.158  25.617 0.0000000000
21050  49.630  -53.927  26.859 0.0000000000
21986  42.048  -53.339  25.237 0.0000000000
22900  39.870  -52.570  25.570 0.0000000000
25744  35.780  -49.323  24.779 0.0000000000
25728  37.024  -49.271  26.013 0.0000000000
120451  45.756  -58.203  24.334 0.0000000000
18115  43.626  -57.460  24.399 0.0000000000
16229  43.233  -59.767  25.636 0.0000000000
16212  41.285  -59.655  26.495 0.0000000000
16200  39.840  -60.169  27.127 0.0000000000
21116  38.465  -54.464  24.057 0.0000000000
22920  38.452  -52.531  24.709 0.0000000000
22033  37.137  -53.806  24.383 0.0000000000
23844  35.753  -51.424  24.423 0.0000000000
17188  34.132  -58.875  22.172 0.0000000000
23815  46.845  -51.935  26.863 0.0000000000
22008  43.598  -53.852  24.560 0.0000000000
21113  41.687  -54.734  23.651 0.0000000000
19104  42.047  -56.612  24.279 0.0000000000
19129  41.587  -56.021  23.821 0.0000000000
19106  39.789  -55.898  23.853 0.0000000000
19108  37.824  -56.390  24.560 0.0000000000
18122  36.496  -57.221  24.845 0.0000000000
17171  35.051  -58.640  24.606 0.0000000000
14412  37.043  -61.151  26.132 0.0000000000
15313  36.585  -60.524  25.837 0.0000000000
15332  35.529  -60.151  24.529 0.0000000000
16256  34.987  -59.834  23.219 0.0000000000
134283  47.989  -47.285  26.382 0.0000000000
25704  48.413  -49.533  27.327 0.0000000000
25717  50.222  -48.694  27.355 0.0000000000
23800  48.455  -51.299  27.081 0.0000000000
22877  48.720  -52.658  25.346 0.0000000000
22916  48.762  -53.860  24.196 0.0000000000
20136  48.016  -54.914  23.925 0.0000000000
20123  47.359  -55.918  24.324 0.0000000000
18112  46.729  -57.674  24.425 0.0000000000
24770  38.162  -51.033  25.944 0.0000000000
25707  45.321  -49.584  27.470 0.0000000000
24750  45.764  -50.436  27.511 0.0000000000
19131  34.223  -57.075  24.166 0.0000000000
19111  34.783  -56.225  24.403 0.0000000000
21108  46.724  -55.375  23.456 0.0000000000
21109  45.707  -55.104  23.384 0.0000000000
20158  45.269  -55.639  23.362 0.0000000000
131532  39.421  -59.423  26.823 0.0000000000
17135  38.048  -58.793  26.393 0.0000000000
13575  38.141  -62.127  22.911 0.0000000000
21962  50.570  -53.101  27.371 0.0000000000
22011  40.675  -53.620  24.388 0.0000000000
22899  40.753  -52.767  25.762 0.0000000000
21988  40.333  -53.052  24.994 0.0000000000
26752  36.168  -48.469  25.239 0.0000000000
17148  44.178  -59.087  25.053 0.0000000000
15308  41.534  -60.837  26.820 0.0000000000
123811  41.632  -60.313  26.581 0.0000000000
15309  40.808  -60.318  26.919 0.0000000000
15292  40.213  -60.820  27.286 0.0000000000
21090  37.325  -55.079  24.333 0.0000000000
130525  38.025  -53.773  24.273 0.0000000000
21091  36.815  -54.577  24.403 0.0000000000
22015  35.641  -53.051  24.417 0.0000000000
22924  35.014  -52.203  24.468 0.0000000000
24787  35.386  -50.638  24.454 0.0000000000
22879  46.200  -52.357  26.217 0.0000000000
22894  45.625  -52.778  25.571 0.0000000000
21088  42.135  -54.226  24.025 0.0000000000
17170  43.169  -58.067  24.934 0.0000000000
19103  43.065  -56.695  24.142 0.0000000000
18116  42.534  -57.306  24.653 0.0000000000
18097  40.075  -57.548  25.533 0.0000000000
19105  41.070  -56.572  24.338 0.0000000000
128888  40.049  -56.511  24.408 0.0000000000
19130  40.661  -56.017  23.825 0.0000000000
144235  39.301  -56.243  24.230 0.0000000000
20138  38.904  -55.704  24.014 0.0000000000
18119  39.191  -56.711  24.739 0.0000000000
17155  36.551  -58.650  25.701 0.0000000000
18100  36.973  -57.751  25.391 0.0000000000
18101  36.109  -57.982  25.120 0.0000000000
140155  35.444  -58.131  24.796 0.0000000000
17156  35.692  -58.692  25.166 0.0000000000
139756  38.300  -63.984  24.601 0.0000000000
13553  37.503  -62.605  24.549 0.0000000000
13533  37.459  -62.566  25.453 0.0000000000
14427  37.132  -61.888  25.776 0.0000000000
14428  36.661  -61.301  25.394 0.0000000000
15331  35.953  -60.815  24.094 0.0000000000
15334  35.995  -60.749  23.168 0.0000000000
15335  35.456  -60.283  23.688 0.0000000000
140250  35.502  -60.285  22.927 0.0000000000
28715  47.796  -46.389  25.915 0.0000000000
126111  48.960  -47.516  26.609 0.0000000000
26715  47.941  -48.459  26.978 0.0000000000
25718  49.223  -48.531  27.072 0.0000000000
24759  51.127  -51.022  27.500 0.0000000000
25716  50.839  -49.547  27.605 0.0000000000
24761  50.390  -50.124  27.342 0.0000000000
138857  49.862  -50.836  27.116 0.0000000000
143696  49.377  -51.381  26.934 0.0000000000
23813  49.293  -52.122  26.212 0.0000000000
21980  49.463  -53.723  25.109 0.0000000000
22891  49.201  -53.472  24.832 0.0000000000
21981  49.016  -54.087  24.365 0.0000000000
22003  48.559  -54.329  23.968 0.0000000000
21082  48.629  -54.415  24.147 0.0000000000
19091  46.117  -56.804  25.297 0.0000000000
19090  46.879  -56.813  24.427 0.0000000000
139125  46.836  -57.299  24.236 0.0000000000
22921  37.839  -52.444  24.586 0.0000000000
23841  38.185  -51.983  24.950 0.0000000000
23830  37.812  -51.323  25.294 0.0000000000
25721  37.522  -49.181  26.375 0.0000000000
20141  35.802  -55.684  24.488 0.0000000000
21092  35.956  -54.843  24.460 0.0000000000
22918  47.290  -53.716  24.114 0.0000000000
21982  46.308  -53.359  24.663 0.0000000000
22006  45.672  -53.969  24.232 0.0000000000
21111  43.571  -54.851  23.582 0.0000000000
17132  40.901  -58.875  26.329 0.0000000000
17151  40.483  -58.171  26.003 0.0000000000
17152  39.511  -58.054  26.078 0.0000000000
18098  39.057  -57.372  25.443 0.0000000000
17153  38.508  -58.080  26.040 0.0000000000
16231  37.246  -58.940  26.212 0.0000000000
16216  36.713  -59.604  26.051 0.0000000000
14438  37.098  -61.928  24.047 0.0000000000
125896  37.403  -61.774  23.138 0.0000000000
144175  50.878  -51.937  27.054 0.0000000000
130752  50.081  -52.527  25.994 0.0000000000
22875  50.685  -52.377  26.904 0.0000000000
21968  49.957  -53.531  25.987 0.0000000000
21068  49.572  -53.875  25.722 0.0000000000
22884  41.226  -52.337  26.449 0.0000000000
138522  40.077  -51.681  26.767 0.0000000000
24772  36.381  -50.085  24.904 0.0000000000
128522  36.943  -50.017  25.568 0.0000000000
25729  36.475  -49.301  25.407 0.0000000000
125046  36.723  -47.796  25.581 0.0000000000
18113  45.697  -57.294  23.829 0.0000000000
18114  44.713  -57.638  24.155 0.0000000000
17169  44.465  -58.267  24.533 0.0000000000
17149  42.595  -58.682  25.465 0.0000000000
16230  41.911  -59.181  26.024 0.0000000000
16213  40.359  -59.489  26.737 0.0000000000
21115  39.263  -54.492  23.864 0.0000000000
22012  39.253  -53.285  24.388 0.0000000000
22032  38.881  -53.817  24.125 0.0000000000
22014  37.526  -53.058  24.433 0.0000000000
22922  37.057  -52.326  24.484 0.0000000000
127154  36.113  -53.928  24.417 0.0000000000
22943  36.628  -53.054  24.418 0.0000000000
23843  36.647  -51.543  24.515 0.0000000000
24786  36.230  -50.768  24.552 0.0000000000
17178  34.039  -58.568  23.066 0.0000000000
23801  47.340  -51.250  27.274 0.0000000000
23802  46.271  -51.248  27.364 0.0000000000
23816  45.734  -51.841  27.053 0.0000000000
22010  41.649  -53.695  24.522 0.0000000000
22030  40.534  -54.190  23.915 0.0000000000
19128  42.550  -56.019  23.734 0.0000000000
18117  41.532  -57.178  24.843 0.0000000000
20161  42.103  -55.376  23.564 0.0000000000
20162  41.200  -55.391  23.582 0.0000000000
128523  40.851  -54.714  23.648 0.0000000000
21114  40.058  -54.624  23.732 0.0000000000
137447  38.845  -55.029  23.873 0.0000000000
20139  38.176  -55.882  24.283 0.0000000000
20140  37.382  -55.769  24.412 0.0000000000
18120  38.349  -56.875  24.902 0.0000000000
18121  37.424  -57.040  24.917 0.0000000000
19109  36.938  -56.494  24.626 0.0000000000
19110  35.905  -56.578  24.571 0.0000000000
18124  34.776  -57.835  24.404 0.0000000000
17172  34.407  -58.588  24.040 0.0000000000
15293  38.462  -60.961  27.093 0.0000000000
12690  37.897  -63.409  25.175 0.0000000000
14411  37.692  -60.995  26.651 0.0000000000
15311  38.075  -60.215  26.794 0.0000000000
15312  37.262  -60.323  26.383 0.0000000000
131897  36.142  -60.015  25.602 0.0000000000
14436  36.511  -61.378  24.511 0.0000000000
15325  36.058  -60.635  25.079 0.0000000000
15326  35.720  -59.932  25.179 0.0000000000
16240  35.336  -59.388  24.818 0.0000000000
16241  34.791  -59.144  24.280 0.0000000000
16247  34.558  -59.227  23.602 0.0000000000
16257  34.529  -59.329  22.690 0.0000000000
28716  46.875  -46.251  25.628 0.0000000000
27710  47.234  -47.014  26.146 0.0000000000
26716  47.058  -47.866  26.651 0.0000000000
25705  47.269  -49.539  27.394 0.0000000000
26701  50.750  -48.309  27.850 0.0000000000
26714  49.892  -47.634  26.906 0.0000000000
25703  49.538  -49.679  27.290 0.0000000000
24747  48.897  -50.515  27.256 0.0000000000
23814  48.037  -51.988  26.521 0.0000000000
22878  47.437  -52.539  25.566 0.0000000000
128098  49.558  -52.825  25.440 0.0000000000
22892  48.303  -53.210  24.634 0.0000000000
22893  47.321  -53.152  24.649 0.0000000000
22004  47.813  -54.352  23.769 0.0000000000
21083  47.266  -54.879  23.574 0.0000000000
19125  47.033  -56.173  23.677 0.0000000000
20137  47.509  -55.749  23.950 0.0000000000
19100  47.200  -56.659  23.999 0.0000000000
19101  46.834  -57.150  23.977 0.0000000000
22919  39.559  -52.862  24.818 0.0000000000
23828  39.400  -51.897  26.201 0.0000000000
23823  38.759  -51.160  26.487 0.0000000000
24771  37.593  -50.582  25.743 0.0000000000
24763  38.207  -50.349  26.521 0.0000000000
16211  42.239  -60.010  26.236 0.0000000000
16246  35.015  -59.718  24.070 0.0000000000
17150  41.450  -58.379  25.774 0.0000000000
17154  37.527  -58.273  25.918 0.0000000000
17168  45.635  -59.002  24.712 0.0000000000
18118  40.587  -57.081  24.958 0.0000000000
18123  35.625  -57.456  24.700 0.0000000000
19107  38.618  -56.308  24.405 0.0000000000
19126  44.810  -56.301  23.495 0.0000000000
20156  47.393  -55.503  23.695 0.0000000000
20157  46.242  -55.755  23.373 0.0000000000
20160  43.067  -55.381  23.500 0.0000000000
20163  40.343  -55.338  23.617 0.0000000000
20164  39.529  -55.202  23.728 0.0000000000
20165  38.108  -55.213  24.149 0.0000000000
21089  41.256  -54.174  23.965 0.0000000000
21117  37.650  -54.485  24.269 0.0000000000
21963  50.120  -53.598  27.079 0.0000000000
21967  50.373  -53.038  26.389 0.0000000000
21987  41.183  -53.256  25.149 0.0000000000
22005  46.795  -54.131  23.865 0.0000000000
22013  38.416  -53.092  24.430 0.0000000000
22867  51.067  -51.889  27.385 0.0000000000
22874  50.937  -51.590  27.254 0.0000000000
22885  40.333  -52.234  26.341 0.0000000000
22901  38.967  -52.351  25.200 0.0000000000
22917  48.097  -53.757  24.041 0.0000000000
22923  36.165  -52.249  24.412 0.0000000000
23812  50.541  -52.131  26.701 0.0000000000
23822  39.535  -51.216  26.980 0.0000000000
23829  38.528  -51.647  25.662 0.0000000000
23842  37.443  -51.736  24.721 0.0000000000
24748  47.813  -50.439  27.411 0.0000000000
24760  50.948  -50.709  27.450 0.0000000000
24764  37.494  -49.834  26.214 0.0000000000
25696  51.200  -49.188  28.042 0.0000000000
25702  51.099  -49.259  27.847 0.0000000000
25720  38.035  -49.398  26.665 0.0000000000
26725  37.899  -48.708  26.533 0.0000000000
26736  36.782  -48.566  25.809 0.0000000000
123383  35.839  -50.128  24.570 0.0000000000
124489  50.310  -52.660  26.238 0.0000000000
126536  50.523  -51.339  27.119 0.0000000000
127470  39.929  -53.324  24.499 0.0000000000
132594  36.550  -55.976  24.504 0.0000000000
133479  38.927  -52.799  24.637 0.0000000000
142901  37.444  -61.655  26.361 0.0000000000
