#!ascii label  , from subject sub-v2s10x28968_ses-1 vox2ras=TkReg
979
58958  12.469  -8.408  89.996 0.0000000000
48978  6.185  -18.434  78.282 0.0000000000
51971  14.188  -15.414  93.846 0.0000000000
114498  7.664  -12.731  89.342 0.0000000000
57039  5.470  -10.538  83.963 0.0000000000
56047  14.821  -11.395  94.012 0.0000000000
57970  10.410  -10.013  94.005 0.0000000000
58028  13.865  -9.328  86.093 0.0000000000
54077  16.204  -13.147  89.944 0.0000000000
48816  16.897  -18.292  93.001 0.0000000000
114238  2.948  -9.904  90.961 0.0000000000
54133  3.270  -13.667  86.192 0.0000000000
60051  2.985  -6.976  87.190 0.0000000000
49829  10.135  -17.892  92.181 0.0000000000
52006  11.196  -15.840  87.929 0.0000000000
55082  12.126  -12.646  91.955 0.0000000000
56953  6.475  -11.337  93.382 0.0000000000
53166  9.471  -14.831  82.982 0.0000000000
53188  3.284  -14.754  80.637 0.0000000000
55239  6.965  -12.424  79.214 0.0000000000
60110  9.029  -7.143  80.646 0.0000000000
56955  13.521  -10.325  91.603 0.0000000000
58945  11.994  -8.369  92.882 0.0000000000
58021  13.210  -9.380  87.647 0.0000000000
56087  14.258  -11.375  88.033 0.0000000000
56960  14.112  -11.040  89.942 0.0000000000
55081  16.016  -12.334  92.358 0.0000000000
58974  2.486  -8.259  89.953 0.0000000000
50898  12.894  -16.901  93.139 0.0000000000
50904  12.443  -16.281  91.678 0.0000000000
54068  13.350  -13.524  93.110 0.0000000000
119470  9.096  -6.967  93.207 0.0000000000
57978  8.164  -10.392  93.935 0.0000000000
49810  15.181  -16.984  94.322 0.0000000000
46928  14.505  -20.483  93.487 0.0000000000
49813  12.598  -18.153  94.037 0.0000000000
48812  10.128  -18.641  93.888 0.0000000000
54098  11.156  -13.007  88.128 0.0000000000
52030  10.709  -15.197  85.094 0.0000000000
115427  8.594  -12.999  85.944 0.0000000000
56125  3.424  -12.246  84.249 0.0000000000
53157  3.387  -13.952  83.393 0.0000000000
55224  3.285  -12.735  81.864 0.0000000000
55242  4.274  -13.146  79.466 0.0000000000
56160  5.867  -11.648  81.481 0.0000000000
54055  14.960  -13.483  95.249 0.0000000000
125582  12.810  -12.340  94.768 0.0000000000
56946  12.481  -10.295  94.611 0.0000000000
59983  10.396  -7.191  93.784 0.0000000000
58051  15.254  -9.684  84.343 0.0000000000
55200  15.830  -11.902  83.768 0.0000000000
56102  15.003  -11.923  85.812 0.0000000000
54107  16.322  -13.907  87.754 0.0000000000
51975  17.525  -15.316  92.056 0.0000000000
53053  17.269  -14.456  94.003 0.0000000000
55111  3.769  -13.046  90.676 0.0000000000
54113  4.841  -13.726  87.844 0.0000000000
55142  2.616  -12.943  88.925 0.0000000000
57002  3.067  -10.400  86.717 0.0000000000
113881  4.312  -9.052  85.768 0.0000000000
61088  13.919  -6.828  88.884 0.0000000000
57033  19.417  -10.615  83.734 0.0000000000
58027  19.671  -9.596  86.191 0.0000000000
60057  16.435  -7.756  85.690 0.0000000000
60031  15.163  -7.005  86.920 0.0000000000
49838  7.835  -18.098  91.306 0.0000000000
49852  8.518  -17.358  89.168 0.0000000000
50912  10.781  -16.797  90.115 0.0000000000
51996  12.286  -14.749  89.771 0.0000000000
55106  9.759  -12.333  90.472 0.0000000000
55076  11.062  -12.067  94.021 0.0000000000
113504  8.854  -12.360  93.038 0.0000000000
55098  6.157  -12.503  92.441 0.0000000000
115274  4.582  -11.351  91.716 0.0000000000
49888  8.745  -17.671  86.646 0.0000000000
49923  9.519  -17.096  83.248 0.0000000000
49963  8.553  -16.707  80.732 0.0000000000
54170  6.588  -13.858  84.720 0.0000000000
52071  6.883  -14.863  81.526 0.0000000000
51024  6.104  -16.244  78.713 0.0000000000
117218  3.311  -15.009  78.162 0.0000000000
53208  4.507  -14.457  77.120 0.0000000000
62128  3.918  -5.356  85.603 0.0000000000
60066  6.265  -7.542  84.585 0.0000000000
62151  7.385  -5.817  82.979 0.0000000000
115922  7.682  -9.061  82.826 0.0000000000
130615  8.617  -10.625  80.531 0.0000000000
115455  12.917  -9.782  91.122 0.0000000000
57986  12.458  -9.058  91.483 0.0000000000
59992  12.389  -7.383  90.586 0.0000000000
58012  12.892  -9.354  88.679 0.0000000000
56973  13.625  -10.597  89.373 0.0000000000
56961  13.555  -10.465  90.096 0.0000000000
56954  14.082  -10.859  90.943 0.0000000000
126849  4.857  -19.403  77.929 0.0000000000
50002  5.268  -17.859  77.404 0.0000000000
50897  13.672  -16.244  93.451 0.0000000000
51974  13.414  -16.005  92.920 0.0000000000
53057  14.000  -14.498  93.973 0.0000000000
56150  17.099  -11.626  82.605 0.0000000000
50891  14.594  -16.234  94.266 0.0000000000
49811  14.585  -17.403  94.196 0.0000000000
49816  13.322  -17.317  93.722 0.0000000000
49817  12.594  -17.658  93.592 0.0000000000
118187  9.313  -12.482  88.262 0.0000000000
55163  9.783  -12.803  86.575 0.0000000000
54111  8.162  -12.864  87.242 0.0000000000
57040  4.688  -11.178  83.848 0.0000000000
56139  3.468  -12.377  83.399 0.0000000000
56138  4.189  -11.722  83.078 0.0000000000
56161  4.986  -11.872  81.847 0.0000000000
132625  5.623  -11.215  82.806 0.0000000000
129237  14.918  -11.973  94.624 0.0000000000
55064  13.972  -11.894  94.956 0.0000000000
56945  13.556  -10.656  94.374 0.0000000000
58942  11.480  -8.166  93.505 0.0000000000
62045  10.164  -5.671  93.665 0.0000000000
58037  14.755  -9.220  84.954 0.0000000000
58052  14.644  -10.088  84.787 0.0000000000
57010  14.323  -10.601  85.560 0.0000000000
112361  15.044  -12.017  89.182 0.0000000000
55148  15.189  -12.410  87.677 0.0000000000
54085  16.360  -13.711  89.113 0.0000000000
53061  17.041  -14.296  91.130 0.0000000000
56057  15.461  -11.885  92.808 0.0000000000
54063  16.741  -13.316  93.305 0.0000000000
55068  15.813  -12.466  94.256 0.0000000000
54053  16.281  -13.822  94.979 0.0000000000
56069  3.185  -11.982  91.222 0.0000000000
55129  2.824  -12.886  89.818 0.0000000000
122580  2.419  -11.390  90.256 0.0000000000
60039  2.622  -7.393  87.917 0.0000000000
111063  2.680  -9.070  87.770 0.0000000000
58992  3.142  -8.826  86.984 0.0000000000
58040  3.994  -9.782  85.769 0.0000000000
113756  3.474  -7.406  86.605 0.0000000000
59000  16.791  -8.287  85.221 0.0000000000
49837  8.651  -18.015  91.600 0.0000000000
116949  9.159  -17.663  90.987 0.0000000000
49835  10.335  -17.510  91.487 0.0000000000
53063  13.219  -13.834  91.693 0.0000000000
51985  12.536  -15.023  90.467 0.0000000000
54079  12.144  -13.000  90.412 0.0000000000
55104  11.448  -12.688  89.911 0.0000000000
55093  11.448  -12.487  91.073 0.0000000000
56043  11.467  -11.388  94.618 0.0000000000
129689  11.659  -12.143  94.348 0.0000000000
56049  10.599  -11.455  94.220 0.0000000000
130804  7.014  -10.962  93.714 0.0000000000
56052  8.276  -11.507  94.104 0.0000000000
55079  6.883  -12.046  93.499 0.0000000000
55087  6.867  -12.395  93.040 0.0000000000
55088  6.266  -12.146  93.013 0.0000000000
56063  5.176  -12.067  92.358 0.0000000000
56956  5.849  -10.646  91.723 0.0000000000
54166  15.854  -12.876  84.973 0.0000000000
114494  16.391  -13.736  84.247 0.0000000000
47891  16.270  -19.527  91.664 0.0000000000
46949  15.267  -20.361  91.084 0.0000000000
46937  15.874  -20.005  92.400 0.0000000000
124279  12.871  -20.478  94.461 0.0000000000
45937  13.592  -21.362  92.866 0.0000000000
49820  9.783  -18.459  93.353 0.0000000000
49826  8.770  -18.428  92.774 0.0000000000
50924  9.876  -16.979  88.942 0.0000000000
49875  9.101  -17.313  87.693 0.0000000000
50939  10.011  -16.792  87.517 0.0000000000
53137  10.359  -14.918  84.329 0.0000000000
50968  10.157  -16.509  84.477 0.0000000000
50974  9.744  -16.364  83.047 0.0000000000
118066  8.953  -16.963  81.461 0.0000000000
52069  9.067  -15.769  81.656 0.0000000000
54132  4.416  -13.885  86.770 0.0000000000
54131  5.726  -13.649  86.378 0.0000000000
54152  4.924  -13.899  85.696 0.0000000000
53183  3.037  -14.230  81.994 0.0000000000
53170  5.357  -14.489  82.640 0.0000000000
53182  4.336  -14.777  81.134 0.0000000000
52082  6.725  -15.525  80.154 0.0000000000
111708  4.357  -15.146  80.118 0.0000000000
120637  3.532  -15.212  78.360 0.0000000000
52093  3.026  -14.925  79.434 0.0000000000
55241  5.303  -12.734  79.554 0.0000000000
54221  4.608  -13.724  78.252 0.0000000000
54220  5.650  -13.506  78.168 0.0000000000
62127  4.582  -5.130  85.109 0.0000000000
61136  5.378  -6.305  85.046 0.0000000000
62136  5.745  -5.698  84.480 0.0000000000
61172  8.033  -5.988  80.832 0.0000000000
61148  8.446  -6.817  82.095 0.0000000000
60086  8.027  -7.088  82.825 0.0000000000
59038  8.685  -8.335  82.014 0.0000000000
57064  8.607  -9.622  81.555 0.0000000000
58104  9.140  -9.112  81.132 0.0000000000
56949  14.330  -10.844  92.968 0.0000000000
57982  13.115  -9.811  93.237 0.0000000000
57985  12.922  -9.660  92.202 0.0000000000
58990  13.566  -8.899  86.729 0.0000000000
56991  13.768  -10.775  87.348 0.0000000000
56981  13.726  -10.772  88.096 0.0000000000
56972  14.008  -11.092  88.933 0.0000000000
56076  15.205  -11.948  90.103 0.0000000000
55090  16.309  -12.988  91.036 0.0000000000
56067  15.339  -11.871  91.057 0.0000000000
56058  14.885  -11.372  92.416 0.0000000000
58963  3.242  -7.939  90.526 0.0000000000
131843  2.666  -8.833  90.384 0.0000000000
59996  2.717  -6.893  90.370 0.0000000000
61076  2.376  -6.340  89.949 0.0000000000
62106  2.343  -5.166  88.882 0.0000000000
49828  11.127  -17.675  92.476 0.0000000000
50902  11.867  -17.052  92.102 0.0000000000
50901  12.685  -16.596  92.493 0.0000000000
51979  13.293  -14.719  91.865 0.0000000000
54072  13.188  -13.476  92.351 0.0000000000
59981  9.483  -8.338  93.727 0.0000000000
57972  9.525  -10.324  93.739 0.0000000000
58943  8.790  -8.849  93.601 0.0000000000
58947  7.891  -9.023  92.744 0.0000000000
116550  7.301  -9.717  92.339 0.0000000000
119876  6.399  -10.013  90.938 0.0000000000
49815  16.413  -17.540  93.514 0.0000000000
46934  15.861  -19.552  92.913 0.0000000000
48802  15.086  -18.210  94.135 0.0000000000
47872  13.371  -19.284  94.599 0.0000000000
47873  11.765  -19.282  94.702 0.0000000000
47874  10.899  -19.511  94.783 0.0000000000
132943  11.726  -18.483  94.117 0.0000000000
49818  11.366  -18.127  93.354 0.0000000000
53101  11.500  -14.611  87.413 0.0000000000
52013  11.285  -15.409  87.044 0.0000000000
54127  10.996  -13.974  86.306 0.0000000000
54148  9.993  -13.484  85.459 0.0000000000
54168  8.907  -13.648  84.454 0.0000000000
130029  3.204  -12.482  84.957 0.0000000000
53129  3.636  -13.918  84.862 0.0000000000
55201  3.258  -13.097  83.740 0.0000000000
54190  2.906  -13.573  82.387 0.0000000000
123633  2.634  -13.873  81.277 0.0000000000
54205  2.623  -14.103  80.517 0.0000000000
55231  3.385  -13.022  80.706 0.0000000000
111061  5.128  -12.444  80.293 0.0000000000
55240  6.338  -12.345  79.875 0.0000000000
60124  9.072  -6.935  79.804 0.0000000000
60123  9.505  -7.685  80.083 0.0000000000
61185  9.506  -7.345  79.211 0.0000000000
53052  14.521  -14.000  95.008 0.0000000000
54060  13.919  -13.675  94.588 0.0000000000
54057  13.599  -12.933  94.935 0.0000000000
56042  12.334  -11.652  94.822 0.0000000000
120681  11.515  -10.582  94.725 0.0000000000
57979  12.625  -9.461  93.700 0.0000000000
58937  11.408  -8.985  93.946 0.0000000000
58938  10.655  -8.856  93.953 0.0000000000
59984  9.607  -7.224  93.640 0.0000000000
58068  16.530  -9.940  83.585 0.0000000000
123000  16.336  -10.703  83.320 0.0000000000
57023  15.193  -10.540  84.221 0.0000000000
56095  14.282  -11.395  87.059 0.0000000000
55161  15.519  -12.894  86.879 0.0000000000
112669  16.502  -14.289  87.164 0.0000000000
48831  17.147  -18.201  91.104 0.0000000000
49827  17.397  -17.479  92.536 0.0000000000
54067  16.817  -13.435  92.402 0.0000000000
53056  17.355  -14.672  93.250 0.0000000000
110995  17.250  -15.971  93.790 0.0000000000
51965  16.609  -15.280  94.837 0.0000000000
53051  15.385  -14.784  95.086 0.0000000000
118736  6.158  -13.087  90.161 0.0000000000
55140  6.690  -13.212  88.418 0.0000000000
54088  4.778  -13.605  89.341 0.0000000000
54115  3.273  -13.785  88.212 0.0000000000
54116  2.915  -13.579  87.576 0.0000000000
56974  2.391  -10.437  89.765 0.0000000000
56096  2.622  -11.705  87.630 0.0000000000
55177  2.981  -12.209  85.774 0.0000000000
115457  3.395  -11.228  85.680 0.0000000000
57011  4.200  -10.617  85.184 0.0000000000
58054  5.247  -9.980  84.683 0.0000000000
60014  12.909  -7.894  88.818 0.0000000000
57034  18.560  -10.410  83.359 0.0000000000
56101  21.190  -11.403  86.573 0.0000000000
56990  20.698  -10.208  87.429 0.0000000000
56997  20.618  -10.658  86.431 0.0000000000
57009  19.934  -10.162  85.857 0.0000000000
57022  18.763  -9.902  84.304 0.0000000000
58048  17.810  -9.386  84.298 0.0000000000
59001  15.914  -8.220  85.172 0.0000000000
59002  14.958  -8.362  85.424 0.0000000000
60047  15.519  -7.299  86.385 0.0000000000
60048  14.754  -7.670  86.297 0.0000000000
130924  13.448  -8.490  87.342 0.0000000000
133832  13.105  -8.444  88.167 0.0000000000
49851  9.243  -17.271  89.450 0.0000000000
50923  10.635  -16.637  89.207 0.0000000000
50905  11.698  -16.713  91.301 0.0000000000
51986  12.030  -15.608  90.003 0.0000000000
51997  11.935  -15.126  89.201 0.0000000000
54097  11.663  -13.560  88.673 0.0000000000
55137  10.122  -12.439  88.879 0.0000000000
55124  8.313  -12.521  89.853 0.0000000000
54064  13.516  -13.701  94.016 0.0000000000
132057  12.358  -12.675  93.389 0.0000000000
113976  11.153  -12.210  93.321 0.0000000000
56051  8.984  -11.646  93.973 0.0000000000
55077  9.046  -12.147  93.602 0.0000000000
113503  10.674  -12.256  91.874 0.0000000000
55095  9.299  -12.352  91.334 0.0000000000
55108  7.689  -12.611  90.912 0.0000000000
110731  7.172  -12.739  90.115 0.0000000000
112186  5.384  -12.654  91.780 0.0000000000
56065  4.006  -12.132  91.569 0.0000000000
124885  3.463  -10.631  91.173 0.0000000000
57992  6.051  -9.844  90.275 0.0000000000
57993  5.021  -10.095  90.699 0.0000000000
58962  3.883  -8.701  90.197 0.0000000000
45961  14.106  -21.368  90.972 0.0000000000
45945  14.804  -20.838  92.210 0.0000000000
50959  10.200  -16.722  85.441 0.0000000000
49912  9.060  -17.788  84.523 0.0000000000
49976  7.576  -17.409  79.440 0.0000000000
110653  7.317  -13.185  86.889 0.0000000000
54150  7.188  -13.499  85.374 0.0000000000
53139  8.220  -13.997  83.740 0.0000000000
53142  4.740  -14.259  84.196 0.0000000000
53154  6.369  -14.311  83.166 0.0000000000
112994  8.306  -14.634  82.374 0.0000000000
52070  7.813  -15.306  81.098 0.0000000000
52091  7.358  -16.065  79.745 0.0000000000
49989  6.425  -17.462  78.330 0.0000000000
51054  4.985  -16.918  77.382 0.0000000000
54223  3.129  -14.586  78.880 0.0000000000
53209  3.719  -14.857  77.514 0.0000000000
113059  2.551  -5.025  87.667 0.0000000000
63013  3.022  -4.509  86.390 0.0000000000
61120  3.287  -6.417  86.567 0.0000000000
60059  4.479  -7.453  85.782 0.0000000000
59016  5.352  -8.524  85.198 0.0000000000
58053  5.900  -9.589  84.345 0.0000000000
61142  6.846  -6.256  83.813 0.0000000000
117466  6.885  -8.033  84.049 0.0000000000
57053  6.765  -10.242  82.983 0.0000000000
57052  7.143  -10.532  82.316 0.0000000000
57081  7.786  -11.104  80.885 0.0000000000
57092  8.106  -11.319  80.108 0.0000000000
57101  9.229  -11.024  79.036 0.0000000000
57990  12.563  -9.126  90.522 0.0000000000
58001  12.696  -9.221  89.596 0.0000000000
58000  13.134  -9.982  89.380 0.0000000000
57989  13.009  -9.836  90.222 0.0000000000
48023  5.496  -19.268  78.450 0.0000000000
48979  5.337  -18.642  77.701 0.0000000000
133629  5.730  -18.121  77.751 0.0000000000
57035  17.779  -10.409  83.138 0.0000000000
57050  17.474  -10.993  82.675 0.0000000000
57051  16.817  -11.041  82.876 0.0000000000
51970  14.522  -15.498  94.247 0.0000000000
50894  13.983  -16.404  93.786 0.0000000000
55138  8.404  -12.606  88.880 0.0000000000
112381  8.288  -12.687  88.034 0.0000000000
55139  7.554  -12.867  88.613 0.0000000000
57054  5.152  -11.203  83.273 0.0000000000
56151  4.970  -11.602  82.579 0.0000000000
121660  5.951  -10.726  83.255 0.0000000000
123654  14.257  -11.290  94.470 0.0000000000
56944  14.357  -10.882  93.844 0.0000000000
116070  14.355  -8.955  85.545 0.0000000000
58038  14.256  -9.681  85.453 0.0000000000
119685  13.882  -10.061  86.065 0.0000000000
55119  15.584  -12.518  89.558 0.0000000000
54096  15.911  -13.094  88.913 0.0000000000
127811  16.617  -13.838  89.817 0.0000000000
53075  16.769  -14.382  89.242 0.0000000000
53067  16.959  -14.409  90.158 0.0000000000
53066  17.323  -15.107  90.628 0.0000000000
117718  16.654  -13.696  90.620 0.0000000000
56054  14.877  -11.388  93.278 0.0000000000
56053  15.406  -11.858  93.708 0.0000000000
56965  3.013  -10.965  91.185 0.0000000000
56070  2.695  -11.418  90.892 0.0000000000
56966  2.629  -10.595  90.740 0.0000000000
58982  2.687  -8.273  87.836 0.0000000000
58991  3.068  -7.835  87.145 0.0000000000
129736  3.519  -8.205  86.610 0.0000000000
49830  9.172  -18.168  92.207 0.0000000000
49836  9.553  -17.798  91.570 0.0000000000
54073  12.756  -13.155  91.793 0.0000000000
54078  12.701  -13.476  90.989 0.0000000000
55092  12.278  -12.865  91.189 0.0000000000
56044  10.733  -10.923  94.458 0.0000000000
56941  10.202  -10.513  94.115 0.0000000000
57984  6.855  -10.485  93.143 0.0000000000
56056  6.948  -11.575  93.739 0.0000000000
56059  6.460  -11.820  93.347 0.0000000000
56060  5.879  -11.848  92.882 0.0000000000
120305  6.064  -11.092  92.738 0.0000000000
133726  16.945  -18.530  92.483 0.0000000000
47887  16.291  -19.552  92.213 0.0000000000
122530  16.210  -19.397  92.654 0.0000000000
46922  11.957  -20.313  94.683 0.0000000000
45923  12.391  -20.929  94.261 0.0000000000
49824  10.368  -18.149  92.830 0.0000000000
49825  9.510  -18.297  92.780 0.0000000000
49831  8.532  -18.335  92.290 0.0000000000
50932  10.467  -16.509  88.261 0.0000000000
50933  9.694  -16.961  88.223 0.0000000000
119801  10.793  -16.205  87.322 0.0000000000
53151  9.966  -14.824  83.630 0.0000000000
52047  10.186  -15.387  83.827 0.0000000000
52048  9.821  -15.538  83.110 0.0000000000
50982  9.491  -16.033  82.324 0.0000000000
52058  9.332  -15.324  82.374 0.0000000000
130828  3.592  -13.929  86.449 0.0000000000
54153  3.779  -13.993  85.729 0.0000000000
129897  3.329  -14.507  81.403 0.0000000000
112322  4.133  -14.504  82.108 0.0000000000
52083  3.237  -14.952  79.899 0.0000000000
55253  6.142  -12.733  79.105 0.0000000000
55254  5.179  -13.143  78.821 0.0000000000
129987  6.120  -13.077  78.578 0.0000000000
63039  4.444  -4.362  84.667 0.0000000000
62137  5.125  -5.592  84.952 0.0000000000
63038  5.292  -4.870  84.399 0.0000000000
61171  8.523  -6.501  80.307 0.0000000000
61158  8.583  -6.635  81.208 0.0000000000
60097  8.880  -7.493  81.536 0.0000000000
59053  9.093  -8.341  81.339 0.0000000000
131101  9.249  -7.783  80.864 0.0000000000
56952  13.640  -10.324  92.586 0.0000000000
59989  12.013  -7.544  91.630 0.0000000000
56992  13.459  -10.225  87.668 0.0000000000
56077  14.627  -11.541  89.598 0.0000000000
56068  14.711  -11.455  90.549 0.0000000000
56062  14.814  -11.380  91.505 0.0000000000
56951  14.262  -10.845  92.015 0.0000000000
59995  2.960  -7.108  90.622 0.0000000000
62085  2.480  -5.523  90.178 0.0000000000
62097  2.333  -5.603  89.668 0.0000000000
112556  2.402  -6.064  88.858 0.0000000000
50899  12.038  -17.381  92.799 0.0000000000
51976  13.581  -15.031  92.688 0.0000000000
53062  13.539  -14.107  92.481 0.0000000000
58940  9.399  -9.115  93.793 0.0000000000
59985  8.948  -7.811  93.342 0.0000000000
58950  8.294  -8.219  92.363 0.0000000000
122084  7.521  -9.736  93.100 0.0000000000
58951  7.773  -8.994  91.750 0.0000000000
57987  7.120  -9.622  91.192 0.0000000000
49809  15.885  -17.024  94.216 0.0000000000
48801  15.707  -17.815  93.592 0.0000000000
118750  15.307  -17.480  94.073 0.0000000000
49812  13.667  -17.678  94.086 0.0000000000
48803  14.201  -18.100  94.317 0.0000000000
48804  13.414  -18.483  94.391 0.0000000000
111099  12.542  -18.922  94.598 0.0000000000
48805  11.966  -18.777  94.475 0.0000000000
49822  12.167  -17.648  93.280 0.0000000000
49814  11.881  -18.098  93.635 0.0000000000
49823  11.261  -17.934  93.004 0.0000000000
54109  11.506  -13.827  87.807 0.0000000000
54126  11.306  -13.988  87.025 0.0000000000
54110  11.139  -13.406  87.429 0.0000000000
54129  8.963  -12.781  86.715 0.0000000000
54128  10.332  -13.272  86.202 0.0000000000
112725  9.471  -12.977  85.984 0.0000000000
54167  9.693  -13.709  84.866 0.0000000000
54149  9.139  -13.281  85.301 0.0000000000
55190  3.228  -13.125  84.612 0.0000000000
56153  3.429  -12.514  82.637 0.0000000000
55214  3.097  -13.074  82.924 0.0000000000
112444  2.969  -13.099  82.330 0.0000000000
53184  2.741  -13.917  81.850 0.0000000000
54200  2.778  -13.481  81.852 0.0000000000
120323  2.949  -13.258  81.301 0.0000000000
127181  3.570  -12.739  81.228 0.0000000000
56170  5.046  -12.094  81.096 0.0000000000
56169  6.054  -11.970  80.739 0.0000000000
61186  8.344  -6.483  79.367 0.0000000000
130797  9.042  -6.835  79.074 0.0000000000
61200  8.587  -6.696  78.567 0.0000000000
54056  14.234  -13.355  95.060 0.0000000000
56938  12.854  -11.135  94.850 0.0000000000
56041  13.158  -11.812  94.935 0.0000000000
56939  12.091  -11.027  94.909 0.0000000000
57974  11.628  -9.794  94.436 0.0000000000
57983  12.525  -9.185  93.035 0.0000000000
58941  12.062  -8.935  93.604 0.0000000000
59979  10.832  -8.070  93.722 0.0000000000
59980  10.181  -8.093  93.885 0.0000000000
58050  16.015  -9.403  84.093 0.0000000000
57037  15.761  -10.187  83.762 0.0000000000
56111  14.700  -11.316  85.441 0.0000000000
56123  14.806  -10.926  84.820 0.0000000000
130531  14.708  -11.846  87.583 0.0000000000
54108  15.802  -13.151  87.874 0.0000000000
54125  16.067  -13.663  86.983 0.0000000000
53100  16.772  -14.576  87.756 0.0000000000
50930  17.361  -16.383  88.555 0.0000000000
51978  17.493  -15.513  91.317 0.0000000000
111160  17.550  -16.039  91.753 0.0000000000
49833  17.409  -17.592  91.737 0.0000000000
50900  17.499  -16.737  92.162 0.0000000000
55091  15.918  -12.343  91.506 0.0000000000
54071  16.771  -13.546  91.542 0.0000000000
55080  16.486  -12.834  91.931 0.0000000000
54062  17.144  -13.981  93.568 0.0000000000
54066  17.114  -14.013  92.851 0.0000000000
51972  17.420  -15.551  93.218 0.0000000000
124388  17.385  -15.119  93.777 0.0000000000
50888  16.887  -15.835  94.394 0.0000000000
51969  16.827  -14.449  94.631 0.0000000000
54054  15.682  -13.419  95.092 0.0000000000
124947  15.598  -14.019  95.259 0.0000000000
127813  15.024  -14.195  95.231 0.0000000000
55126  5.196  -13.331  90.161 0.0000000000
55127  4.270  -13.353  90.113 0.0000000000
55141  2.975  -13.462  89.044 0.0000000000
55153  2.830  -13.448  88.334 0.0000000000
55154  2.638  -12.799  87.849 0.0000000000
58005  2.480  -9.274  89.728 0.0000000000
58022  2.863  -9.739  87.219 0.0000000000
56993  2.769  -10.644  87.473 0.0000000000
55164  2.724  -12.400  86.844 0.0000000000
115827  2.980  -11.304  86.572 0.0000000000
57001  3.358  -10.625  86.153 0.0000000000
58039  4.450  -9.833  85.425 0.0000000000
58055  4.727  -10.298  84.957 0.0000000000
59017  4.913  -9.342  85.268 0.0000000000
60000  13.224  -7.226  89.199 0.0000000000
57020  20.147  -10.879  84.308 0.0000000000
56134  19.993  -11.089  83.543 0.0000000000
58020  19.813  -9.178  86.771 0.0000000000
58019  20.443  -9.374  87.587 0.0000000000
56998  20.189  -9.873  86.740 0.0000000000
58036  18.500  -9.293  85.017 0.0000000000
60056  17.261  -7.844  85.779 0.0000000000
60058  15.595  -7.708  85.805 0.0000000000
61114  15.997  -6.852  86.775 0.0000000000
58981  13.909  -8.047  86.796 0.0000000000
60032  14.404  -7.346  87.182 0.0000000000
60012  14.187  -7.119  88.052 0.0000000000
60013  13.474  -7.542  88.414 0.0000000000
48833  7.082  -18.324  91.065 0.0000000000
49843  7.572  -17.929  90.449 0.0000000000
49840  10.022  -17.383  90.771 0.0000000000
49841  9.268  -17.454  90.273 0.0000000000
50913  10.001  -17.122  89.805 0.0000000000
53089  11.741  -14.538  88.371 0.0000000000
53077  12.070  -14.146  89.258 0.0000000000
55105  10.707  -12.379  90.228 0.0000000000
55121  10.793  -12.517  89.380 0.0000000000
55122  10.025  -12.366  89.671 0.0000000000
119948  9.257  -12.437  89.241 0.0000000000
55123  9.238  -12.388  89.958 0.0000000000
54061  13.114  -12.993  94.515 0.0000000000
128783  11.886  -12.407  93.876 0.0000000000
55075  11.994  -12.465  92.933 0.0000000000
57977  8.914  -10.175  93.874 0.0000000000
56943  9.121  -10.693  94.026 0.0000000000
125383  8.820  -11.162  94.135 0.0000000000
55078  8.173  -12.227  93.595 0.0000000000
55072  8.503  -11.962  93.864 0.0000000000
126963  9.605  -12.246  93.168 0.0000000000
55085  9.725  -12.271  92.185 0.0000000000
131027  8.827  -12.362  92.153 0.0000000000
55097  7.154  -12.580  92.086 0.0000000000
55096  8.285  -12.464  91.624 0.0000000000
55109  6.392  -12.816  91.289 0.0000000000
117117  5.469  -13.060  90.993 0.0000000000
56064  4.561  -11.935  91.937 0.0000000000
56958  3.820  -11.423  91.499 0.0000000000
56964  4.293  -10.725  91.299 0.0000000000
56136  16.382  -11.556  83.139 0.0000000000
46943  14.779  -20.868  91.445 0.0000000000
46950  14.678  -20.722  90.784 0.0000000000
46927  15.472  -19.704  93.300 0.0000000000
46935  15.337  -20.305  92.676 0.0000000000
45926  14.689  -20.688  92.770 0.0000000000
49832  8.013  -18.379  92.082 0.0000000000
48859  7.805  -18.070  86.825 0.0000000000
48874  8.123  -18.067  86.113 0.0000000000
49900  8.789  -17.866  85.499 0.0000000000
52023  10.988  -15.455  86.006 0.0000000000
50950  10.645  -16.250  85.979 0.0000000000
50958  10.623  -15.975  85.197 0.0000000000
113326  9.858  -16.618  83.703 0.0000000000
49911  9.611  -17.196  84.093 0.0000000000
49924  9.068  -17.730  83.696 0.0000000000
117535  8.596  -18.114  84.110 0.0000000000
48934  8.400  -18.185  82.516 0.0000000000
48947  8.401  -17.596  80.920 0.0000000000
115569  7.962  -17.776  80.089 0.0000000000
49964  8.163  -17.048  80.011 0.0000000000
111700  5.806  -13.501  88.142 0.0000000000
54112  6.571  -13.331  87.559 0.0000000000
111159  5.651  -13.598  87.259 0.0000000000
54151  6.122  -13.709  85.538 0.0000000000
111876  6.759  -13.428  86.176 0.0000000000
54169  7.707  -13.669  84.553 0.0000000000
53140  7.075  -14.077  83.896 0.0000000000
53143  3.793  -14.081  84.210 0.0000000000
53156  4.063  -14.264  83.519 0.0000000000
53169  6.426  -14.544  82.355 0.0000000000
113900  6.947  -14.438  82.724 0.0000000000
53168  7.385  -14.602  82.285 0.0000000000
53181  8.023  -14.899  81.723 0.0000000000
110725  6.425  -15.861  79.453 0.0000000000
127887  6.941  -16.367  79.234 0.0000000000
51023  6.875  -16.914  78.811 0.0000000000
51037  5.936  -16.828  78.092 0.0000000000
52112  3.760  -15.245  77.497 0.0000000000
55243  3.149  -13.477  80.015 0.0000000000
54213  2.866  -14.338  79.676 0.0000000000
54212  3.427  -13.864  79.198 0.0000000000
54232  5.056  -13.974  77.610 0.0000000000
54233  4.025  -14.305  77.807 0.0000000000
53220  5.063  -14.731  76.515 0.0000000000
114986  3.290  -3.922  85.862 0.0000000000
63025  3.507  -4.662  85.731 0.0000000000
62117  3.262  -5.407  86.241 0.0000000000
61130  3.788  -6.167  85.915 0.0000000000
60060  3.880  -7.026  86.133 0.0000000000
120661  4.300  -6.709  85.762 0.0000000000
60067  5.633  -7.138  85.089 0.0000000000
59003  5.155  -7.713  85.446 0.0000000000
123270  5.712  -7.899  85.050 0.0000000000
129825  5.486  -9.214  84.847 0.0000000000
59015  6.065  -8.553  84.612 0.0000000000
62160  7.523  -5.608  82.195 0.0000000000
62152  6.962  -5.198  82.654 0.0000000000
62144  6.775  -5.564  83.427 0.0000000000
131585  7.156  -6.026  83.409 0.0000000000
129940  7.928  -7.825  82.928 0.0000000000
60074  7.484  -7.508  83.453 0.0000000000
59025  7.435  -8.474  83.328 0.0000000000
59026  6.648  -9.007  83.892 0.0000000000
58069  7.088  -9.431  83.246 0.0000000000
58080  7.501  -9.776  82.619 0.0000000000
120541  8.281  -10.399  81.281 0.0000000000
114010  9.771  -8.575  79.932 0.0000000000
58952  12.265  -8.322  90.962 0.0000000000
56982  13.372  -10.249  88.524 0.0000000000
127214  13.393  -10.291  90.782 0.0000000000
125045  4.769  -18.270  77.123 0.0000000000
50003  4.522  -17.528  76.861 0.0000000000
51973  13.860  -15.261  93.396 0.0000000000
53059  13.735  -14.338  93.311 0.0000000000
50890  15.346  -16.334  94.618 0.0000000000
115164  14.736  -16.750  94.273 0.0000000000
50892  14.132  -16.930  93.959 0.0000000000
50895  13.119  -17.087  93.474 0.0000000000
116077  10.335  -12.577  88.094 0.0000000000
55149  10.627  -12.905  87.415 0.0000000000
55150  9.772  -12.615  87.312 0.0000000000
55151  8.895  -12.639  87.502 0.0000000000
56124  3.950  -11.637  83.894 0.0000000000
56152  4.149  -12.088  82.238 0.0000000000
55223  4.183  -12.321  81.509 0.0000000000
57067  5.719  -11.408  82.194 0.0000000000
55063  15.348  -12.810  94.977 0.0000000000
122959  14.349  -12.696  95.072 0.0000000000
56048  13.575  -11.352  94.751 0.0000000000
59982  11.064  -7.227  93.634 0.0000000000
61048  10.614  -6.312  93.750 0.0000000000
61049  9.998  -6.397  93.808 0.0000000000
59014  15.514  -8.875  84.692 0.0000000000
56103  14.463  -11.384  86.161 0.0000000000
56086  14.881  -11.952  88.328 0.0000000000
55136  15.393  -12.518  88.597 0.0000000000
54095  16.195  -13.597  88.401 0.0000000000
53060  17.372  -14.815  91.621 0.0000000000
55073  16.451  -12.866  92.660 0.0000000000
55074  16.081  -12.500  93.288 0.0000000000
55067  16.491  -12.882  94.006 0.0000000000
54059  16.149  -13.107  94.616 0.0000000000
55099  3.846  -12.617  91.237 0.0000000000
55112  3.198  -12.758  90.655 0.0000000000
55113  2.673  -12.173  90.517 0.0000000000
56078  2.487  -12.203  89.640 0.0000000000
60021  2.479  -7.814  88.914 0.0000000000
115900  2.524  -8.747  88.769 0.0000000000
58029  3.417  -9.803  86.346 0.0000000000
118529  3.762  -8.941  86.261 0.0000000000
59005  4.033  -8.058  86.141 0.0000000000
58999  17.622  -8.426  85.379 0.0000000000
49842  8.437  -17.726  90.629 0.0000000000
51980  12.778  -15.371  91.315 0.0000000000
53068  12.943  -14.367  91.016 0.0000000000
53076  12.517  -13.936  90.130 0.0000000000
54086  11.911  -13.285  89.551 0.0000000000
55066  11.928  -11.986  94.599 0.0000000000
55069  12.323  -12.441  94.402 0.0000000000
55070  11.214  -11.795  94.297 0.0000000000
128153  10.388  -11.792  93.942 0.0000000000
57981  7.610  -10.249  93.600 0.0000000000
56948  7.631  -11.099  94.012 0.0000000000
56055  7.635  -11.889  93.893 0.0000000000
127354  7.438  -12.246  93.476 0.0000000000
55086  7.902  -12.445  92.823 0.0000000000
55089  5.546  -12.229  92.468 0.0000000000
56957  5.252  -11.544  92.235 0.0000000000
56963  5.138  -10.739  91.446 0.0000000000
55188  16.079  -12.864  84.150 0.0000000000
54165  16.185  -13.526  84.900 0.0000000000
47894  16.229  -19.331  91.019 0.0000000000
47892  15.773  -19.966  91.360 0.0000000000
46942  15.299  -20.508  91.642 0.0000000000
46939  14.802  -20.913  91.807 0.0000000000
45927  14.066  -20.934  93.121 0.0000000000
48813  9.344  -18.781  93.948 0.0000000000
48822  8.158  -18.554  92.681 0.0000000000
49863  9.119  -17.223  88.645 0.0000000000
49864  8.384  -17.477  88.368 0.0000000000
49887  9.660  -17.102  86.794 0.0000000000
52038  10.416  -15.653  84.414 0.0000000000
50967  10.140  -16.011  83.721 0.0000000000
49938  8.979  -17.669  82.830 0.0000000000
49937  9.345  -16.902  82.321 0.0000000000
49949  9.223  -16.407  81.768 0.0000000000
50993  8.896  -16.357  81.282 0.0000000000
54114  3.912  -13.936  87.717 0.0000000000
54171  5.420  -14.057  84.865 0.0000000000
53171  3.511  -14.220  82.775 0.0000000000
114549  4.399  -14.405  82.921 0.0000000000
110684  5.487  -14.704  81.759 0.0000000000
129314  7.016  -15.258  80.782 0.0000000000
52072  5.793  -15.083  80.776 0.0000000000
128892  5.703  -15.430  79.940 0.0000000000
113486  5.152  -15.593  79.192 0.0000000000
126493  4.661  -15.888  78.068 0.0000000000
52092  3.660  -15.198  79.141 0.0000000000
52101  3.052  -15.012  78.853 0.0000000000
55255  4.207  -13.569  78.825 0.0000000000
63024  4.042  -4.691  85.281 0.0000000000
61137  4.567  -6.020  85.444 0.0000000000
61135  6.188  -6.538  84.472 0.0000000000
61159  8.093  -6.084  81.718 0.0000000000
61149  7.898  -6.291  82.560 0.0000000000
60085  8.423  -7.639  82.367 0.0000000000
59039  8.105  -8.420  82.631 0.0000000000
58079  8.258  -9.200  82.235 0.0000000000
121362  8.789  -8.921  81.666 0.0000000000
57080  8.999  -9.900  80.900 0.0000000000
56950  13.717  -10.371  93.554 0.0000000000
57000  13.549  -9.915  86.823 0.0000000000
115452  14.574  -11.612  88.825 0.0000000000
55103  15.758  -12.464  90.549 0.0000000000
56061  15.491  -11.783  91.946 0.0000000000
57995  3.223  -8.989  90.666 0.0000000000
122069  2.870  -8.913  90.681 0.0000000000
58955  2.923  -8.097  90.647 0.0000000000
133805  2.779  -8.327  90.532 0.0000000000
61061  2.836  -6.155  90.514 0.0000000000
60005  2.444  -7.298  89.918 0.0000000000
61093  2.420  -6.913  88.916 0.0000000000
61108  2.563  -6.571  87.924 0.0000000000
51977  13.086  -15.702  92.158 0.0000000000
58935  10.292  -9.632  93.871 0.0000000000
57971  9.945  -10.211  93.774 0.0000000000
57976  9.646  -9.805  93.723 0.0000000000
118074  9.069  -9.516  93.779 0.0000000000
57980  8.435  -9.729  93.701 0.0000000000
58946  8.415  -8.390  93.076 0.0000000000
58944  8.079  -9.308  93.307 0.0000000000
57988  6.592  -10.286  91.960 0.0000000000
129851  16.531  -18.119  93.177 0.0000000000
47883  16.284  -18.785  92.972 0.0000000000
48809  16.070  -18.278  93.246 0.0000000000
48810  15.574  -18.470  93.465 0.0000000000
132617  14.798  -19.507  94.272 0.0000000000
47871  14.340  -18.937  94.398 0.0000000000
112153  14.232  -19.912  94.367 0.0000000000
128572  13.355  -20.030  94.581 0.0000000000
113539  12.451  -19.703  94.764 0.0000000000
114717  11.593  -19.805  94.872 0.0000000000
48806  11.266  -18.887  94.476 0.0000000000
48811  11.029  -18.508  93.840 0.0000000000
49819  10.616  -18.330  93.339 0.0000000000
52012  11.525  -15.177  87.834 0.0000000000
52022  11.266  -14.690  86.561 0.0000000000
53115  10.912  -14.616  85.766 0.0000000000
55162  10.296  -12.897  86.837 0.0000000000
54147  10.597  -13.912  85.720 0.0000000000
53127  10.389  -14.294  85.041 0.0000000000
53138  9.898  -14.192  84.245 0.0000000000
112568  9.267  -14.253  83.630 0.0000000000
125558  3.111  -13.144  85.473 0.0000000000
54154  3.439  -13.648  85.172 0.0000000000
54172  3.418  -13.692  84.161 0.0000000000
54181  3.184  -13.617  83.143 0.0000000000
53172  3.047  -13.934  82.550 0.0000000000
113097  2.839  -14.255  81.130 0.0000000000
53189  2.952  -14.583  80.050 0.0000000000
127829  2.802  -13.546  80.764 0.0000000000
55230  4.237  -12.533  80.815 0.0000000000
118341  4.124  -12.816  80.162 0.0000000000
131111  4.722  -12.756  79.862 0.0000000000
61199  9.398  -7.067  78.393 0.0000000000
48007  6.082  -19.267  78.949 0.0000000000
53055  14.373  -14.607  94.378 0.0000000000
55065  13.554  -12.355  94.963 0.0000000000
56940  10.872  -10.181  94.358 0.0000000000
57973  13.058  -9.901  94.067 0.0000000000
58936  12.257  -9.514  94.208 0.0000000000
57975  10.924  -9.502  94.165 0.0000000000
58939  9.960  -9.001  93.913 0.0000000000
56137  15.721  -11.034  83.662 0.0000000000
56122  15.329  -11.371  84.291 0.0000000000
55189  15.572  -12.190  84.550 0.0000000000
55175  15.475  -12.433  85.392 0.0000000000
54146  15.947  -13.315  85.885 0.0000000000
56999  13.941  -10.711  86.482 0.0000000000
56094  14.896  -12.095  86.749 0.0000000000
53114  16.458  -14.268  86.395 0.0000000000
52004  17.321  -15.641  88.233 0.0000000000
49839  17.374  -17.442  90.759 0.0000000000
48827  16.701  -18.842  91.407 0.0000000000
132333  17.369  -17.915  92.249 0.0000000000
48821  17.267  -18.080  92.630 0.0000000000
54070  17.168  -14.095  92.022 0.0000000000
115110  17.464  -15.181  92.700 0.0000000000
111821  17.513  -15.896  92.502 0.0000000000
50896  17.382  -16.636  93.021 0.0000000000
48808  16.879  -17.791  93.335 0.0000000000
50893  17.031  -17.058  93.493 0.0000000000
50889  16.670  -16.635  94.036 0.0000000000
111841  16.256  -16.131  94.709 0.0000000000
53050  16.144  -14.623  95.163 0.0000000000
51966  15.830  -15.494  95.064 0.0000000000
51967  15.039  -15.538  94.697 0.0000000000
53054  14.788  -14.766  94.739 0.0000000000
55125  6.851  -13.016  89.282 0.0000000000
54087  5.830  -13.430  89.161 0.0000000000
54099  5.105  -13.676  88.624 0.0000000000
55128  3.421  -13.298  89.852 0.0000000000
54100  4.145  -13.811  88.600 0.0000000000
112185  3.384  -13.863  87.112 0.0000000000
129223  3.012  -13.551  86.867 0.0000000000
121204  2.644  -9.617  90.527 0.0000000000
125972  2.399  -11.425  89.395 0.0000000000
58013  2.565  -9.833  88.464 0.0000000000
56983  2.522  -11.006  88.552 0.0000000000
56088  2.484  -12.055  88.667 0.0000000000
55176  2.874  -13.111  86.353 0.0000000000
57026  3.421  -11.750  85.009 0.0000000000
57012  3.733  -10.510  85.679 0.0000000000
128098  3.775  -11.107  85.194 0.0000000000
130339  3.876  -11.418  84.622 0.0000000000
57025  4.410  -11.036  84.474 0.0000000000
57024  4.915  -10.667  84.404 0.0000000000
60001  12.670  -7.715  89.547 0.0000000000
61070  13.613  -6.468  89.752 0.0000000000
56989  21.090  -10.910  87.369 0.0000000000
57008  20.347  -10.760  85.303 0.0000000000
57021  19.643  -10.316  84.825 0.0000000000
58035  19.226  -9.637  85.395 0.0000000000
58066  18.061  -9.927  83.667 0.0000000000
58067  17.343  -9.862  83.594 0.0000000000
58049  16.874  -9.303  84.087 0.0000000000
59012  17.220  -8.814  84.739 0.0000000000
59013  16.371  -8.772  84.617 0.0000000000
114862  16.893  -7.432  86.141 0.0000000000
60046  16.213  -7.317  86.220 0.0000000000
58989  14.170  -8.482  86.090 0.0000000000
60033  13.690  -7.788  87.603 0.0000000000
58969  12.679  -8.539  89.086 0.0000000000
126241  8.687  -17.474  89.844 0.0000000000
50931  11.107  -16.163  88.674 0.0000000000
49834  11.038  -17.351  91.769 0.0000000000
50906  10.918  -17.041  90.991 0.0000000000
51981  12.229  -15.972  90.833 0.0000000000
50911  11.542  -16.398  90.435 0.0000000000
50922  11.426  -16.103  89.444 0.0000000000
52005  11.552  -15.529  88.570 0.0000000000
55120  11.330  -12.868  89.041 0.0000000000
130493  10.789  -12.642  88.696 0.0000000000
54065  12.728  -12.994  93.888 0.0000000000
54069  12.716  -12.924  92.746 0.0000000000
55083  11.343  -12.334  92.330 0.0000000000
56942  9.634  -10.690  93.985 0.0000000000
56050  9.777  -11.580  93.971 0.0000000000
55071  9.411  -11.900  93.786 0.0000000000
112267  10.129  -12.065  93.629 0.0000000000
55084  10.439  -12.214  92.805 0.0000000000
55094  10.307  -12.280  91.149 0.0000000000
55107  8.776  -12.440  90.662 0.0000000000
55110  4.571  -13.001  91.096 0.0000000000
111609  4.703  -12.351  91.822 0.0000000000
56962  5.753  -10.270  90.943 0.0000000000
121149  3.780  -10.031  90.865 0.0000000000
55213  16.737  -12.188  82.763 0.0000000000
54189  16.792  -12.961  82.828 0.0000000000
54180  16.511  -13.344  83.519 0.0000000000
46938  15.288  -20.573  92.035 0.0000000000
45946  14.427  -21.218  91.932 0.0000000000
45947  13.962  -21.610  91.852 0.0000000000
49876  8.186  -17.763  87.560 0.0000000000
50938  10.404  -16.544  86.719 0.0000000000
49899  9.554  -17.303  85.936 0.0000000000
116194  9.619  -17.302  85.000 0.0000000000
48904  8.343  -18.210  84.746 0.0000000000
115454  8.063  -18.436  84.155 0.0000000000
116093  8.778  -17.623  81.932 0.0000000000
49977  7.018  -17.873  78.836 0.0000000000
55152  7.429  -13.010  87.786 0.0000000000
133698  8.139  -12.986  86.559 0.0000000000
120728  6.424  -13.446  86.857 0.0000000000
54130  7.697  -13.194  86.025 0.0000000000
120776  8.205  -13.313  85.254 0.0000000000
53152  8.680  -14.444  83.027 0.0000000000
53128  4.265  -14.147  84.941 0.0000000000
53141  5.912  -14.190  84.063 0.0000000000
53155  5.152  -14.359  83.436 0.0000000000
53153  7.579  -14.324  83.029 0.0000000000
53167  9.034  -14.802  82.468 0.0000000000
52059  8.845  -15.078  81.923 0.0000000000
119818  8.521  -15.409  81.435 0.0000000000
52080  8.467  -15.952  80.907 0.0000000000
52081  7.686  -15.730  80.399 0.0000000000
51006  8.072  -16.379  80.140 0.0000000000
51022  7.563  -16.683  79.534 0.0000000000
49990  5.825  -17.576  77.817 0.0000000000
53194  2.999  -14.811  79.230 0.0000000000
53201  3.101  -14.907  78.535 0.0000000000
54222  3.683  -14.095  78.463 0.0000000000
54234  3.354  -14.726  78.167 0.0000000000
53210  3.368  -14.983  77.892 0.0000000000
53222  3.796  -15.269  77.269 0.0000000000
127141  2.539  -5.800  87.862 0.0000000000
61121  2.830  -6.285  87.249 0.0000000000
114313  2.807  -4.981  86.835 0.0000000000
125468  2.840  -5.663  86.991 0.0000000000
59004  4.706  -8.369  85.637 0.0000000000
61129  4.933  -6.880  85.487 0.0000000000
62135  6.375  -5.807  84.071 0.0000000000
60075  6.920  -7.074  84.005 0.0000000000
61141  7.444  -6.558  83.329 0.0000000000
57038  6.326  -9.965  83.664 0.0000000000
120186  6.297  -10.905  82.598 0.0000000000
57066  6.599  -11.146  81.896 0.0000000000
57065  7.977  -10.135  82.024 0.0000000000
111158  7.478  -10.818  81.616 0.0000000000
57082  6.842  -11.421  81.176 0.0000000000
56168  7.111  -11.702  80.406 0.0000000000
56177  7.486  -11.957  79.638 0.0000000000
59052  9.439  -8.453  80.658 0.0000000000
58103  9.476  -9.295  80.434 0.0000000000
57091  8.941  -10.842  79.784 0.0000000000
56176  8.439  -11.541  79.346 0.0000000000
55252  7.880  -12.271  78.824 0.0000000000
46920  15.064  -19.978  93.935 0.0000000000
46941  15.842  -20.104  91.870 0.0000000000
47870  15.271  -19.103  93.868 0.0000000000
47876  15.786  -18.988  93.285 0.0000000000
47882  16.549  -18.921  92.578 0.0000000000
47890  16.664  -18.964  92.056 0.0000000000
48826  17.141  -18.338  91.966 0.0000000000
48966  7.432  -18.332  79.708 0.0000000000
49821  17.225  -17.630  93.105 0.0000000000
50903  17.493  -16.746  91.326 0.0000000000
50951  10.141  -16.821  86.171 0.0000000000
51968  17.184  -15.153  94.291 0.0000000000
53058  17.370  -14.650  92.426 0.0000000000
53099  17.127  -15.140  87.756 0.0000000000
54058  16.830  -13.637  94.205 0.0000000000
54089  3.997  -13.614  89.395 0.0000000000
54101  3.457  -13.677  89.031 0.0000000000
54134  2.764  -13.171  87.080 0.0000000000
56045  10.005  -11.119  94.239 0.0000000000
56046  9.353  -11.199  94.107 0.0000000000
56135  19.604  -11.113  83.095 0.0000000000
56947  8.450  -10.805  94.089 0.0000000000
58964  2.767  -7.650  90.463 0.0000000000
111332  17.531  -16.105  91.104 0.0000000000
119811  2.289  -5.066  89.870 0.0000000000
119942  14.946  -20.844  92.072 0.0000000000
121230  10.828  -13.379  86.847 0.0000000000
128116  15.081  -20.286  93.182 0.0000000000
132827  10.920  -15.962  86.571 0.0000000000
