#!ascii label  , from subject sub-v2s10x28920_ses-1 vox2ras=TkReg
1047
49211  -44.321  -39.365  67.429 0.0000000000
44060  -28.099  -44.049  67.037 0.0000000000
48221  -34.319  -40.114  66.211 0.0000000000
72897  -47.245  -15.180  48.550 0.0000000000
74006  -53.761  -13.649  45.698 0.0000000000
41751  -19.828  -46.457  71.159 0.0000000000
138946  -43.083  -17.245  51.034 0.0000000000
54171  -44.522  -34.789  64.353 0.0000000000
124972  -40.136  -41.435  67.863 0.0000000000
128882  -24.612  -47.192  68.049 0.0000000000
125494  -24.154  -50.747  72.780 0.0000000000
50201  -41.384  -38.849  65.755 0.0000000000
53082  -40.524  -35.833  65.198 0.0000000000
49218  -28.920  -39.135  66.514 0.0000000000
50178  -37.122  -38.278  66.815 0.0000000000
124158  -41.082  -28.708  52.302 0.0000000000
65525  -44.176  -23.840  51.123 0.0000000000
68125  -46.733  -20.108  50.252 0.0000000000
35627  -15.669  -52.866  73.036 0.0000000000
125704  -12.275  -56.217  75.157 0.0000000000
54195  -36.805  -34.989  62.351 0.0000000000
56374  -36.174  -32.940  58.214 0.0000000000
57507  -38.551  -31.191  54.814 0.0000000000
37481  -19.366  -50.136  72.835 0.0000000000
41764  -28.127  -46.216  70.631 0.0000000000
118341  -29.033  -43.280  69.166 0.0000000000
48203  -42.473  -40.844  67.953 0.0000000000
47078  -24.938  -41.792  68.449 0.0000000000
42936  -26.605  -45.620  67.406 0.0000000000
40638  -26.598  -48.145  69.722 0.0000000000
51140  -40.063  -37.423  68.315 0.0000000000
50180  -39.039  -38.637  66.917 0.0000000000
64622  -39.784  -24.440  51.900 0.0000000000
62700  -42.841  -25.973  51.600 0.0000000000
65523  -41.514  -23.090  51.421 0.0000000000
68976  -44.409  -19.272  49.491 0.0000000000
69913  -46.523  -18.425  48.416 0.0000000000
68991  -48.841  -18.978  49.195 0.0000000000
70813  -48.557  -17.479  47.584 0.0000000000
71877  -50.031  -16.944  47.179 0.0000000000
54138  -37.717  -34.876  66.380 0.0000000000
53091  -38.582  -35.416  64.166 0.0000000000
54166  -35.534  -34.639  64.081 0.0000000000
56356  -33.448  -32.253  59.460 0.0000000000
58507  -34.695  -30.560  56.551 0.0000000000
57458  -36.791  -31.873  56.146 0.0000000000
59523  -35.716  -29.434  55.230 0.0000000000
60524  -37.628  -28.633  53.341 0.0000000000
49219  -31.418  -39.193  66.505 0.0000000000
39545  -17.105  -48.716  72.200 0.0000000000
39548  -19.502  -48.583  71.835 0.0000000000
28950  -13.604  -59.716  75.715 0.0000000000
27014  -11.290  -61.766  76.125 0.0000000000
68943  -41.635  -19.498  52.279 0.0000000000
56316  -43.068  -32.870  63.647 0.0000000000
47108  -37.223  -41.184  66.696 0.0000000000
41772  -21.709  -46.843  69.586 0.0000000000
39560  -21.997  -49.282  70.828 0.0000000000
38498  -24.186  -49.502  70.437 0.0000000000
74991  -56.205  -13.513  44.997 0.0000000000
49228  -42.462  -39.631  66.311 0.0000000000
51174  -43.337  -37.894  64.598 0.0000000000
140258  -41.260  -36.821  65.280 0.0000000000
48209  -26.083  -40.623  66.893 0.0000000000
47091  -28.234  -40.983  67.127 0.0000000000
51147  -27.344  -37.518  66.249 0.0000000000
52098  -29.602  -36.583  65.346 0.0000000000
52101  -33.060  -37.094  64.837 0.0000000000
52076  -34.783  -36.701  67.460 0.0000000000
50215  -35.729  -39.201  65.089 0.0000000000
48240  -37.738  -40.269  65.848 0.0000000000
48227  -40.112  -40.440  66.411 0.0000000000
58539  -42.739  -30.910  54.305 0.0000000000
68104  -42.772  -20.779  50.496 0.0000000000
66387  -45.850  -22.291  51.082 0.0000000000
72916  -52.229  -16.076  46.455 0.0000000000
33650  -13.865  -54.883  74.149 0.0000000000
30693  -15.020  -57.963  75.764 0.0000000000
52115  -42.682  -35.997  63.608 0.0000000000
54201  -41.748  -34.784  62.740 0.0000000000
55252  -39.407  -33.634  62.020 0.0000000000
55249  -33.555  -33.516  61.986 0.0000000000
55283  -36.310  -33.918  60.303 0.0000000000
56347  -38.456  -32.605  60.651 0.0000000000
57421  -38.676  -32.269  59.071 0.0000000000
57440  -39.965  -32.194  57.315 0.0000000000
57487  -41.083  -31.755  55.591 0.0000000000
59549  -40.031  -29.812  53.025 0.0000000000
136095  -38.770  -26.782  52.185 0.0000000000
48183  -29.178  -40.464  69.279 0.0000000000
37453  -15.135  -50.447  73.655 0.0000000000
36546  -17.397  -51.276  72.339 0.0000000000
37469  -21.684  -50.819  73.460 0.0000000000
25936  -9.367  -62.896  76.515 0.0000000000
130064  -28.270  -45.300  68.329 0.0000000000
142723  -28.682  -44.746  69.950 0.0000000000
45081  -28.519  -43.976  67.689 0.0000000000
49210  -43.644  -39.768  67.308 0.0000000000
45080  -26.670  -43.080  66.878 0.0000000000
127376  -25.786  -44.036  67.818 0.0000000000
119462  -27.169  -45.306  67.235 0.0000000000
41784  -27.382  -46.416  67.989 0.0000000000
65508  -39.691  -23.035  52.640 0.0000000000
64623  -40.674  -24.316  51.583 0.0000000000
66359  -40.187  -22.286  52.473 0.0000000000
72885  -46.009  -15.550  49.156 0.0000000000
71859  -45.460  -16.775  48.769 0.0000000000
71860  -46.822  -16.771  47.999 0.0000000000
71874  -47.699  -17.212  47.688 0.0000000000
71861  -47.530  -16.031  47.876 0.0000000000
72906  -48.425  -15.933  47.641 0.0000000000
54151  -36.566  -34.748  65.233 0.0000000000
59505  -33.884  -29.707  57.704 0.0000000000
58508  -35.178  -30.403  56.009 0.0000000000
60501  -35.401  -28.686  55.688 0.0000000000
60502  -35.884  -28.380  55.227 0.0000000000
123318  -32.849  -39.445  65.855 0.0000000000
49207  -32.140  -39.607  66.931 0.0000000000
48211  -33.800  -40.251  67.505 0.0000000000
40630  -18.860  -47.345  71.698 0.0000000000
40631  -19.513  -47.227  71.400 0.0000000000
72924  -54.429  -15.211  45.886 0.0000000000
27024  -12.628  -61.015  75.933 0.0000000000
53074  -45.403  -35.452  66.003 0.0000000000
55221  -44.464  -33.773  64.512 0.0000000000
47094  -38.601  -41.397  67.245 0.0000000000
133710  -39.739  -41.550  68.651 0.0000000000
42924  -24.861  -45.569  68.639 0.0000000000
42912  -23.875  -45.998  69.412 0.0000000000
42911  -23.051  -46.062  69.526 0.0000000000
40650  -23.419  -47.107  68.671 0.0000000000
39578  -22.726  -48.384  69.448 0.0000000000
39580  -24.182  -48.633  69.151 0.0000000000
39551  -27.297  -48.133  72.415 0.0000000000
39561  -26.734  -48.707  72.083 0.0000000000
49227  -41.677  -39.546  66.132 0.0000000000
50217  -41.930  -38.479  65.293 0.0000000000
125252  -41.240  -37.748  65.640 0.0000000000
50174  -25.636  -38.846  67.427 0.0000000000
50175  -26.354  -38.717  66.755 0.0000000000
51134  -26.241  -37.446  67.490 0.0000000000
53068  -29.474  -35.856  65.955 0.0000000000
53070  -31.063  -35.522  66.225 0.0000000000
51162  -31.357  -37.139  64.692 0.0000000000
52086  -32.493  -35.739  66.035 0.0000000000
118005  -36.252  -37.412  68.339 0.0000000000
139994  -35.734  -37.629  66.807 0.0000000000
51165  -34.649  -37.725  65.280 0.0000000000
50195  -35.978  -38.526  65.475 0.0000000000
48239  -36.958  -40.179  65.613 0.0000000000
50197  -37.579  -38.928  66.100 0.0000000000
50200  -40.569  -38.809  66.199 0.0000000000
49225  -39.510  -39.920  66.135 0.0000000000
123864  -41.107  -39.453  66.147 0.0000000000
48229  -41.688  -40.151  66.561 0.0000000000
59551  -41.849  -29.896  53.131 0.0000000000
59553  -43.531  -29.716  53.361 0.0000000000
60542  -42.709  -28.624  52.413 0.0000000000
63678  -43.421  -25.493  51.538 0.0000000000
121087  -44.122  -26.819  51.874 0.0000000000
69875  -42.408  -18.192  51.983 0.0000000000
68091  -41.784  -19.672  51.527 0.0000000000
68964  -42.814  -19.503  50.354 0.0000000000
68124  -45.724  -20.085  50.034 0.0000000000
68107  -45.128  -20.789  50.334 0.0000000000
68108  -46.026  -20.785  50.614 0.0000000000
66388  -46.669  -22.334  51.224 0.0000000000
71887  -51.751  -16.751  46.691 0.0000000000
129874  -51.732  -15.131  46.506 0.0000000000
128216  -52.541  -15.115  46.273 0.0000000000
36520  -14.447  -51.792  74.022 0.0000000000
35604  -13.575  -52.856  74.919 0.0000000000
34690  -14.610  -53.833  73.701 0.0000000000
31637  -15.629  -56.658  75.085 0.0000000000
29812  -15.010  -58.868  76.968 0.0000000000
52108  -41.610  -36.443  64.572 0.0000000000
52110  -43.253  -37.042  64.128 0.0000000000
52114  -41.953  -36.135  63.965 0.0000000000
53119  -38.159  -35.056  62.829 0.0000000000
53104  -39.429  -35.208  63.080 0.0000000000
53120  -38.985  -34.901  62.669 0.0000000000
54199  -40.094  -34.276  62.310 0.0000000000
54217  -37.939  -34.187  61.684 0.0000000000
121998  -33.078  -32.087  61.805 0.0000000000
55314  -34.421  -32.995  58.842 0.0000000000
121226  -34.345  -33.460  59.612 0.0000000000
55297  -36.013  -33.626  59.488 0.0000000000
55284  -37.258  -33.532  60.604 0.0000000000
56359  -37.444  -32.912  59.356 0.0000000000
57404  -38.965  -32.203  60.162 0.0000000000
56376  -37.918  -32.577  58.726 0.0000000000
57483  -37.293  -31.522  55.528 0.0000000000
57460  -38.625  -32.046  56.302 0.0000000000
57485  -39.093  -31.772  55.546 0.0000000000
57462  -40.635  -31.984  56.525 0.0000000000
57508  -39.593  -31.421  54.845 0.0000000000
58536  -40.090  -30.907  54.244 0.0000000000
58551  -38.738  -30.210  53.626 0.0000000000
62676  -37.439  -26.788  54.031 0.0000000000
60525  -38.091  -28.019  52.830 0.0000000000
62677  -37.930  -26.349  53.469 0.0000000000
49203  -28.724  -39.704  67.013 0.0000000000
47079  -28.628  -41.047  67.832 0.0000000000
49187  -29.166  -39.917  67.994 0.0000000000
38477  -18.397  -49.945  72.138 0.0000000000
37480  -17.465  -50.454  72.082 0.0000000000
136224  -18.019  -50.686  72.406 0.0000000000
37490  -23.027  -50.201  71.501 0.0000000000
38480  -21.553  -49.883  71.956 0.0000000000
37470  -22.540  -50.765  72.876 0.0000000000
41741  -28.010  -46.801  72.195 0.0000000000
41753  -28.266  -46.174  71.627 0.0000000000
43975  -28.733  -44.891  71.528 0.0000000000
133341  -29.195  -43.077  70.878 0.0000000000
47097  -40.942  -41.202  67.450 0.0000000000
47084  -40.458  -41.535  68.812 0.0000000000
45069  -25.142  -43.369  69.141 0.0000000000
44021  -25.367  -44.786  68.460 0.0000000000
41792  -25.727  -46.717  67.649 0.0000000000
39588  -25.291  -48.254  68.520 0.0000000000
40654  -26.405  -47.475  68.178 0.0000000000
40639  -27.167  -47.657  69.947 0.0000000000
50182  -40.185  -37.830  67.098 0.0000000000
126954  -40.587  -37.188  66.588 0.0000000000
51139  -37.397  -37.928  67.794 0.0000000000
50179  -38.041  -38.436  67.160 0.0000000000
50181  -39.837  -38.309  66.968 0.0000000000
61611  -40.802  -27.140  51.645 0.0000000000
61612  -41.766  -27.277  51.731 0.0000000000
132314  -41.056  -25.793  51.464 0.0000000000
63676  -42.007  -24.940  51.418 0.0000000000
65524  -42.412  -23.405  51.164 0.0000000000
70793  -43.334  -17.900  49.972 0.0000000000
70795  -44.784  -17.114  49.029 0.0000000000
69912  -45.657  -18.217  48.602 0.0000000000
68989  -46.813  -19.036  48.917 0.0000000000
68126  -47.662  -19.868  50.182 0.0000000000
69914  -47.479  -18.588  48.420 0.0000000000
69915  -48.428  -18.561  48.380 0.0000000000
69925  -49.774  -18.234  47.926 0.0000000000
71876  -49.002  -16.677  47.411 0.0000000000
142311  -49.677  -15.343  47.436 0.0000000000
34705  -16.980  -53.325  73.455 0.0000000000
33666  -15.848  -54.220  73.582 0.0000000000
33654  -17.126  -54.407  74.558 0.0000000000
54154  -39.182  -35.478  65.859 0.0000000000
53093  -40.360  -35.664  64.168 0.0000000000
54169  -38.013  -35.389  64.790 0.0000000000
54168  -37.147  -35.216  64.574 0.0000000000
54182  -36.107  -35.126  63.500 0.0000000000
58473  -33.099  -30.454  60.546 0.0000000000
139160  -33.352  -30.549  59.017 0.0000000000
58493  -33.866  -30.907  57.919 0.0000000000
56384  -34.908  -32.423  57.457 0.0000000000
56386  -36.677  -32.657  57.522 0.0000000000
122583  -35.949  -31.612  56.233 0.0000000000
57482  -36.379  -31.141  55.554 0.0000000000
58533  -36.808  -30.189  54.468 0.0000000000
58550  -37.927  -30.123  53.795 0.0000000000
59534  -36.754  -29.350  54.190 0.0000000000
50193  -30.197  -38.674  65.985 0.0000000000
49205  -29.886  -39.427  67.754 0.0000000000
49206  -31.189  -39.389  67.308 0.0000000000
125596  -18.536  -48.978  71.897 0.0000000000
38478  -19.341  -49.394  72.216 0.0000000000
29836  -12.638  -58.413  74.908 0.0000000000
30692  -11.388  -57.743  76.076 0.0000000000
28948  -12.067  -59.567  75.411 0.0000000000
28035  -11.343  -60.810  75.882 0.0000000000
28034  -10.377  -61.180  76.463 0.0000000000
56314  -41.185  -32.256  63.456 0.0000000000
48222  -35.833  -40.555  66.186 0.0000000000
117988  -35.236  -40.849  68.092 0.0000000000
42896  -21.649  -45.564  70.483 0.0000000000
129214  -21.047  -46.897  69.988 0.0000000000
40636  -20.742  -47.486  70.479 0.0000000000
40637  -21.445  -47.734  69.901 0.0000000000
38496  -22.783  -49.653  70.838 0.0000000000
38489  -24.470  -49.922  71.309 0.0000000000
39571  -25.483  -48.834  69.857 0.0000000000
38490  -25.329  -49.615  71.457 0.0000000000
37473  -25.279  -50.314  73.613 0.0000000000
74989  -54.666  -13.428  45.410 0.0000000000
49230  -43.743  -39.396  66.718 0.0000000000
50220  -44.218  -38.444  65.684 0.0000000000
50218  -42.640  -38.423  65.007 0.0000000000
51167  -41.970  -37.783  64.905 0.0000000000
53083  -40.928  -36.145  65.271 0.0000000000
52089  -40.682  -36.666  66.331 0.0000000000
53073  -40.596  -36.191  66.193 0.0000000000
54155  -39.995  -35.669  66.028 0.0000000000
54139  -38.592  -35.144  66.573 0.0000000000
46050  -26.962  -42.348  66.650 0.0000000000
46052  -28.196  -42.572  67.007 0.0000000000
131240  -26.937  -40.867  66.554 0.0000000000
49216  -27.392  -39.602  66.405 0.0000000000
50191  -28.464  -38.588  65.896 0.0000000000
52082  -27.545  -36.643  66.578 0.0000000000
52097  -28.476  -36.973  65.616 0.0000000000
50210  -29.854  -38.037  65.339 0.0000000000
129638  -30.663  -38.269  65.363 0.0000000000
50212  -32.440  -38.419  64.887 0.0000000000
140209  -33.606  -38.723  64.882 0.0000000000
52075  -33.405  -35.923  66.672 0.0000000000
52087  -33.723  -36.620  65.614 0.0000000000
50213  -34.138  -38.527  64.891 0.0000000000
48237  -35.181  -40.068  65.558 0.0000000000
48238  -36.087  -40.199  65.510 0.0000000000
48224  -37.499  -40.773  66.094 0.0000000000
47110  -38.874  -41.135  66.571 0.0000000000
49224  -38.586  -40.047  65.958 0.0000000000
48226  -39.161  -40.574  66.285 0.0000000000
47096  -40.215  -41.110  66.924 0.0000000000
48202  -41.697  -40.787  67.258 0.0000000000
48214  -42.440  -40.274  67.066 0.0000000000
48208  -25.355  -40.864  67.526 0.0000000000
60553  -43.236  -27.888  52.149 0.0000000000
68090  -41.248  -21.021  51.635 0.0000000000
66371  -42.488  -22.028  50.830 0.0000000000
66384  -43.241  -22.066  50.595 0.0000000000
68122  -44.013  -19.937  49.929 0.0000000000
67238  -44.568  -21.565  50.508 0.0000000000
65542  -44.593  -23.101  50.938 0.0000000000
65527  -46.524  -23.781  51.339 0.0000000000
126565  -53.063  -15.848  46.304 0.0000000000
125618  -53.199  -15.078  46.103 0.0000000000
74987  -52.918  -13.242  46.022 0.0000000000
34674  -13.052  -53.706  75.417 0.0000000000
32610  -12.950  -55.062  74.753 0.0000000000
32622  -15.383  -55.574  74.157 0.0000000000
31646  -14.180  -56.456  74.270 0.0000000000
30721  -13.841  -57.265  74.474 0.0000000000
28951  -13.998  -58.993  75.518 0.0000000000
51168  -44.191  -37.924  64.875 0.0000000000
52111  -44.046  -36.628  64.099 0.0000000000
53109  -43.975  -35.181  63.780 0.0000000000
53105  -40.971  -35.476  63.354 0.0000000000
53107  -42.589  -35.221  63.160 0.0000000000
54185  -43.412  -34.726  63.409 0.0000000000
55255  -41.801  -33.951  62.548 0.0000000000
55254  -40.956  -33.381  62.473 0.0000000000
56326  -40.238  -32.626  62.643 0.0000000000
55233  -34.059  -33.908  63.380 0.0000000000
54194  -35.228  -35.041  62.288 0.0000000000
56337  -33.194  -32.572  60.980 0.0000000000
120383  -34.826  -34.377  60.816 0.0000000000
54215  -36.101  -34.877  61.674 0.0000000000
55270  -37.563  -33.781  61.165 0.0000000000
55251  -39.016  -33.049  61.688 0.0000000000
56387  -37.601  -32.574  57.724 0.0000000000
121977  -39.407  -32.187  58.265 0.0000000000
57511  -42.388  -31.357  54.856 0.0000000000
58554  -41.432  -30.455  53.629 0.0000000000
59568  -40.477  -29.126  52.571 0.0000000000
59547  -38.190  -29.470  53.234 0.0000000000
60538  -39.017  -28.382  52.372 0.0000000000
130504  -39.560  -27.856  51.994 0.0000000000
62685  -38.975  -25.993  52.062 0.0000000000
64612  -39.181  -24.416  52.524 0.0000000000
120713  -28.689  -41.993  68.068 0.0000000000
124891  -29.173  -42.302  69.791 0.0000000000
121005  -29.664  -39.885  69.047 0.0000000000
36532  -15.162  -51.430  73.274 0.0000000000
38466  -15.952  -49.444  73.002 0.0000000000
37478  -16.407  -50.893  72.265 0.0000000000
35636  -16.228  -52.181  72.639 0.0000000000
35629  -17.276  -52.607  73.183 0.0000000000
38486  -20.811  -49.201  71.768 0.0000000000
38479  -20.121  -49.343  72.284 0.0000000000
38468  -20.291  -50.124  72.904 0.0000000000
24882  -11.592  -63.724  77.808 0.0000000000
24890  -10.706  -63.322  76.849 0.0000000000
27005  -9.525  -61.405  76.760 0.0000000000
50203  -44.379  -38.795  66.538 0.0000000000
44039  -28.146  -44.856  67.519 0.0000000000
44022  -28.591  -44.512  68.322 0.0000000000
44059  -27.353  -43.859  66.821 0.0000000000
120363  -26.436  -43.869  67.176 0.0000000000
44038  -27.572  -44.733  67.086 0.0000000000
42938  -27.570  -45.326  67.392 0.0000000000
66358  -39.792  -22.457  52.951 0.0000000000
138812  -40.113  -21.894  52.911 0.0000000000
72886  -46.688  -14.902  49.363 0.0000000000
72896  -46.681  -15.727  48.505 0.0000000000
124813  -48.048  -15.061  48.215 0.0000000000
60493  -34.903  -28.517  56.330 0.0000000000
49221  -33.671  -39.556  65.579 0.0000000000
49208  -33.292  -39.833  66.571 0.0000000000
42872  -19.624  -45.664  71.493 0.0000000000
41750  -19.158  -46.499  71.603 0.0000000000
74007  -54.502  -14.325  45.605 0.0000000000
54156  -44.909  -34.296  65.109 0.0000000000
54170  -43.966  -34.267  63.883 0.0000000000
47083  -39.123  -41.519  68.074 0.0000000000
42913  -24.267  -46.152  68.715 0.0000000000
41774  -23.494  -46.531  68.883 0.0000000000
39586  -23.811  -48.202  68.752 0.0000000000
40651  -24.001  -47.617  68.383 0.0000000000
131813  -26.073  -38.166  67.226 0.0000000000
134572  -30.657  -35.101  67.243 0.0000000000
53069  -30.121  -35.420  66.447 0.0000000000
52085  -31.760  -35.779  65.675 0.0000000000
53071  -31.867  -35.490  66.505 0.0000000000
51138  -36.625  -37.766  67.572 0.0000000000
51137  -35.924  -37.515  67.481 0.0000000000
51151  -36.246  -37.976  66.519 0.0000000000
50196  -36.777  -38.668  65.803 0.0000000000
59569  -41.421  -29.280  52.664 0.0000000000
59570  -42.271  -29.272  52.740 0.0000000000
60541  -41.825  -28.667  52.320 0.0000000000
64625  -43.580  -24.647  51.355 0.0000000000
63679  -44.257  -25.438  51.541 0.0000000000
64626  -44.596  -24.585  51.361 0.0000000000
70766  -42.748  -17.700  51.429 0.0000000000
69889  -42.482  -18.358  51.110 0.0000000000
70782  -42.924  -17.782  50.619 0.0000000000
119741  -46.841  -20.878  50.904 0.0000000000
66389  -47.129  -21.642  51.163 0.0000000000
73997  -51.375  -14.276  46.773 0.0000000000
36531  -14.980  -52.338  73.341 0.0000000000
35626  -14.817  -53.098  73.483 0.0000000000
34703  -15.361  -53.674  73.395 0.0000000000
53094  -41.187  -35.928  64.273 0.0000000000
53102  -37.332  -35.176  62.953 0.0000000000
54197  -38.436  -34.556  62.195 0.0000000000
54196  -37.629  -34.797  62.234 0.0000000000
56373  -35.146  -32.963  58.217 0.0000000000
55296  -35.117  -33.469  59.120 0.0000000000
56357  -35.821  -33.267  58.794 0.0000000000
55298  -36.950  -33.383  59.859 0.0000000000
56358  -36.622  -33.188  59.020 0.0000000000
56375  -37.103  -32.850  58.415 0.0000000000
57506  -37.748  -31.224  55.034 0.0000000000
57484  -38.159  -31.690  55.518 0.0000000000
58535  -39.168  -30.790  54.223 0.0000000000
137576  -38.415  -30.602  54.175 0.0000000000
49204  -29.326  -39.513  67.453 0.0000000000
125454  -18.822  -50.587  72.961 0.0000000000
127565  -18.955  -51.126  73.932 0.0000000000
139691  -19.416  -50.639  73.575 0.0000000000
37484  -23.388  -50.638  72.282 0.0000000000
37483  -22.396  -50.351  72.092 0.0000000000
37471  -23.474  -50.995  73.317 0.0000000000
32609  -12.398  -55.459  75.418 0.0000000000
31629  -12.005  -56.076  75.903 0.0000000000
52091  -45.437  -36.330  66.372 0.0000000000
41752  -27.839  -46.870  71.265 0.0000000000
133009  -28.955  -44.106  69.839 0.0000000000
43989  -28.752  -44.656  70.679 0.0000000000
45065  -29.054  -43.784  70.750 0.0000000000
45070  -29.140  -43.182  70.172 0.0000000000
47085  -41.612  -41.259  68.043 0.0000000000
47077  -24.598  -41.103  68.862 0.0000000000
46029  -25.005  -42.559  68.812 0.0000000000
44036  -25.995  -45.057  67.574 0.0000000000
135010  -25.392  -45.605  67.937 0.0000000000
42935  -25.851  -46.026  67.596 0.0000000000
40662  -26.067  -47.142  67.698 0.0000000000
40663  -26.741  -46.791  67.802 0.0000000000
41776  -27.930  -46.293  69.481 0.0000000000
131131  -27.394  -47.092  69.256 0.0000000000
41763  -27.675  -46.969  70.252 0.0000000000
123592  -40.334  -37.150  67.598 0.0000000000
50163  -38.024  -37.968  68.150 0.0000000000
50166  -39.763  -37.623  68.804 0.0000000000
118324  -39.837  -37.759  67.880 0.0000000000
62698  -40.461  -26.272  51.554 0.0000000000
63675  -40.284  -25.295  51.587 0.0000000000
120767  -41.258  -23.801  51.503 0.0000000000
122826  -41.592  -24.376  51.432 0.0000000000
137505  -41.860  -23.794  51.359 0.0000000000
64624  -42.508  -24.293  51.338 0.0000000000
71847  -44.270  -16.662  49.754 0.0000000000
71848  -44.991  -16.319  49.365 0.0000000000
70802  -46.136  -17.435  48.339 0.0000000000
70801  -45.371  -17.502  48.660 0.0000000000
68988  -45.955  -18.951  48.882 0.0000000000
141774  -47.519  -19.055  49.102 0.0000000000
69923  -48.029  -18.097  47.851 0.0000000000
70814  -49.435  -17.641  47.523 0.0000000000
72898  -48.963  -15.348  47.720 0.0000000000
54153  -38.294  -35.295  65.703 0.0000000000
54152  -37.407  -35.083  65.502 0.0000000000
55219  -35.786  -34.362  64.923 0.0000000000
54167  -36.315  -34.943  64.351 0.0000000000
54183  -36.895  -35.256  63.687 0.0000000000
58500  -34.250  -30.718  57.185 0.0000000000
57438  -34.345  -31.771  57.495 0.0000000000
57456  -34.759  -31.430  56.847 0.0000000000
56395  -35.364  -32.004  56.837 0.0000000000
57457  -35.241  -31.230  56.309 0.0000000000
58519  -35.708  -30.352  55.493 0.0000000000
58520  -36.290  -30.307  55.008 0.0000000000
58521  -37.027  -30.884  54.980 0.0000000000
59533  -36.223  -29.404  54.703 0.0000000000
61578  -36.395  -27.746  54.904 0.0000000000
50194  -31.084  -38.752  65.836 0.0000000000
50177  -30.559  -39.137  66.893 0.0000000000
49192  -33.036  -40.177  68.402 0.0000000000
49191  -32.179  -39.952  68.183 0.0000000000
39556  -19.295  -47.841  71.613 0.0000000000
39547  -18.691  -48.149  71.740 0.0000000000
118876  -13.148  -59.146  75.127 0.0000000000
129654  -12.478  -59.152  75.194 0.0000000000
28949  -12.720  -59.856  75.409 0.0000000000
27015  -12.163  -61.805  76.206 0.0000000000
27023  -11.965  -61.096  75.644 0.0000000000
28937  -10.473  -60.211  76.578 0.0000000000
56299  -44.261  -32.796  64.740 0.0000000000
56298  -43.444  -32.392  64.408 0.0000000000
56297  -42.538  -32.126  64.165 0.0000000000
56315  -42.167  -32.549  63.459 0.0000000000
47107  -36.393  -40.987  66.868 0.0000000000
128569  -35.577  -40.758  67.062 0.0000000000
47092  -36.948  -41.348  67.598 0.0000000000
41762  -22.087  -46.114  69.762 0.0000000000
42897  -22.623  -45.638  70.317 0.0000000000
41761  -21.249  -46.181  70.099 0.0000000000
40643  -22.238  -47.666  69.363 0.0000000000
38504  -23.828  -48.986  69.769 0.0000000000
39570  -23.162  -48.863  69.748 0.0000000000
38497  -23.349  -49.349  70.303 0.0000000000
38488  -23.599  -49.879  70.986 0.0000000000
39582  -26.084  -48.436  69.433 0.0000000000
138843  -25.584  -48.485  69.085 0.0000000000
39572  -26.243  -48.583  70.263 0.0000000000
38482  -26.252  -49.243  72.637 0.0000000000
38491  -26.051  -49.181  71.763 0.0000000000
37486  -25.575  -49.745  72.284 0.0000000000
49229  -43.179  -39.411  66.283 0.0000000000
50202  -43.652  -38.941  66.010 0.0000000000
49239  -42.901  -39.037  65.675 0.0000000000
51172  -41.997  -37.061  64.596 0.0000000000
52077  -40.526  -36.477  67.400 0.0000000000
53062  -40.551  -36.025  67.172 0.0000000000
54130  -40.054  -35.424  67.670 0.0000000000
54141  -40.055  -35.611  66.886 0.0000000000
53072  -40.411  -35.920  66.138 0.0000000000
54140  -39.425  -35.376  66.740 0.0000000000
47104  -26.531  -41.551  66.759 0.0000000000
47105  -27.337  -41.660  66.636 0.0000000000
50189  -27.098  -38.524  66.287 0.0000000000
49215  -26.790  -39.268  66.457 0.0000000000
121452  -27.664  -38.886  66.137 0.0000000000
50190  -27.806  -38.149  65.881 0.0000000000
52084  -28.898  -36.374  65.743 0.0000000000
142676  -29.011  -36.762  65.428 0.0000000000
51160  -29.172  -37.336  65.290 0.0000000000
51161  -29.941  -37.269  65.046 0.0000000000
125313  -30.631  -37.643  64.953 0.0000000000
51163  -32.279  -37.610  64.693 0.0000000000
49234  -33.135  -38.950  65.070 0.0000000000
120995  -33.208  -38.168  64.757 0.0000000000
52065  -34.559  -36.436  68.569 0.0000000000
52064  -34.038  -36.212  67.676 0.0000000000
53060  -33.328  -35.675  67.926 0.0000000000
52088  -34.221  -36.541  66.596 0.0000000000
51166  -35.145  -38.513  65.093 0.0000000000
50214  -34.880  -39.299  65.139 0.0000000000
49235  -35.640  -39.728  65.234 0.0000000000
141952  -37.386  -39.959  65.591 0.0000000000
47109  -38.055  -41.213  66.594 0.0000000000
48225  -38.321  -40.726  66.172 0.0000000000
50198  -38.387  -39.189  66.242 0.0000000000
125013  -39.064  -39.445  66.226 0.0000000000
47111  -39.579  -41.007  66.585 0.0000000000
138522  -40.931  -40.624  66.744 0.0000000000
49209  -43.113  -39.812  66.868 0.0000000000
49201  -25.450  -39.900  67.449 0.0000000000
47090  -25.819  -41.523  67.169 0.0000000000
57512  -43.200  -31.265  54.847 0.0000000000
122308  -44.398  -29.646  53.501 0.0000000000
58558  -44.670  -30.151  53.972 0.0000000000
121777  -42.267  -26.564  51.642 0.0000000000
61613  -42.659  -27.247  51.844 0.0000000000
61614  -43.455  -27.050  51.895 0.0000000000
68072  -41.274  -20.111  52.880 0.0000000000
68089  -40.838  -20.997  52.234 0.0000000000
68083  -41.211  -20.289  52.090 0.0000000000
124448  -42.329  -20.117  50.758 0.0000000000
67225  -42.107  -21.108  50.957 0.0000000000
67236  -42.918  -21.435  50.517 0.0000000000
69903  -43.745  -18.553  49.660 0.0000000000
68975  -43.498  -19.361  49.941 0.0000000000
67239  -45.477  -21.544  50.773 0.0000000000
66386  -44.988  -22.325  50.839 0.0000000000
123257  -45.837  -23.546  51.238 0.0000000000
65544  -46.227  -23.010  51.225 0.0000000000
66373  -47.022  -23.070  51.339 0.0000000000
68980  -48.077  -19.313  49.643 0.0000000000
70828  -50.784  -17.405  47.173 0.0000000000
140315  -52.302  -16.788  46.629 0.0000000000
71888  -52.943  -16.856  46.628 0.0000000000
73998  -52.124  -14.333  46.372 0.0000000000
73999  -52.949  -14.250  46.042 0.0000000000
34689  -13.923  -54.008  74.204 0.0000000000
34675  -13.458  -53.477  74.827 0.0000000000
33634  -13.227  -54.214  74.794 0.0000000000
32620  -13.527  -55.753  74.271 0.0000000000
32623  -16.181  -55.332  74.432 0.0000000000
33652  -15.618  -54.886  73.923 0.0000000000
32611  -15.907  -55.965  74.785 0.0000000000
30707  -15.333  -57.319  75.419 0.0000000000
31647  -15.108  -56.281  74.384 0.0000000000
30722  -14.807  -56.979  74.703 0.0000000000
30706  -14.579  -57.677  74.976 0.0000000000
30705  -13.890  -57.939  74.758 0.0000000000
29838  -14.326  -58.331  75.248 0.0000000000
28927  -14.705  -59.591  77.464 0.0000000000
50219  -43.482  -38.523  65.204 0.0000000000
140728  -42.952  -36.541  63.844 0.0000000000
52116  -43.387  -36.283  63.784 0.0000000000
52117  -43.887  -35.895  63.796 0.0000000000
53108  -43.323  -35.489  63.478 0.0000000000
53092  -39.418  -35.468  63.976 0.0000000000
53122  -40.788  -34.864  62.650 0.0000000000
135400  -41.378  -35.191  62.911 0.0000000000
142108  -43.038  -35.003  63.187 0.0000000000
54184  -42.668  -34.456  62.992 0.0000000000
55253  -40.178  -33.532  62.253 0.0000000000
120174  -39.683  -32.662  62.192 0.0000000000
55232  -33.593  -33.330  62.896 0.0000000000
56311  -33.760  -33.076  63.762 0.0000000000
55250  -33.988  -34.108  62.463 0.0000000000
54180  -34.583  -34.567  62.891 0.0000000000
135295  -34.545  -34.624  62.102 0.0000000000
57388  -33.106  -31.371  60.023 0.0000000000
124076  -33.188  -32.197  60.297 0.0000000000
55282  -35.179  -33.971  60.059 0.0000000000
55281  -34.224  -33.861  60.481 0.0000000000
55268  -35.683  -34.409  60.863 0.0000000000
54214  -35.057  -34.767  61.458 0.0000000000
54216  -37.121  -34.529  61.624 0.0000000000
55269  -36.668  -34.176  61.019 0.0000000000
55285  -38.054  -33.116  60.918 0.0000000000
56338  -38.823  -32.758  61.299 0.0000000000
56339  -39.481  -32.535  61.735 0.0000000000
139786  -39.318  -32.467  61.444 0.0000000000
56396  -36.266  -32.261  56.779 0.0000000000
56397  -37.199  -32.364  56.841 0.0000000000
57439  -39.053  -32.293  57.201 0.0000000000
57463  -41.584  -31.897  56.353 0.0000000000
129701  -42.115  -31.703  55.606 0.0000000000
57488  -42.868  -31.532  55.347 0.0000000000
57510  -41.511  -31.447  54.879 0.0000000000
58553  -40.532  -30.403  53.596 0.0000000000
59550  -40.964  -29.874  53.061 0.0000000000
59546  -37.387  -29.369  53.672 0.0000000000
129367  -38.194  -26.954  52.747 0.0000000000
61597  -38.745  -27.554  52.280 0.0000000000
139014  -39.140  -27.286  51.983 0.0000000000
61598  -39.663  -26.887  51.771 0.0000000000
63664  -38.734  -25.202  52.693 0.0000000000
47106  -28.008  -41.766  66.861 0.0000000000
46039  -28.490  -42.589  67.530 0.0000000000
121365  -28.368  -41.856  67.362 0.0000000000
132880  -28.968  -40.328  68.443 0.0000000000
126532  -28.873  -41.142  68.702 0.0000000000
47069  -29.106  -41.291  69.536 0.0000000000
47056  -29.317  -41.453  70.356 0.0000000000
49189  -30.019  -39.636  68.620 0.0000000000
49188  -29.548  -39.783  68.357 0.0000000000
49173  -30.132  -39.872  69.444 0.0000000000
122398  -34.432  -40.613  68.047 0.0000000000
125991  -14.622  -50.920  74.304 0.0000000000
39538  -16.375  -48.726  72.830 0.0000000000
38475  -16.666  -49.497  72.247 0.0000000000
130940  -16.951  -50.889  72.031 0.0000000000
36545  -16.676  -51.502  72.327 0.0000000000
36544  -15.947  -51.542  72.548 0.0000000000
35637  -16.937  -52.082  72.619 0.0000000000
36533  -17.683  -51.919  73.006 0.0000000000
39567  -21.104  -48.231  70.543 0.0000000000
39558  -20.563  -48.269  71.182 0.0000000000
39559  -21.257  -48.882  71.012 0.0000000000
37482  -21.643  -50.372  72.643 0.0000000000
127335  -20.838  -49.891  72.426 0.0000000000
38469  -20.968  -50.379  73.021 0.0000000000
74990  -55.432  -13.040  45.133 0.0000000000
24880  -9.970  -64.568  77.268 0.0000000000
130304  -9.817  -63.672  76.852 0.0000000000
132611  -9.604  -62.272  76.725 0.0000000000
129172  -9.271  -61.912  76.552 0.0000000000
135063  -28.249  -45.589  69.095 0.0000000000
122081  -28.427  -45.414  70.031 0.0000000000
42914  -28.615  -44.834  69.215 0.0000000000
44006  -28.885  -44.127  68.982 0.0000000000
48215  -43.153  -40.231  67.579 0.0000000000
45079  -25.888  -43.001  67.479 0.0000000000
46033  -25.320  -42.394  67.989 0.0000000000
44037  -26.798  -44.736  67.108 0.0000000000
42937  -27.126  -45.994  67.501 0.0000000000
41785  -27.890  -46.021  68.489 0.0000000000
136237  -40.095  -23.788  51.858 0.0000000000
65522  -40.686  -23.436  51.695 0.0000000000
66369  -40.728  -22.570  51.831 0.0000000000
136626  -45.543  -16.065  49.056 0.0000000000
71849  -46.075  -16.340  48.560 0.0000000000
70803  -47.097  -17.883  47.930 0.0000000000
71875  -48.227  -16.664  47.571 0.0000000000
54137  -36.847  -34.552  66.105 0.0000000000
55205  -36.050  -34.138  65.776 0.0000000000
55204  -35.310  -33.704  65.422 0.0000000000
59511  -34.296  -29.871  56.923 0.0000000000
59512  -34.681  -29.599  56.376 0.0000000000
59522  -35.198  -29.477  55.787 0.0000000000
49220  -32.060  -39.020  65.613 0.0000000000
134354  -32.902  -39.942  67.548 0.0000000000
48199  -33.793  -40.495  68.618 0.0000000000
39557  -19.905  -47.978  71.535 0.0000000000
72917  -53.752  -15.545  46.123 0.0000000000
28036  -13.321  -60.840  76.372 0.0000000000
28046  -13.137  -60.413  75.806 0.0000000000
27016  -13.049  -61.454  76.661 0.0000000000
25950  -12.093  -62.534  76.760 0.0000000000
55220  -43.845  -33.279  64.023 0.0000000000
47093  -37.782  -41.421  67.403 0.0000000000
125247  -38.313  -41.538  67.978 0.0000000000
140364  -38.490  -41.590  68.647 0.0000000000
119514  -39.114  -41.578  69.062 0.0000000000
44004  -25.016  -44.956  69.491 0.0000000000
42899  -24.474  -45.474  69.722 0.0000000000
42877  -24.398  -45.220  70.915 0.0000000000
41773  -22.650  -46.833  69.116 0.0000000000
40644  -23.116  -47.783  68.878 0.0000000000
39579  -23.439  -48.502  69.226 0.0000000000
39573  -26.856  -48.141  70.593 0.0000000000
122515  -26.487  -48.642  71.196 0.0000000000
39550  -26.850  -48.679  72.985 0.0000000000
49238  -42.190  -39.061  65.638 0.0000000000
49202  -26.121  -39.565  66.834 0.0000000000
51146  -26.610  -37.884  66.766 0.0000000000
53055  -28.644  -35.469  67.273 0.0000000000
53056  -29.353  -35.405  66.783 0.0000000000
53079  -30.312  -36.004  65.573 0.0000000000
119951  -30.492  -36.771  64.948 0.0000000000
52099  -31.189  -36.206  65.184 0.0000000000
52100  -32.184  -36.410  64.968 0.0000000000
135330  -35.466  -36.963  68.213 0.0000000000
51136  -35.394  -37.265  67.082 0.0000000000
51149  -34.861  -37.096  66.309 0.0000000000
51150  -35.465  -37.755  65.953 0.0000000000
49236  -36.293  -39.687  65.256 0.0000000000
50216  -36.402  -39.101  65.217 0.0000000000
49237  -37.058  -39.491  65.459 0.0000000000
49223  -37.797  -39.695  65.780 0.0000000000
50199  -39.787  -39.201  66.282 0.0000000000
49226  -40.396  -39.693  66.208 0.0000000000
48228  -41.003  -40.019  66.287 0.0000000000
58555  -42.283  -30.444  53.684 0.0000000000
58556  -43.111  -30.350  53.779 0.0000000000
59552  -42.689  -29.830  53.225 0.0000000000
59571  -43.128  -29.200  52.862 0.0000000000
60543  -43.577  -28.588  52.568 0.0000000000
62701  -43.665  -26.237  51.693 0.0000000000
68944  -42.106  -18.806  52.527 0.0000000000
119298  -42.062  -18.908  51.721 0.0000000000
68963  -42.345  -19.176  50.927 0.0000000000
68977  -45.370  -19.477  49.385 0.0000000000
68123  -44.797  -20.050  49.886 0.0000000000
67240  -46.317  -21.563  51.030 0.0000000000
66374  -47.507  -22.404  51.299 0.0000000000
72908  -50.349  -15.868  47.039 0.0000000000
71886  -50.941  -16.768  46.862 0.0000000000
72915  -51.305  -15.951  46.665 0.0000000000
35605  -13.904  -52.271  74.685 0.0000000000
35615  -14.070  -53.164  74.200 0.0000000000
136714  -14.468  -54.447  73.870 0.0000000000
29824  -15.379  -58.213  76.607 0.0000000000
51173  -42.626  -37.555  64.486 0.0000000000
52109  -42.441  -36.696  64.112 0.0000000000
53103  -38.732  -35.263  63.391 0.0000000000
53121  -39.813  -34.816  62.619 0.0000000000
54200  -40.972  -34.199  62.389 0.0000000000
54198  -39.235  -34.362  62.248 0.0000000000
54218  -38.692  -33.879  61.797 0.0000000000
56325  -33.280  -32.691  62.390 0.0000000000
56372  -33.884  -32.470  58.771 0.0000000000
136466  -33.886  -32.917  59.318 0.0000000000
56346  -37.741  -32.958  60.253 0.0000000000
56360  -38.170  -32.513  59.767 0.0000000000
57459  -37.704  -32.002  56.194 0.0000000000
57461  -39.585  -32.064  56.402 0.0000000000
57486  -40.087  -31.837  55.576 0.0000000000
57509  -40.562  -31.478  54.859 0.0000000000
58552  -39.611  -30.330  53.579 0.0000000000
61590  -37.364  -27.679  53.642 0.0000000000
122039  -37.720  -27.132  53.326 0.0000000000
62684  -38.409  -26.074  52.760 0.0000000000
48210  -28.056  -40.172  66.709 0.0000000000
48198  -28.675  -40.262  67.501 0.0000000000
49171  -29.323  -40.080  68.991 0.0000000000
38476  -17.557  -49.521  71.970 0.0000000000
36547  -18.249  -51.243  72.982 0.0000000000
38487  -22.217  -49.855  71.420 0.0000000000
122564  -21.549  -49.453  71.410 0.0000000000
53084  -44.940  -35.386  65.063 0.0000000000
40617  -27.706  -47.414  72.780 0.0000000000
125964  -28.157  -46.666  73.146 0.0000000000
41742  -28.395  -46.106  72.488 0.0000000000
42855  -28.668  -45.404  72.793 0.0000000000
42900  -28.473  -45.481  71.107 0.0000000000
42878  -28.574  -45.469  71.988 0.0000000000
45074  -25.384  -43.208  68.288 0.0000000000
126909  -25.397  -43.921  68.625 0.0000000000
44005  -25.193  -44.214  69.326 0.0000000000
41783  -24.982  -46.451  67.958 0.0000000000
40652  -24.864  -47.774  68.093 0.0000000000
40661  -25.304  -47.215  67.797 0.0000000000
39589  -26.061  -48.126  68.701 0.0000000000
135024  -26.379  -48.140  69.188 0.0000000000
40655  -27.065  -47.076  68.370 0.0000000000
40645  -26.746  -47.717  69.002 0.0000000000
40633  -27.396  -47.561  70.922 0.0000000000
40626  -27.601  -47.514  71.853 0.0000000000
50183  -40.685  -37.966  66.342 0.0000000000
139234  -36.891  -37.643  68.301 0.0000000000
50165  -39.321  -37.960  68.193 0.0000000000
60551  -41.212  -28.029  51.880 0.0000000000
62699  -41.381  -26.480  51.552 0.0000000000
125404  -41.937  -25.727  51.496 0.0000000000
123623  -41.250  -25.085  51.433 0.0000000000
63677  -42.725  -25.180  51.462 0.0000000000
124111  -43.277  -23.701  51.098 0.0000000000
70783  -43.511  -17.112  50.318 0.0000000000
70794  -44.080  -17.650  49.466 0.0000000000
69904  -44.426  -18.473  49.208 0.0000000000
69905  -44.859  -17.960  48.842 0.0000000000
128824  -45.102  -18.772  48.963 0.0000000000
68978  -46.282  -19.526  49.477 0.0000000000
68979  -47.178  -19.442  49.632 0.0000000000
68990  -48.066  -18.892  48.947 0.0000000000
70815  -50.303  -17.810  47.518 0.0000000000
142693  -48.955  -15.983  47.492 0.0000000000
72907  -49.481  -16.034  47.325 0.0000000000
34704  -16.154  -53.538  73.233 0.0000000000
34691  -16.678  -54.039  73.770 0.0000000000
33653  -16.394  -54.690  74.114 0.0000000000
53081  -39.785  -35.651  65.053 0.0000000000
53080  -38.884  -35.543  64.946 0.0000000000
53090  -37.841  -35.339  63.753 0.0000000000
139051  -36.644  -35.246  63.003 0.0000000000
58486  -33.190  -30.484  59.670 0.0000000000
57403  -33.318  -31.289  59.229 0.0000000000
126767  -33.574  -30.190  58.493 0.0000000000
58492  -33.555  -31.126  58.592 0.0000000000
56371  -33.568  -31.859  58.822 0.0000000000
56383  -34.386  -32.499  58.137 0.0000000000
56385  -35.709  -32.615  57.435 0.0000000000
138093  -35.680  -31.002  55.866 0.0000000000
58534  -37.670  -30.635  54.446 0.0000000000
131434  -37.248  -30.020  54.011 0.0000000000
60512  -36.857  -28.355  54.044 0.0000000000
60511  -36.371  -28.627  54.587 0.0000000000
61579  -36.922  -27.272  54.479 0.0000000000
62666  -37.361  -26.598  54.929 0.0000000000
50176  -29.669  -39.077  66.771 0.0000000000
118772  -30.554  -39.489  67.959 0.0000000000
49190  -31.331  -39.649  68.051 0.0000000000
40625  -18.148  -47.581  71.939 0.0000000000
39546  -17.899  -48.503  71.871 0.0000000000
37472  -24.506  -50.813  73.617 0.0000000000
30704  -12.490  -57.502  74.751 0.0000000000
31636  -11.900  -56.948  75.339 0.0000000000
30703  -11.950  -57.867  75.168 0.0000000000
29835  -11.772  -58.740  75.469 0.0000000000
28045  -12.472  -60.525  75.649 0.0000000000
28938  -11.312  -59.722  75.874 0.0000000000
29822  -11.055  -58.761  76.406 0.0000000000
28926  -10.617  -59.420  76.776 0.0000000000
68934  -41.803  -19.410  52.919 0.0000000000
69858  -42.768  -18.146  52.867 0.0000000000
70754  -42.874  -17.670  52.201 0.0000000000
70767  -43.214  -17.227  51.810 0.0000000000
56296  -41.599  -31.894  64.092 0.0000000000
122950  -35.125  -40.452  66.380 0.0000000000
48212  -34.747  -40.549  67.188 0.0000000000
48213  -36.122  -41.055  67.787 0.0000000000
42874  -21.246  -45.040  71.274 0.0000000000
42895  -20.811  -45.594  70.726 0.0000000000
41760  -20.525  -46.455  70.578 0.0000000000
40632  -20.161  -47.312  71.047 0.0000000000
39568  -21.703  -48.613  70.316 0.0000000000
39577  -22.095  -48.309  69.777 0.0000000000
39569  -22.532  -48.960  70.150 0.0000000000
37491  -23.766  -50.275  71.616 0.0000000000
37485  -24.306  -50.418  72.093 0.0000000000
39587  -24.500  -48.262  68.571 0.0000000000
39581  -24.959  -48.663  69.092 0.0000000000
38505  -24.628  -49.019  69.811 0.0000000000
38499  -25.763  -49.029  70.877 0.0000000000
126150  -25.012  -49.419  70.590 0.0000000000
38481  -24.948  -50.052  71.979 0.0000000000
131899  -24.955  -50.312  72.777 0.0000000000
54128  -38.905  -34.925  67.383 0.0000000000
45097  -27.368  -43.019  66.675 0.0000000000
45098  -27.969  -43.243  66.777 0.0000000000
46051  -27.715  -42.459  66.713 0.0000000000
132305  -27.693  -40.959  66.687 0.0000000000
48219  -26.748  -40.049  66.578 0.0000000000
48220  -27.360  -40.333  66.547 0.0000000000
49217  -28.165  -39.349  66.375 0.0000000000
52062  -26.582  -36.639  67.918 0.0000000000
51135  -26.835  -36.991  66.991 0.0000000000
53067  -28.739  -35.883  66.420 0.0000000000
52083  -28.230  -36.440  66.168 0.0000000000
50208  -27.995  -37.471  65.841 0.0000000000
51159  -28.484  -37.762  65.625 0.0000000000
50209  -29.059  -38.107  65.526 0.0000000000
50192  -29.355  -38.636  65.943 0.0000000000
50211  -31.484  -38.205  64.962 0.0000000000
53059  -32.469  -35.456  67.295 0.0000000000
125822  -33.034  -36.238  65.529 0.0000000000
51148  -34.322  -37.028  65.636 0.0000000000
51164  -33.859  -37.547  64.934 0.0000000000
125635  -33.966  -39.139  65.035 0.0000000000
49222  -34.412  -39.642  65.416 0.0000000000
48223  -36.669  -40.679  66.101 0.0000000000
47095  -39.440  -41.337  67.139 0.0000000000
48197  -24.864  -40.301  68.337 0.0000000000
47089  -25.308  -41.652  67.728 0.0000000000
46037  -25.681  -42.164  67.446 0.0000000000
46038  -26.216  -42.281  67.013 0.0000000000
58557  -43.956  -30.245  53.888 0.0000000000
60552  -42.235  -27.995  51.987 0.0000000000
61599  -44.065  -27.479  52.105 0.0000000000
67214  -40.511  -21.483  52.617 0.0000000000
67224  -40.754  -21.675  52.018 0.0000000000
66370  -41.533  -22.001  51.376 0.0000000000
142377  -41.671  -20.406  51.365 0.0000000000
134273  -42.189  -22.678  51.078 0.0000000000
66372  -43.072  -22.804  50.834 0.0000000000
65541  -43.828  -23.174  50.893 0.0000000000
69890  -42.913  -18.632  50.264 0.0000000000
68105  -43.244  -20.215  50.216 0.0000000000
68106  -44.117  -20.743  50.177 0.0000000000
67237  -43.696  -21.547  50.413 0.0000000000
66385  -44.001  -22.394  50.648 0.0000000000
119011  -45.847  -24.092  51.319 0.0000000000
71889  -53.731  -16.408  46.394 0.0000000000
74000  -53.752  -14.676  45.882 0.0000000000
75958  -53.515  -12.618  45.831 0.0000000000
33619  -12.615  -54.375  75.824 0.0000000000
32619  -12.723  -55.925  74.702 0.0000000000
33665  -15.088  -54.374  73.619 0.0000000000
33651  -14.799  -55.008  73.862 0.0000000000
32621  -14.485  -55.692  74.080 0.0000000000
31645  -13.274  -56.553  74.399 0.0000000000
30720  -13.047  -57.189  74.496 0.0000000000
29849  -13.218  -57.816  74.628 0.0000000000
29837  -13.523  -58.475  74.920 0.0000000000
29823  -14.736  -58.663  76.049 0.0000000000
28940  -14.396  -59.385  76.367 0.0000000000
28939  -13.930  -60.206  76.658 0.0000000000
136193  -44.607  -38.337  66.133 0.0000000000
51175  -43.861  -37.395  64.399 0.0000000000
134328  -44.340  -37.188  64.558 0.0000000000
53095  -44.416  -35.749  64.193 0.0000000000
53106  -41.838  -35.567  63.339 0.0000000000
128589  -40.144  -35.316  63.208 0.0000000000
55237  -43.316  -33.827  63.415 0.0000000000
55236  -42.511  -33.428  63.068 0.0000000000
55235  -41.635  -33.020  62.887 0.0000000000
56327  -40.847  -32.642  62.911 0.0000000000
55218  -35.009  -34.019  64.615 0.0000000000
55217  -34.310  -33.604  64.232 0.0000000000
55234  -34.755  -34.325  63.768 0.0000000000
54181  -35.329  -34.944  63.212 0.0000000000
129881  -36.035  -35.198  62.632 0.0000000000
55267  -33.592  -33.422  61.089 0.0000000000
56345  -33.583  -33.067  60.123 0.0000000000
54213  -34.185  -34.207  61.449 0.0000000000
55271  -38.307  -33.390  61.383 0.0000000000
56312  -40.118  -32.037  62.870 0.0000000000
57389  -39.117  -32.340  61.067 0.0000000000
121767  -38.480  -32.418  57.986 0.0000000000
56398  -38.128  -32.311  57.026 0.0000000000
58538  -41.901  -30.972  54.277 0.0000000000
58537  -41.009  -30.948  54.276 0.0000000000
59548  -39.111  -29.710  53.070 0.0000000000
140448  -38.105  -28.796  52.965 0.0000000000
59566  -38.647  -28.951  52.779 0.0000000000
59567  -39.521  -29.121  52.659 0.0000000000
60539  -39.807  -28.585  52.320 0.0000000000
60540  -40.418  -28.357  52.109 0.0000000000
60550  -40.330  -27.696  51.811 0.0000000000
62697  -39.677  -25.931  51.699 0.0000000000
63665  -39.339  -25.194  51.989 0.0000000000
65521  -39.644  -23.738  52.307 0.0000000000
65505  -39.473  -23.077  53.137 0.0000000000
130277  -28.362  -43.290  67.277 0.0000000000
46034  -28.750  -43.049  68.126 0.0000000000
120116  -28.990  -42.183  68.891 0.0000000000
49156  -30.019  -40.264  70.216 0.0000000000
49172  -29.621  -40.211  69.585 0.0000000000
48168  -29.416  -40.695  69.983 0.0000000000
48155  -29.530  -40.933  70.842 0.0000000000
35635  -15.590  -52.127  72.832 0.0000000000
130900  -15.599  -50.061  73.140 0.0000000000
37479  -16.889  -50.293  72.007 0.0000000000
37466  -16.183  -50.180  72.472 0.0000000000
37465  -15.696  -50.778  72.802 0.0000000000
35628  -16.512  -52.784  72.979 0.0000000000
35630  -17.865  -52.344  73.604 0.0000000000
39549  -20.195  -48.674  71.756 0.0000000000
38467  -19.851  -49.901  72.723 0.0000000000
37467  -19.889  -50.504  73.521 0.0000000000
137605  -22.617  -51.065  73.595 0.0000000000
37468  -20.626  -50.654  73.621 0.0000000000
135323  -55.403  -14.088  45.317 0.0000000000
25939  -12.282  -62.949  77.634 0.0000000000
24881  -10.850  -64.063  77.540 0.0000000000
25938  -11.546  -63.157  77.067 0.0000000000
25949  -11.486  -62.500  76.471 0.0000000000
27013  -10.347  -62.109  76.504 0.0000000000
24879  -9.393  -64.249  76.622 0.0000000000
24878  -9.050  -63.202  76.202 0.0000000000
25935  -9.128  -62.051  76.271 0.0000000000
27004  -9.240  -61.191  76.530 0.0000000000
25937  -10.132  -62.863  76.724 0.0000000000
25947  -8.999  -62.564  76.000 0.0000000000
25948  -10.892  -62.556  76.408 0.0000000000
28044  -12.010  -60.308  75.529 0.0000000000
31644  -12.538  -56.704  74.726 0.0000000000
39562  -27.120  -48.153  71.515 0.0000000000
40653  -25.683  -47.736  68.066 0.0000000000
41775  -27.539  -46.597  68.677 0.0000000000
41793  -26.379  -46.435  67.583 0.0000000000
42925  -27.765  -45.695  67.770 0.0000000000
45058  -29.195  -43.378  71.475 0.0000000000
45075  -28.812  -43.814  68.438 0.0000000000
48184  -29.451  -40.354  69.610 0.0000000000
52096  -27.879  -36.984  66.017 0.0000000000
57420  -33.871  -31.842  58.251 0.0000000000
59498  -33.428  -29.781  59.246 0.0000000000
65509  -40.074  -23.113  52.092 0.0000000000
65543  -45.438  -23.022  51.076 0.0000000000
120545  -24.093  -46.855  68.382 0.0000000000
123852  -43.340  -20.955  50.321 0.0000000000
132648  -28.980  -44.191  71.490 0.0000000000
132710  -24.954  -41.151  68.118 0.0000000000
132982  -33.276  -32.887  61.647 0.0000000000
134660  -14.398  -52.543  73.889 0.0000000000
134707  -42.983  -26.617  51.736 0.0000000000
135804  -27.208  -39.072  66.284 0.0000000000
137279  -34.846  -31.975  57.125 0.0000000000
142582  -26.253  -44.437  67.385 0.0000000000
