#!ascii label  , from subject sub-v2s10x28925_ses-1 vox2ras=TkReg
791
21739  -49.071  -50.697  19.197 0.5000000000
20895  -46.270  -51.155  18.765 0.8000000119
21748  -44.584  -50.484  18.314 0.8000000119
21749  -45.472  -50.550  18.524 0.8000000119
21750  -46.368  -50.630  18.785 0.8000000119
111057  -49.591  -51.241  19.591 0.5000000000
21751  -47.994  -50.839  19.049 0.5000000000
22675  -47.612  -50.252  19.145 0.6000000238
22660  -43.342  -50.067  18.897 0.6999999881
22661  -44.094  -50.076  18.384 0.6999999881
119051  -46.377  -49.693  19.351 0.8000000119
22664  -47.178  -49.608  19.462 0.6999999881
132764  -50.361  -51.317  20.431 0.6000000238
21740  -49.997  -50.475  19.516 0.5000000000
22666  -49.566  -49.965  19.259 0.6000000238
21735  -41.735  -50.688  19.076 0.6999999881
21738  -48.583  -50.202  19.145 0.6000000238
119374  -49.012  -49.540  19.342 0.6000000238
133669  -42.780  -50.204  19.246 0.6999999881
21736  -42.508  -50.513  18.405 0.6999999881
22662  -44.821  -49.725  19.050 0.6999999881
22665  -48.147  -49.560  19.411 0.6000000238
23504  -48.830  -48.660  19.664 0.6000000238
23503  -47.677  -48.783  19.875 0.6999999881
21730  -50.910  -50.194  20.599 0.4000000060
22667  -50.465  -49.676  19.611 0.6000000238
21728  -41.490  -50.587  20.316 0.6999999881
131709  -49.626  -48.251  19.657 0.6000000238
21729  -42.254  -50.312  19.872 0.6999999881
115456  -43.579  -49.623  20.034 0.6999999881
125125  -44.056  -49.767  19.165 0.6999999881
22654  -45.002  -49.239  20.003 0.6999999881
22663  -45.686  -49.428  19.625 0.6000000238
23496  -47.252  -47.942  20.273 0.6999999881
24335  -47.142  -47.041  20.343 0.5000000000
23495  -44.545  -48.637  20.429 0.6000000238
123511  -45.488  -48.523  20.349 0.6000000238
120601  -46.309  -47.822  20.434 0.6000000238
122201  -46.160  -46.933  20.426 0.6000000238
133108  -45.564  -47.579  20.540 0.6000000238
25166  -45.884  -46.464  20.142 0.5000000000
23485  -50.984  -48.297  21.065 0.4000000060
22655  -50.944  -49.446  20.237 0.5000000000
21727  -40.730  -50.847  20.777 0.6999999881
128014  -50.934  -47.812  20.023 0.6000000238
24342  -50.733  -47.106  19.976 0.6000000238
22652  -42.915  -49.952  20.034 0.6999999881
116897  -49.416  -47.365  19.783 0.6000000238
23494  -43.734  -48.782  20.568 0.6999999881
24337  -48.623  -46.990  19.957 0.5000000000
25168  -48.358  -46.298  19.568 0.6000000238
122519  -43.975  -47.791  20.743 0.6999999881
124001  -44.829  -47.711  20.623 0.6000000238
25167  -47.158  -46.249  19.679 0.5000000000
25970  -48.000  -45.353  18.434 0.5000000000
24334  -45.261  -46.873  20.505 0.5000000000
20854  -37.933  -51.275  21.227 0.6000000238
21713  -38.416  -50.584  21.765 0.6000000238
23471  -49.733  -48.226  21.753 0.5000000000
123781  -50.063  -47.491  21.787 0.5000000000
21714  -39.368  -50.449  21.671 0.6999999881
20856  -39.869  -51.080  21.129 0.6999999881
24324  -51.120  -47.606  20.803 0.5000000000
24338  -51.057  -47.335  20.334 0.5000000000
25155  -50.188  -46.249  21.117 0.4000000060
21716  -41.099  -50.136  21.124 0.6999999881
25178  -50.387  -46.446  19.930 0.5000000000
129391  -41.747  -50.067  20.737 0.6999999881
22651  -42.250  -49.658  20.717 0.6999999881
25985  -49.842  -45.844  19.725 0.5000000000
122785  -43.145  -47.893  20.971 0.6999999881
25176  -49.190  -45.225  18.835 0.5000000000
24333  -44.321  -46.777  20.602 0.6000000238
25175  -48.614  -45.442  18.733 0.5000000000
25164  -43.561  -46.280  20.399 0.5000000000
129673  -44.321  -46.120  20.185 0.5000000000
25968  -44.945  -45.800  19.599 0.5000000000
25982  -47.276  -45.252  18.170 0.5000000000
25969  -46.263  -45.879  19.381 0.5000000000
25995  -47.162  -44.747  17.520 0.3000000119
130652  -48.804  -46.163  22.141 0.3000000119
21726  -37.053  -51.107  20.868 0.6000000238
123937  -37.471  -50.601  21.634 0.6000000238
24303  -49.585  -46.964  22.138 0.4000000060
25948  -49.340  -45.951  21.442 0.4000000060
22639  -39.734  -49.582  21.835 0.6000000238
25972  -49.447  -45.485  19.903 0.5000000000
22640  -40.605  -49.321  21.544 0.6999999881
22641  -41.487  -49.436  21.199 0.6999999881
126232  -49.361  -45.601  19.333 0.5000000000
130254  -42.651  -47.156  21.048 0.5000000000
25997  -48.509  -44.587  18.153 0.5000000000
24332  -43.379  -46.994  20.867 0.5000000000
26789  -47.989  -44.098  17.554 0.4000000060
25996  -48.191  -44.495  17.783 0.3000000119
26797  -47.293  -43.794  16.992 0.4000000060
25994  -45.868  -45.012  17.784 0.5000000000
21712  -36.667  -50.379  21.269 0.6000000238
130311  -37.491  -49.432  22.322 0.6000000238
22622  -38.236  -49.188  22.372 0.6000000238
22638  -38.847  -49.793  22.107 0.6000000238
23481  -39.214  -48.793  22.108 0.6000000238
26773  -47.787  -44.959  20.276 0.3000000119
25971  -48.853  -45.127  19.705 0.4000000060
23483  -40.426  -48.358  21.597 0.6000000238
130708  -47.590  -44.525  19.525 0.3000000119
23484  -41.136  -48.578  21.413 0.6000000238
23492  -41.947  -48.738  21.218 0.6999999881
121022  -46.977  -43.768  18.500 0.3000000119
26781  -48.565  -44.566  18.882 0.3000000119
24330  -41.494  -47.789  21.313 0.6000000238
27622  -46.084  -43.473  18.158 0.3000000119
26780  -48.007  -44.023  18.329 0.3000000119
25162  -41.848  -46.880  21.055 0.5000000000
25163  -42.679  -46.489  20.658 0.5000000000
27635  -46.007  -42.766  17.102 0.3000000119
27623  -47.442  -43.663  17.617 0.3000000119
25966  -42.907  -45.865  20.017 0.5000000000
25967  -43.897  -45.785  19.772 0.5000000000
26803  -46.754  -43.770  16.689 0.3000000119
26001  -44.970  -44.755  17.445 0.4000000060
26795  -45.848  -44.235  16.634 0.3000000119
22636  -36.353  -49.661  21.655 0.5000000000
22621  -36.786  -49.244  22.263 0.6000000238
23465  -37.462  -48.674  22.528 0.5000000000
23482  -39.813  -48.206  21.780 0.6000000238
118198  -39.535  -46.753  21.416 0.5000000000
27628  -44.785  -43.268  18.239 0.3000000119
24323  -40.833  -47.831  21.430 0.6000000238
28519  -43.818  -42.893  18.236 0.3000000119
27629  -45.715  -43.054  17.313 0.3000000119
24329  -40.944  -47.121  21.225 0.6000000238
25174  -41.844  -46.064  20.189 0.5000000000
25992  -42.604  -45.265  18.421 0.5000000000
25981  -44.593  -45.391  18.671 0.4000000060
26000  -43.844  -44.699  17.335 0.4000000060
23464  -36.545  -48.477  22.494 0.5000000000
120859  -37.622  -47.460  22.580 0.5000000000
24320  -38.311  -47.492  22.359 0.5000000000
23466  -38.402  -48.297  22.404 0.5000000000
25152  -38.764  -46.770  21.955 0.5000000000
28512  -42.459  -42.611  19.214 0.3000000119
28513  -43.131  -42.965  18.910 0.3000000119
24322  -40.150  -47.478  21.484 0.6000000238
25154  -40.271  -46.610  21.008 0.6000000238
25161  -41.002  -46.467  20.601 0.5000000000
25979  -42.272  -45.635  19.272 0.5000000000
26801  -45.208  -43.851  16.344 0.4000000060
26799  -42.868  -44.045  16.472 0.4000000060
25141  -37.014  -47.052  22.736 0.5000000000
25142  -37.926  -46.835  22.421 0.5000000000
25151  -38.254  -46.051  22.066 0.5000000000
29434  -40.940  -41.838  19.947 0.4000000060
29439  -40.644  -41.099  19.440 0.4000000060
25153  -39.680  -46.185  20.818 0.5000000000
29440  -41.322  -41.535  19.071 0.4000000060
28518  -42.990  -42.305  18.188 0.3000000119
25957  -38.979  -45.962  21.246 0.4000000060
128455  -43.832  -42.365  17.468 0.3000000119
25160  -40.216  -46.003  20.199 0.5000000000
25173  -40.939  -46.027  19.862 0.4000000060
115506  -42.339  -44.517  17.105 0.4000000060
25944  -36.899  -45.638  22.611 0.5000000000
117641  -37.414  -46.224  22.516 0.5000000000
29433  -40.302  -41.205  20.411 0.4000000060
25956  -38.305  -45.262  21.556 0.4000000060
113590  -40.465  -40.492  18.967 0.4000000060
30367  -40.998  -40.837  18.578 0.4000000060
25964  -38.795  -45.127  20.661 0.4000000060
25965  -39.423  -45.630  20.343 0.4000000060
29448  -41.716  -41.181  18.154 0.4000000060
25976  -39.768  -45.456  19.507 0.4000000060
25977  -40.457  -45.671  19.323 0.4000000060
25990  -40.648  -45.327  18.614 0.4000000060
113608  -41.848  -45.381  18.625 0.4000000060
26786  -40.928  -44.942  17.959 0.4000000060
26798  -41.855  -44.116  16.658 0.4000000060
27643  -42.808  -42.849  15.852 0.4000000060
27639  -42.386  -43.530  16.203 0.4000000060
120775  -36.489  -44.949  22.700 0.5000000000
124385  -37.192  -44.977  22.425 0.4000000060
32235  -38.944  -38.899  20.388 0.4000000060
30355  -39.600  -39.839  19.851 0.4000000060
26761  -37.737  -44.681  21.957 0.5000000000
26762  -38.261  -44.320  21.115 0.4000000060
25975  -39.186  -45.037  19.768 0.4000000060
30366  -40.694  -40.124  18.191 0.4000000060
26778  -39.487  -44.893  18.898 0.4000000060
27644  -43.739  -42.783  15.876 0.3000000119
26792  -41.373  -44.541  17.303 0.4000000060
26751  -37.061  -44.200  22.394 0.4000000060
122249  -37.695  -43.961  21.790 0.5000000000
27608  -37.871  -43.324  21.194 0.4000000060
132571  -39.514  -39.186  19.345 0.4000000060
133247  -38.141  -42.878  20.423 0.4000000060
28503  -38.394  -43.600  20.311 0.4000000060
26768  -38.731  -44.415  20.104 0.4000000060
125521  -39.029  -44.507  19.358 0.4000000060
26784  -39.102  -44.181  18.758 0.4000000060
26785  -40.058  -44.893  18.180 0.4000000060
26791  -40.500  -44.462  17.483 0.4000000060
28532  -42.108  -42.189  15.704 0.4000000060
27634  -40.928  -44.050  16.860 0.4000000060
27638  -41.459  -43.503  16.382 0.4000000060
27598  -37.314  -43.369  22.030 0.4000000060
115245  -37.416  -42.762  21.616 0.4000000060
27614  -37.746  -42.459  20.961 0.4000000060
27619  -38.741  -43.841  19.447 0.4000000060
27626  -38.814  -43.411  18.680 0.4000000060
29461  -42.567  -41.536  15.777 0.4000000060
27631  -38.911  -43.075  17.908 0.4000000060
26790  -39.774  -44.208  17.703 0.4000000060
27632  -39.481  -43.428  17.370 0.4000000060
27633  -40.146  -43.853  17.127 0.4000000060
27637  -40.493  -43.295  16.586 0.4000000060
28495  -37.195  -42.007  21.615 0.4000000060
29432  -37.629  -41.678  20.764 0.4000000060
29437  -37.851  -41.365  19.863 0.4000000060
29438  -38.237  -41.945  19.145 0.4000000060
28510  -38.451  -42.905  19.511 0.4000000060
114534  -38.567  -42.588  18.504 0.4000000060
28517  -38.660  -42.389  17.780 0.4000000060
29451  -38.574  -41.785  17.248 0.4000000060
28531  -41.202  -41.951  15.826 0.3000000119
28527  -39.645  -42.790  16.754 0.4000000060
28528  -41.260  -42.735  16.072 0.4000000060
29425  -37.213  -41.256  21.319 0.4000000060
30348  -37.454  -40.888  20.609 0.4000000060
30354  -37.260  -40.010  20.388 0.4000000060
122316  -37.627  -40.636  19.782 0.4000000060
29447  -38.331  -41.778  18.160 0.4000000060
29450  -38.054  -40.968  17.666 0.4000000060
30379  -41.532  -40.528  15.940 0.4000000060
29460  -41.617  -41.231  15.766 0.3000000119
122417  -39.075  -42.163  16.812 0.4000000060
29456  -40.413  -42.372  16.208 0.5000000000
29459  -40.499  -41.357  15.960 0.4000000060
29455  -38.936  -41.472  16.595 0.5000000000
31319  -36.815  -39.210  20.579 0.4000000060
117737  -36.863  -38.580  19.930 0.4000000060
31326  -37.203  -39.280  19.670 0.4000000060
133774  -37.102  -38.722  19.166 0.4000000060
30359  -37.522  -40.021  19.240 0.4000000060
30369  -38.318  -40.907  16.845 0.4000000060
126971  -39.596  -41.181  16.243 0.5000000000
32245  -36.527  -37.762  20.149 0.4000000060
31325  -36.813  -38.105  19.196 0.4000000060
30373  -39.031  -40.593  16.307 0.5000000000
33123  -36.159  -37.028  20.795 0.4000000060
33128  -36.406  -36.902  19.826 0.4000000060
119095  -36.610  -37.449  19.262 0.4000000060
31336  -38.589  -39.344  16.272 0.5000000000
36574  -36.341  -33.718  19.785 0.4000000060
33952  -36.168  -36.238  20.479 0.4000000060
35643  -36.288  -34.576  20.065 0.4000000060
33959  -36.400  -36.092  19.550 0.4000000060
34823  -36.415  -35.249  19.343 0.4000000060
34831  -36.508  -35.059  18.418 0.5000000000
34814  -35.833  -35.652  20.901 0.4000000060
25980  -43.281  -45.545  19.067 0.5000000000
25999  -42.906  -44.817  17.639 0.5000000000
26794  -44.543  -44.359  16.694 0.4000000060
20882  -48.665  -51.463  19.262 0.5000000000
20893  -44.205  -50.928  18.227 0.8000000119
134111  -43.826  -50.536  18.202 0.8000000119
21747  -42.658  -50.805  17.815 0.6999999881
20869  -50.093  -51.752  20.732 0.5000000000
129184  -41.814  -50.797  18.047 0.6999999881
20857  -49.887  -51.660  21.205 0.5000000000
20881  -41.264  -51.079  18.406 0.6999999881
126479  -50.415  -49.112  21.383 0.4000000060
20870  -50.428  -50.986  20.844 0.4000000060
20868  -41.033  -51.054  19.670 0.6999999881
20855  -38.915  -51.217  21.271 0.6999999881
22628  -49.459  -49.663  21.608 0.4000000060
23470  -48.743  -48.344  22.049 0.4000000060
20864  -37.568  -51.725  20.447 0.6000000238
126331  -48.574  -46.725  22.480 0.4000000060
21725  -36.363  -50.614  20.222 0.6000000238
22650  -35.995  -49.925  20.695 0.5000000000
23480  -36.014  -48.993  22.083 0.5000000000
24310  -36.325  -47.661  22.671 0.5000000000
25140  -36.116  -46.827  22.783 0.4000000060
26750  -36.150  -44.148  22.724 0.4000000060
28483  -36.162  -42.735  22.528 0.4000000060
27597  -36.578  -43.421  22.481 0.4000000060
28494  -36.476  -42.029  22.249 0.4000000060
29424  -36.700  -41.288  21.941 0.4000000060
30353  -36.732  -39.745  21.194 0.4000000060
32239  -36.474  -38.486  20.848 0.4000000060
33115  -36.127  -37.786  21.195 0.4000000060
36573  -35.972  -33.864  20.635 0.4000000060
22673  -45.718  -50.059  18.808 0.8000000119
21741  -50.724  -50.287  19.979 0.5000000000
21737  -43.257  -50.495  18.148 0.6999999881
23505  -49.863  -48.990  19.521 0.6000000238
23497  -48.219  -47.856  20.053 0.6999999881
23502  -46.568  -48.878  20.048 0.6999999881
24341  -50.211  -46.928  19.815 0.6000000238
24336  -47.849  -47.250  20.193 0.6000000238
21715  -40.270  -50.282  21.453 0.6999999881
25169  -49.297  -46.110  19.446 0.5000000000
24302  -49.154  -47.534  22.180 0.5000000000
24313  -50.285  -46.843  21.587 0.5000000000
25960  -49.043  -45.563  20.802 0.3000000119
24321  -39.222  -47.658  21.975 0.6000000238
25993  -43.648  -45.085  18.104 0.5000000000
25998  -41.874  -44.962  17.923 0.4000000060
25978  -41.304  -45.657  19.166 0.4000000060
26800  -43.994  -43.933  16.308 0.4000000060
127426  -39.509  -44.429  18.289 0.4000000060
10343  -37.699  -64.771  20.693 0.4000000060
11077  -38.531  -63.381  20.074 0.4000000060
11823  -39.094  -61.967  20.228 0.4000000060
11834  -39.462  -61.790  19.586 0.4000000060
12526  -38.831  -61.772  20.857 0.4000000060
12527  -39.345  -61.235  20.422 0.4000000060
13288  -39.781  -60.554  20.362 0.4000000060
14098  -41.680  -59.141  19.888 0.5000000000
12514  -38.923  -61.132  21.239 0.4000000060
13278  -39.405  -60.464  21.143 0.4000000060
14097  -40.025  -59.932  20.800 0.5000000000
14087  -40.797  -59.408  20.534 0.5000000000
15745  -42.068  -57.857  21.018 0.6000000238
12504  -38.552  -61.123  21.970 0.4000000060
13277  -38.909  -60.630  21.683 0.4000000060
14086  -39.689  -59.637  21.572 0.4000000060
14935  -41.470  -58.599  20.795 0.5000000000
21704  -49.455  -50.477  21.538 0.3000000119
117551  -48.746  -50.034  21.689 0.4000000060
23469  -47.778  -48.502  22.257 0.3000000119
14936  -42.300  -58.407  20.150 0.5000000000
18328  -48.069  -53.936  20.565 0.5000000000
19954  -48.995  -52.266  21.551 0.4000000060
14906  -38.812  -58.797  23.009 0.4000000060
14922  -40.737  -58.690  21.398 0.5000000000
14071  -38.787  -59.711  22.631 0.4000000060
14085  -39.127  -60.035  21.929 0.4000000060
15746  -42.882  -57.651  20.378 0.6000000238
16585  -44.369  -56.327  20.113 0.6999999881
19140  -48.530  -53.240  20.388 0.5000000000
115207  -43.680  -57.474  19.727 0.6999999881
17450  -45.919  -55.773  19.446 0.6999999881
18340  -48.010  -53.609  19.931 0.6999999881
16586  -45.312  -56.295  19.467 0.6999999881
17451  -46.379  -55.114  19.689 0.6999999881
14908  -40.571  -57.969  22.066 0.5000000000
14923  -41.285  -57.948  21.561 0.6000000238
15731  -42.558  -57.116  21.112 0.6000000238
16568  -43.022  -56.131  21.166 0.6000000238
14907  -39.404  -58.266  22.669 0.4000000060
133979  -39.946  -57.874  22.445 0.5000000000
15730  -41.744  -57.164  21.581 0.6000000238
123821  -43.806  -55.922  20.760 0.6000000238
17433  -44.634  -55.644  20.234 0.6000000238
23457  -48.150  -47.630  22.444 0.3000000119
16584  -43.478  -56.802  20.570 0.6000000238
18326  -45.794  -54.866  19.765 0.6999999881
19153  -48.264  -52.873  19.725 0.6000000238
20883  -50.044  -51.710  20.129 0.5000000000
16546  -39.631  -56.275  22.395 0.6000000238
17395  -39.815  -55.655  22.041 0.6000000238
17413  -40.467  -55.382  21.641 0.6999999881
16566  -41.238  -56.271  21.857 0.6000000238
17415  -42.401  -55.453  21.341 0.6000000238
17432  -43.962  -55.104  20.767 0.6000000238
15718  -39.366  -57.138  22.726 0.5000000000
15729  -40.932  -57.134  22.021 0.6000000238
18325  -44.820  -54.706  20.307 0.6000000238
19139  -45.390  -53.925  20.042 0.6999999881
124981  -46.560  -53.301  19.556 0.6999999881
18337  -46.371  -54.120  19.700 0.6999999881
19981  -48.539  -52.177  19.497 0.6000000238
19152  -47.599  -53.184  19.584 0.6999999881
17412  -39.474  -55.257  21.475 0.6000000238
18311  -40.921  -54.727  21.025 0.6999999881
17414  -41.498  -55.442  21.518 0.6999999881
18314  -43.309  -54.634  20.931 0.6000000238
20896  -47.800  -51.449  19.113 0.5000000000
19138  -44.442  -53.719  20.289 0.6999999881
19150  -45.827  -53.228  19.677 0.6999999881
19996  -47.673  -52.234  19.282 0.6000000238
118693  -42.331  -53.379  19.443 0.6999999881
19976  -43.379  -52.403  18.914 0.6999999881
18323  -41.398  -54.303  20.415 0.6999999881
19147  -43.077  -53.132  19.625 0.6000000238
19148  -43.965  -52.996  19.819 0.5000000000
119423  -42.081  -54.253  20.648 0.6999999881
19136  -42.824  -53.879  20.441 0.6000000238
19149  -44.894  -53.068  19.849 0.6999999881
19995  -46.711  -51.983  19.127 0.5000000000
18324  -43.870  -54.233  20.674 0.6000000238
19979  -46.226  -52.569  19.370 0.6999999881
19162  -42.367  -52.685  18.516 0.6999999881
19992  -43.723  -51.536  18.462 0.6999999881
19991  -42.680  -51.702  17.916 0.6999999881
19994  -45.763  -51.732  18.941 0.6000000238
19993  -44.751  -51.574  18.760 0.6999999881
19959  -49.481  -52.297  21.058 0.5000000000
19977  -44.339  -52.315  19.215 0.6000000238
11822  -38.699  -62.495  20.548 0.4000000060
13289  -40.365  -60.212  19.974 0.4000000060
13267  -38.675  -60.420  22.275 0.4000000060
14921  -40.023  -58.759  21.994 0.4000000060
14072  -39.349  -59.246  22.334 0.4000000060
18338  -47.014  -54.465  19.744 0.6999999881
114077  -47.463  -53.837  19.764 0.6999999881
16567  -42.214  -56.367  21.471 0.6000000238
17416  -43.214  -55.339  21.122 0.6000000238
15719  -40.172  -57.090  22.391 0.6999999881
16565  -40.395  -56.236  22.158 0.6000000238
18313  -42.602  -54.678  21.052 0.6000000238
19135  -41.877  -53.832  19.881 0.6999999881
19137  -43.630  -53.561  20.264 0.6000000238
18322  -40.647  -54.427  20.054 0.5000000000
125007  -38.664  -56.737  23.000 0.4000000060
17394  -39.089  -55.613  22.080 0.5000000000
16524  -38.088  -56.710  23.354 0.4000000060
16543  -37.524  -55.839  22.505 0.5000000000
17393  -38.274  -55.642  22.238 0.5000000000
114990  -39.115  -55.026  20.817 0.5000000000
18334  -39.979  -54.649  19.436 0.5000000000
18344  -40.005  -54.621  18.125 0.5000000000
18310  -39.961  -54.851  20.677 0.5000000000
18336  -41.164  -53.987  19.424 0.6000000238
19146  -41.607  -53.419  18.641 0.5000000000
18335  -40.548  -54.252  18.871 0.5000000000
19161  -41.500  -52.671  17.691 0.6999999881
18345  -40.427  -54.039  17.707 0.6000000238
129711  -40.982  -52.692  17.176 0.6000000238
16542  -36.842  -56.136  22.926 0.5000000000
17410  -37.623  -55.520  21.713 0.5000000000
17430  -38.525  -55.199  20.345 0.5000000000
17449  -39.419  -55.016  18.643 0.5000000000
17431  -39.260  -54.927  19.918 0.5000000000
19990  -41.977  -52.105  17.633 0.6000000238
19169  -40.481  -53.053  17.014 0.5000000000
20900  -41.179  -51.821  17.345 0.6000000238
17392  -36.921  -55.785  22.072 0.5000000000
17429  -37.738  -55.410  20.762 0.5000000000
16583  -37.159  -55.889  20.057 0.5000000000
17448  -38.723  -55.371  19.110 0.5000000000
128590  -39.448  -54.923  17.622 0.5000000000
20901  -41.735  -51.480  17.533 0.6000000238
18351  -39.754  -54.305  17.194 0.5000000000
19989  -40.540  -52.196  17.310 0.6000000238
124724  -36.387  -56.215  22.295 0.5000000000
16602  -37.380  -56.342  18.798 0.5000000000
16617  -37.389  -56.529  17.732 0.5000000000
16622  -37.203  -56.391  17.155 0.6000000238
17459  -38.119  -55.953  18.273 0.4000000060
111487  -36.907  -56.097  16.932 0.4000000060
16618  -37.965  -55.902  17.398 0.5000000000
17466  -38.433  -55.379  17.146 0.5000000000
17460  -38.820  -55.451  17.751 0.4000000060
18348  -36.688  -55.173  17.029 0.4000000060
128246  -37.567  -54.052  17.205 0.5000000000
18350  -38.458  -54.918  16.927 0.5000000000
19165  -36.621  -54.063  17.320 0.4000000060
117847  -39.136  -54.272  16.920 0.6000000238
20001  -39.641  -53.113  16.947 0.6000000238
20888  -40.105  -51.943  18.138 0.6000000238
20867  -40.246  -51.390  20.165 0.6000000238
17465  -37.703  -55.597  16.971 0.5000000000
19986  -37.359  -52.815  18.249 0.5000000000
19987  -38.216  -52.923  18.280 0.5000000000
19158  -38.075  -53.560  17.528 0.5000000000
19985  -36.410  -52.540  17.945 0.4000000060
19972  -36.847  -52.100  18.861 0.5000000000
19974  -38.495  -52.516  19.093 0.6000000238
19159  -38.995  -53.111  17.378 0.6000000238
19975  -39.289  -52.330  18.728 0.6000000238
19973  -37.705  -52.478  19.123 0.5000000000
21734  -36.022  -50.747  19.126 0.4000000060
132168  -36.247  -51.358  18.767 0.4000000060
20877  -36.779  -51.440  19.772 0.5000000000
20865  -38.447  -51.793  20.639 0.5000000000
20866  -39.373  -51.652  20.508 0.6000000238
25943  -35.996  -45.865  22.860 0.3000000119
25139  -35.282  -46.565  22.657 0.3000000119
23463  -35.758  -48.207  22.347 0.4000000060
28482  -35.372  -42.798  22.560 0.3000000119
30332  -36.174  -40.665  22.161 0.3000000119
118030  -35.737  -42.129  22.504 0.3000000119
31301  -35.524  -40.137  22.287 0.3000000119
31312  -36.213  -39.896  21.854 0.3000000119
32233  -35.975  -38.448  21.721 0.3000000119
33114  -35.616  -37.843  21.841 0.3000000119
33122  -35.651  -37.197  21.597 0.3000000119
25942  -35.487  -44.896  22.742 0.3000000119
17411  -38.508  -55.278  21.377 0.5000000000
17461  -39.054  -54.939  17.092 0.5000000000
19988  -39.698  -52.581  17.441 0.6000000238
19131  -48.473  -53.480  21.074 0.3000000119
124027  -46.266  -55.927  19.563 0.6000000238
118322  -47.212  -54.788  20.081 0.6000000238
116657  -45.951  -50.896  22.321 0.3000000119
116185  -46.820  -50.889  22.145 0.3000000119
20844  -47.479  -51.660  22.087 0.3000000119
21703  -48.593  -50.725  21.728 0.3000000119
19952  -47.264  -52.573  22.279 0.3000000119
20845  -48.410  -51.565  21.812 0.3000000119
20846  -49.346  -51.339  21.509 0.3000000119
17435  -47.125  -55.380  20.468 0.6000000238
18327  -47.549  -54.651  20.626 0.5000000000
124831  -45.079  -50.868  22.433 0.3000000119
21701  -46.295  -50.168  22.263 0.3000000119
116110  -47.702  -50.833  21.948 0.3000000119
116222  -47.965  -50.048  21.896 0.3000000119
19953  -48.156  -53.062  21.921 0.3000000119
19124  -48.086  -53.610  21.653 0.3000000119
18315  -47.794  -54.265  21.343 0.4000000060
15717  -38.657  -57.605  23.210 0.4000000060
116586  -45.482  -50.131  22.378 0.3000000119
22625  -46.590  -49.448  22.283 0.3000000119
21702  -47.105  -50.115  22.082 0.3000000119
12537  -40.361  -61.192  18.585 0.5000000000
128989  -41.005  -60.778  18.166 0.5000000000
11833  -39.030  -62.530  19.695 0.4000000060
11090  -38.893  -63.206  18.980 0.4000000060
12547  -39.834  -61.622  18.866 0.4000000060
12556  -40.093  -61.843  17.908 0.5000000000
128094  -43.179  -58.744  18.591 0.5000000000
14110  -42.751  -59.259  18.317 0.5000000000
13297  -40.683  -60.536  19.071 0.5000000000
13298  -41.433  -60.167  18.552 0.5000000000
12536  -39.924  -60.990  19.541 0.4000000060
15765  -45.769  -57.355  18.819 0.6000000238
15764  -45.130  -57.549  18.603 0.6000000238
15763  -44.228  -57.736  18.780 0.5000000000
14108  -41.119  -59.833  19.501 0.4000000060
14109  -41.931  -59.526  18.923 0.5000000000
130223  -46.141  -57.166  19.232 0.6000000238
15747  -44.557  -56.983  19.361 0.6000000238
14951  -42.490  -58.883  19.213 0.5000000000
16588  -46.667  -56.043  20.131 0.6000000238
121352  -47.428  -53.375  22.274 0.3000000119
17417  -47.280  -55.292  21.349 0.4000000060
16603  -45.446  -56.979  18.943 0.6000000238
117223  -46.652  -53.213  22.477 0.3000000119
20843  -46.525  -51.688  22.280 0.3000000119
16604  -45.906  -56.601  19.112 0.6000000238
115131  -47.582  -54.229  22.030 0.3000000119
14954  -45.692  -58.258  18.628 0.5000000000
15748  -46.456  -57.437  20.081 0.5000000000
16587  -46.643  -56.825  20.586 0.5000000000
15732  -46.586  -57.566  21.174 0.4000000060
14937  -46.187  -58.815  19.723 0.5000000000
14938  -46.404  -58.300  20.676 0.4000000060
15720  -46.583  -57.470  22.002 0.4000000060
16569  -46.718  -56.870  21.510 0.4000000060
16570  -47.000  -56.149  20.988 0.5000000000
14953  -44.806  -58.226  18.182 0.5000000000
16547  -46.894  -56.173  21.792 0.4000000060
6972  -36.188  -69.285  15.101 0.3000000119
6973  -36.790  -69.104  15.339 0.3000000119
7548  -37.389  -68.542  15.499 0.3000000119
8208  -38.272  -67.242  15.589 0.3000000119
8209  -38.907  -66.678  15.704 0.4000000060
7559  -37.643  -67.717  15.514 0.3000000119
8207  -37.687  -67.072  15.551 0.3000000119
9586  -40.223  -65.888  16.650 0.4000000060
8882  -38.946  -65.917  15.503 0.4000000060
8881  -38.347  -66.338  15.598 0.3000000119
9595  -38.261  -65.814  15.712 0.3000000119
10383  -40.745  -65.029  16.930 0.4000000060
10397  -41.186  -64.134  16.279 0.4000000060
9597  -39.299  -65.278  15.487 0.4000000060
9601  -38.784  -65.476  15.528 0.4000000060
8876  -37.706  -66.214  15.993 0.4000000060
9596  -38.705  -64.895  15.726 0.4000000060
11092  -42.398  -62.953  18.513 0.3000000119
11107  -41.762  -63.706  17.581 0.4000000060
11122  -42.371  -63.147  17.071 0.4000000060
11136  -41.435  -63.374  16.012 0.4000000060
11140  -40.877  -63.192  15.720 0.4000000060
11861  -39.970  -63.417  15.624 0.4000000060
11134  -38.918  -64.164  16.097 0.4000000060
127364  -43.512  -61.424  19.906 0.3000000119
11845  -42.919  -62.696  17.587 0.4000000060
11854  -42.964  -61.879  16.629 0.4000000060
11853  -42.765  -62.547  16.773 0.4000000060
11860  -42.320  -62.261  16.364 0.4000000060
12563  -42.488  -61.703  16.442 0.4000000060
124707  -41.191  -62.567  15.917 0.4000000060
12561  -41.015  -62.112  16.221 0.4000000060
11858  -40.513  -62.859  15.846 0.4000000060
11135  -39.389  -63.565  16.142 0.4000000060
12548  -44.138  -61.609  18.286 0.4000000060
134365  -44.024  -61.461  17.519 0.4000000060
12559  -42.251  -61.442  16.466 0.4000000060
12558  -41.580  -61.522  16.586 0.4000000060
11120  -39.469  -63.035  16.898 0.4000000060
11852  -40.153  -62.377  16.730 0.4000000060
117696  -38.463  -64.629  16.614 0.4000000060
12549  -44.485  -60.998  17.770 0.4000000060
13322  -43.897  -60.915  17.096 0.4000000060
13310  -42.711  -60.338  17.118 0.4000000060
13308  -41.301  -61.082  17.313 0.4000000060
117899  -39.628  -62.527  17.627 0.4000000060
132135  -40.682  -61.301  17.814 0.4000000060
13323  -44.309  -60.255  17.463 0.4000000060
14124  -44.051  -59.600  17.464 0.4000000060
14970  -43.617  -59.073  17.908 0.4000000060
14125  -44.771  -59.626  17.803 0.4000000060
14126  -45.235  -58.993  18.155 0.4000000060
130644  -46.197  -58.676  21.490 0.3000000119
15709  -46.267  -57.095  22.538 0.3000000119
13309  -41.764  -60.466  17.611 0.4000000060
14111  -45.800  -59.303  18.979 0.4000000060
127781  -46.590  -56.270  22.343 0.3000000119
14971  -44.447  -58.928  17.823 0.4000000060
10396  -40.537  -64.703  16.023 0.4000000060
10405  -40.225  -64.394  15.613 0.4000000060
10406  -40.780  -63.898  15.750 0.4000000060
11139  -40.194  -63.815  15.546 0.4000000060
123387  -43.077  -62.481  18.325 0.4000000060
11108  -42.257  -63.243  17.849 0.4000000060
11836  -42.667  -62.451  19.098 0.3000000119
11859  -41.631  -62.695  16.038 0.4000000060
12539  -43.900  -61.537  19.176 0.3000000119
11837  -43.483  -62.048  18.695 0.4000000060
11846  -43.647  -62.123  17.752 0.4000000060
120880  -43.571  -61.617  17.000 0.4000000060
12540  -44.696  -61.070  18.805 0.4000000060
14134  -43.591  -60.298  17.105 0.4000000060
12557  -40.772  -61.651  17.029 0.4000000060
14123  -43.206  -59.689  17.501 0.4000000060
13312  -45.371  -59.835  18.461 0.4000000060
10371  -40.792  -65.078  18.040 0.3000000119
8849  -40.785  -66.980  17.828 0.3000000119
8202  -40.172  -67.453  17.007 0.3000000119
128045  -40.453  -66.433  17.388 0.3000000119
8877  -39.925  -66.682  16.612 0.3000000119
129904  -41.240  -64.316  18.134 0.3000000119
10384  -41.283  -64.300  17.200 0.3000000119
13291  -45.016  -60.636  19.624 0.3000000119
13300  -45.549  -60.084  19.393 0.3000000119
14924  -46.091  -59.099  20.822 0.3000000119
11091  -41.606  -63.718  18.632 0.3000000119
13299  -45.226  -60.483  18.871 0.3000000119
6383  -36.660  -69.785  15.533 0.3000000119
7558  -36.520  -68.585  15.318 0.3000000119
8199  -37.402  -66.992  15.738 0.3000000119
8863  -40.360  -66.889  17.227 0.3000000119
8880  -37.863  -66.466  15.636 0.3000000119
9602  -39.948  -65.144  15.677 0.4000000060
10403  -39.150  -64.833  15.473 0.4000000060
10404  -39.671  -64.573  15.537 0.4000000060
11121  -41.748  -63.572  16.657 0.4000000060
11137  -42.114  -62.921  16.396 0.4000000060
11857  -39.882  -63.004  16.086 0.4000000060
12529  -44.257  -61.088  19.788 0.3000000119
12538  -43.082  -61.871  19.525 0.3000000119
12562  -41.820  -62.016  16.171 0.4000000060
13311  -44.941  -60.410  18.094 0.3000000119
13320  -42.129  -60.928  16.804 0.4000000060
13321  -43.017  -61.097  16.675 0.4000000060
14099  -45.866  -59.593  20.056 0.3000000119
14122  -42.257  -59.851  17.962 0.4000000060
14925  -46.441  -58.138  21.741 0.3000000119
14952  -43.898  -58.404  18.312 0.5000000000
14955  -46.238  -57.902  19.408 0.5000000000
15762  -43.226  -58.178  19.323 0.5000000000
16544  -38.171  -56.149  22.855 0.4000000060
16545  -38.882  -56.208  22.600 0.4000000060
16564  -36.399  -56.201  21.462 0.5000000000
16605  -46.310  -56.660  19.651 0.6000000238
17428  -37.000  -55.690  21.135 0.5000000000
17434  -45.412  -55.489  19.817 0.6999999881
17447  -37.941  -55.642  19.618 0.5000000000
17452  -46.761  -55.287  19.880 0.6000000238
18302  -47.364  -54.824  21.865 0.3000000119
18312  -41.795  -54.739  21.116 0.6999999881
18339  -47.585  -54.221  20.051 0.6000000238
18349  -37.655  -54.732  16.962 0.5000000000
18352  -40.252  -53.634  17.133 0.5000000000
19123  -47.723  -53.708  22.107 0.3000000119
19145  -40.939  -53.806  18.402 0.5000000000
19151  -47.064  -53.668  19.569 0.6999999881
19160  -40.889  -53.339  17.475 0.6000000238
19166  -38.398  -54.253  16.941 0.5000000000
19167  -39.115  -53.647  16.954 0.6000000238
19168  -39.836  -53.508  16.930 0.6000000238
19958  -49.025  -52.803  20.816 0.5000000000
19964  -38.046  -52.270  19.951 0.5000000000
19965  -38.888  -52.166  19.826 0.6000000238
19966  -48.915  -52.557  20.110 0.5000000000
19967  -49.583  -52.221  20.471 0.5000000000
19978  -45.301  -52.395  19.336 0.6000000238
19980  -47.020  -52.842  19.387 0.6999999881
19982  -49.346  -51.983  19.761 0.5000000000
19999  -35.984  -53.038  17.563 0.4000000060
20000  -36.975  -53.391  17.669 0.5000000000
20002  -40.805  -52.460  17.169 0.5000000000
20003  -41.401  -52.064  17.327 0.6000000238
20004  -41.962  -51.627  17.508 0.6000000238
20847  -50.120  -50.841  21.304 0.3000000119
20878  -37.400  -52.057  19.721 0.6000000238
20879  -39.735  -51.838  19.411 0.6000000238
20880  -40.538  -51.461  18.911 0.6000000238
20889  -40.879  -51.561  17.780 0.6999999881
20890  -41.543  -51.272  17.673 0.6999999881
20891  -42.336  -51.163  17.617 0.6999999881
20892  -43.197  -50.937  17.899 0.8000000119
20894  -45.177  -51.010  18.464 0.8000000119
21705  -50.154  -50.095  21.400 0.3000000119
21717  -50.683  -50.135  21.087 0.4000000060
21746  -42.097  -50.929  17.639 0.6999999881
22637  -37.090  -49.932  21.977 0.6000000238
22642  -50.985  -49.283  20.834 0.5000000000
22653  -44.311  -49.385  20.001 0.6000000238
22672  -44.883  -50.169  18.509 0.8000000119
22674  -46.687  -50.232  19.067 0.8000000119
23472  -50.489  -48.091  21.442 0.5000000000
23493  -42.873  -49.014  20.782 0.6999999881
23506  -50.744  -48.699  19.900 0.6000000238
24311  -37.108  -47.902  22.661 0.5000000000
24312  -37.787  -47.973  22.580 0.5000000000
24314  -50.786  -47.484  21.282 0.5000000000
24331  -42.313  -47.857  21.189 0.5000000000
25143  -48.124  -46.065  22.532 0.3000000119
25144  -49.482  -46.451  21.881 0.4000000060
25156  -50.877  -46.835  20.818 0.5000000000
25165  -45.091  -46.280  20.180 0.5000000000
25170  -50.414  -46.305  20.303 0.5000000000
25171  -50.784  -46.743  20.214 0.5000000000
25177  -49.839  -46.203  19.650 0.6000000238
25946  -47.849  -45.731  22.383 0.3000000119
25955  -37.674  -45.455  22.240 0.5000000000
25961  -49.846  -45.803  20.494 0.4000000060
25983  -48.795  -44.824  18.339 0.5000000000
25984  -49.020  -44.911  18.597 0.5000000000
25989  -40.025  -45.322  18.837 0.4000000060
25991  -41.301  -45.274  18.437 0.4000000060
26787  -46.576  -44.459  17.008 0.3000000119
26788  -47.629  -44.142  17.073 0.4000000060
26793  -43.385  -44.421  16.872 0.4000000060
26796  -46.925  -44.029  16.713 0.3000000119
27596  -35.774  -43.435  22.666 0.3000000119
27627  -39.229  -43.821  18.081 0.4000000060
27630  -46.682  -43.377  17.144 0.3000000119
27636  -46.459  -43.478  16.752 0.3000000119
27640  -43.393  -43.429  16.072 0.4000000060
27642  -41.997  -42.982  15.995 0.4000000060
28484  -36.902  -42.696  22.167 0.4000000060
28509  -38.071  -42.178  20.111 0.4000000060
28511  -41.680  -42.258  19.574 0.3000000119
28521  -39.023  -42.625  17.285 0.4000000060
28526  -39.631  -41.923  16.386 0.4000000060
28533  -43.117  -42.200  15.747 0.3000000119
29414  -36.009  -41.412  22.402 0.3000000119
29441  -42.086  -41.915  18.657 0.4000000060
29449  -42.510  -41.505  17.674 0.4000000060
30347  -36.869  -40.507  21.419 0.4000000060
33951  -35.628  -36.342  21.317 0.3000000119
34815  -36.225  -35.433  20.257 0.4000000060
111238  -40.267  -59.319  21.280 0.5000000000
111890  -45.905  -49.567  22.374 0.3000000119
113768  -49.298  -45.426  19.098 0.5000000000
114513  -47.120  -51.039  18.907 0.8000000119
115337  -36.362  -39.148  21.485 0.4000000060
115661  -40.087  -40.500  19.681 0.4000000060
116923  -47.137  -51.516  19.050 0.5000000000
117199  -40.205  -52.814  16.960 0.6000000238
117896  -50.331  -47.871  19.761 0.6000000238
118327  -47.125  -50.663  19.008 0.6000000238
118496  -48.745  -52.932  21.358 0.3000000119
118537  -45.972  -45.452  18.558 0.5000000000
119193  -38.963  -39.858  16.204 0.5000000000
120404  -48.132  -52.310  21.937 0.3000000119
121000  -50.267  -51.007  19.966 0.5000000000
121832  -36.664  -46.334  22.717 0.5000000000
123388  -39.972  -48.839  21.785 0.6000000238
123429  -37.933  -49.984  22.191 0.6000000238
124305  -51.095  -48.322  20.464 0.6000000238
126323  -42.823  -56.640  21.131 0.6000000238
126440  -39.418  -64.157  15.596 0.4000000060
127242  -39.544  -66.090  15.842 0.4000000060
128148  -46.621  -56.818  22.091 0.3000000119
129487  -43.286  -62.222  17.078 0.4000000060
129941  -35.417  -44.055  22.684 0.3000000119
130087  -37.564  -56.219  23.103 0.5000000000
130342  -50.594  -50.791  20.369 0.6000000238
130560  -38.929  -52.715  18.191 0.6000000238
131238  -40.366  -63.305  15.631 0.4000000060
131429  -48.177  -51.815  19.263 0.6000000238
132346  -49.354  -48.920  21.727 0.4000000060
132798  -39.897  -43.388  16.928 0.4000000060
133365  -39.189  -38.760  19.760 0.4000000060
133942  -46.356  -43.636  16.575 0.3000000119
