#!ascii label  , from subject sub-v2s10x28934_ses-1 vox2ras=TkReg
811
56856  24.814  -36.103  101.890 0.0000000000
68221  45.258  -24.195  85.391 0.0000000000
69278  51.612  -24.056  84.085 0.0000000000
61721  45.987  -31.735  94.692 0.0000000000
51991  31.782  -38.183  97.190 0.0000000000
50766  29.541  -40.859  101.427 0.0000000000
67200  47.019  -26.706  83.203 0.0000000000
63994  49.417  -29.526  87.222 0.0000000000
60443  40.674  -31.499  97.866 0.0000000000
50765  35.915  -39.514  101.385 0.0000000000
74533  56.339  -19.758  79.966 0.0000000000
143583  49.563  -18.244  85.746 0.0000000000
62900  44.223  -31.162  92.299 0.0000000000
68161  47.776  -25.509  91.200 0.0000000000
55614  28.294  -36.749  98.922 0.0000000000
54318  28.348  -37.568  102.360 0.0000000000
68238  46.511  -24.333  83.894 0.0000000000
65070  47.609  -28.748  84.334 0.0000000000
139629  49.029  -25.434  86.466 0.0000000000
54358  41.624  -37.873  96.287 0.0000000000
48405  32.609  -42.686  98.513 0.0000000000
51970  34.409  -39.439  99.217 0.0000000000
142405  35.493  -42.521  99.592 0.0000000000
77788  54.421  -16.093  80.275 0.0000000000
74535  54.011  -19.236  80.823 0.0000000000
76660  53.278  -16.200  82.437 0.0000000000
71390  47.888  -21.965  82.373 0.0000000000
74488  45.893  -19.034  83.923 0.0000000000
72373  50.941  -21.465  85.027 0.0000000000
73462  50.965  -20.783  83.585 0.0000000000
70388  50.969  -23.614  82.493 0.0000000000
61683  43.371  -31.241  96.192 0.0000000000
61723  42.437  -30.767  95.397 0.0000000000
63910  44.436  -28.710  94.601 0.0000000000
65026  45.845  -28.446  92.143 0.0000000000
65006  47.197  -28.414  93.433 0.0000000000
63940  50.488  -29.966  91.087 0.0000000000
60525  48.415  -32.632  92.721 0.0000000000
50794  29.818  -40.475  98.471 0.0000000000
135290  46.475  -23.259  81.310 0.0000000000
68256  50.569  -25.173  83.878 0.0000000000
65089  50.487  -28.449  83.652 0.0000000000
62984  50.658  -30.909  84.713 0.0000000000
132587  38.415  -36.422  99.963 0.0000000000
56890  40.705  -35.306  98.547 0.0000000000
56914  41.805  -34.601  95.763 0.0000000000
58107  44.620  -33.915  93.730 0.0000000000
58126  46.219  -33.754  92.742 0.0000000000
53082  37.525  -38.420  99.316 0.0000000000
133877  38.225  -39.933  100.241 0.0000000000
71470  57.548  -23.760  78.915 0.0000000000
126154  49.563  -16.752  82.989 0.0000000000
75561  51.442  -17.550  84.533 0.0000000000
72437  49.435  -21.127  80.116 0.0000000000
68184  47.380  -24.562  88.168 0.0000000000
67090  50.770  -26.270  88.505 0.0000000000
127321  51.599  -31.054  88.850 0.0000000000
54303  25.013  -36.693  103.264 0.0000000000
55579  26.443  -36.195  102.680 0.0000000000
53037  27.426  -37.804  102.663 0.0000000000
69247  45.350  -23.285  85.004 0.0000000000
68219  47.598  -24.521  85.374 0.0000000000
69232  46.253  -23.135  86.346 0.0000000000
128845  33.963  -42.073  98.938 0.0000000000
76700  52.656  -16.157  80.426 0.0000000000
77753  53.645  -16.114  82.077 0.0000000000
76687  52.396  -15.879  81.651 0.0000000000
70366  51.029  -23.149  84.449 0.0000000000
72374  49.427  -21.415  84.077 0.0000000000
70365  51.771  -23.062  84.191 0.0000000000
71371  51.725  -22.399  84.248 0.0000000000
61702  45.121  -31.571  95.190 0.0000000000
135141  43.553  -29.761  95.384 0.0000000000
125240  45.658  -29.921  94.735 0.0000000000
64998  45.735  -28.053  94.209 0.0000000000
62852  47.232  -30.715  93.872 0.0000000000
133898  48.590  -30.413  92.657 0.0000000000
138128  47.610  -32.401  93.716 0.0000000000
51972  29.036  -39.092  99.204 0.0000000000
50780  29.776  -40.964  100.218 0.0000000000
48407  30.856  -42.321  99.152 0.0000000000
69298  45.993  -24.135  82.204 0.0000000000
69318  45.747  -23.644  81.486 0.0000000000
69297  47.404  -24.464  82.094 0.0000000000
69296  48.668  -24.608  82.767 0.0000000000
68257  48.889  -25.593  83.136 0.0000000000
67198  50.723  -26.668  83.728 0.0000000000
66120  48.418  -27.880  83.488 0.0000000000
65059  48.289  -28.938  86.113 0.0000000000
64026  48.501  -30.199  84.540 0.0000000000
62964  49.381  -30.995  86.190 0.0000000000
61827  51.079  -31.857  85.397 0.0000000000
62963  50.143  -31.443  86.843 0.0000000000
53063  39.962  -37.951  99.502 0.0000000000
55597  39.796  -35.888  99.742 0.0000000000
54339  41.329  -37.154  98.191 0.0000000000
56924  41.659  -36.244  95.844 0.0000000000
58098  43.284  -33.780  94.759 0.0000000000
51952  34.418  -39.230  100.874 0.0000000000
51968  34.661  -38.792  100.604 0.0000000000
51949  36.338  -38.369  100.611 0.0000000000
53050  37.162  -38.267  100.386 0.0000000000
50763  37.386  -39.626  100.770 0.0000000000
76717  55.991  -17.166  79.171 0.0000000000
72453  57.049  -21.888  79.893 0.0000000000
74536  53.086  -19.171  80.068 0.0000000000
74482  47.688  -18.728  84.586 0.0000000000
75573  45.526  -18.735  83.439 0.0000000000
76664  47.562  -17.934  83.435 0.0000000000
76676  48.053  -17.726  82.410 0.0000000000
76662  49.536  -16.790  84.201 0.0000000000
77729  51.162  -16.469  84.279 0.0000000000
75552  50.911  -17.647  85.187 0.0000000000
127269  50.104  -21.958  82.126 0.0000000000
73474  50.175  -20.588  82.205 0.0000000000
59216  38.929  -32.757  98.001 0.0000000000
60469  40.407  -32.558  95.881 0.0000000000
61740  43.401  -31.190  93.899 0.0000000000
131863  42.510  -32.579  92.960 0.0000000000
67037  46.656  -25.931  92.016 0.0000000000
65034  46.652  -28.336  90.326 0.0000000000
67054  47.483  -25.978  90.709 0.0000000000
66062  46.796  -26.721  88.196 0.0000000000
68178  48.392  -25.343  89.520 0.0000000000
68176  49.383  -25.185  88.839 0.0000000000
67053  49.488  -25.814  90.649 0.0000000000
144413  51.055  -32.035  90.542 0.0000000000
62912  51.639  -30.590  90.036 0.0000000000
59305  51.668  -33.341  89.410 0.0000000000
58168  52.156  -34.014  88.461 0.0000000000
54317  28.676  -37.617  101.548 0.0000000000
53052  28.846  -38.851  102.490 0.0000000000
50767  28.759  -41.097  101.798 0.0000000000
53053  28.259  -38.820  102.563 0.0000000000
67182  46.714  -25.555  83.216 0.0000000000
66110  47.584  -27.734  83.730 0.0000000000
67160  47.511  -26.176  84.625 0.0000000000
67137  48.630  -26.796  86.110 0.0000000000
66088  48.864  -27.791  86.584 0.0000000000
131300  32.313  -40.614  97.571 0.0000000000
51990  32.691  -38.496  97.526 0.0000000000
136056  33.636  -40.872  98.794 0.0000000000
49561  34.380  -40.664  99.695 0.0000000000
49559  35.352  -40.607  100.483 0.0000000000
49545  36.964  -40.894  100.476 0.0000000000
48385  36.248  -42.712  99.489 0.0000000000
76684  55.330  -17.414  80.691 0.0000000000
74515  55.322  -19.437  80.772 0.0000000000
75597  54.845  -17.934  81.221 0.0000000000
75579  53.642  -17.773  82.127 0.0000000000
75580  52.869  -17.845  82.453 0.0000000000
148171  46.411  -21.248  82.129 0.0000000000
73464  47.436  -20.152  83.627 0.0000000000
73463  48.555  -20.592  83.961 0.0000000000
73436  49.789  -19.750  85.274 0.0000000000
74479  50.802  -19.647  85.167 0.0000000000
72372  51.270  -21.564  84.621 0.0000000000
71388  51.489  -22.201  83.564 0.0000000000
60454  42.011  -31.332  97.072 0.0000000000
61686  41.460  -30.823  96.759 0.0000000000
62829  42.381  -30.437  96.285 0.0000000000
62854  43.507  -29.626  95.061 0.0000000000
62867  44.522  -29.389  93.787 0.0000000000
138579  45.465  -30.120  91.693 0.0000000000
63925  44.744  -28.161  93.833 0.0000000000
67006  45.883  -26.728  93.329 0.0000000000
65014  48.035  -27.340  92.554 0.0000000000
66016  49.260  -27.254  91.531 0.0000000000
65013  48.765  -28.670  92.206 0.0000000000
62881  49.470  -30.779  92.110 0.0000000000
60540  49.341  -32.263  91.183 0.0000000000
54351  28.941  -36.806  97.699 0.0000000000
53104  30.182  -37.390  97.405 0.0000000000
123108  31.072  -39.643  97.227 0.0000000000
49576  31.321  -41.619  98.086 0.0000000000
47203  32.129  -43.532  99.583 0.0000000000
71410  47.444  -22.503  81.926 0.0000000000
70367  49.418  -23.699  83.353 0.0000000000
69279  51.088  -24.289  84.236 0.0000000000
135865  51.935  -26.251  83.784 0.0000000000
135990  51.445  -27.266  83.698 0.0000000000
64043  52.677  -28.709  83.577 0.0000000000
146813  48.307  -29.054  83.726 0.0000000000
134802  50.408  -29.383  83.852 0.0000000000
138091  38.321  -36.301  98.661 0.0000000000
56877  38.471  -34.972  99.131 0.0000000000
58081  38.939  -33.998  98.617 0.0000000000
59207  40.440  -33.074  98.189 0.0000000000
55624  41.453  -36.724  97.484 0.0000000000
136920  41.342  -35.262  96.910 0.0000000000
58086  41.666  -33.509  96.947 0.0000000000
59222  43.033  -32.589  95.812 0.0000000000
59232  44.374  -32.723  94.773 0.0000000000
59231  45.276  -32.788  94.415 0.0000000000
59243  46.678  -33.029  93.582 0.0000000000
58118  45.508  -34.003  93.170 0.0000000000
54342  37.545  -37.463  100.078 0.0000000000
53048  38.217  -37.858  100.415 0.0000000000
51964  39.867  -39.785  99.122 0.0000000000
49556  38.103  -41.243  99.662 0.0000000000
49573  39.206  -41.344  98.586 0.0000000000
72490  58.267  -23.188  78.272 0.0000000000
76689  50.414  -17.311  80.947 0.0000000000
77756  51.598  -15.995  82.891 0.0000000000
76673  52.415  -17.160  83.122 0.0000000000
75601  51.136  -18.611  81.612 0.0000000000
74487  51.158  -19.917  84.447 0.0000000000
74502  50.511  -19.256  81.659 0.0000000000
139953  50.394  -19.949  80.031 0.0000000000
60485  41.523  -32.704  94.130 0.0000000000
66090  45.948  -26.922  86.708 0.0000000000
130242  46.058  -23.563  86.680 0.0000000000
69218  48.208  -23.882  87.764 0.0000000000
68193  50.627  -25.430  88.041 0.0000000000
137261  50.558  -27.836  87.947 0.0000000000
66042  50.795  -27.635  89.800 0.0000000000
65042  51.158  -28.459  88.843 0.0000000000
63976  50.862  -29.523  88.490 0.0000000000
60614  51.832  -32.526  87.536 0.0000000000
59272  47.305  -33.006  92.848 0.0000000000
59287  48.413  -32.527  91.793 0.0000000000
55573  25.113  -36.282  103.235 0.0000000000
54310  24.340  -37.003  103.179 0.0000000000
55580  24.443  -36.580  103.130 0.0000000000
56855  25.258  -35.814  102.934 0.0000000000
56845  25.599  -36.122  103.130 0.0000000000
68240  44.957  -24.058  84.588 0.0000000000
69246  45.895  -23.207  85.413 0.0000000000
68206  45.676  -23.367  85.834 0.0000000000
133517  51.699  -16.688  80.288 0.0000000000
131255  51.450  -23.668  84.311 0.0000000000
70364  51.810  -23.607  84.055 0.0000000000
69295  51.704  -24.183  83.600 0.0000000000
60466  45.636  -32.407  94.691 0.0000000000
62840  45.323  -30.641  95.106 0.0000000000
148253  45.898  -30.864  94.719 0.0000000000
62853  46.565  -31.049  94.401 0.0000000000
142206  47.286  -31.655  94.040 0.0000000000
61720  46.927  -32.349  94.263 0.0000000000
51936  29.527  -40.274  101.258 0.0000000000
51954  29.299  -39.375  100.847 0.0000000000
49547  29.596  -41.654  100.913 0.0000000000
67201  46.832  -25.586  82.799 0.0000000000
68272  46.839  -24.823  82.533 0.0000000000
68271  47.605  -25.358  82.605 0.0000000000
67217  47.720  -26.353  82.826 0.0000000000
67199  48.005  -27.188  83.213 0.0000000000
63995  48.809  -29.953  86.395 0.0000000000
62953  49.590  -30.486  87.129 0.0000000000
53080  40.751  -38.500  98.524 0.0000000000
54340  40.682  -37.545  98.796 0.0000000000
51951  34.601  -38.882  101.169 0.0000000000
126527  35.352  -38.936  101.343 0.0000000000
51967  35.919  -38.976  99.717 0.0000000000
51950  35.509  -38.574  101.199 0.0000000000
51934  36.259  -38.908  101.251 0.0000000000
50764  36.751  -40.013  101.079 0.0000000000
145130  56.134  -18.325  79.666 0.0000000000
145369  56.623  -19.534  79.323 0.0000000000
73507  56.919  -20.594  79.556 0.0000000000
75554  48.626  -18.189  85.110 0.0000000000
75563  47.456  -18.456  84.180 0.0000000000
76653  48.191  -17.870  84.265 0.0000000000
76652  48.956  -17.398  84.793 0.0000000000
76651  49.710  -17.058  85.085 0.0000000000
75553  50.186  -18.044  85.794 0.0000000000
71433  49.464  -22.448  80.994 0.0000000000
60434  39.462  -32.094  98.119 0.0000000000
60457  39.730  -32.511  96.735 0.0000000000
128856  40.000  -31.528  97.446 0.0000000000
61755  43.481  -31.624  92.683 0.0000000000
61771  43.698  -31.705  91.582 0.0000000000
67036  47.267  -25.734  91.855 0.0000000000
66030  46.922  -26.297  91.357 0.0000000000
67055  47.310  -25.778  91.410 0.0000000000
67072  47.915  -25.657  89.856 0.0000000000
68169  48.379  -25.398  90.345 0.0000000000
68168  49.095  -25.268  90.182 0.0000000000
68160  48.667  -25.580  91.162 0.0000000000
60559  50.573  -32.679  89.932 0.0000000000
137854  51.527  -32.053  90.151 0.0000000000
59329  51.436  -33.654  89.342 0.0000000000
58154  51.582  -34.211  89.091 0.0000000000
126992  27.381  -36.015  101.155 0.0000000000
55601  27.590  -36.065  100.112 0.0000000000
143852  28.850  -38.146  102.433 0.0000000000
53042  28.438  -38.240  102.618 0.0000000000
69262  45.703  -23.291  84.396 0.0000000000
69282  44.943  -24.021  84.231 0.0000000000
69281  45.478  -23.838  83.668 0.0000000000
68239  46.127  -24.250  83.302 0.0000000000
67181  46.969  -25.923  83.771 0.0000000000
68220  46.961  -24.571  84.602 0.0000000000
68205  48.416  -24.399  86.220 0.0000000000
67159  48.292  -25.749  85.593 0.0000000000
67136  49.431  -26.563  86.920 0.0000000000
48419  32.063  -41.669  97.895 0.0000000000
49593  32.757  -41.503  97.927 0.0000000000
48386  34.706  -43.110  99.416 0.0000000000
137386  34.582  -41.776  99.500 0.0000000000
136118  35.041  -41.544  99.771 0.0000000000
49560  34.738  -40.422  100.191 0.0000000000
128181  36.073  -41.516  100.155 0.0000000000
77787  54.950  -16.248  80.176 0.0000000000
77786  55.298  -16.444  79.653 0.0000000000
76698  55.120  -16.653  80.409 0.0000000000
76685  54.759  -16.950  81.101 0.0000000000
76671  53.670  -16.735  82.130 0.0000000000
76672  53.071  -16.882  82.483 0.0000000000
72392  47.027  -20.901  82.554 0.0000000000
72391  48.207  -21.239  83.198 0.0000000000
73450  49.638  -20.581  84.796 0.0000000000
73451  48.146  -19.438  84.605 0.0000000000
73449  50.667  -20.688  85.224 0.0000000000
72356  51.177  -21.026  85.213 0.0000000000
71408  51.839  -22.938  83.759 0.0000000000
71409  50.440  -22.718  82.380 0.0000000000
69334  49.850  -24.093  81.365 0.0000000000
60453  42.864  -31.697  96.453 0.0000000000
61684  42.546  -30.883  96.567 0.0000000000
141380  42.898  -30.452  96.272 0.0000000000
63896  44.167  -29.229  95.165 0.0000000000
147368  43.431  -29.773  95.387 0.0000000000
63897  43.777  -29.237  95.069 0.0000000000
62868  43.999  -29.822  94.397 0.0000000000
63911  44.115  -29.045  94.736 0.0000000000
65000  44.815  -27.990  94.168 0.0000000000
63924  46.473  -28.760  93.986 0.0000000000
65007  46.267  -27.765  93.809 0.0000000000
65987  46.693  -27.210  93.378 0.0000000000
66003  47.082  -26.626  92.958 0.0000000000
142624  47.439  -27.585  93.071 0.0000000000
65005  47.996  -28.472  92.838 0.0000000000
61738  48.473  -31.488  92.990 0.0000000000
62882  48.998  -31.388  92.502 0.0000000000
61753  49.426  -31.872  92.162 0.0000000000
60523  49.666  -32.079  91.605 0.0000000000
60524  48.789  -32.442  91.939 0.0000000000
55626  28.539  -36.604  98.187 0.0000000000
53106  28.780  -37.290  98.609 0.0000000000
51971  29.374  -39.406  98.247 0.0000000000
53084  29.026  -38.003  98.304 0.0000000000
51993  29.737  -38.558  97.544 0.0000000000
51992  30.737  -38.259  97.212 0.0000000000
50809  30.036  -39.681  97.472 0.0000000000
49594  31.572  -40.694  97.568 0.0000000000
49577  30.636  -40.787  97.846 0.0000000000
71411  46.480  -22.489  81.363 0.0000000000
70389  47.343  -23.177  81.752 0.0000000000
69280  50.012  -24.695  83.842 0.0000000000
137461  50.605  -24.004  84.257 0.0000000000
145760  51.702  -25.540  83.916 0.0000000000
136159  51.228  -25.733  84.013 0.0000000000
66119  49.848  -27.677  83.533 0.0000000000
65088  52.147  -28.009  83.698 0.0000000000
64044  51.622  -28.824  83.780 0.0000000000
66100  47.478  -28.021  84.141 0.0000000000
65091  47.930  -28.562  83.724 0.0000000000
64027  47.811  -29.053  83.919 0.0000000000
62985  49.566  -30.716  84.741 0.0000000000
64025  49.298  -29.962  84.043 0.0000000000
64024  50.642  -30.177  84.371 0.0000000000
142407  51.860  -29.506  84.039 0.0000000000
62983  52.012  -30.434  84.347 0.0000000000
55613  38.275  -35.319  98.926 0.0000000000
55599  38.411  -35.758  99.465 0.0000000000
131163  40.490  -35.858  98.949 0.0000000000
56891  39.938  -35.236  99.339 0.0000000000
133357  40.129  -34.707  98.721 0.0000000000
58080  39.734  -33.768  98.508 0.0000000000
58079  40.731  -34.360  98.115 0.0000000000
54349  41.424  -37.683  97.335 0.0000000000
56915  41.488  -35.293  96.103 0.0000000000
58093  41.542  -34.486  96.429 0.0000000000
58087  41.303  -34.448  97.293 0.0000000000
58092  41.956  -33.842  95.933 0.0000000000
59223  42.313  -33.005  96.274 0.0000000000
58108  43.802  -34.230  94.034 0.0000000000
59233  43.563  -33.026  95.040 0.0000000000
58097  44.120  -33.410  94.347 0.0000000000
59246  44.923  -33.230  94.037 0.0000000000
59245  45.599  -33.128  93.777 0.0000000000
58106  45.293  -33.664  93.512 0.0000000000
51989  33.403  -38.828  98.310 0.0000000000
130448  33.066  -38.241  97.611 0.0000000000
53101  33.452  -38.194  98.006 0.0000000000
51966  36.944  -39.212  99.140 0.0000000000
51985  38.084  -39.443  97.400 0.0000000000
53081  38.125  -38.500  98.132 0.0000000000
131570  38.023  -37.449  99.026 0.0000000000
51932  38.008  -39.130  100.582 0.0000000000
53065  38.381  -38.613  100.444 0.0000000000
51948  38.655  -39.285  100.010 0.0000000000
53064  39.058  -38.456  99.911 0.0000000000
51947  39.345  -39.336  99.584 0.0000000000
49557  37.428  -41.540  99.946 0.0000000000
50805  39.939  -40.910  98.125 0.0000000000
72472  57.638  -22.609  79.182 0.0000000000
71490  57.301  -24.153  78.377 0.0000000000
74516  54.757  -19.185  81.075 0.0000000000
74495  45.110  -19.099  83.567 0.0000000000
73467  43.766  -19.448  82.974 0.0000000000
74496  44.545  -19.129  83.311 0.0000000000
123897  48.901  -17.300  82.291 0.0000000000
75583  48.799  -17.942  81.325 0.0000000000
76675  49.776  -17.071  81.776 0.0000000000
145291  49.627  -17.811  80.859 0.0000000000
76674  50.902  -16.445  81.909 0.0000000000
77757  50.594  -16.356  82.800 0.0000000000
75551  51.440  -16.954  84.590 0.0000000000
77728  51.642  -16.534  84.204 0.0000000000
75570  51.828  -17.727  83.694 0.0000000000
75581  52.044  -18.092  82.728 0.0000000000
73461  51.377  -21.082  84.535 0.0000000000
73491  49.891  -20.700  81.022 0.0000000000
74503  50.133  -19.915  81.819 0.0000000000
74518  50.211  -19.944  80.836 0.0000000000
73513  49.912  -20.469  80.019 0.0000000000
61724  41.858  -31.386  95.496 0.0000000000
60455  41.152  -31.655  96.067 0.0000000000
60484  42.152  -31.852  94.705 0.0000000000
126292  45.518  -29.188  92.351 0.0000000000
65039  46.550  -28.763  89.413 0.0000000000
67092  47.160  -25.826  88.499 0.0000000000
66078  46.376  -26.717  87.465 0.0000000000
67117  46.725  -25.539  87.816 0.0000000000
67138  46.130  -25.384  86.944 0.0000000000
68195  46.679  -24.155  87.389 0.0000000000
69220  46.647  -23.269  87.027 0.0000000000
69213  47.819  -23.976  88.079 0.0000000000
68175  50.183  -25.432  88.923 0.0000000000
68182  50.541  -25.511  87.995 0.0000000000
67115  50.947  -25.998  88.046 0.0000000000
66076  50.954  -26.883  87.986 0.0000000000
135831  50.985  -26.702  88.182 0.0000000000
65023  49.440  -28.358  91.586 0.0000000000
65033  49.974  -27.870  91.025 0.0000000000
65032  50.619  -28.302  90.389 0.0000000000
134848  51.655  -30.510  89.268 0.0000000000
129818  51.263  -28.841  89.288 0.0000000000
62937  51.485  -30.274  88.901 0.0000000000
63964  51.304  -29.413  88.863 0.0000000000
62951  51.306  -31.251  88.447 0.0000000000
61813  51.151  -31.950  87.506 0.0000000000
137595  51.689  -32.091  88.111 0.0000000000
58205  51.652  -34.588  87.264 0.0000000000
59258  46.359  -33.175  93.314 0.0000000000
59257  47.068  -33.010  93.247 0.0000000000
58125  46.805  -33.242  92.633 0.0000000000
55590  26.700  -35.627  101.807 0.0000000000
55589  27.481  -36.502  102.191 0.0000000000
144480  28.199  -37.035  102.309 0.0000000000
55571  26.916  -36.893  102.740 0.0000000000
54302  26.333  -37.076  102.875 0.0000000000
69263  45.222  -23.463  84.381 0.0000000000
69261  46.262  -23.429  84.842 0.0000000000
69245  46.685  -23.281  85.759 0.0000000000
69244  47.569  -23.578  86.291 0.0000000000
49575  33.153  -42.223  98.367 0.0000000000
48404  33.342  -43.277  98.918 0.0000000000
48387  34.068  -43.447  99.226 0.0000000000
77789  53.587  -16.020  80.355 0.0000000000
77770  54.000  -16.107  81.170 0.0000000000
77771  53.294  -15.914  81.472 0.0000000000
77754  53.094  -15.955  82.433 0.0000000000
145735  49.628  -22.928  83.839 0.0000000000
71389  48.933  -22.172  83.368 0.0000000000
71373  50.407  -22.269  84.389 0.0000000000
71372  51.459  -22.333  84.574 0.0000000000
70377  51.814  -23.590  83.806 0.0000000000
61703  44.219  -31.353  95.584 0.0000000000
62828  43.442  -30.383  95.869 0.0000000000
62841  44.368  -30.259  95.483 0.0000000000
63909  44.813  -28.930  94.811 0.0000000000
64999  44.998  -28.034  94.340 0.0000000000
129598  45.682  -28.829  94.474 0.0000000000
63908  46.529  -29.835  94.233 0.0000000000
63923  47.231  -29.648  93.655 0.0000000000
63922  47.884  -29.496  93.057 0.0000000000
62866  47.871  -30.544  93.292 0.0000000000
61739  47.839  -31.546  93.540 0.0000000000
133953  48.271  -32.335  93.197 0.0000000000
53085  28.931  -38.315  99.740 0.0000000000
51953  29.502  -39.990  99.718 0.0000000000
49578  30.258  -41.434  98.880 0.0000000000
69317  46.956  -23.839  81.569 0.0000000000
70378  48.057  -23.772  82.196 0.0000000000
132449  49.521  -26.367  83.428 0.0000000000
143401  49.249  -27.209  83.424 0.0000000000
65090  48.936  -28.518  83.561 0.0000000000
65069  47.745  -28.943  85.183 0.0000000000
64010  47.864  -29.468  84.472 0.0000000000
64009  48.121  -29.795  85.377 0.0000000000
62965  48.835  -30.630  85.404 0.0000000000
62974  49.541  -31.159  85.410 0.0000000000
62973  50.261  -31.320  85.125 0.0000000000
61822  50.088  -31.573  85.840 0.0000000000
61821  50.895  -32.113  86.319 0.0000000000
127278  39.200  -36.402  99.922 0.0000000000
55598  38.985  -35.752  99.876 0.0000000000
54328  39.842  -36.920  99.632 0.0000000000
55612  40.594  -36.623  98.898 0.0000000000
55611  41.230  -36.173  98.240 0.0000000000
55654  41.721  -37.175  95.557 0.0000000000
56923  42.168  -35.361  95.285 0.0000000000
58099  42.469  -34.278  95.284 0.0000000000
58109  42.991  -34.724  94.551 0.0000000000
53083  34.146  -38.918  98.608 0.0000000000
51969  34.680  -39.383  99.825 0.0000000000
132374  35.546  -39.449  98.603 0.0000000000
130124  36.552  -39.585  98.427 0.0000000000
53066  36.831  -38.110  100.366 0.0000000000
53051  36.447  -38.327  100.919 0.0000000000
51933  37.170  -38.743  100.734 0.0000000000
74551  57.199  -20.103  78.658 0.0000000000
73532  57.410  -21.331  79.150 0.0000000000
71454  56.895  -23.150  79.773 0.0000000000
130197  46.856  -18.970  84.215 0.0000000000
75564  45.254  -19.050  83.654 0.0000000000
126739  46.347  -18.894  83.955 0.0000000000
75572  46.528  -18.392  83.430 0.0000000000
76677  47.018  -18.017  82.601 0.0000000000
76663  48.629  -17.359  83.465 0.0000000000
77741  50.436  -16.397  83.770 0.0000000000
77717  50.412  -16.692  84.641 0.0000000000
76650  51.165  -16.880  84.825 0.0000000000
72390  50.737  -21.378  82.894 0.0000000000
72412  49.955  -21.245  81.794 0.0000000000
134815  49.559  -21.551  81.013 0.0000000000
59225  38.388  -33.568  97.534 0.0000000000
61741  42.778  -31.472  94.344 0.0000000000
60504  42.333  -32.279  93.756 0.0000000000
61756  42.926  -31.958  93.338 0.0000000000
60527  42.885  -32.345  92.415 0.0000000000
66018  46.428  -26.803  91.877 0.0000000000
65025  46.332  -28.179  91.419 0.0000000000
124024  46.721  -27.419  91.082 0.0000000000
126925  47.037  -27.096  90.435 0.0000000000
66044  46.889  -27.726  89.429 0.0000000000
134828  46.785  -27.543  88.590 0.0000000000
66043  47.476  -26.555  89.735 0.0000000000
67091  47.884  -25.742  89.025 0.0000000000
125811  48.005  -24.983  88.643 0.0000000000
69208  48.516  -24.846  88.534 0.0000000000
68177  48.854  -25.212  89.279 0.0000000000
136549  49.453  -25.241  89.416 0.0000000000
133572  50.517  -26.111  89.306 0.0000000000
62897  50.702  -30.946  91.167 0.0000000000
62913  51.179  -30.316  90.533 0.0000000000
61767  51.276  -31.337  90.539 0.0000000000
61783  51.726  -31.321  89.706 0.0000000000
61796  51.829  -31.467  89.026 0.0000000000
60595  52.079  -32.792  88.341 0.0000000000
59351  52.157  -33.484  88.693 0.0000000000
55600  28.166  -36.800  100.040 0.0000000000
54331  28.702  -37.553  100.038 0.0000000000
53067  29.081  -38.514  101.699 0.0000000000
51937  29.296  -39.801  102.122 0.0000000000
49541  29.214  -40.924  101.905 0.0000000000
51927  29.063  -40.500  102.205 0.0000000000
51938  28.783  -39.890  102.442 0.0000000000
53043  27.854  -38.096  102.729 0.0000000000
68258  46.307  -24.445  82.757 0.0000000000
137705  47.242  -27.121  83.925 0.0000000000
66099  47.654  -28.090  84.867 0.0000000000
138009  47.965  -27.089  85.264 0.0000000000
66089  48.155  -27.966  85.732 0.0000000000
65058  49.095  -28.753  86.953 0.0000000000
53097  41.302  -38.505  97.548 0.0000000000
50808  31.979  -39.619  97.237 0.0000000000
147396  32.719  -39.463  97.674 0.0000000000
50807  33.132  -40.178  98.039 0.0000000000
50793  33.853  -39.812  98.796 0.0000000000
50779  34.379  -39.939  99.704 0.0000000000
50778  34.473  -39.673  100.611 0.0000000000
50777  34.524  -39.400  101.076 0.0000000000
51935  35.168  -39.438  101.307 0.0000000000
49546  36.141  -40.526  100.854 0.0000000000
49558  36.715  -41.636  100.138 0.0000000000
48384  36.977  -42.615  99.173 0.0000000000
76697  55.680  -17.089  79.912 0.0000000000
75612  55.748  -17.960  80.416 0.0000000000
75595  55.833  -18.966  80.436 0.0000000000
75596  55.361  -18.458  80.848 0.0000000000
76686  54.151  -16.539  81.545 0.0000000000
75578  54.243  -17.360  81.689 0.0000000000
75598  54.236  -18.423  81.571 0.0000000000
141376  53.386  -18.596  81.143 0.0000000000
75599  52.670  -18.355  81.467 0.0000000000
72393  45.594  -20.495  82.635 0.0000000000
73465  45.920  -19.580  83.493 0.0000000000
73452  46.732  -19.221  84.070 0.0000000000
74481  48.990  -18.723  85.365 0.0000000000
74480  50.121  -18.937  85.628 0.0000000000
73435  50.750  -20.299  85.256 0.0000000000
73448  51.238  -20.806  85.057 0.0000000000
72389  51.558  -21.712  84.122 0.0000000000
70402  49.682  -23.351  81.349 0.0000000000
60442  41.351  -31.593  97.582 0.0000000000
60456  40.593  -31.141  97.218 0.0000000000
61685  41.849  -30.752  96.715 0.0000000000
62830  41.953  -30.541  96.375 0.0000000000
62843  42.396  -30.299  96.024 0.0000000000
62842  42.952  -30.082  95.855 0.0000000000
61704  43.068  -30.100  95.579 0.0000000000
126985  43.088  -30.489  94.860 0.0000000000
61722  43.604  -30.366  94.393 0.0000000000
62885  44.030  -30.653  93.516 0.0000000000
62884  44.570  -30.438  92.879 0.0000000000
62899  44.888  -30.681  91.956 0.0000000000
62883  45.092  -29.885  92.691 0.0000000000
63934  45.123  -28.977  93.206 0.0000000000
65016  45.307  -28.023  93.079 0.0000000000
65975  45.033  -27.543  94.045 0.0000000000
65989  45.509  -27.329  93.621 0.0000000000
65015  45.868  -27.301  92.523 0.0000000000
66004  46.148  -26.392  92.837 0.0000000000
67020  46.725  -26.151  92.478 0.0000000000
67019  47.581  -26.149  92.382 0.0000000000
67034  48.962  -26.144  91.418 0.0000000000
66017  48.461  -26.601  92.023 0.0000000000
63941  49.635  -29.613  91.674 0.0000000000
63933  48.440  -29.349  92.593 0.0000000000
63932  48.992  -29.782  92.243 0.0000000000
142153  50.120  -30.573  91.582 0.0000000000
61769  50.038  -31.469  91.647 0.0000000000
60539  50.224  -32.347  90.592 0.0000000000
53103  31.558  -37.635  97.031 0.0000000000
52009  31.132  -37.483  97.246 0.0000000000
145778  30.750  -41.561  98.392 0.0000000000
48406  31.774  -42.639  98.560 0.0000000000
72413  46.920  -21.784  81.871 0.0000000000
140898  48.466  -22.910  82.407 0.0000000000
140672  51.639  -24.533  83.597 0.0000000000
68255  51.467  -24.911  83.972 0.0000000000
64046  48.343  -29.591  83.937 0.0000000000
64045  49.195  -29.229  83.699 0.0000000000
131417  38.425  -36.481  97.341 0.0000000000
58088  38.360  -34.078  97.839 0.0000000000
56876  38.749  -35.249  99.572 0.0000000000
58074  38.816  -34.735  99.216 0.0000000000
59217  38.724  -33.564  98.155 0.0000000000
59209  39.088  -32.990  98.307 0.0000000000
59208  39.711  -32.638  98.365 0.0000000000
59215  40.177  -31.952  98.261 0.0000000000
53079  41.276  -37.894  98.114 0.0000000000
55639  41.535  -37.016  96.586 0.0000000000
145204  41.350  -35.934  97.417 0.0000000000
56903  41.253  -35.281  97.814 0.0000000000
136847  41.081  -33.620  97.632 0.0000000000
59214  41.138  -32.487  97.839 0.0000000000
59213  41.898  -32.353  97.136 0.0000000000
134193  42.495  -32.209  96.586 0.0000000000
59234  42.754  -33.399  95.477 0.0000000000
59221  43.713  -32.526  95.367 0.0000000000
60467  44.851  -32.280  95.046 0.0000000000
60482  46.627  -32.878  94.034 0.0000000000
59230  45.971  -32.823  94.146 0.0000000000
58105  45.826  -33.410  93.373 0.0000000000
58117  45.998  -33.590  93.128 0.0000000000
56945  45.155  -34.766  92.885 0.0000000000
58127  45.688  -34.301  92.813 0.0000000000
53100  34.018  -38.245  98.061 0.0000000000
54350  38.496  -37.526  97.763 0.0000000000
54341  38.085  -36.696  99.730 0.0000000000
54316  37.632  -37.746  100.289 0.0000000000
54330  37.892  -37.115  100.157 0.0000000000
54329  38.852  -37.211  100.135 0.0000000000
51946  40.062  -38.973  99.294 0.0000000000
51963  40.494  -39.367  98.516 0.0000000000
50776  37.643  -40.601  100.325 0.0000000000
140368  38.333  -40.550  99.797 0.0000000000
49555  38.825  -40.932  99.328 0.0000000000
50775  38.979  -40.061  99.569 0.0000000000
50792  39.565  -40.545  98.948 0.0000000000
55591  24.151  -36.378  101.476 0.0000000000
71488  58.608  -23.382  77.302 0.0000000000
76688  51.324  -16.555  81.141 0.0000000000
77772  51.785  -15.936  82.144 0.0000000000
77755  52.398  -15.973  82.778 0.0000000000
77740  51.404  -16.183  83.705 0.0000000000
77739  52.012  -16.280  83.509 0.0000000000
77738  52.618  -16.280  83.018 0.0000000000
75600  51.978  -18.249  81.737 0.0000000000
74537  51.644  -18.801  80.693 0.0000000000
131925  50.567  -18.539  85.438 0.0000000000
75562  51.055  -18.598  84.964 0.0000000000
75571  51.263  -18.537  83.918 0.0000000000
148385  50.522  -20.010  82.792 0.0000000000
74494  50.647  -19.313  82.719 0.0000000000
75582  51.093  -18.603  82.640 0.0000000000
73512  50.272  -20.368  79.209 0.0000000000
67183  45.154  -25.353  85.012 0.0000000000
127978  40.326  -31.724  96.737 0.0000000000
60486  40.864  -32.590  94.959 0.0000000000
125402  46.509  -27.702  87.939 0.0000000000
67139  45.691  -26.054  86.285 0.0000000000
67161  45.412  -25.743  85.630 0.0000000000
68207  45.664  -24.714  86.148 0.0000000000
69231  46.967  -23.213  86.740 0.0000000000
68204  48.924  -24.462  86.884 0.0000000000
69217  48.997  -24.736  87.756 0.0000000000
69229  48.859  -24.398  87.571 0.0000000000
137640  49.506  -25.374  87.431 0.0000000000
67116  50.095  -26.346  87.674 0.0000000000
66077  49.818  -27.568  87.444 0.0000000000
65049  49.942  -28.636  87.617 0.0000000000
66029  49.781  -26.820  90.905 0.0000000000
67052  50.332  -26.577  90.043 0.0000000000
66041  50.816  -26.970  89.216 0.0000000000
65031  51.105  -28.608  89.784 0.0000000000
65038  51.102  -27.964  89.215 0.0000000000
66059  50.971  -27.326  88.632 0.0000000000
65043  51.065  -28.645  88.648 0.0000000000
65048  50.655  -28.606  88.223 0.0000000000
63977  50.150  -29.604  87.835 0.0000000000
62952  50.501  -30.784  87.981 0.0000000000
60631  51.725  -32.725  86.614 0.0000000000
133122  51.994  -32.668  87.830 0.0000000000
59423  51.882  -32.946  86.514 0.0000000000
60503  47.224  -32.888  93.786 0.0000000000
60502  47.787  -32.841  93.282 0.0000000000
59256  47.732  -32.933  92.916 0.0000000000
58135  46.930  -33.306  91.898 0.0000000000
59288  47.547  -32.859  92.262 0.0000000000
59271  48.080  -32.655  92.380 0.0000000000
59270  48.743  -32.432  91.749 0.0000000000
51926  29.390  -40.449  101.975 0.0000000000
51965  37.628  -39.222  98.292 0.0000000000
53038  26.758  -37.842  102.679 0.0000000000
53049  37.835  -38.386  100.505 0.0000000000
54301  27.345  -37.555  102.671 0.0000000000
55572  26.054  -36.532  103.076 0.0000000000
55588  28.024  -36.701  101.258 0.0000000000
56854  25.909  -35.795  102.562 0.0000000000
56875  39.273  -35.217  99.653 0.0000000000
56892  38.546  -34.676  98.311 0.0000000000
56938  44.963  -34.379  93.277 0.0000000000
58073  39.349  -34.665  99.094 0.0000000000
58082  38.669  -34.284  98.616 0.0000000000
58116  46.590  -33.223  93.059 0.0000000000
58153  52.027  -34.096  88.982 0.0000000000
58184  52.075  -33.811  87.589 0.0000000000
58185  51.721  -34.724  88.175 0.0000000000
58204  51.894  -33.603  86.714 0.0000000000
59244  46.174  -33.046  93.639 0.0000000000
59286  49.218  -32.310  91.125 0.0000000000
59306  51.165  -33.102  89.681 0.0000000000
59328  51.932  -33.747  89.177 0.0000000000
59399  52.113  -33.104  87.191 0.0000000000
60444  40.077  -31.384  97.813 0.0000000000
60445  39.456  -31.992  97.786 0.0000000000
60452  43.424  -32.077  95.876 0.0000000000
60468  44.023  -32.099  95.477 0.0000000000
60483  46.293  -32.560  94.384 0.0000000000
60557  51.594  -32.738  89.675 0.0000000000
60558  51.003  -32.654  90.123 0.0000000000
60575  52.030  -32.946  89.092 0.0000000000
61672  41.017  -31.045  97.342 0.0000000000
61705  41.846  -30.663  96.128 0.0000000000
61754  48.852  -32.156  92.656 0.0000000000
61768  50.515  -31.816  91.058 0.0000000000
61782  51.833  -32.109  89.381 0.0000000000
61795  51.945  -32.254  88.702 0.0000000000
61806  51.883  -32.407  88.143 0.0000000000
61807  51.764  -31.763  88.556 0.0000000000
61820  51.556  -32.513  86.778 0.0000000000
62938  51.200  -30.232  88.666 0.0000000000
63895  44.798  -29.646  95.183 0.0000000000
63926  44.554  -28.509  94.312 0.0000000000
63948  51.461  -29.656  89.779 0.0000000000
63963  51.431  -29.507  89.101 0.0000000000
65008  45.073  -27.593  93.760 0.0000000000
65022  50.225  -28.922  91.061 0.0000000000
65024  48.795  -27.679  91.979 0.0000000000
65078  47.644  -28.511  83.914 0.0000000000
65974  45.509  -27.505  93.970 0.0000000000
65988  45.976  -26.992  93.578 0.0000000000
66005  45.566  -27.116  93.246 0.0000000000
66028  50.359  -27.440  90.406 0.0000000000
66060  50.953  -27.660  88.365 0.0000000000
66061  47.162  -26.763  88.920 0.0000000000
67005  46.269  -26.456  93.132 0.0000000000
67035  48.060  -25.689  91.748 0.0000000000
68167  49.922  -25.598  89.829 0.0000000000
68170  47.865  -25.470  90.662 0.0000000000
68183  49.585  -25.265  88.261 0.0000000000
68194  47.174  -23.680  87.534 0.0000000000
69207  48.920  -24.974  88.394 0.0000000000
69212  48.463  -24.339  88.106 0.0000000000
69219  47.346  -23.580  87.401 0.0000000000
69230  48.096  -23.662  87.015 0.0000000000
69264  44.927  -23.728  84.158 0.0000000000
74517  50.760  -19.370  80.702 0.0000000000
76642  50.388  -17.293  85.359 0.0000000000
76643  49.610  -17.741  85.549 0.0000000000
76661  51.893  -16.694  83.904 0.0000000000
77769  54.617  -16.341  80.807 0.0000000000
127314  50.905  -29.319  90.444 0.0000000000
132788  41.403  -36.094  96.706 0.0000000000
136273  52.202  -33.122  87.919 0.0000000000
136911  51.988  -32.743  87.311 0.0000000000
138182  49.014  -32.306  92.222 0.0000000000
138601  47.557  -27.391  84.527 0.0000000000
138654  49.610  -25.238  87.885 0.0000000000
141949  28.000  -37.883  102.728 0.0000000000
145919  49.665  -24.299  83.624 0.0000000000
146038  41.565  -32.137  95.062 0.0000000000
146767  34.491  -38.856  101.036 0.0000000000
147381  37.271  -37.881  100.107 0.0000000000
148100  25.517  -36.437  103.191 0.0000000000
