#!ascii label  , from subject sub-v2s10x28934_ses-1 vox2ras=TkReg
1048
12979  28.471  -78.363  22.339 0.3000000119
15539  32.350  -75.938  24.630 0.6000000238
18303  31.381  -72.668  26.757 0.6999999881
19389  31.049  -71.938  27.162 0.6999999881
12995  28.295  -79.074  21.699 0.4000000060
13864  35.094  -78.384  19.395 0.4000000060
12978  29.344  -78.206  22.064 0.5000000000
15538  33.271  -76.056  24.829 0.6999999881
16423  32.411  -74.733  25.653 0.6999999881
16422  33.402  -74.494  25.511 0.5000000000
18321  32.637  -73.188  26.212 0.6000000238
18302  32.249  -72.589  26.475 0.6000000238
130033  32.918  -70.936  25.961 0.6999999881
20490  31.591  -70.921  26.968 0.6999999881
12991  31.939  -78.584  20.986 0.5000000000
13001  36.181  -79.170  19.405 0.4000000060
12977  30.171  -78.228  21.866 0.6000000238
13859  34.565  -77.607  20.522 0.4000000060
131559  33.953  -77.349  21.941 0.5000000000
12990  32.843  -78.942  21.210 0.6000000238
13847  33.563  -77.197  23.034 0.6000000238
14668  33.584  -76.814  24.108 0.6000000238
12975  32.336  -78.912  22.360 0.6000000238
134413  34.219  -76.191  24.798 0.6000000238
17360  33.015  -73.872  25.876 0.6000000238
18320  33.476  -72.874  25.669 0.6000000238
19420  34.487  -70.896  24.573 0.6999999881
19406  33.051  -72.034  26.003 0.6999999881
20518  33.944  -70.612  24.989 0.6999999881
135830  31.878  -69.999  26.718 0.6999999881
21574  33.857  -69.843  24.895 0.6999999881
21567  33.259  -69.359  25.376 0.6999999881
21568  32.608  -69.270  25.927 0.6999999881
22564  33.963  -68.930  24.704 0.6999999881
127780  32.562  -78.828  20.229 0.5000000000
13002  34.104  -78.939  18.850 0.5000000000
12974  34.903  -77.878  21.749 0.4000000060
144310  34.310  -77.474  22.650 0.5000000000
14667  34.653  -76.922  24.281 0.6000000238
12139  34.043  -79.771  22.306 0.6000000238
131564  34.671  -79.881  21.084 0.5000000000
11370  36.019  -80.477  21.405 0.5000000000
16434  34.736  -74.523  24.858 0.6999999881
17359  33.863  -73.597  25.435 0.6000000238
16421  34.160  -74.263  25.278 0.6999999881
132985  34.578  -71.807  24.678 0.6000000238
18319  34.258  -72.703  25.134 0.6000000238
20530  34.933  -70.268  24.145 0.6000000238
19421  33.855  -71.963  25.320 0.6000000238
21573  34.448  -69.614  24.419 0.6999999881
21558  32.112  -69.252  26.463 0.6999999881
22570  35.710  -68.322  23.182 0.6000000238
22558  32.877  -68.713  25.669 0.6999999881
126989  34.577  -68.983  24.183 0.6999999881
12988  35.952  -78.610  20.443 0.4000000060
12989  33.466  -79.067  20.014 0.5000000000
12172  36.023  -79.447  19.397 0.4000000060
131217  35.290  -77.871  22.646 0.5000000000
13835  34.370  -77.297  23.479 0.6000000238
12162  35.931  -79.568  19.368 0.4000000060
15537  34.821  -75.516  24.748 0.6000000238
12150  35.823  -80.172  20.288 0.4000000060
13000  37.002  -79.717  19.859 0.4000000060
11379  37.584  -80.101  20.252 0.4000000060
12972  38.474  -79.838  20.921 0.4000000060
17375  34.650  -73.493  24.850 0.6000000238
19419  35.357  -72.082  24.074 0.6000000238
20529  35.551  -70.641  23.613 0.6000000238
19432  35.637  -71.364  23.670 0.6000000238
22578  36.259  -69.284  22.726 0.6000000238
22550  32.381  -68.515  26.169 0.6999999881
131223  33.922  -67.976  24.753 0.6999999881
23517  35.134  -67.755  23.677 0.6000000238
23505  34.490  -67.467  24.325 0.6000000238
12987  37.112  -79.437  20.044 0.4000000060
147139  35.944  -78.465  21.667 0.4000000060
133315  34.987  -76.333  24.548 0.6999999881
12973  37.642  -79.293  20.932 0.4000000060
16433  35.441  -74.857  24.435 0.8000000119
11358  38.077  -80.292  21.452 0.5000000000
17374  35.339  -73.897  24.448 0.6999999881
18347  35.932  -72.742  23.750 0.6000000238
19431  36.138  -71.057  23.177 0.5000000000
128695  36.088  -71.901  23.453 0.6000000238
132786  32.007  -68.045  26.559 0.6999999881
23528  36.821  -67.792  21.428 0.6000000238
146309  36.117  -68.712  22.776 0.6000000238
23498  33.415  -67.612  25.284 0.8000000119
23492  32.448  -67.687  26.201 0.8000000119
132470  36.280  -68.045  22.406 0.6000000238
23516  35.882  -67.544  22.961 0.6000000238
14665  36.570  -77.157  23.632 0.5000000000
13834  35.389  -77.508  23.532 0.6000000238
13833  36.563  -78.002  22.945 0.5000000000
15546  38.901  -77.321  22.371 0.6999999881
147903  37.310  -78.845  21.597 0.4000000060
17389  36.463  -73.482  23.518 0.6999999881
18346  36.588  -72.549  23.169 0.6999999881
20540  36.692  -70.703  22.512 0.6000000238
19445  36.741  -71.704  22.708 0.6000000238
21588  37.376  -69.684  21.527 0.6000000238
23493  31.977  -67.314  26.793 0.6000000238
140105  36.637  -68.711  22.118 0.6000000238
23506  33.945  -67.145  24.842 0.6999999881
24468  33.498  -66.807  25.406 0.6999999881
139956  36.423  -67.299  22.053 0.6999999881
24502  35.965  -66.789  22.738 0.6999999881
24493  34.931  -66.894  23.917 0.6999999881
148391  37.344  -76.381  23.487 0.5000000000
15535  36.662  -76.230  23.871 0.6000000238
15536  35.724  -76.050  24.333 0.6000000238
15555  39.102  -75.887  22.333 0.6999999881
14677  38.055  -77.393  22.854 0.6000000238
16445  36.192  -75.156  24.034 0.6999999881
128018  39.977  -77.447  21.792 0.6999999881
14676  38.834  -78.913  21.564 0.6999999881
17399  37.154  -73.136  22.857 0.6999999881
18362  37.113  -72.429  22.621 0.6999999881
20554  37.718  -70.495  21.398 0.5000000000
127894  37.409  -72.034  22.226 0.6000000238
25468  31.306  -65.751  27.720 0.5000000000
21596  37.577  -68.755  20.976 0.6000000238
25489  32.912  -66.109  26.319 0.6000000238
25477  32.537  -65.534  26.707 0.5000000000
22588  37.382  -67.899  20.819 0.6000000238
21597  37.083  -69.052  21.672 0.6000000238
25500  34.116  -66.232  24.936 0.6000000238
26513  33.728  -64.775  25.606 0.5000000000
24522  37.878  -66.591  20.328 0.6999999881
129837  36.947  -67.044  21.214 0.6999999881
25522  36.613  -65.781  21.600 0.6999999881
128413  35.440  -66.230  23.481 0.6999999881
25513  35.094  -65.417  23.939 0.5000000000
25535  37.291  -66.021  20.802 0.6999999881
26540  36.394  -64.843  21.720 0.6000000238
16444  37.299  -74.835  23.311 0.6000000238
15547  37.932  -75.906  23.150 0.6999999881
16453  37.945  -74.735  22.772 0.6000000238
16451  39.956  -75.408  21.759 0.6999999881
17388  37.194  -74.008  23.105 0.6999999881
18374  38.077  -72.053  21.600 0.6999999881
18361  37.795  -72.800  22.188 0.6999999881
146443  38.055  -71.223  21.348 0.6000000238
133544  31.591  -65.039  27.569 0.4000000060
20573  37.994  -69.670  20.827 0.5000000000
27563  33.564  -63.732  25.702 0.4000000060
24521  38.208  -66.701  20.095 0.6000000238
130131  38.077  -67.556  20.340 0.6000000238
25499  34.549  -65.404  24.603 0.5000000000
26512  34.354  -64.670  24.941 0.5000000000
25512  35.556  -65.384  23.182 0.5000000000
26529  35.328  -64.182  23.073 0.4000000060
25543  37.717  -66.174  20.331 0.6000000238
148465  37.242  -64.765  20.649 0.6999999881
26548  37.058  -65.234  21.044 0.6000000238
27599  36.610  -63.578  21.323 0.5000000000
16461  39.666  -74.348  21.580 0.6000000238
16452  38.772  -74.531  22.177 0.6999999881
17398  37.857  -73.738  22.497 0.6999999881
16460  40.976  -75.244  21.350 0.6999999881
17407  40.846  -74.196  21.143 0.6999999881
18360  38.516  -72.866  21.572 0.6000000238
19457  38.667  -71.668  20.913 0.6000000238
21621  38.813  -68.939  19.869 0.6000000238
21613  38.665  -69.712  20.249 0.5000000000
21614  38.246  -68.804  20.376 0.6000000238
23546  38.366  -67.307  20.107 0.6000000238
22603  38.463  -68.073  20.104 0.6000000238
26530  34.947  -64.060  23.761 0.4000000060
27572  34.485  -63.906  24.487 0.5000000000
27573  34.092  -63.362  24.985 0.4000000060
25548  38.212  -65.579  19.618 0.6000000238
140053  34.918  -62.970  23.391 0.4000000060
142364  37.541  -64.595  20.142 0.6000000238
26552  37.107  -64.053  20.643 0.5000000000
17408  39.374  -73.429  21.283 0.6999999881
17397  38.609  -73.569  21.878 0.6000000238
18381  40.874  -73.052  20.330 0.6999999881
18382  39.639  -72.224  20.418 0.6000000238
18373  38.988  -72.566  21.047 0.6000000238
17413  42.361  -73.667  20.585 0.6999999881
19466  39.081  -71.313  20.365 0.5000000000
22611  39.587  -68.135  19.415 0.6000000238
21620  39.556  -69.031  19.479 0.6000000238
22612  38.899  -67.689  19.726 0.6000000238
23557  38.799  -66.833  19.622 0.5000000000
25547  38.705  -65.628  19.194 0.6000000238
26556  38.228  -64.785  19.323 0.6000000238
27601  37.555  -63.701  20.117 0.5000000000
19464  40.718  -72.363  19.916 0.6999999881
19474  40.872  -71.575  19.431 0.6999999881
20581  39.823  -70.627  19.576 0.6000000238
22610  40.359  -68.601  19.066 0.5000000000
142734  40.225  -67.051  18.834 0.6000000238
23555  40.310  -67.741  18.952 0.6000000238
25551  39.333  -65.671  18.687 0.6000000238
25552  38.972  -65.067  18.617 0.6000000238
28650  38.074  -63.233  19.428 0.5000000000
12093  36.226  -79.633  23.523 0.5000000000
12933  37.603  -80.037  22.549 0.5000000000
131537  36.767  -79.342  23.888 0.5000000000
124055  37.780  -79.736  23.047 0.5000000000
138309  39.165  -79.628  21.530 0.6999999881
13843  40.446  -78.841  22.637 0.6999999881
12932  39.473  -79.582  22.174 0.5000000000
124206  38.819  -79.523  22.876 0.5000000000
14684  39.433  -78.829  21.633 0.6999999881
13853  39.614  -79.245  21.900 0.6999999881
133136  41.110  -76.379  21.257 0.6999999881
12980  27.557  -78.840  22.576 0.3000000119
19388  32.157  -71.659  26.610 0.6999999881
17361  31.982  -74.131  26.087 0.6000000238
20489  32.321  -70.537  26.388 0.6999999881
22551  31.782  -68.651  26.729 0.6999999881
147808  37.921  -79.456  21.264 0.6000000238
21589  36.758  -69.707  22.247 0.6000000238
24492  35.503  -67.030  23.412 0.6999999881
24469  33.113  -66.622  25.919 0.6000000238
126737  34.761  -66.153  24.236 0.6999999881
142017  34.109  -65.383  25.195 0.6000000238
25523  36.023  -65.999  22.544 0.6999999881
25476  33.165  -65.247  26.241 0.5000000000
26498  32.717  -64.709  26.598 0.5000000000
27594  36.100  -63.974  21.822 0.5000000000
20572  38.462  -70.662  20.708 0.5000000000
21612  39.272  -69.780  19.750 0.5000000000
24527  38.943  -66.139  19.258 0.6000000238
26562  38.673  -64.505  18.745 0.6000000238
19465  39.783  -71.447  19.914 0.6000000238
24533  39.653  -66.475  18.898 0.6000000238
20580  40.557  -70.449  19.183 0.5000000000
14662  41.212  -77.486  23.410 0.6000000238
18330  39.081  -72.878  23.972 0.6000000238
19430  38.838  -72.037  23.815 0.4000000060
16443  40.716  -74.531  23.431 0.5000000000
14674  41.635  -77.388  22.624 0.6000000238
15556  32.297  -76.157  22.642 0.5000000000
18331  38.404  -72.412  24.399 0.4000000060
14669  32.767  -76.432  24.196 0.5000000000
15550  31.593  -75.690  23.233 0.5000000000
16431  39.838  -74.901  24.070 0.5000000000
142069  38.111  -70.686  23.926 0.4000000060
15549  32.119  -76.219  23.751 0.5000000000
16435  30.985  -75.143  24.668 0.5000000000
17387  39.944  -73.372  23.524 0.6000000238
15530  31.854  -75.386  25.088 0.5000000000
131778  42.134  -75.706  22.995 0.5000000000
14673  42.035  -76.801  21.982 0.6000000238
133426  37.491  -70.200  24.449 0.4000000060
21565  36.948  -69.746  24.894 0.4000000060
18345  39.560  -72.505  23.404 0.4000000060
18364  30.548  -72.513  22.949 0.5000000000
17386  40.992  -73.810  22.964 0.5000000000
146477  30.505  -74.595  24.501 0.5000000000
17376  29.806  -73.048  24.518 0.5000000000
16441  42.845  -75.665  22.185 0.6000000238
16449  42.789  -75.305  21.595 0.6000000238
15553  41.677  -76.676  21.419 0.6000000238
17362  30.933  -74.159  26.039 0.5000000000
17364  29.529  -73.116  25.848 0.5000000000
19435  29.677  -71.958  24.218 0.4000000060
17396  42.135  -74.175  22.344 0.5000000000
17395  42.858  -74.499  21.584 0.6000000238
17405  42.998  -73.911  21.075 0.6000000238
16458  42.569  -75.470  21.232 0.6000000238
17412  43.230  -73.660  20.638 0.6000000238
16459  42.030  -75.284  21.103 0.6000000238
129892  38.613  -71.340  23.665 0.4000000060
140932  37.804  -69.874  23.938 0.4000000060
137017  29.658  -72.421  26.741 0.5000000000
18322  29.114  -72.460  25.861 0.5000000000
20520  28.614  -70.482  24.685 0.4000000060
17346  29.857  -73.089  26.329 0.6000000238
20519  29.170  -71.109  24.452 0.4000000060
18358  41.167  -73.249  22.531 0.6000000238
18370  42.909  -73.746  21.311 0.6000000238
17404  43.352  -73.560  20.813 0.6000000238
18379  43.327  -73.450  20.485 0.6000000238
22561  36.966  -68.573  24.543 0.4000000060
19391  29.321  -71.788  27.096 0.5000000000
20508  28.238  -70.582  25.559 0.4000000060
21575  28.252  -69.024  24.210 0.4000000060
146599  39.852  -71.639  22.624 0.6000000238
19429  39.305  -71.629  23.148 0.4000000060
20551  42.356  -71.437  20.833 0.6000000238
18359  40.252  -72.337  22.714 0.6000000238
128967  43.065  -73.151  21.300 0.5000000000
19462  44.770  -72.214  20.129 0.6000000238
19456  43.202  -72.729  21.128 0.5000000000
18387  43.225  -73.042  19.980 0.6000000238
22556  36.383  -68.693  25.286 0.4000000060
127709  38.323  -70.001  23.425 0.4000000060
19372  29.703  -71.282  27.548 0.6000000238
20492  28.241  -70.624  26.455 0.5000000000
21570  27.726  -69.188  25.265 0.5000000000
22566  27.678  -68.417  24.682 0.5000000000
20553  40.070  -70.249  21.625 0.4000000060
129599  39.420  -69.941  22.100 0.4000000060
20552  41.034  -70.691  21.168 0.5000000000
20569  42.996  -70.742  20.447 0.5000000000
20568  44.866  -71.553  20.354 0.5000000000
19471  44.916  -72.126  19.905 0.6000000238
19477  44.567  -72.051  19.570 0.6000000238
19473  42.416  -72.173  19.355 0.6000000238
22568  37.807  -68.052  23.158 0.4000000060
21579  37.851  -69.123  23.460 0.4000000060
22569  37.346  -68.413  23.944 0.4000000060
23503  36.886  -67.829  24.358 0.4000000060
21559  31.509  -69.395  27.012 0.6000000238
22576  39.065  -68.086  22.008 0.4000000060
21587  38.443  -69.412  22.894 0.4000000060
21545  28.937  -69.854  28.079 0.6000000238
21561  27.578  -69.207  26.265 0.5000000000
22559  27.457  -68.448  25.671 0.4000000060
21595  39.798  -69.307  21.581 0.4000000060
20570  41.651  -70.057  20.615 0.5000000000
20567  45.801  -71.375  20.070 0.5000000000
20584  45.079  -71.005  19.407 0.6000000238
19478  43.748  -71.739  19.226 0.6000000238
20587  42.117  -70.685  18.640 0.6000000238
23514  37.911  -66.987  22.930 0.4000000060
21543  30.770  -69.611  27.627 0.6000000238
21544  29.797  -69.833  28.067 0.6000000238
141006  28.015  -68.986  28.049 0.5000000000
23500  27.306  -66.954  25.679 0.5000000000
23537  39.857  -67.808  21.706 0.4000000060
21594  40.642  -69.628  21.111 0.4000000060
21610  42.283  -69.454  20.503 0.5000000000
21609  43.739  -69.913  20.460 0.5000000000
136029  44.148  -70.682  18.872 0.5000000000
137350  37.506  -66.557  23.421 0.4000000060
138349  30.349  -68.971  27.917 0.6000000238
22537  28.185  -68.363  28.310 0.5000000000
23494  27.419  -67.524  27.226 0.5000000000
22599  46.143  -69.446  20.050 0.4000000060
22613  45.526  -69.072  19.200 0.4000000060
21624  43.486  -69.817  18.454 0.4000000060
21625  42.179  -69.738  18.458 0.6000000238
21626  41.130  -69.131  18.622 0.4000000060
24490  38.203  -66.112  23.132 0.4000000060
24500  38.889  -66.575  22.646 0.4000000060
22544  31.503  -68.048  27.035 0.6000000238
23526  40.157  -67.208  22.020 0.4000000060
23485  31.352  -67.426  27.369 0.5000000000
23487  29.973  -67.665  28.320 0.5000000000
23481  28.429  -67.566  28.444 0.5000000000
137029  27.357  -66.616  27.108 0.4000000060
23480  29.237  -67.264  28.527 0.4000000060
22583  44.243  -68.245  21.288 0.5000000000
22582  45.326  -68.206  20.592 0.5000000000
137227  45.944  -68.415  20.034 0.6000000238
22614  44.114  -68.763  18.465 0.4000000060
135983  42.787  -68.841  18.277 0.4000000060
22616  41.831  -68.750  18.369 0.4000000060
23559  44.805  -67.465  18.940 0.5000000000
24454  31.555  -66.587  27.385 0.5000000000
23479  29.937  -66.929  28.371 0.6000000238
24455  30.948  -66.300  27.902 0.4000000060
22615  42.269  -68.060  18.161 0.5000000000
22617  41.199  -68.117  18.483 0.5000000000
24525  44.509  -66.955  19.325 0.5000000000
23558  45.687  -68.186  19.624 0.5000000000
136298  44.004  -67.669  18.326 0.5000000000
140698  43.015  -67.347  17.864 0.5000000000
24488  40.034  -66.233  23.283 0.4000000060
26561  39.245  -64.341  18.149 0.5000000000
23560  40.928  -67.238  18.410 0.4000000060
135994  41.891  -67.330  17.933 0.5000000000
131553  43.855  -66.735  18.212 0.5000000000
25544  43.479  -66.166  18.466 0.5000000000
26470  30.983  -65.032  28.088 0.4000000060
26565  39.881  -64.109  17.561 0.4000000060
26564  40.769  -64.650  17.490 0.4000000060
25550  40.238  -65.753  18.026 0.5000000000
24535  41.024  -66.124  17.718 0.5000000000
24530  42.719  -66.416  17.709 0.5000000000
24531  41.452  -66.646  17.817 0.5000000000
145140  43.343  -65.902  17.999 0.5000000000
26553  42.651  -64.335  17.972 0.5000000000
144806  42.490  -64.120  17.828 0.4000000060
17345  30.580  -73.417  26.383 0.5000000000
19390  30.076  -71.996  27.315 0.6000000238
16424  31.384  -74.769  25.535 0.6000000238
20491  30.647  -71.199  27.436 0.6000000238
14679  32.798  -76.721  23.363 0.5000000000
24462  32.275  -66.382  26.792 0.5000000000
20579  41.563  -71.098  18.943 0.6000000238
20588  41.239  -70.105  18.721 0.4000000060
16436  30.048  -73.970  24.748 0.5000000000
17363  30.072  -73.801  25.792 0.5000000000
19422  28.633  -71.212  25.351 0.4000000060
124879  28.672  -69.715  24.088 0.4000000060
18371  41.694  -71.918  21.501 0.6000000238
19392  28.714  -71.382  26.766 0.6000000238
21560  27.868  -69.932  25.860 0.4000000060
21586  39.045  -69.133  22.207 0.4000000060
20473  30.264  -70.487  27.748 0.6000000238
20474  29.295  -70.601  27.804 0.6000000238
131901  28.016  -69.859  26.854 0.5000000000
22573  27.638  -67.725  24.015 0.5000000000
22565  28.085  -68.269  23.759 0.5000000000
23507  27.419  -67.624  25.030 0.5000000000
22545  29.405  -69.125  28.336 0.5000000000
22552  27.454  -68.409  26.723 0.5000000000
22546  27.679  -68.381  27.726 0.5000000000
22609  46.171  -69.428  20.025 0.5000000000
140363  27.309  -67.028  26.478 0.5000000000
22601  43.093  -68.934  20.571 0.5000000000
128736  30.768  -68.055  27.749 0.6000000238
26563  41.994  -64.608  17.558 0.4000000060
136973  30.567  -88.752  21.619 0.3000000119
5735  30.654  -89.047  20.199 0.3000000119
5734  31.311  -88.379  20.532 0.3000000119
6410  30.051  -87.992  19.888 0.3000000119
5748  30.454  -88.552  19.923 0.3000000119
7145  31.474  -86.992  19.674 0.3000000119
5736  28.985  -88.291  20.712 0.3000000119
130762  29.376  -87.533  21.473 0.3000000119
7113  32.289  -85.641  22.928 0.3000000119
127404  31.799  -86.361  20.191 0.3000000119
6395  29.964  -86.766  21.908 0.3000000119
144823  31.953  -85.557  22.205 0.3000000119
128104  30.938  -85.881  24.285 0.3000000119
7114  31.150  -85.756  22.699 0.3000000119
7115  29.722  -86.375  23.265 0.4000000060
148812  29.292  -86.934  22.813 0.4000000060
6380  28.131  -86.858  23.998 0.4000000060
6381  27.460  -87.375  24.336 0.3000000119
129038  29.850  -85.885  25.608 0.3000000119
127324  29.797  -85.957  24.729 0.4000000060
7080  29.171  -85.990  25.039 0.4000000060
7116  28.924  -86.605  23.722 0.4000000060
124309  30.794  -86.380  25.921 0.3000000119
7082  27.730  -86.585  24.996 0.4000000060
7054  30.515  -86.752  27.579 0.4000000060
7063  30.240  -86.367  26.633 0.4000000060
6372  26.808  -87.247  25.146 0.4000000060
7083  26.220  -86.843  25.876 0.3000000119
7064  29.432  -85.848  26.397 0.4000000060
130059  29.107  -85.764  25.739 0.3000000119
7081  28.462  -86.012  25.416 0.4000000060
132509  29.241  -85.922  27.771 0.4000000060
129222  27.140  -85.711  26.893 0.5000000000
7066  27.666  -86.025  26.034 0.4000000060
131455  30.613  -78.360  22.919 0.5000000000
123822  29.363  -85.923  29.125 0.4000000060
133827  27.037  -86.586  25.678 0.4000000060
12125  26.784  -79.177  23.222 0.3000000119
12957  28.016  -78.302  23.298 0.4000000060
8456  24.162  -83.957  26.010 0.3000000119
14690  33.444  -76.348  20.677 0.4000000060
15559  32.712  -75.918  21.301 0.4000000060
11350  37.363  -80.419  21.975 0.4000000060
12119  37.003  -80.281  22.639 0.4000000060
11360  35.752  -80.422  22.382 0.4000000060
7766  28.515  -85.575  27.256 0.4000000060
7065  28.591  -85.688  26.322 0.3000000119
7780  27.904  -85.580  26.747 0.5000000000
127131  34.730  -80.211  22.871 0.4000000060
12140  33.120  -79.518  22.994 0.4000000060
7754  28.627  -85.583  28.427 0.4000000060
12956  28.865  -78.041  23.062 0.4000000060
7067  26.669  -86.244  26.364 0.4000000060
12955  30.197  -78.536  23.629 0.5000000000
7068  25.638  -86.272  26.493 0.5000000000
12939  27.623  -78.607  24.156 0.4000000060
12126  26.225  -79.563  23.808 0.4000000060
8446  24.473  -84.036  26.831 0.3000000119
12103  25.723  -79.849  24.423 0.4000000060
15560  31.974  -75.260  22.010 0.4000000060
126811  37.967  -79.672  21.554 0.4000000060
7755  27.744  -85.232  28.412 0.4000000060
7767  27.680  -85.342  27.577 0.4000000060
12121  33.792  -79.813  23.375 0.4000000060
12122  32.395  -79.424  23.547 0.5000000000
7756  27.099  -85.001  28.121 0.4000000060
12123  31.775  -79.437  24.120 0.5000000000
8415  27.283  -84.841  28.861 0.4000000060
8416  26.611  -84.443  28.581 0.4000000060
8431  26.327  -84.709  27.997 0.4000000060
8432  25.486  -84.360  27.775 0.5000000000
8433  24.852  -83.979  27.458 0.5000000000
133226  34.324  -79.828  23.596 0.4000000060
9081  25.962  -83.063  29.354 0.4000000060
9112  24.542  -83.083  27.347 0.5000000000
12938  28.587  -78.495  24.140 0.4000000060
9839  24.368  -82.456  26.763 0.4000000060
11309  25.142  -80.268  26.002 0.4000000060
144369  25.918  -79.569  24.980 0.4000000060
12102  26.338  -79.349  24.658 0.4000000060
12094  34.958  -79.456  23.991 0.4000000060
12916  37.115  -78.825  24.446 0.3000000119
8417  25.887  -83.963  28.353 0.4000000060
9111  25.172  -83.482  27.948 0.4000000060
12935  33.967  -79.337  24.362 0.4000000060
22572  28.952  -68.444  22.787 0.4000000060
10491  25.739  -81.696  29.805 0.4000000060
9785  25.722  -82.321  29.364 0.4000000060
10531  24.692  -81.933  27.532 0.5000000000
11299  24.741  -81.190  26.970 0.5000000000
12936  33.107  -79.331  24.759 0.5000000000
12097  31.231  -79.388  24.665 0.4000000060
11279  25.791  -80.775  28.685 0.4000000060
11310  24.698  -80.907  26.213 0.4000000060
136663  29.485  -79.006  24.650 0.4000000060
12082  26.374  -79.464  25.578 0.4000000060
12100  28.115  -78.923  24.992 0.4000000060
13831  38.261  -78.782  24.244 0.4000000060
12934  35.498  -78.902  24.405 0.3000000119
146760  25.278  -82.131  28.460 0.4000000060
10530  25.359  -81.340  28.191 0.4000000060
145001  34.574  -78.835  24.581 0.3000000119
11278  26.236  -80.067  28.302 0.4000000060
11297  26.235  -79.854  27.356 0.4000000060
127260  25.115  -81.076  27.518 0.4000000060
11298  25.302  -80.452  26.897 0.5000000000
134782  26.705  -79.435  28.040 0.4000000060
12901  27.259  -78.860  27.723 0.4000000060
137960  27.395  -79.383  26.087 0.4000000060
137719  27.941  -79.275  25.691 0.4000000060
12079  30.779  -79.319  25.287 0.4000000060
14663  40.687  -78.161  23.514 0.4000000060
12064  26.750  -79.503  26.646 0.4000000060
132413  22.682  -87.363  21.955 0.3000000119
7097  32.753  -86.225  23.817 0.3000000119
7078  31.296  -86.260  25.095 0.3000000119
135533  31.094  -86.985  26.911 0.4000000060
7740  28.834  -85.635  29.583 0.4000000060
7741  28.004  -85.310  29.248 0.4000000060
9079  26.988  -84.166  30.332 0.4000000060
10490  25.913  -82.137  30.172 0.4000000060
12917  35.994  -78.269  25.102 0.3000000119
11260  25.984  -80.153  29.152 0.4000000060
13820  37.525  -78.173  24.816 0.4000000060
12918  34.903  -78.278  25.168 0.4000000060
12919  33.835  -78.563  25.070 0.4000000060
13802  27.606  -77.941  27.717 0.4000000060
145867  28.245  -79.126  26.927 0.4000000060
12063  28.962  -79.259  26.322 0.4000000060
128339  31.970  -78.798  25.398 0.3000000119
12920  32.340  -79.336  25.006 0.4000000060
13801  28.470  -77.861  27.297 0.4000000060
14664  39.721  -77.651  24.275 0.4000000060
5181  30.044  -89.173  19.801 0.3000000119
5747  31.237  -88.072  19.775 0.3000000119
6422  23.121  -87.951  21.261 0.3000000119
6412  23.407  -87.504  22.107 0.3000000119
6409  30.523  -87.346  20.268 0.3000000119
125661  30.576  -86.136  22.426 0.4000000060
6396  28.647  -87.295  23.043 0.4000000060
125180  30.376  -85.930  23.805 0.3000000119
7079  30.462  -85.975  24.918 0.3000000119
7099  29.388  -86.149  24.234 0.4000000060
7100  28.585  -86.333  24.553 0.4000000060
7062  31.821  -86.875  26.129 0.3000000119
7752  30.097  -86.331  29.052 0.4000000060
7781  26.235  -85.796  27.020 0.4000000060
8445  24.965  -84.887  27.189 0.5000000000
9854  24.290  -82.462  25.790 0.3000000119
7782  25.483  -85.599  26.994 0.5000000000
9080  26.389  -83.576  29.798 0.4000000060
12065  25.814  -79.795  26.292 0.4000000060
12080  29.421  -79.355  25.878 0.4000000060
15527  37.389  -75.747  25.740 0.4000000060
135463  39.135  -75.337  24.630 0.4000000060
17357  37.699  -74.200  25.418 0.4000000060
17373  38.618  -73.287  24.540 0.3000000119
16432  38.878  -74.231  24.631 0.5000000000
15534  39.395  -76.476  24.535 0.4000000060
15533  40.421  -76.280  23.983 0.4000000060
144897  30.934  -74.552  31.009 0.3000000119
147197  31.347  -74.625  30.519 0.3000000119
127705  34.453  -71.260  27.394 0.3000000119
135268  35.671  -71.812  26.519 0.3000000119
20487  36.025  -70.573  25.934 0.3000000119
20516  37.624  -71.085  24.560 0.3000000119
18262  32.395  -72.924  29.378 0.3000000119
18286  32.771  -72.120  28.857 0.3000000119
147465  33.461  -70.916  28.181 0.3000000119
17283  30.580  -73.618  31.305 0.3000000119
18240  31.259  -72.485  30.359 0.3000000119
20488  35.388  -70.073  26.445 0.3000000119
21556  35.986  -69.692  25.802 0.3000000119
19325  32.148  -71.796  29.424 0.3000000119
21542  33.789  -69.672  27.770 0.3000000119
129109  34.739  -69.975  26.938 0.3000000119
20439  31.783  -70.284  29.574 0.3000000119
20456  32.448  -70.418  28.981 0.3000000119
22533  33.863  -68.220  27.761 0.3000000119
21513  32.324  -69.644  29.166 0.3000000119
22534  33.229  -68.224  28.459 0.3000000119
19306  31.040  -71.362  30.380 0.3000000119
21540  34.969  -69.167  26.714 0.3000000119
23491  35.387  -67.849  26.330 0.3000000119
23497  36.183  -67.421  25.330 0.3000000119
22527  31.923  -68.429  29.667 0.3000000119
22543  34.444  -68.648  27.252 0.3000000119
134236  35.407  -67.099  26.379 0.3000000119
22526  32.576  -68.159  29.130 0.3000000119
23478  33.609  -67.470  28.216 0.3000000119
23477  34.083  -67.466  27.708 0.3000000119
24453  34.475  -66.186  27.582 0.3000000119
24477  36.873  -66.675  24.151 0.3000000119
23490  35.778  -67.591  25.857 0.3000000119
147108  36.151  -66.837  25.366 0.3000000119
25498  37.220  -65.585  24.330 0.3000000119
24489  39.120  -65.919  23.290 0.3000000119
25497  38.249  -65.165  24.266 0.3000000119
25510  39.813  -65.656  24.074 0.3000000119
25509  40.916  -65.961  24.396 0.3000000119
18316  37.928  -72.855  24.961 0.3000000119
16419  38.283  -74.670  25.129 0.4000000060
20504  37.061  -70.601  24.981 0.3000000119
138048  36.096  -68.157  25.500 0.3000000119
16420  37.621  -74.965  25.573 0.5000000000
18263  31.803  -72.459  29.777 0.3000000119
20470  34.238  -70.386  27.452 0.3000000119
19369  35.058  -71.717  26.983 0.3000000119
19386  36.126  -71.454  26.103 0.3000000119
19403  37.179  -71.487  25.164 0.3000000119
20455  33.075  -70.583  28.484 0.3000000119
129588  31.546  -71.836  29.899 0.3000000119
21557  35.570  -69.254  26.200 0.3000000119
21527  32.762  -69.888  28.682 0.3000000119
24442  33.463  -66.702  28.555 0.3000000119
138070  33.849  -66.033  28.274 0.3000000119
22542  34.917  -68.243  26.747 0.3000000119
23471  32.118  -67.759  29.668 0.3000000119
24452  34.974  -66.672  26.968 0.3000000119
133588  32.829  -78.725  25.297 0.3000000119
13824  33.360  -77.771  25.670 0.4000000060
14651  31.734  -76.709  26.902 0.4000000060
13814  32.411  -77.054  26.520 0.4000000060
13822  35.223  -77.601  25.815 0.3000000119
14649  34.032  -76.543  27.095 0.4000000060
125228  33.553  -76.239  27.508 0.3000000119
13823  34.298  -77.691  25.696 0.4000000060
14648  34.687  -76.610  26.806 0.4000000060
14630  34.521  -75.970  27.504 0.3000000119
13810  36.241  -76.863  26.152 0.3000000119
13811  35.466  -76.866  26.420 0.4000000060
15517  35.830  -75.740  26.865 0.4000000060
14658  37.798  -76.471  25.462 0.3000000119
14646  36.595  -76.407  26.170 0.4000000060
16407  36.319  -75.274  26.522 0.4000000060
14659  37.230  -76.977  25.629 0.3000000119
14657  38.673  -76.933  24.862 0.3000000119
13819  38.048  -77.511  24.967 0.3000000119
142170  36.315  -75.951  26.556 0.4000000060
13813  33.944  -77.094  26.409 0.4000000060
6354  31.948  -87.272  27.148 0.3000000119
12907  29.479  -78.971  26.368 0.3000000119
7778  35.448  -85.460  26.160 0.3000000119
7050  34.247  -86.177  26.853 0.3000000119
146864  32.917  -86.540  27.765 0.3000000119
7053  31.352  -87.083  27.803 0.3000000119
13825  32.380  -77.859  25.828 0.3000000119
12908  28.728  -78.859  26.805 0.3000000119
8430  33.875  -84.214  27.760 0.3000000119
7751  32.608  -85.961  28.353 0.3000000119
8413  33.320  -84.964  28.093 0.3000000119
132766  30.965  -86.341  29.086 0.3000000119
7739  29.672  -85.763  29.698 0.3000000119
13815  31.522  -77.562  26.335 0.3000000119
9797  34.332  -82.546  28.188 0.3000000119
131979  33.319  -84.084  28.239 0.3000000119
9110  33.710  -83.418  28.045 0.3000000119
133164  31.843  -85.685  28.938 0.3000000119
8414  32.588  -84.621  28.617 0.3000000119
8401  30.240  -85.076  30.228 0.3000000119
9799  32.973  -82.843  28.809 0.3000000119
8399  32.294  -83.884  29.064 0.3000000119
136054  31.083  -84.966  29.722 0.3000000119
133319  31.598  -84.098  29.563 0.3000000119
8388  27.785  -84.606  30.750 0.3000000119
9767  26.361  -82.354  30.829 0.3000000119
140805  25.762  -80.099  29.943 0.3000000119
9780  33.228  -82.364  28.993 0.3000000119
125385  28.721  -84.758  30.937 0.3000000119
8387  29.609  -84.651  30.750 0.3000000119
9766  26.996  -82.907  31.270 0.3000000119
13816  30.090  -77.413  26.808 0.3000000119
9782  31.733  -82.668  29.866 0.3000000119
10489  32.121  -82.108  29.951 0.3000000119
9078  31.310  -83.504  29.946 0.3000000119
9060  30.422  -83.877  30.521 0.3000000119
9049  27.819  -83.181  31.443 0.3000000119
11240  25.916  -80.525  30.518 0.3000000119
12890  27.007  -78.094  28.192 0.3000000119
13800  29.454  -77.133  27.280 0.3000000119
129077  31.173  -76.457  27.314 0.3000000119
12921  30.273  -79.077  25.914 0.3000000119
9763  30.230  -82.647  30.730 0.3000000119
9765  28.619  -83.247  31.379 0.3000000119
10457  26.501  -81.538  31.159 0.3000000119
12882  26.193  -78.616  29.344 0.3000000119
7043  31.606  -86.624  28.493 0.3000000119
7779  34.665  -85.235  26.813 0.3000000119
7765  33.310  -85.842  27.827 0.3000000119
5169  30.376  -89.417  20.019 0.3000000119
5706  27.038  -88.264  23.814 0.3000000119
6400  23.010  -86.987  22.674 0.3000000119
6420  31.826  -87.176  19.676 0.3000000119
6421  31.050  -87.673  19.674 0.3000000119
7044  30.764  -86.689  28.439 0.3000000119
7045  29.989  -86.460  28.200 0.4000000060
7052  32.225  -86.972  27.897 0.3000000119
7055  29.731  -86.239  27.266 0.4000000060
7131  31.657  -85.840  21.318 0.3000000119
7132  30.940  -86.584  20.896 0.3000000119
7723  29.206  -85.351  30.377 0.3000000119
7737  31.241  -85.574  29.364 0.3000000119
7738  30.532  -85.775  29.585 0.3000000119
7753  29.508  -86.093  28.589 0.4000000060
7764  33.936  -85.289  27.424 0.3000000119
7768  26.723  -85.298  27.510 0.4000000060
7769  25.838  -85.174  27.488 0.5000000000
7805  32.853  -85.455  21.681 0.3000000119
8400  31.794  -84.769  29.207 0.3000000119
8402  28.267  -85.266  30.257 0.4000000060
8403  27.446  -84.886  29.883 0.4000000060
8404  26.794  -84.298  29.354 0.4000000060
8429  34.518  -84.357  27.235 0.3000000119
9061  29.344  -83.774  31.145 0.3000000119
9062  28.262  -83.997  31.291 0.3000000119
9063  27.356  -83.789  31.084 0.3000000119
9064  26.637  -83.302  30.643 0.3000000119
9076  32.593  -83.189  29.009 0.3000000119
9077  32.033  -83.295  29.448 0.3000000119
9095  32.980  -83.478  28.537 0.3000000119
9096  26.202  -83.721  28.966 0.4000000060
9097  25.531  -83.021  28.655 0.4000000060
9130  24.294  -83.209  26.349 0.3000000119
9749  28.424  -82.467  31.414 0.3000000119
9781  32.548  -82.597  29.355 0.3000000119
9783  30.986  -82.924  30.291 0.3000000119
9784  26.114  -82.794  30.056 0.4000000060
9798  33.565  -82.794  28.406 0.3000000119
9818  34.728  -82.785  27.589 0.3000000119
9819  34.107  -82.957  27.882 0.3000000119
10472  29.825  -81.884  31.011 0.3000000119
10473  25.987  -81.461  30.526 0.3000000119
10474  25.736  -80.902  29.701 0.4000000060
10510  25.630  -81.551  29.033 0.4000000060
10539  24.475  -81.728  26.498 0.4000000060
11239  26.242  -80.896  30.985 0.3000000119
11322  25.503  -79.938  25.286 0.4000000060
11323  24.872  -80.720  25.302 0.4000000060
11351  36.534  -80.390  22.555 0.4000000060
11359  36.943  -80.502  21.760 0.5000000000
11367  38.289  -80.254  20.975 0.5000000000
11368  37.853  -80.342  20.922 0.5000000000
11369  36.851  -80.379  20.591 0.4000000060
11378  38.164  -80.100  20.627 0.4000000060
12030  25.892  -79.394  29.710 0.3000000119
12041  26.269  -79.410  28.818 0.4000000060
12053  27.681  -79.282  27.013 0.4000000060
12054  26.973  -79.393  27.387 0.4000000060
12078  31.578  -79.314  25.141 0.4000000060
12081  28.649  -79.358  25.760 0.4000000060
12095  33.409  -79.672  24.084 0.4000000060
12096  32.566  -79.562  24.363 0.4000000060
12098  30.310  -79.126  24.539 0.4000000060
12099  29.046  -79.243  25.158 0.4000000060
12101  27.184  -79.071  25.021 0.4000000060
12118  38.150  -80.185  21.695 0.5000000000
12120  35.576  -80.195  23.155 0.5000000000
12124  30.968  -79.028  23.911 0.5000000000
12137  38.428  -80.167  21.025 0.5000000000
12138  35.138  -80.272  21.796 0.4000000060
12151  33.756  -79.423  21.152 0.5000000000
12160  37.565  -79.955  20.182 0.4000000060
12161  36.833  -79.982  19.698 0.4000000060
12163  35.169  -79.131  18.851 0.4000000060
12900  28.045  -78.740  27.248 0.4000000060
12905  31.586  -78.315  25.821 0.3000000119
12906  30.911  -78.403  26.092 0.3000000119
12915  37.967  -79.481  23.375 0.5000000000
12937  29.472  -78.407  23.779 0.5000000000
12940  26.818  -78.888  24.067 0.4000000060
12950  39.037  -79.848  21.762 0.5000000000
12951  38.154  -79.371  22.069 0.5000000000
12952  37.723  -79.647  21.831 0.4000000060
12953  36.718  -78.665  21.973 0.4000000060
12954  31.578  -78.850  23.205 0.4000000060
12958  27.309  -78.646  23.491 0.4000000060
12971  39.213  -79.870  21.582 0.6999999881
12976  31.239  -78.394  22.013 0.6000000238
12986  37.978  -79.876  20.491 0.4000000060
12992  30.961  -78.655  20.522 0.5000000000
12993  30.010  -78.694  20.764 0.5000000000
13013  35.118  -78.821  18.861 0.4000000060
13789  26.603  -77.909  28.888 0.3000000119
13812  34.744  -77.178  26.302 0.4000000060
13817  29.306  -77.987  26.812 0.4000000060
13821  36.668  -77.576  25.497 0.3000000119
13830  38.917  -78.257  24.344 0.4000000060
13832  37.435  -78.810  21.823 0.4000000060
13842  40.846  -78.285  22.406 0.6999999881
13844  39.201  -79.844  21.637 0.6999999881
13845  38.161  -78.940  21.831 0.6000000238
13846  36.159  -78.161  22.721 0.5000000000
14645  37.105  -76.257  25.844 0.3000000119
14647  35.999  -76.325  26.598 0.4000000060
14650  32.604  -76.431  27.190 0.3000000119
14652  30.912  -77.037  26.849 0.3000000119
14666  35.647  -77.015  24.164 0.6000000238
14675  41.186  -78.217  22.904 0.4000000060
14678  37.423  -77.333  23.167 0.6000000238
14682  41.245  -77.388  21.920 0.6000000238
14683  40.328  -78.114  21.888 0.6999999881
14685  33.103  -76.741  22.056 0.4000000060
15516  36.751  -75.831  26.183 0.4000000060
15526  38.314  -75.765  25.214 0.4000000060
15528  33.988  -75.202  25.214 0.6999999881
15529  32.880  -75.342  25.266 0.6000000238
15540  31.582  -75.708  24.246 0.5000000000
15543  42.374  -76.407  22.415 0.6000000238
15544  41.739  -76.605  23.229 0.6000000238
15545  40.915  -75.560  23.582 0.5000000000
15548  36.953  -75.420  23.626 0.6000000238
15552  42.584  -76.078  21.553 0.6000000238
15554  40.842  -77.154  21.515 0.6000000238
15558  42.064  -76.035  21.087 0.6000000238
16331  30.397  -74.467  31.639 0.3000000119
16406  36.924  -75.160  25.974 0.5000000000
16425  30.580  -74.504  25.291 0.5000000000
16442  42.164  -74.886  22.684 0.5000000000
16446  35.987  -74.182  24.052 0.6999999881
16448  30.741  -74.834  23.757 0.5000000000
16450  42.829  -75.004  22.055 0.6000000238
17282  31.234  -73.693  30.605 0.3000000119
17301  31.722  -74.326  30.089 0.3000000119
17341  37.129  -74.348  25.777 0.4000000060
17344  31.606  -73.445  26.423 0.6000000238
17356  38.119  -73.744  25.052 0.3000000119
17358  37.374  -73.433  25.528 0.3000000119
17372  39.480  -73.801  24.099 0.6000000238
17377  29.698  -73.423  25.260 0.5000000000
17390  35.812  -73.454  24.027 0.6999999881
17391  30.226  -73.294  23.783 0.5000000000
17406  42.359  -74.508  21.112 0.6000000238
17414  41.284  -73.721  20.705 0.6999999881
18304  30.365  -72.668  26.828 0.6999999881
18305  29.104  -72.121  26.467 0.5000000000
18333  34.835  -72.609  24.591 0.6000000238
18334  29.397  -72.727  25.179 0.5000000000
18344  40.298  -73.001  23.073 0.6000000238
18357  42.282  -73.700  22.006 0.5000000000
18372  40.075  -73.187  20.732 0.6999999881
18378  43.742  -72.695  20.400 0.6000000238
18380  42.864  -73.367  20.246 0.6000000238
18388  42.019  -72.718  19.736 0.6000000238
19326  31.625  -71.140  29.743 0.3000000119
19348  32.623  -71.216  28.857 0.3000000119
19371  33.843  -71.158  27.810 0.3000000119
19373  29.038  -71.196  27.407 0.6000000238
19387  35.526  -71.065  26.498 0.3000000119
19404  36.670  -71.926  25.720 0.3000000119
19405  33.547  -71.175  25.435 0.6999999881
19407  29.023  -71.934  25.190 0.5000000000
19408  28.709  -71.791  25.992 0.4000000060
19418  38.225  -71.576  24.199 0.4000000060
19433  35.098  -71.173  24.117 0.6000000238
19443  40.522  -71.757  22.187 0.6000000238
19444  37.394  -71.233  21.977 0.5000000000
19455  43.535  -73.236  20.920 0.6000000238
19461  45.485  -71.619  19.920 0.5000000000
19463  43.923  -72.433  20.550 0.5000000000
19472  43.781  -72.417  19.592 0.6000000238
19479  42.778  -71.568  18.948 0.6000000238
20438  32.149  -70.953  29.300 0.3000000119
20469  34.890  -70.750  26.952 0.3000000119
20471  33.607  -70.416  28.000 0.3000000119
20472  31.179  -70.263  27.332 0.6000000238
20475  28.617  -70.513  27.401 0.6000000238
20505  36.604  -71.023  25.535 0.3000000119
20506  33.374  -70.315  25.394 0.6999999881
20507  32.788  -70.025  25.836 0.6999999881
20517  34.336  -70.243  24.612 0.6999999881
20527  38.746  -70.785  23.214 0.4000000060
20528  36.068  -70.076  23.033 0.6000000238
20536  40.485  -71.090  21.757 0.6000000238
20537  39.602  -70.895  22.431 0.4000000060
20538  38.862  -70.066  22.717 0.4000000060
20539  37.181  -70.379  21.960 0.6000000238
20565  46.273  -70.583  19.982 0.5000000000
20566  45.885  -71.052  20.095 0.5000000000
20571  39.148  -70.584  20.060 0.5000000000
20577  45.737  -71.197  19.910 0.6000000238
20578  45.168  -71.788  19.715 0.6000000238
20585  44.344  -71.452  19.257 0.6000000238
20586  43.249  -70.928  18.659 0.4000000060
21514  31.650  -69.295  29.739 0.3000000119
21526  33.276  -69.772  28.314 0.3000000119
21528  28.590  -69.082  28.297 0.5000000000
21541  34.377  -69.463  27.299 0.3000000119
21546  28.304  -69.609  27.781 0.6000000238
21547  27.761  -69.120  27.298 0.5000000000
21566  36.462  -69.334  25.332 0.3000000119
21569  28.101  -69.870  24.928 0.4000000060
21572  37.324  -69.282  24.345 0.4000000060
21580  35.644  -69.202  23.279 0.6000000238
21581  35.003  -69.433  23.894 0.6999999881
21607  46.330  -70.595  19.996 0.4000000060
21608  45.588  -70.435  20.373 0.4000000060
21611  41.375  -69.057  20.750 0.4000000060
21619  40.418  -69.507  19.106 0.4000000060
21622  45.769  -70.255  19.658 0.6000000238
21623  44.749  -69.945  18.914 0.5000000000
22535  32.826  -69.082  28.694 0.3000000119
22536  29.095  -68.248  28.506 0.5000000000
22538  27.771  -67.643  28.105 0.5000000000
22548  35.968  -68.831  25.734 0.3000000119
22549  35.449  -68.580  26.278 0.3000000119
22555  36.779  -68.970  24.906 0.4000000060
22557  33.376  -68.435  25.243 0.6999999881
22562  36.526  -68.177  24.968 0.4000000060
22563  34.520  -68.284  24.232 0.6999999881
22571  35.057  -68.665  23.725 0.6999999881
22577  38.389  -68.577  22.656 0.4000000060
22584  42.734  -68.333  21.204 0.5000000000
22587  39.617  -68.507  21.681 0.4000000060
22589  37.083  -68.390  21.351 0.6000000238
22598  46.410  -70.119  20.032 0.5000000000
22600  44.820  -69.133  20.631 0.5000000000
22604  37.902  -68.035  20.468 0.6000000238
23469  33.014  -67.407  28.785 0.3000000119
23470  32.501  -67.282  29.391 0.3000000119
23483  34.943  -67.444  26.841 0.3000000119
23484  34.466  -67.835  27.285 0.3000000119
23486  30.728  -67.049  27.895 0.5000000000
23499  32.964  -67.287  25.787 0.8000000119
23504  36.536  -67.413  24.775 0.3000000119
23515  37.320  -67.446  23.641 0.4000000060
23527  38.484  -67.555  22.476 0.4000000060
23538  37.396  -67.306  20.788 0.6000000238
23545  45.611  -67.854  20.132 0.6000000238
23547  37.888  -67.078  20.423 0.6000000238
23553  45.702  -67.873  19.917 0.6000000238
23554  45.336  -67.587  19.619 0.5000000000
23556  39.575  -67.312  19.306 0.6000000238
24441  34.007  -66.810  27.955 0.3000000119
24461  32.591  -66.908  26.280 0.6000000238
24467  36.258  -66.206  25.343 0.3000000119
24478  36.420  -66.803  24.974 0.3000000119
24479  34.449  -66.778  24.456 0.6999999881
24491  37.674  -65.817  23.688 0.3000000119
24501  36.491  -66.587  21.828 0.6999999881
24511  37.480  -66.696  20.672 0.6999999881
24512  37.015  -66.468  21.166 0.6999999881
24528  38.424  -66.186  19.676 0.6000000238
24529  38.039  -66.198  20.038 0.6000000238
24532  40.576  -66.555  18.309 0.5000000000
24534  41.896  -65.915  17.574 0.5000000000
25469  30.619  -65.676  28.208 0.4000000060
25478  31.950  -65.724  27.222 0.5000000000
25488  33.540  -65.901  25.690 0.6000000238
25511  38.751  -65.562  23.809 0.4000000060
25553  42.815  -65.465  17.771 0.5000000000
25554  42.186  -65.230  17.591 0.4000000060
25555  41.315  -65.418  17.551 0.4000000060
26486  31.787  -64.327  27.443 0.4000000060
26497  33.257  -64.460  26.178 0.5000000000
26499  32.195  -64.935  27.103 0.4000000060
26523  34.798  -64.678  24.251 0.5000000000
26551  37.544  -65.439  20.342 0.6999999881
26557  37.854  -65.124  19.796 0.6000000238
26558  42.683  -64.719  17.848 0.4000000060
26560  39.619  -64.981  17.955 0.5000000000
27562  34.099  -64.049  25.180 0.5000000000
27584  34.695  -63.405  23.819 0.4000000060
123150  29.687  -78.099  22.854 0.4000000060
123813  39.769  -78.816  23.442 0.4000000060
124275  26.870  -88.074  24.593 0.3000000119
124439  36.748  -64.411  21.180 0.5000000000
124698  30.121  -78.314  26.381 0.3000000119
124825  28.277  -79.317  26.415 0.4000000060
126190  42.646  -74.764  21.389 0.6000000238
126425  41.661  -72.823  21.954 0.6000000238
126709  27.834  -79.895  21.660 0.4000000060
127474  29.909  -79.325  25.308 0.4000000060
127761  31.772  -73.312  29.944 0.3000000119
127802  30.709  -77.709  26.461 0.3000000119
128373  27.336  -66.812  24.922 0.5000000000
128528  33.038  -79.663  23.761 0.5000000000
129033  31.284  -70.635  30.102 0.3000000119
129132  34.808  -86.093  26.426 0.3000000119
129931  35.330  -73.033  24.305 0.6000000238
130043  33.492  -68.998  28.122 0.3000000119
130074  25.723  -80.582  27.823 0.4000000060
130212  24.468  -84.876  26.356 0.3000000119
131508  36.640  -74.460  23.615 0.6999999881
131632  34.728  -79.416  19.862 0.4000000060
131757  32.863  -68.033  25.690 0.8000000119
132094  37.878  -65.762  20.005 0.6000000238
132267  31.309  -85.749  23.367 0.3000000119
132487  45.237  -71.894  20.009 0.5000000000
132679  35.440  -69.919  23.602 0.6000000238
132708  33.242  -76.723  26.784 0.4000000060
132822  31.155  -68.773  27.330 0.6000000238
132834  31.157  -78.952  25.586 0.3000000119
134418  38.537  -65.134  19.118 0.6000000238
134450  39.328  -67.276  22.133 0.4000000060
134699  35.911  -77.393  25.845 0.3000000119
134779  44.868  -68.170  18.857 0.5000000000
134860  37.876  -64.261  19.584 0.6000000238
135026  40.393  -77.280  24.019 0.4000000060
135167  27.584  -66.039  27.665 0.4000000060
135730  36.539  -70.145  25.404 0.3000000119
135813  34.510  -67.057  27.401 0.3000000119
136003  33.299  -71.477  28.375 0.3000000119
136071  27.343  -67.673  26.127 0.5000000000
137735  31.915  -79.450  24.702 0.5000000000
138246  28.400  -71.189  26.072 0.4000000060
138366  37.186  -78.799  21.675 0.4000000060
138997  35.323  -76.176  26.947 0.4000000060
140058  40.333  -76.543  21.643 0.6999999881
140305  36.628  -74.591  26.189 0.4000000060
140604  35.978  -65.205  22.380 0.6000000238
142446  32.299  -68.920  29.283 0.3000000119
142637  37.741  -67.518  20.535 0.6000000238
142732  43.228  -68.089  18.128 0.5000000000
142752  38.995  -68.383  19.712 0.6000000238
143087  39.872  -69.872  19.428 0.6000000238
143188  26.624  -78.724  28.462 0.3000000119
143210  29.422  -72.675  26.259 0.5000000000
143238  35.226  -64.739  23.569 0.5000000000
143442  32.360  -69.800  26.253 0.6999999881
143560  32.447  -66.658  29.647 0.3000000119
143924  35.748  -68.194  25.918 0.3000000119
144133  39.739  -66.748  22.460 0.4000000060
144185  30.411  -74.161  23.761 0.5000000000
144405  29.947  -68.432  28.263 0.6000000238
144437  41.750  -73.065  20.123 0.6999999881
144444  33.179  -79.303  22.072 0.6000000238
144615  33.048  -77.268  26.216 0.4000000060
144662  30.973  -84.326  30.056 0.3000000119
145503  29.104  -85.785  26.983 0.4000000060
146621  34.099  -71.278  25.010 0.6000000238
146822  28.997  -77.495  27.255 0.3000000119
146929  36.676  -76.869  25.900 0.3000000119
146936  34.151  -71.604  27.629 0.3000000119
147242  35.272  -75.625  27.238 0.3000000119
148083  43.419  -73.574  21.002 0.6000000238
148344  33.962  -69.001  27.624 0.3000000119
148521  35.549  -64.775  22.940 0.5000000000
148661  24.973  -82.681  27.997 0.4000000060
