#!ascii label  , from subject sub-v2s10x28995_ses-1 vox2ras=TkReg
1149
12364  38.756  -70.663  10.443 0.3000000119
20980  38.578  -60.060  8.204 0.6000000238
24892  40.174  -56.855  5.468 0.6999999881
24889  39.400  -56.594  5.777 0.6999999881
13272  38.433  -70.065  10.975 0.4000000060
152801  35.867  -63.648  12.911 0.4000000060
13258  38.957  -69.533  11.551 0.5000000000
13257  39.782  -69.364  11.382 0.5000000000
20981  37.666  -60.275  9.265 0.6999999881
21945  39.671  -59.434  6.617 0.6999999881
21933  39.184  -59.227  7.860 0.5000000000
23931  40.454  -57.498  6.179 0.6000000238
23939  40.178  -57.604  5.659 0.6000000238
140161  40.541  -56.134  5.323 0.6999999881
159553  39.608  -55.262  5.488 0.6999999881
14148  38.031  -68.397  12.646 0.5000000000
17450  36.086  -64.233  13.479 0.4000000060
14164  38.492  -68.955  12.108 0.6000000238
19216  35.982  -62.327  11.661 0.4000000060
152276  36.287  -61.582  11.871 0.5000000000
160730  39.175  -67.705  12.775 0.6000000238
145808  36.457  -61.060  11.182 0.6000000238
20968  36.889  -60.455  10.468 0.6000000238
14146  39.701  -67.868  12.307 0.6000000238
21923  37.936  -59.490  9.343 0.6000000238
22944  39.786  -58.663  7.136 0.6000000238
23932  40.192  -58.121  6.574 0.6000000238
26780  41.244  -55.070  5.712 0.6999999881
24888  40.632  -56.662  5.793 0.6999999881
25832  41.043  -55.416  5.280 0.6999999881
26789  40.901  -54.876  4.924 0.6999999881
27610  39.163  -53.813  5.985 0.6999999881
26791  41.119  -54.400  4.911 0.6999999881
27618  40.489  -53.671  4.844 0.6999999881
28410  40.149  -52.945  4.992 0.6999999881
28411  41.288  -52.793  4.758 0.6999999881
14149  37.311  -68.228  12.579 0.5000000000
15815  36.781  -66.404  13.481 0.5000000000
149436  36.318  -65.671  13.470 0.5000000000
19201  36.239  -62.155  12.721 0.4000000060
14980  38.077  -67.223  13.462 0.5000000000
20073  36.503  -61.245  12.695 0.5000000000
20955  36.627  -60.414  11.630 0.6000000238
15827  39.478  -66.469  13.024 0.6000000238
15828  38.944  -67.186  13.159 0.5000000000
17433  39.275  -64.569  13.754 0.5000000000
159453  38.099  -58.874  9.405 0.6999999881
23920  39.185  -58.163  8.304 0.6000000238
21922  38.469  -59.232  8.755 0.6999999881
25817  40.213  -56.143  7.502 0.6000000238
23919  39.711  -57.656  7.647 0.6000000238
165344  40.688  -55.020  7.023 0.6000000238
24878  40.573  -56.582  6.545 0.6000000238
27609  41.347  -53.678  6.203 0.6000000238
27608  41.423  -53.705  5.446 0.6999999881
28401  39.353  -52.803  5.785 0.6999999881
28399  41.584  -52.975  5.776 0.6000000238
29253  40.733  -52.278  4.674 0.6999999881
29254  40.361  -51.453  4.903 0.6999999881
28408  41.490  -52.874  5.130 0.6999999881
18277  36.575  -63.181  13.904 0.4000000060
15814  37.644  -66.460  13.663 0.5000000000
17436  36.616  -64.816  13.963 0.4000000060
20060  36.718  -61.654  13.440 0.5000000000
17435  37.658  -64.876  14.197 0.4000000060
21911  37.341  -59.631  10.302 0.6000000238
16624  38.145  -65.717  13.862 0.4000000060
17419  37.857  -64.012  14.338 0.4000000060
17434  38.420  -64.486  14.167 0.4000000060
18263  38.134  -63.207  14.400 0.4000000060
22922  37.980  -58.276  9.839 0.6999999881
22934  38.551  -58.547  8.926 0.6000000238
24865  39.642  -56.622  8.101 0.6000000238
26770  40.246  -55.201  7.686 0.6000000238
27599  40.883  -53.581  7.043 0.6000000238
29244  39.618  -51.277  5.604 0.6999999881
30208  40.956  -50.851  4.546 0.6999999881
29255  41.907  -51.221  4.571 0.6000000238
30212  41.529  -51.276  4.479 0.6000000238
18264  37.219  -63.416  14.312 0.4000000060
156031  37.041  -62.098  14.050 0.4000000060
144957  37.202  -58.951  11.094 0.6999999881
19168  37.548  -62.610  14.337 0.4000000060
22923  37.511  -58.247  10.778 0.8000000119
18276  38.732  -63.842  14.211 0.5000000000
23912  38.453  -57.619  9.407 0.6999999881
24857  38.905  -56.136  9.128 0.6000000238
26761  39.805  -54.550  8.379 0.5000000000
25807  39.583  -55.506  8.471 0.6000000238
149140  39.384  -50.384  6.038 0.6999999881
29235  41.323  -51.570  6.897 0.6000000238
28400  41.249  -52.951  6.646 0.6000000238
30209  40.063  -50.620  5.208 0.8000000119
32178  39.942  -48.835  5.602 0.8000000119
29243  41.834  -51.576  5.841 0.6000000238
29252  42.043  -51.476  4.978 0.6000000238
20931  36.958  -60.729  13.358 0.5000000000
20943  36.661  -60.503  12.494 0.6000000238
20058  37.701  -60.717  14.031 0.5000000000
20921  39.207  -60.789  14.297 0.6999999881
19167  38.398  -62.289  14.375 0.4000000060
23901  37.797  -57.570  10.453 0.6999999881
155608  38.344  -56.222  10.101 0.6999999881
26753  39.271  -54.650  9.156 0.6000000238
25800  38.983  -55.286  9.333 0.6000000238
27591  39.882  -53.688  8.412 0.6000000238
31172  39.443  -49.354  6.187 0.6000000238
162794  40.789  -52.895  7.336 0.6000000238
31184  40.727  -49.323  4.763 0.6999999881
32177  40.536  -48.344  5.059 0.6999999881
30200  42.176  -50.822  5.471 0.6999999881
29251  42.208  -50.686  4.704 0.6999999881
31189  41.365  -50.098  4.422 0.6999999881
20930  37.535  -59.979  13.627 0.5000000000
21872  37.374  -59.346  13.237 0.6000000238
158979  37.053  -59.076  12.261 0.6000000238
21870  39.040  -59.354  14.158 0.6999999881
20929  38.469  -60.116  14.174 0.6000000238
22912  37.296  -58.284  11.697 0.6999999881
142380  39.523  -60.055  14.213 0.6999999881
20057  39.795  -61.492  14.103 0.6999999881
24849  37.721  -56.936  11.110 0.6999999881
160158  37.993  -56.387  10.824 0.6999999881
25801  38.537  -55.494  10.055 0.6000000238
33999  39.266  -46.951  7.603 0.5000000000
28381  39.905  -52.795  8.559 0.6000000238
27580  39.454  -53.272  9.230 0.6000000238
33102  39.786  -47.391  6.141 0.6000000238
138785  39.518  -47.085  6.829 0.5000000000
29236  40.690  -51.621  7.761 0.6000000238
28380  40.468  -52.435  7.907 0.6000000238
33112  41.038  -47.761  4.662 0.6000000238
34021  40.152  -46.691  5.714 0.5000000000
34830  40.350  -45.253  5.764 0.5000000000
30186  41.656  -50.812  6.578 0.6999999881
151503  42.100  -50.067  6.220 0.6999999881
31183  42.692  -49.335  4.429 0.6999999881
32185  42.322  -49.221  4.090 0.6999999881
34028  41.549  -47.185  4.344 0.5000000000
31170  42.949  -49.212  5.010 0.6999999881
32184  42.980  -48.195  3.841 0.6000000238
22903  37.436  -58.201  12.514 0.6000000238
22890  38.362  -58.396  13.677 0.6999999881
22891  37.589  -58.686  13.194 0.6000000238
148586  39.651  -57.905  13.892 0.6999999881
24826  37.583  -57.073  11.950 0.6999999881
26743  38.380  -54.963  10.913 0.6999999881
24838  37.863  -56.263  11.694 0.6999999881
26754  38.721  -54.700  10.012 0.6000000238
34819  39.655  -45.604  7.294 0.4000000060
27581  39.032  -53.856  9.860 0.5000000000
35730  39.984  -45.181  6.551 0.4000000060
31156  41.365  -50.006  7.313 0.6000000238
147601  41.125  -46.322  4.719 0.5000000000
34838  40.546  -46.020  5.375 0.5000000000
33121  42.621  -47.628  3.854 0.5000000000
34844  42.043  -45.612  4.000 0.4000000060
31171  42.479  -49.308  5.855 0.6000000238
33110  43.377  -47.931  4.345 0.6999999881
32175  43.186  -48.087  3.984 0.6000000238
162025  43.781  -46.755  3.639 0.5000000000
146164  38.922  -57.781  13.778 0.6000000238
23868  38.183  -57.602  13.366 0.6999999881
23880  37.713  -57.455  12.684 0.6999999881
23865  40.297  -57.553  13.785 0.6999999881
23866  39.464  -57.213  13.770 0.6999999881
24825  37.873  -56.652  12.532 0.6000000238
25779  38.151  -55.370  11.762 0.6000000238
29218  39.518  -51.478  9.841 0.6000000238
165305  38.775  -53.391  10.653 0.5000000000
28371  39.470  -52.380  9.474 0.6000000238
147084  40.781  -50.151  8.060 0.6000000238
30175  40.443  -50.882  8.343 0.6000000238
34845  41.324  -45.613  4.607 0.4000000060
141134  40.772  -45.346  5.207 0.5000000000
35734  40.644  -44.624  5.447 0.4000000060
31155  41.757  -49.240  6.913 0.6000000238
146691  41.290  -44.299  4.652 0.4000000060
32160  42.822  -48.640  5.483 0.6000000238
33119  43.628  -47.236  3.969 0.5000000000
23867  38.649  -57.036  13.514 0.6999999881
24815  38.305  -56.386  13.131 0.6000000238
151426  39.916  -55.952  13.640 0.6999999881
25762  38.569  -55.630  13.151 0.6000000238
25770  38.402  -55.063  12.539 0.6000000238
24812  40.843  -56.060  13.509 0.6999999881
163672  38.540  -53.909  11.517 0.5000000000
30161  39.620  -50.638  10.241 0.6000000238
28363  39.167  -52.111  10.507 0.6000000238
29217  39.895  -50.814  9.216 0.6000000238
30160  40.306  -50.115  8.847 0.5000000000
31143  41.192  -49.240  7.748 0.6000000238
32161  42.090  -48.349  6.643 0.6000000238
34019  43.516  -47.302  4.828 0.5000000000
27544  39.929  -53.834  13.256 0.6999999881
149982  39.269  -53.821  12.948 0.6999999881
28355  38.889  -52.925  11.876 0.6000000238
28354  39.161  -52.011  11.541 0.5000000000
30152  39.835  -49.756  10.588 0.6000000238
30153  39.575  -50.496  11.192 0.6000000238
32135  40.616  -48.588  9.120 0.6000000238
33088  41.586  -47.694  7.594 0.6000000238
34011  42.838  -47.192  5.883 0.5000000000
17448  40.739  -64.302  12.545 0.5000000000
18274  40.402  -63.009  13.348 0.5000000000
18288  41.205  -63.607  12.347 0.5000000000
19200  41.029  -62.799  12.866 0.5000000000
20056  40.584  -61.348  13.642 0.6999999881
147153  41.488  -60.993  13.052 0.6999999881
20072  41.213  -61.783  13.088 0.5000000000
19199  41.722  -62.335  12.410 0.5000000000
161511  40.300  -60.101  13.987 0.6999999881
20055  40.865  -60.627  13.578 0.6999999881
22888  40.260  -58.396  13.898 0.6999999881
159539  39.075  -71.189  9.963 0.3000000119
25830  39.939  -56.029  5.327 0.6999999881
22960  40.024  -58.885  6.245 0.6000000238
26790  40.291  -54.391  5.000 0.6999999881
29245  39.102  -51.284  6.353 0.6999999881
19182  39.412  -62.263  14.144 0.6000000238
27590  40.385  -53.269  7.825 0.6000000238
31188  42.031  -49.975  4.208 0.6999999881
143402  39.979  -48.062  5.740 0.6000000238
32186  41.569  -48.694  4.291 0.6999999881
33113  40.322  -47.504  5.400 0.6000000238
31187  42.449  -49.439  4.172 0.6999999881
34831  40.052  -45.918  6.038 0.5000000000
162403  39.765  -45.904  6.628 0.5000000000
34027  43.244  -46.863  3.674 0.5000000000
160593  38.570  -54.082  10.872 0.5000000000
25761  39.312  -55.431  13.466 0.6999999881
28364  38.850  -52.759  11.036 0.5000000000
32134  40.996  -48.607  8.300 0.6000000238
33087  42.119  -47.221  6.879 0.6000000238
26726  38.726  -54.245  12.632 0.6000000238
165754  39.952  -50.126  9.652 0.6000000238
165379  39.125  -52.943  12.343 0.5000000000
20954  42.772  -60.217  12.149 0.6000000238
23911  45.807  -57.418  9.738 0.6000000238
24856  45.891  -56.531  9.675 0.4000000060
22910  44.066  -58.472  11.295 0.5000000000
21884  42.183  -59.690  12.738 0.6000000238
20112  36.790  -61.701  9.116 0.5000000000
24864  46.979  -56.657  8.495 0.4000000060
20990  38.150  -61.029  8.089 0.5000000000
21910  44.538  -58.967  10.814 0.5000000000
25806  47.029  -55.788  8.336 0.4000000060
21001  39.011  -60.689  6.356 0.5000000000
23899  45.253  -57.777  10.284 0.6000000238
20989  38.812  -60.706  7.206 0.5000000000
22911  43.338  -58.856  11.867 0.5000000000
21885  41.495  -59.510  13.313 0.6000000238
26769  48.172  -54.144  6.546 0.4000000060
25827  48.715  -54.511  6.304 0.4000000060
24846  45.343  -56.904  10.237 0.4000000060
21947  37.982  -60.347  6.018 0.5000000000
23900  44.778  -57.275  10.704 0.5000000000
21009  39.002  -60.402  6.067 0.5000000000
22961  37.917  -59.290  6.458 0.5000000000
22900  42.925  -58.032  12.324 0.6000000238
142634  42.170  -58.070  12.951 0.6000000238
142616  40.960  -58.981  13.671 0.6000000238
22968  39.975  -58.866  5.980 0.5000000000
23938  38.527  -57.495  6.412 0.5000000000
155501  37.596  -58.416  7.041 0.4000000060
23876  43.202  -57.285  12.069 0.5000000000
23890  43.588  -57.868  11.720 0.5000000000
23877  42.497  -57.169  12.625 0.6000000238
24823  42.471  -56.193  12.596 0.6000000238
23878  41.754  -57.398  13.197 0.6000000238
24824  41.758  -56.601  13.139 0.6000000238
23864  41.024  -57.060  13.561 0.6000000238
25798  46.493  -55.333  8.971 0.4000000060
26758  47.600  -54.453  7.371 0.4000000060
24890  38.610  -56.659  6.441 0.5000000000
23933  37.746  -57.642  7.121 0.5000000000
24882  37.179  -56.871  7.918 0.4000000060
164630  39.164  -57.293  5.920 0.6000000238
24836  44.306  -56.133  11.179 0.6000000238
25778  43.644  -55.810  11.655 0.6000000238
142340  43.023  -55.796  12.181 0.6000000238
25768  42.512  -55.353  12.520 0.6000000238
27606  48.787  -53.275  5.656 0.4000000060
24880  38.176  -55.950  7.108 0.5000000000
24867  37.433  -56.037  7.849 0.4000000060
163778  36.010  -56.182  8.667 0.4000000060
25789  45.465  -55.029  10.060 0.6000000238
159611  46.042  -54.957  9.474 0.4000000060
25777  44.434  -54.769  10.952 0.6000000238
24847  44.826  -56.435  10.672 0.6000000238
24837  43.783  -56.863  11.575 0.5000000000
26723  43.383  -54.142  11.780 0.6000000238
26733  43.852  -54.885  11.463 0.5000000000
26725  41.803  -54.759  12.952 0.6000000238
27616  48.985  -52.969  5.386 0.4000000060
27589  47.001  -53.852  8.206 0.4000000060
26771  38.474  -55.103  6.804 0.6000000238
26772  37.968  -54.285  7.624 0.5000000000
26763  36.295  -54.783  8.755 0.5000000000
26752  45.829  -54.278  9.606 0.4000000060
26751  46.442  -54.492  8.970 0.4000000060
27579  45.612  -53.434  9.764 0.5000000000
27570  44.421  -53.356  10.863 0.5000000000
27561  43.819  -53.344  11.408 0.5000000000
26724  42.639  -54.515  12.379 0.6000000238
143227  42.015  -53.966  12.769 0.6000000238
26714  40.414  -54.524  13.415 0.6000000238
29233  47.917  -51.702  6.182 0.4000000060
28398  48.280  -53.026  6.011 0.4000000060
29242  48.899  -51.827  4.952 0.4000000060
29250  49.701  -51.738  4.645 0.4000000060
29234  47.306  -51.584  7.413 0.4000000060
28387  47.620  -52.509  6.890 0.4000000060
27600  38.211  -53.359  7.490 0.6000000238
27592  37.106  -52.915  8.843 0.5000000000
27593  36.177  -54.036  8.965 0.4000000060
28379  46.614  -52.924  8.568 0.4000000060
27569  45.015  -53.352  10.345 0.5000000000
27549  43.228  -53.299  11.897 0.5000000000
148703  42.597  -52.741  12.363 0.6000000238
27551  41.263  -53.378  13.010 0.6000000238
27552  40.324  -53.233  13.092 0.6000000238
152679  49.001  -50.552  4.576 0.4000000060
142381  38.897  -52.144  6.541 0.6000000238
28391  38.388  -52.421  7.347 0.6000000238
28392  37.824  -52.713  8.161 0.5000000000
28372  35.744  -52.199  9.387 0.5000000000
30185  47.020  -50.885  7.865 0.4000000060
28369  46.022  -52.729  9.305 0.4000000060
28370  45.359  -52.492  9.957 0.5000000000
29208  44.512  -51.903  10.816 0.5000000000
146250  42.069  -53.284  12.689 0.5000000000
30206  49.486  -51.123  4.402 0.4000000060
29237  38.562  -51.386  7.209 0.6000000238
29228  38.146  -51.051  7.966 0.5000000000
29219  37.055  -50.925  9.391 0.5000000000
149806  44.962  -51.957  10.344 0.5000000000
149184  43.990  -51.823  11.359 0.4000000060
152501  42.848  -51.954  12.232 0.4000000060
154590  40.938  -51.873  12.811 0.4000000060
28347  40.106  -52.008  12.721 0.6000000238
163228  39.401  -51.733  12.027 0.4000000060
31181  50.057  -49.774  4.047 0.4000000060
31169  48.184  -50.241  5.830 0.4000000060
30201  38.909  -50.647  6.772 0.6000000238
148948  47.530  -49.997  7.085 0.4000000060
32162  39.142  -49.063  6.874 0.5000000000
30188  38.525  -50.346  7.550 0.5000000000
30177  37.520  -50.530  9.100 0.5000000000
30163  36.396  -50.417  9.624 0.4000000060
31145  38.266  -49.668  8.275 0.4000000060
30150  45.304  -50.508  10.072 0.5000000000
30151  44.661  -50.412  10.742 0.5000000000
30137  44.187  -50.308  11.307 0.6000000238
153534  41.935  -50.956  12.656 0.4000000060
29183  41.188  -51.087  12.750 0.4000000060
30126  39.937  -50.806  12.245 0.4000000060
31090  42.980  -49.880  12.260 0.5000000000
32149  38.931  -48.427  7.452 0.5000000000
31157  38.713  -49.361  7.502 0.6000000238
33090  38.907  -47.607  7.941 0.4000000060
162328  40.750  -49.743  12.379 0.5000000000
29197  39.511  -51.167  11.768 0.5000000000
32087  44.012  -48.876  11.587 0.5000000000
30138  43.660  -50.648  11.713 0.5000000000
31091  42.107  -49.758  12.500 0.5000000000
31092  41.435  -49.361  12.436 0.5000000000
31153  48.227  -49.292  6.274 0.4000000060
33077  41.278  -47.331  8.458 0.5000000000
31117  40.143  -49.118  11.273 0.4000000060
31103  40.371  -49.386  11.933 0.5000000000
32077  42.268  -48.938  12.340 0.5000000000
32076  43.244  -48.969  12.022 0.5000000000
34809  39.367  -46.096  8.103 0.4000000060
33066  40.705  -47.850  9.691 0.4000000060
162949  40.835  -47.369  10.068 0.4000000060
32117  40.427  -48.463  10.089 0.5000000000
153402  40.142  -48.984  10.524 0.5000000000
32079  40.688  -48.596  11.727 0.5000000000
33042  40.800  -47.959  11.314 0.5000000000
32078  41.361  -48.592  12.191 0.5000000000
33040  41.838  -47.291  11.665 0.5000000000
33041  41.148  -47.347  11.241 0.4000000060
22972  39.994  -58.282  5.717 0.5000000000
154403  38.730  -55.970  6.409 0.6000000238
21000  39.436  -59.952  6.227 0.6000000238
20098  36.583  -61.293  10.165 0.5000000000
166926  39.515  -47.619  6.624 0.5000000000
151805  39.950  -52.634  12.865 0.6000000238
139403  38.927  -59.874  5.914 0.5000000000
21956  39.538  -59.604  6.096 0.5000000000
23937  39.365  -58.083  5.843 0.5000000000
24881  37.943  -56.764  7.158 0.4000000060
24868  36.651  -56.132  8.446 0.4000000060
143886  44.913  -54.696  10.506 0.6000000238
25808  36.897  -55.355  8.450 0.4000000060
28388  46.946  -52.254  8.000 0.4000000060
28402  38.742  -53.095  6.638 0.6000000238
27601  37.545  -53.561  8.281 0.5000000000
26764  35.339  -54.586  8.845 0.5000000000
25810  34.773  -55.365  8.693 0.5000000000
27582  36.130  -53.080  9.211 0.5000000000
29238  38.017  -51.826  8.036 0.5000000000
28383  36.623  -52.244  9.255 0.5000000000
28382  37.401  -52.121  8.789 0.5000000000
29196  43.371  -51.459  11.877 0.5000000000
29220  36.260  -51.391  9.488 0.5000000000
29216  45.342  -51.508  9.932 0.5000000000
140820  40.589  -50.516  12.509 0.3000000119
33051  41.123  -46.926  10.484 0.4000000060
5386  37.014  -78.794  11.889 0.3000000119
6644  36.001  -77.040  10.983 0.3000000119
6641  36.641  -77.606  11.796 0.3000000119
7356  36.855  -74.962  9.555 0.3000000119
161524  36.698  -75.438  10.249 0.3000000119
7355  37.456  -75.226  10.310 0.3000000119
8099  37.878  -74.525  7.472 0.3000000119
8088  37.783  -74.510  8.401 0.3000000119
155331  39.156  -76.332  12.052 0.3000000119
7339  38.268  -76.032  11.169 0.3000000119
148949  38.573  -74.568  8.814 0.3000000119
8087  38.671  -74.549  7.936 0.3000000119
165975  38.845  -75.449  10.882 0.3000000119
8059  40.437  -74.997  11.019 0.3000000119
8060  39.036  -75.010  10.333 0.3000000119
8075  38.801  -74.695  9.636 0.4000000060
164700  39.101  -74.438  8.476 0.4000000060
8904  39.086  -74.638  6.857 0.4000000060
8912  39.222  -74.885  6.286 0.3000000119
8858  42.108  -73.863  10.017 0.3000000119
8859  41.355  -74.118  9.742 0.4000000060
8872  41.086  -74.155  8.835 0.4000000060
145943  39.511  -74.239  8.182 0.4000000060
8839  42.200  -73.855  11.291 0.3000000119
8903  39.807  -74.166  6.999 0.4000000060
9642  43.127  -73.005  11.095 0.4000000060
8838  42.785  -73.459  11.064 0.4000000060
148883  39.811  -74.605  6.171 0.4000000060
8920  40.623  -74.544  5.129 0.3000000119
9654  42.639  -73.165  10.348 0.4000000060
9665  41.665  -73.259  9.159 0.3000000119
9676  41.448  -73.330  8.449 0.4000000060
9653  43.306  -72.996  10.652 0.4000000060
9703  41.542  -73.276  7.289 0.5000000000
9687  41.320  -73.521  7.824 0.4000000060
15012  40.303  -67.958  11.741 0.5000000000
143683  43.842  -71.903  10.877 0.4000000060
140313  40.358  -74.165  6.771 0.4000000060
12376  39.859  -71.061  9.960 0.3000000119
13282  40.932  -70.017  10.166 0.4000000060
10604  40.036  -73.374  6.336 0.3000000119
19231  36.199  -62.035  9.914 0.4000000060
18275  39.528  -63.669  13.817 0.4000000060
17432  40.085  -64.108  13.265 0.4000000060
17449  40.137  -65.064  12.927 0.4000000060
10551  43.508  -72.242  9.405 0.4000000060
9675  42.112  -73.073  8.834 0.3000000119
9686  42.016  -73.222  8.057 0.5000000000
16635  40.447  -65.675  12.338 0.4000000060
15826  40.263  -66.419  12.286 0.4000000060
10540  44.151  -72.060  10.306 0.4000000060
13270  40.460  -69.527  10.830 0.4000000060
9715  41.749  -73.182  6.831 0.4000000060
14179  41.050  -68.589  10.733 0.5000000000
9728  41.057  -74.121  5.566 0.5000000000
12375  40.610  -70.749  9.804 0.4000000060
11463  40.291  -71.393  9.452 0.4000000060
10622  40.690  -73.319  6.205 0.3000000119
166683  40.650  -71.643  8.994 0.4000000060
20119  37.132  -62.115  7.991 0.4000000060
140367  39.817  -62.952  13.779 0.4000000060
10550  44.181  -72.100  9.762 0.4000000060
10561  43.426  -72.224  8.734 0.4000000060
16644  40.893  -65.892  11.707 0.4000000060
15842  40.818  -66.675  11.547 0.5000000000
10560  44.333  -72.023  8.352 0.4000000060
10575  43.432  -72.269  7.945 0.4000000060
15856  41.215  -67.105  11.013 0.5000000000
11474  45.392  -70.886  9.363 0.4000000060
11475  44.817  -71.275  8.589 0.4000000060
10574  44.261  -72.012  7.451 0.4000000060
10600  43.631  -72.049  6.936 0.5000000000
11522  42.996  -72.051  6.818 0.5000000000
138454  41.452  -65.292  11.292 0.4000000060
15028  41.461  -67.737  10.514 0.5000000000
12384  45.587  -69.987  9.291 0.4000000060
11523  42.548  -71.922  7.152 0.5000000000
13269  41.192  -69.235  10.337 0.4000000060
10603  41.796  -72.181  7.458 0.4000000060
12402  41.817  -71.354  8.200 0.4000000060
11476  41.234  -71.532  8.639 0.4000000060
12374  41.333  -70.335  9.459 0.4000000060
17459  41.465  -64.387  11.722 0.4000000060
18300  41.777  -63.567  11.728 0.3000000119
12399  44.564  -70.345  8.123 0.4000000060
12415  43.894  -71.047  7.066 0.4000000060
15841  41.462  -66.197  10.936 0.4000000060
151462  35.296  -56.274  8.780 0.4000000060
14204  46.397  -68.654  8.891 0.4000000060
13293  45.122  -69.625  8.674 0.4000000060
12416  43.324  -70.823  7.056 0.5000000000
148478  42.770  -71.123  7.271 0.5000000000
16664  42.123  -66.169  10.174 0.5000000000
15041  42.033  -67.548  9.778 0.4000000060
147394  45.800  -68.179  8.462 0.4000000060
11494  42.128  -71.600  7.689 0.4000000060
13281  41.561  -69.462  9.701 0.4000000060
12387  41.737  -70.690  8.658 0.4000000060
14206  42.144  -68.906  9.154 0.4000000060
19198  42.396  -62.069  11.905 0.4000000060
13305  44.389  -69.537  7.901 0.4000000060
13306  43.798  -69.655  7.408 0.4000000060
16654  41.980  -65.449  10.550 0.3000000119
157748  45.161  -67.820  8.076 0.4000000060
158677  44.453  -67.938  7.687 0.4000000060
14221  43.505  -69.026  7.434 0.4000000060
13307  43.054  -69.299  7.378 0.5000000000
159035  46.693  -67.055  7.796 0.4000000060
163330  45.492  -66.783  7.692 0.4000000060
14216  42.851  -68.773  7.714 0.4000000060
14192  42.573  -68.350  8.470 0.4000000060
164280  42.663  -66.700  9.190 0.4000000060
20071  41.972  -61.491  12.511 0.4000000060
14215  43.315  -68.445  7.575 0.4000000060
150322  36.016  -73.240  2.792 0.3000000119
7310  39.390  -76.096  12.183 0.3000000119
8058  41.022  -75.016  11.290 0.3000000119
9643  42.551  -73.442  11.362 0.4000000060
11453  45.668  -70.635  10.178 0.4000000060
11461  45.719  -70.812  9.979 0.4000000060
12362  45.975  -70.126  10.076 0.4000000060
13291  46.538  -68.554  9.028 0.4000000060
18299  42.306  -63.415  11.207 0.3000000119
15056  47.604  -67.160  7.901 0.4000000060
19214  42.661  -62.697  11.266 0.4000000060
18309  43.184  -63.535  10.237 0.4000000060
17471  42.519  -64.861  10.126 0.4000000060
15901  46.625  -65.763  7.271 0.4000000060
15072  44.551  -66.709  7.668 0.4000000060
15891  43.984  -66.591  7.701 0.4000000060
15883  43.385  -67.016  8.096 0.4000000060
16673  43.149  -65.910  8.896 0.3000000119
15871  42.648  -66.131  9.438 0.4000000060
15902  45.748  -65.799  7.371 0.4000000060
14162  40.378  -68.691  11.349 0.4000000060
20085  42.723  -61.129  11.931 0.4000000060
6651  35.502  -76.282  10.199 0.3000000119
6643  36.941  -76.782  11.228 0.3000000119
8100  36.967  -74.636  7.949 0.3000000119
147431  35.541  -74.171  3.080 0.3000000119
8944  36.661  -73.962  3.079 0.3000000119
158465  37.789  -74.674  9.436 0.3000000119
8044  39.560  -75.181  11.208 0.3000000119
8061  38.314  -75.038  10.300 0.4000000060
8888  39.309  -74.314  7.462 0.4000000060
8074  39.803  -74.780  10.057 0.3000000119
8850  40.690  -74.298  10.385 0.3000000119
8874  39.464  -74.245  9.053 0.4000000060
8886  41.006  -74.220  8.116 0.4000000060
8822  41.854  -73.734  11.654 0.3000000119
11447  43.438  -71.574  11.229 0.4000000060
10601  43.260  -72.378  7.295 0.4000000060
10632  41.284  -73.324  5.970 0.5000000000
142213  40.846  -72.715  7.443 0.3000000119
9714  42.324  -73.116  6.524 0.5000000000
12373  45.872  -70.130  9.805 0.4000000060
13308  42.708  -69.640  7.623 0.4000000060
15040  42.653  -67.354  8.863 0.4000000060
20966  45.403  -59.891  10.021 0.4000000060
20967  44.806  -60.346  10.409 0.4000000060
22932  46.210  -58.872  9.354 0.4000000060
146696  46.312  -57.941  9.258 0.3000000119
21909  44.999  -59.461  10.411 0.5000000000
162137  43.918  -60.404  11.076 0.4000000060
21899  43.353  -59.816  11.704 0.4000000060
147286  50.986  -60.625  9.210 0.3000000119
20987  50.764  -60.069  8.318 0.3000000119
24875  50.853  -56.526  6.861 0.3000000119
24887  49.624  -56.669  6.388 0.3000000119
25826  49.082  -55.317  6.354 0.3000000119
25805  47.681  -55.378  7.430 0.3000000119
22940  51.042  -58.930  7.906 0.3000000119
23916  51.084  -57.712  7.776 0.3000000119
23929  51.203  -57.084  7.186 0.3000000119
20965  50.847  -60.332  10.577 0.3000000119
21919  50.318  -59.096  9.424 0.3000000119
25825  49.771  -55.424  6.498 0.3000000119
140613  49.266  -54.542  6.331 0.3000000119
22930  50.751  -58.353  8.526 0.3000000119
25804  50.060  -55.957  8.342 0.3000000119
25824  50.375  -55.648  6.803 0.3000000119
166252  48.544  -56.814  10.367 0.3000000119
23909  49.935  -57.354  9.147 0.3000000119
144556  49.031  -54.111  8.957 0.3000000119
156538  48.467  -56.083  10.232 0.3000000119
26739  48.171  -54.220  10.202 0.3000000119
22918  49.598  -58.825  10.048 0.3000000119
26757  49.937  -54.635  7.420 0.3000000119
27587  49.765  -53.073  6.859 0.3000000119
28396  49.762  -52.271  5.182 0.3000000119
24845  47.816  -56.048  10.905 0.3000000119
26749  49.424  -54.620  8.525 0.3000000119
28377  49.567  -52.221  7.320 0.3000000119
26740  47.763  -54.844  10.722 0.3000000119
27567  48.312  -53.417  9.826 0.3000000119
146191  48.842  -53.477  9.018 0.3000000119
28368  48.519  -52.694  9.307 0.3000000119
30196  49.943  -50.855  4.468 0.3000000119
28386  49.878  -52.290  6.017 0.3000000119
30183  50.094  -50.786  5.693 0.3000000119
30195  50.085  -49.968  4.202 0.3000000119
31168  48.843  -49.640  5.048 0.3000000119
32171  51.004  -48.223  4.411 0.3000000119
33109  50.322  -48.255  4.585 0.3000000119
33099  49.678  -48.086  5.171 0.3000000119
23918  46.895  -57.537  8.619 0.3000000119
21921  45.581  -59.178  9.901 0.4000000060
25815  48.433  -55.347  6.681 0.3000000119
158434  49.770  -52.764  5.868 0.3000000119
21920  46.011  -59.863  9.457 0.5000000000
21930  50.786  -59.014  8.535 0.3000000119
25803  50.358  -55.482  7.381 0.3000000119
154309  50.377  -57.039  6.340 0.3000000119
23930  48.851  -57.085  6.657 0.3000000119
24877  48.162  -56.704  7.201 0.3000000119
142970  50.559  -56.927  8.193 0.3000000119
22931  50.109  -58.200  9.305 0.3000000119
26768  49.771  -54.267  6.745 0.3000000119
24854  49.258  -56.051  9.348 0.3000000119
27568  47.747  -53.425  10.534 0.3000000119
28360  47.960  -52.700  10.127 0.3000000119
27577  49.495  -53.802  8.009 0.3000000119
162716  47.343  -54.702  11.220 0.3000000119
29225  48.781  -51.896  8.613 0.3000000119
17487  43.433  -64.695  9.235 0.3000000119
17497  43.992  -64.959  8.453 0.4000000060
18347  45.865  -64.161  7.753 0.4000000060
17495  45.450  -63.587  8.402 0.4000000060
18326  43.627  -63.875  9.579 0.3000000119
19255  46.392  -62.381  8.429 0.4000000060
19264  46.831  -62.886  7.869 0.3000000119
18325  44.315  -63.472  9.300 0.4000000060
19256  45.693  -62.750  8.725 0.4000000060
20128  47.033  -62.038  8.072 0.3000000119
19244  44.555  -62.663  9.628 0.3000000119
19243  45.267  -62.285  9.343 0.4000000060
20115  46.648  -61.469  8.614 0.4000000060
20096  44.322  -61.263  10.506 0.3000000119
155515  45.482  -61.431  9.595 0.4000000060
167094  46.484  -60.175  9.057 0.4000000060
19228  44.106  -62.215  10.262 0.3000000119
20097  43.686  -61.719  10.824 0.3000000119
155355  43.419  -61.126  11.310 0.3000000119
19229  43.333  -62.634  10.657 0.3000000119
20116  45.954  -61.862  9.012 0.4000000060
154507  44.770  -63.885  8.655 0.4000000060
9633  41.433  -73.382  11.988 0.3000000119
163509  44.370  -65.917  7.661 0.3000000119
9622  37.928  -73.688  13.438 0.3000000119
149319  38.888  -73.921  12.846 0.3000000119
162706  40.949  -72.833  12.325 0.3000000119
9631  42.760  -72.770  11.404 0.3000000119
17496  44.597  -64.608  8.260 0.3000000119
16688  44.945  -65.889  7.457 0.3000000119
10524  39.754  -71.975  12.977 0.3000000119
141444  41.064  -71.971  12.445 0.3000000119
10523  40.375  -72.330  12.631 0.3000000119
161259  42.883  -71.178  11.559 0.3000000119
11446  44.074  -71.208  10.905 0.3000000119
166976  45.452  -64.607  7.692 0.3000000119
12334  39.126  -70.731  13.775 0.3000000119
11438  40.452  -71.381  12.847 0.3000000119
11429  39.750  -71.251  13.275 0.3000000119
11436  42.229  -71.300  11.905 0.3000000119
11437  41.267  -71.081  12.547 0.3000000119
12354  44.282  -70.284  11.010 0.3000000119
157904  40.730  -70.140  13.164 0.3000000119
154554  42.304  -69.924  12.186 0.3000000119
12355  43.400  -70.612  11.402 0.3000000119
13256  42.899  -69.826  11.800 0.3000000119
13253  45.904  -69.336  10.303 0.3000000119
14191  47.026  -68.008  9.487 0.3000000119
157087  48.329  -67.301  8.355 0.3000000119
11428  40.145  -70.533  13.358 0.3000000119
12353  45.218  -69.937  10.564 0.3000000119
13254  44.399  -69.340  11.118 0.3000000119
14176  46.810  -67.931  9.865 0.3000000119
17504  45.684  -64.918  7.396 0.3000000119
13243  41.765  -69.539  12.670 0.3000000119
13230  41.050  -69.560  13.201 0.3000000119
13241  43.163  -69.069  11.828 0.3000000119
151440  43.783  -68.957  11.510 0.3000000119
14178  45.923  -68.619  10.371 0.3000000119
14189  48.358  -67.419  8.830 0.3000000119
15900  47.546  -65.780  7.177 0.3000000119
158263  47.108  -64.744  7.065 0.3000000119
18356  47.174  -64.141  7.160 0.3000000119
15882  43.648  -66.149  8.191 0.3000000119
15010  44.411  -67.502  11.350 0.3000000119
139251  45.531  -67.973  10.600 0.3000000119
14175  47.605  -67.708  9.409 0.3000000119
15067  48.668  -66.525  7.535 0.3000000119
10522  41.583  -72.544  12.075 0.3000000119
9621  39.144  -72.482  13.137 0.3000000119
165204  40.331  -73.066  12.505 0.3000000119
7322  39.743  -76.039  12.020 0.3000000119
7323  38.791  -76.822  12.003 0.3000000119
7338  39.092  -76.041  11.668 0.3000000119
7340  37.202  -75.988  10.855 0.3000000119
7341  36.324  -76.073  10.587 0.3000000119
8098  38.614  -74.632  7.101 0.4000000060
8823  41.111  -74.118  11.952 0.3000000119
8840  41.304  -74.185  11.535 0.3000000119
8849  41.556  -74.087  10.763 0.3000000119
8860  40.411  -74.189  9.441 0.4000000060
8873  40.360  -74.252  8.543 0.4000000060
8887  40.122  -74.239  7.787 0.4000000060
8901  40.880  -74.207  6.428 0.4000000060
8902  41.135  -74.063  7.161 0.4000000060
8909  41.681  -74.016  5.965 0.4000000060
8910  40.263  -74.407  5.952 0.3000000119
8919  40.799  -74.182  5.700 0.3000000119
9632  42.107  -73.094  11.696 0.3000000119
9634  40.717  -73.637  12.248 0.3000000119
9641  43.702  -72.409  10.710 0.4000000060
9662  43.800  -72.723  10.205 0.4000000060
9663  43.264  -72.993  9.886 0.4000000060
9664  42.427  -73.180  9.542 0.4000000060
9674  43.037  -72.992  9.053 0.3000000119
9685  42.964  -73.124  8.287 0.5000000000
9701  43.103  -72.793  6.718 0.5000000000
9702  42.752  -73.150  6.749 0.4000000060
9727  41.600  -73.619  5.741 0.5000000000
10521  42.177  -72.213  11.756 0.3000000119
10530  43.362  -72.367  11.143 0.4000000060
10531  42.820  -71.918  11.472 0.3000000119
10539  44.848  -72.013  9.930 0.4000000060
10549  44.755  -71.990  9.146 0.4000000060
10559  44.589  -71.790  8.359 0.4000000060
10576  41.321  -72.088  8.051 0.4000000060
10602  41.936  -72.394  7.135 0.5000000000
10619  43.199  -72.229  6.895 0.5000000000
10620  42.838  -72.738  6.328 0.5000000000
10621  42.055  -72.548  6.861 0.5000000000
10631  42.059  -73.095  6.566 0.5000000000
11415  38.386  -71.409  13.946 0.3000000119
11445  44.882  -70.902  10.541 0.4000000060
11454  45.111  -71.249  10.149 0.4000000060
11455  44.492  -71.819  10.455 0.4000000060
11462  45.075  -71.350  9.559 0.4000000060
11464  39.487  -71.598  9.480 0.3000000119
11493  44.432  -71.558  7.773 0.4000000060
11506  44.102  -71.578  7.070 0.5000000000
11507  43.544  -71.613  6.865 0.5000000000
11508  43.001  -71.557  6.963 0.5000000000
11509  42.392  -71.871  7.284 0.4000000060
12333  41.235  -70.244  12.790 0.3000000119
12344  41.868  -70.532  12.329 0.3000000119
12345  40.768  -70.664  12.919 0.3000000119
12352  45.899  -69.978  10.197 0.3000000119
12356  42.573  -70.546  11.852 0.3000000119
12361  46.253  -69.401  9.988 0.4000000060
12363  40.162  -70.431  10.415 0.4000000060
12365  37.861  -70.432  10.284 0.4000000060
12385  45.074  -70.579  8.751 0.4000000060
12386  42.277  -70.004  8.272 0.4000000060
12388  41.024  -71.098  9.216 0.4000000060
12400  44.101  -70.350  7.446 0.4000000060
12401  42.403  -70.670  7.836 0.4000000060
12414  44.286  -71.033  7.496 0.4000000060
13231  40.378  -69.687  13.569 0.3000000119
13242  42.503  -69.225  12.263 0.3000000119
13255  43.648  -69.675  11.447 0.3000000119
13267  46.477  -68.691  9.968 0.3000000119
13268  46.226  -69.457  10.072 0.4000000060
13271  39.454  -70.122  10.935 0.5000000000
13279  47.255  -68.109  9.142 0.4000000060
13280  46.529  -68.545  9.600 0.3000000119
13292  46.152  -69.202  9.503 0.4000000060
13294  42.436  -69.230  8.316 0.4000000060
13295  41.922  -69.771  8.927 0.4000000060
13315  43.308  -69.879  7.234 0.4000000060
14144  42.818  -68.437  12.289 0.3000000119
14145  42.107  -68.568  12.774 0.3000000119
14147  38.939  -68.326  12.566 0.6000000238
14159  45.141  -68.793  10.725 0.3000000119
14161  43.482  -68.370  11.812 0.3000000119
14163  39.547  -68.708  11.917 0.5000000000
14177  46.454  -68.819  10.096 0.3000000119
14190  47.889  -67.803  9.117 0.3000000119
14193  41.689  -68.494  9.947 0.4000000060
14202  47.941  -67.870  8.887 0.3000000119
14203  47.240  -68.200  8.894 0.4000000060
14205  45.641  -68.924  8.746 0.4000000060
14213  47.633  -67.692  8.537 0.3000000119
14214  43.830  -68.155  7.491 0.4000000060
14981  37.211  -67.137  13.376 0.5000000000
14994  40.284  -67.225  11.995 0.4000000060
14995  38.478  -67.833  13.028 0.5000000000
14996  37.615  -67.824  13.099 0.5000000000
15029  40.887  -67.889  11.162 0.5000000000
15039  48.348  -67.388  9.106 0.3000000119
15057  45.846  -67.310  7.966 0.4000000060
15058  44.944  -67.136  7.773 0.4000000060
15059  44.202  -67.332  7.610 0.4000000060
15060  43.724  -67.462  7.668 0.4000000060
15061  43.043  -67.889  7.896 0.4000000060
15068  47.985  -66.460  7.460 0.3000000119
15069  47.090  -66.431  7.473 0.3000000119
15070  46.080  -66.460  7.553 0.4000000060
15071  45.140  -66.355  7.562 0.4000000060
15073  44.192  -66.719  7.668 0.4000000060
15813  38.591  -66.470  13.510 0.4000000060
15829  36.082  -66.373  13.077 0.5000000000
15855  41.782  -66.911  10.361 0.5000000000
15872  42.332  -66.797  9.659 0.4000000060
15898  49.187  -66.294  7.523 0.3000000119
15899  48.505  -65.911  7.164 0.3000000119
15903  44.582  -66.286  7.612 0.4000000060
16623  39.193  -65.623  13.484 0.5000000000
16625  37.158  -65.675  13.847 0.4000000060
16636  39.944  -65.862  12.834 0.4000000060
16672  43.522  -65.431  8.687 0.4000000060
16678  45.030  -65.444  7.509 0.3000000119
16679  44.506  -65.279  7.872 0.3000000119
16686  47.098  -65.222  7.091 0.4000000060
16687  45.667  -65.420  7.373 0.4000000060
17420  37.136  -64.212  14.276 0.4000000060
17460  40.901  -65.124  12.085 0.4000000060
17472  41.988  -64.674  10.893 0.3000000119
17503  46.483  -64.521  7.312 0.3000000119
17505  45.059  -64.888  7.709 0.3000000119
17514  46.373  -65.044  7.180 0.3000000119
18278  36.602  -63.924  14.046 0.4000000060
18310  42.514  -64.008  10.586 0.4000000060
18311  42.013  -64.021  11.207 0.3000000119
18327  43.010  -64.288  9.896 0.4000000060
18338  46.170  -63.282  8.163 0.4000000060
18339  45.014  -63.113  9.021 0.4000000060
18340  44.103  -64.240  8.911 0.4000000060
18346  46.648  -63.738  7.573 0.4000000060
19181  40.364  -62.250  13.609 0.6999999881
19183  39.033  -63.045  14.210 0.5000000000
19184  36.938  -62.735  14.162 0.4000000060
19185  36.581  -62.454  13.615 0.4000000060
19215  42.065  -62.846  11.783 0.4000000060
19230  42.787  -63.266  10.774 0.3000000119
19245  43.828  -63.055  9.915 0.3000000119
20045  38.888  -61.519  14.329 0.6999999881
20046  38.028  -61.432  14.346 0.4000000060
20059  37.279  -61.395  13.957 0.5000000000
20084  43.061  -61.896  11.349 0.3000000119
20086  36.470  -60.954  11.987 0.5000000000
20093  50.962  -60.926  10.673 0.3000000119
20109  46.201  -60.855  9.242 0.4000000060
20110  44.826  -61.848  9.935 0.4000000060
20111  37.236  -61.017  9.260 0.5000000000
20114  50.754  -61.007  8.376 0.3000000119
20118  37.839  -61.748  7.352 0.5000000000
20928  40.087  -60.738  14.069 0.6999999881
20940  42.142  -60.626  12.606 0.4000000060
20941  41.547  -60.214  13.187 0.6000000238
20942  36.960  -59.883  12.900 0.6000000238
20953  43.238  -60.531  11.639 0.4000000060
20977  50.892  -60.102  9.746 0.3000000119
20978  45.499  -60.587  9.820 0.5000000000
20979  45.035  -61.119  10.099 0.4000000060
20988  47.304  -61.206  8.140 0.3000000119
21868  40.893  -59.787  13.681 0.6000000238
21869  40.061  -59.313  14.080 0.6999999881
21871  38.143  -59.242  13.819 0.6999999881
21886  36.744  -59.888  12.160 0.6000000238
21898  43.946  -59.374  11.261 0.5000000000
21900  42.859  -59.496  12.204 0.6000000238
21901  36.889  -59.712  11.348 0.6999999881
21905  50.767  -59.938  10.271 0.3000000119
21906  50.585  -59.698  10.156 0.3000000119
21918  50.675  -59.616  9.447 0.3000000119
21929  50.778  -59.634  8.661 0.3000000119
21943  50.990  -59.312  7.750 0.3000000119
21946  39.291  -60.118  7.008 0.6999999881
21948  37.063  -60.473  6.469 0.5000000000
21955  39.759  -59.383  6.138 0.6000000238
22887  41.206  -58.048  13.530 0.6000000238
22889  39.302  -58.573  14.013 0.6999999881
22901  42.552  -58.846  12.533 0.6000000238
22902  41.784  -58.864  13.156 0.6000000238
22920  45.140  -58.646  10.359 0.5000000000
22921  44.666  -58.115  10.769 0.5000000000
22933  45.701  -58.308  9.804 0.6000000238
22941  51.199  -58.388  7.739 0.3000000119
22943  46.808  -58.446  8.726 0.3000000119
22959  40.250  -58.288  6.006 0.6000000238
22969  39.606  -58.981  5.899 0.5000000000
22970  38.568  -58.581  6.255 0.5000000000
22971  40.118  -58.172  5.812 0.6000000238
22973  39.837  -57.528  5.606 0.6999999881
23879  38.069  -57.001  13.079 0.6999999881
23889  44.236  -57.591  11.235 0.5000000000
23891  37.437  -57.706  12.074 0.6999999881
23897  49.321  -57.901  9.903 0.3000000119
23902  37.512  -57.620  11.376 0.6999999881
23908  50.556  -57.690  8.603 0.3000000119
23910  46.423  -57.045  9.187 0.4000000060
23936  40.301  -57.577  5.803 0.6000000238
24813  40.122  -56.690  13.720 0.6999999881
24814  39.162  -56.320  13.586 0.6999999881
24822  43.124  -56.518  12.116 0.6000000238
24844  49.099  -56.899  9.771 0.3000000119
24848  38.060  -56.886  10.216 0.6999999881
24855  46.464  -56.171  9.067 0.4000000060
24858  38.543  -56.791  9.479 0.6999999881
24862  50.727  -56.275  7.311 0.3000000119
24863  47.584  -56.269  7.749 0.3000000119
24866  39.097  -57.167  8.693 0.6000000238
24874  51.242  -57.284  6.857 0.3000000119
24876  48.807  -56.142  6.564 0.3000000119
24879  40.273  -57.162  7.072 0.6000000238
24886  50.337  -56.302  6.497 0.3000000119
24891  40.722  -56.047  5.411 0.6999999881
25759  41.048  -55.132  13.389 0.6000000238
25760  40.172  -55.269  13.552 0.6999999881
25767  43.199  -55.090  11.986 0.6000000238
25769  41.762  -55.693  13.056 0.6000000238
25775  47.441  -55.430  11.245 0.3000000119
25787  48.329  -55.118  10.177 0.3000000119
25788  47.940  -55.498  10.650 0.3000000119
25790  44.784  -55.488  10.671 0.6000000238
25791  38.175  -55.763  10.912 0.6999999881
25796  49.360  -55.325  8.942 0.3000000119
25797  48.794  -55.456  9.629 0.3000000119
25799  45.953  -55.667  9.589 0.4000000060
25809  35.909  -55.520  8.727 0.4000000060
25814  50.622  -55.797  6.956 0.3000000119
25816  40.627  -55.745  6.884 0.6000000238
25818  37.695  -55.192  7.759 0.5000000000
25828  41.000  -55.830  5.661 0.6999999881
25829  40.887  -56.088  6.129 0.6000000238
25831  39.209  -55.619  5.953 0.6000000238
25833  40.915  -55.545  5.108 0.6999999881
25834  40.323  -55.305  5.128 0.6999999881
25835  41.057  -55.052  5.067 0.6999999881
26713  41.100  -54.484  13.284 0.6000000238
26715  39.471  -54.550  13.313 0.6999999881
26716  38.787  -54.941  13.127 0.6000000238
26732  44.119  -54.099  11.192 0.5000000000
26734  38.397  -54.450  11.773 0.5000000000
26741  45.260  -54.140  10.183 0.5000000000
26742  44.670  -54.070  10.653 0.5000000000
26750  48.793  -54.693  9.449 0.3000000119
26759  47.055  -54.894  8.251 0.4000000060
26760  40.428  -54.253  7.588 0.6000000238
26762  37.120  -54.422  8.496 0.5000000000
26767  50.234  -55.142  6.926 0.3000000119
26776  49.791  -54.796  6.629 0.3000000119
26777  49.400  -53.744  6.142 0.3000000119
26778  49.014  -53.628  5.865 0.4000000060
26779  48.672  -53.796  6.090 0.4000000060
26781  41.058  -54.494  6.507 0.6000000238
26782  39.632  -54.535  5.426 0.6999999881
26783  39.104  -54.728  6.070 0.6000000238
26787  49.189  -53.199  5.653 0.4000000060
26788  41.242  -54.587  5.220 0.6999999881
27542  41.398  -54.099  13.097 0.6000000238
27543  40.732  -53.914  13.249 0.6000000238
27550  42.695  -53.681  12.302 0.6000000238
27553  39.518  -53.153  12.804 0.6000000238
27554  38.940  -53.444  12.418 0.5000000000
27562  38.617  -53.705  11.955 0.5000000000
27571  39.054  -52.935  10.119 0.5000000000
27572  38.660  -53.440  11.348 0.5000000000
27578  46.266  -53.617  9.118 0.4000000060
27583  35.188  -52.794  9.241 0.5000000000
27588  47.173  -53.016  7.783 0.4000000060
27597  49.644  -53.376  6.348 0.3000000119
27598  47.695  -53.533  6.988 0.4000000060
27605  49.437  -52.852  5.578 0.3000000119
27607  48.353  -53.573  6.202 0.4000000060
27611  38.598  -54.058  6.758 0.6000000238
27617  41.275  -53.696  4.963 0.6999999881
27619  39.770  -53.687  5.285 0.6999999881
27620  41.078  -53.664  4.739 0.6999999881
28345  41.584  -52.607  12.785 0.4000000060
28346  40.662  -52.606  12.924 0.6000000238
28348  39.411  -52.337  12.337 0.4000000060
28353  43.466  -52.483  11.725 0.5000000000
28361  44.738  -52.617  10.560 0.5000000000
28362  44.198  -52.603  11.129 0.5000000000
28378  49.225  -52.848  8.244 0.3000000119
28389  41.541  -52.279  6.279 0.6000000238
28390  41.001  -52.283  7.160 0.6000000238
28397  48.839  -52.679  5.286 0.4000000060
28407  49.337  -52.322  5.079 0.4000000060
28409  40.792  -53.090  4.691 0.6999999881
29181  42.617  -51.233  12.388 0.4000000060
29182  41.971  -51.782  12.655 0.4000000060
29184  40.360  -51.279  12.596 0.3000000119
29185  39.734  -51.533  12.306 0.4000000060
29195  44.267  -51.106  11.110 0.6000000238
29209  39.328  -51.278  10.898 0.6000000238
29215  45.827  -50.975  9.413 0.5000000000
29227  40.018  -51.765  8.699 0.6000000238
29229  37.617  -51.236  8.735 0.5000000000
29230  37.041  -51.620  9.256 0.5000000000
29241  49.982  -51.761  5.078 0.3000000119
29256  41.462  -51.874  4.582 0.6000000238
30123  43.045  -50.741  12.209 0.4000000060
30124  42.375  -50.466  12.485 0.4000000060
30125  41.470  -50.249  12.608 0.5000000000
30139  40.145  -50.097  12.128 0.4000000060
30140  39.770  -50.466  11.820 0.5000000000
30176  37.988  -50.451  8.452 0.4000000060
30184  47.601  -50.796  6.858 0.4000000060
30187  41.050  -50.840  7.527 0.6000000238
30197  48.779  -51.029  4.840 0.4000000060
30198  48.221  -51.135  5.552 0.4000000060
30199  42.562  -49.984  5.048 0.6999999881
30207  42.303  -49.957  4.419 0.6999999881
30210  42.067  -50.505  4.379 0.6999999881
30211  41.773  -50.674  4.379 0.6000000238
31093  40.853  -49.083  12.218 0.5000000000
31102  43.779  -49.718  11.705 0.5000000000
31104  39.894  -49.854  11.538 0.4000000060
31129  40.246  -49.343  9.570 0.6000000238
31144  40.696  -49.388  8.476 0.6000000238
31166  50.467  -49.463  4.406 0.3000000119
31173  39.027  -49.859  6.809 0.5000000000
31180  50.227  -49.483  4.247 0.3000000119
31182  49.766  -50.303  4.128 0.4000000060
31185  39.948  -49.748  5.445 0.8000000119
32089  42.013  -48.017  12.092 0.5000000000
32090  41.262  -47.919  11.767 0.5000000000
32102  40.413  -48.420  10.983 0.5000000000
32146  48.564  -48.661  6.126 0.4000000060
32148  41.446  -48.516  7.563 0.6000000238
32159  49.217  -48.827  5.021 0.3000000119
32172  50.521  -49.024  4.363 0.3000000119
32173  49.979  -49.054  4.265 0.3000000119
32174  49.635  -49.585  4.284 0.4000000060
32176  43.107  -48.669  4.484 0.6000000238
33052  40.724  -47.719  10.604 0.4000000060
33065  41.043  -47.142  9.453 0.4000000060
33078  40.911  -47.903  8.826 0.5000000000
33089  39.279  -47.673  7.136 0.5000000000
33101  42.599  -47.880  6.034 0.6000000238
33111  43.195  -48.019  5.127 0.6000000238
33120  43.329  -47.514  3.824 0.6000000238
33122  41.901  -48.002  4.102 0.5000000000
33958  41.653  -46.695  11.165 0.4000000060
33998  39.533  -46.354  7.123 0.5000000000
34010  43.261  -46.369  5.656 0.5000000000
34012  39.774  -46.541  6.375 0.5000000000
34020  40.706  -46.892  5.027 0.6000000238
35729  40.336  -44.473  6.085 0.4000000060
35738  41.052  -44.807  4.914 0.5000000000
138806  38.554  -65.069  13.952 0.4000000060
139307  40.770  -74.242  7.418 0.4000000060
139933  36.187  -62.991  13.190 0.4000000060
139973  39.970  -75.091  5.271 0.4000000060
139981  40.981  -72.908  6.935 0.4000000060
140048  48.407  -66.941  7.777 0.3000000119
140322  46.372  -52.088  8.781 0.4000000060
141824  46.289  -65.383  7.264 0.4000000060
142183  49.541  -55.953  6.429 0.3000000119
142268  41.743  -52.214  5.365 0.6000000238
143360  42.928  -65.327  9.426 0.3000000119
143398  37.450  -61.529  8.392 0.4000000060
144693  46.401  -67.984  10.194 0.3000000119
144755  41.180  -72.870  6.932 0.3000000119
144938  42.601  -73.106  7.705 0.4000000060
144948  38.119  -55.870  12.496 0.6000000238
145351  45.398  -56.004  10.185 0.6000000238
146100  42.117  -46.483  4.010 0.4000000060
146228  41.673  -71.697  12.173 0.3000000119
146658  40.563  -50.116  4.843 0.6999999881
146767  49.801  -56.628  8.981 0.3000000119
147173  39.663  -67.143  12.585 0.6000000238
147272  36.222  -56.833  8.571 0.4000000060
147408  48.297  -52.403  5.678 0.4000000060
148077  41.343  -54.323  5.773 0.6999999881
148163  41.727  -49.505  4.245 0.6999999881
148266  44.087  -68.790  7.572 0.4000000060
148392  44.881  -68.655  8.282 0.4000000060
148957  41.644  -52.019  4.837 0.6000000238
149352  42.814  -48.827  4.041 0.6999999881
149440  44.403  -56.855  11.102 0.6000000238
149448  44.591  -70.975  8.179 0.4000000060
149543  48.617  -53.983  9.527 0.3000000119
149837  46.777  -67.766  8.380 0.4000000060
149871  40.406  -56.832  5.593 0.6999999881
150361  49.881  -55.190  8.126 0.3000000119
151793  39.482  -54.010  8.987 0.6000000238
151839  41.559  -63.026  12.223 0.5000000000
151982  38.594  -73.048  13.268 0.3000000119
152069  48.111  -54.789  6.782 0.4000000060
152365  42.740  -48.291  12.020 0.5000000000
152732  37.626  -58.893  10.144 0.6999999881
153036  42.506  -48.497  3.966 0.6999999881
153935  39.329  -51.910  5.921 0.6999999881
154680  48.105  -55.975  7.061 0.3000000119
154692  44.834  -51.242  10.473 0.5000000000
154701  41.235  -48.009  8.149 0.6000000238
154703  39.876  -52.102  5.269 0.6999999881
154949  40.845  -54.223  4.797 0.6999999881
155098  44.051  -72.083  9.071 0.4000000060
155286  42.921  -70.167  7.240 0.5000000000
156096  44.967  -71.514  8.961 0.4000000060
156316  41.022  -55.414  6.283 0.6999999881
157335  42.232  -68.112  9.253 0.4000000060
157451  43.008  -66.533  8.753 0.4000000060
157702  37.111  -74.595  8.831 0.3000000119
157986  36.835  -53.613  8.822 0.5000000000
158016  42.434  -65.575  9.952 0.4000000060
158418  47.368  -62.513  7.657 0.3000000119
158718  39.755  -72.778  12.749 0.3000000119
158760  45.852  -69.332  9.071 0.4000000060
158960  40.716  -67.342  11.480 0.5000000000
159202  41.051  -51.575  4.513 0.6000000238
159375  44.232  -55.408  11.211 0.6000000238
159525  44.003  -65.560  8.091 0.3000000119
159685  37.768  -58.043  13.146 0.6000000238
159985  38.434  -60.887  14.305 0.6000000238
160339  44.439  -59.710  10.800 0.5000000000
160420  42.279  -73.719  10.725 0.4000000060
162072  40.594  -63.545  12.964 0.5000000000
162558  50.601  -48.674  4.360 0.3000000119
162815  50.931  -57.093  6.590 0.3000000119
162933  39.483  -48.301  6.453 0.6000000238
162945  37.637  -61.947  14.298 0.4000000060
163005  43.669  -70.379  7.216 0.5000000000
163073  47.664  -52.097  10.428 0.3000000119
163564  38.720  -58.889  13.971 0.6999999881
163608  43.788  -46.349  3.475 0.5000000000
163888  39.222  -73.174  12.873 0.3000000119
163971  45.206  -64.314  8.080 0.4000000060
164002  42.946  -64.783  9.670 0.3000000119
164338  49.858  -53.844  6.991 0.3000000119
164586  40.989  -49.695  7.897 0.6000000238
164724  43.830  -61.116  10.926 0.3000000119
165148  41.058  -61.192  13.343 0.6999999881
165304  39.087  -74.991  5.950 0.3000000119
165497  51.022  -60.654  10.048 0.3000000119
165716  36.250  -63.600  13.538 0.4000000060
165906  43.852  -51.276  11.487 0.6000000238
166272  41.756  -71.142  12.259 0.3000000119
166518  40.919  -45.816  5.018 0.5000000000
166767  40.100  -63.461  13.446 0.5000000000
167157  44.421  -66.248  7.642 0.4000000060
167215  39.472  -70.718  10.362 0.3000000119
