#!ascii label  , from subject sub-v2s10x28978_ses-1 vox2ras=TkReg
2074
30860  -19.376  -59.471  7.756 0.5000000000
30861  -20.194  -59.544  8.583 0.4000000060
31737  -20.348  -58.862  9.175 0.6000000238
32685  -18.951  -57.686  8.840 0.6000000238
32684  -18.287  -57.526  8.258 0.6000000238
31749  -18.840  -58.154  8.299 0.5000000000
125318  -17.708  -57.145  7.629 0.6000000238
31736  -19.670  -58.119  9.148 0.6999999881
30847  -20.825  -59.602  9.294 0.6999999881
32672  -18.579  -57.173  8.999 0.6999999881
32683  -17.813  -56.901  8.456 0.6999999881
34648  -17.231  -56.068  7.522 0.5000000000
33650  -16.683  -56.075  8.019 0.6999999881
32709  -17.791  -56.958  7.207 0.5000000000
31695  -16.277  -58.991  14.310 0.5000000000
31727  -20.584  -58.240  9.773 0.6999999881
32673  -19.390  -57.363  9.393 0.6999999881
33633  -18.664  -56.048  9.793 0.6999999881
34600  -16.978  -55.701  9.098 0.6999999881
32671  -18.204  -56.537  9.205 0.6999999881
33632  -17.823  -55.908  9.432 0.6999999881
35685  -16.780  -55.252  7.937 0.6000000238
31706  -22.427  -58.635  12.873 0.6999999881
32643  -21.963  -57.106  12.221 0.6999999881
32660  -20.776  -57.678  10.354 0.6999999881
31694  -15.508  -58.862  13.825 0.6000000238
30795  -14.913  -59.222  13.218 0.4000000060
33645  -19.835  -56.895  9.930 0.6999999881
33643  -17.377  -56.289  8.775 0.6999999881
34613  -16.545  -55.475  8.343 0.6999999881
35638  -16.186  -54.230  9.539 0.6999999881
35668  -16.858  -54.570  8.239 0.6000000238
32625  -22.994  -57.597  14.035 0.6999999881
134450  -22.741  -58.404  13.854 0.6999999881
31705  -22.043  -58.006  12.124 0.6999999881
32636  -22.549  -57.629  13.004 0.6999999881
33601  -22.847  -56.899  13.477 0.6999999881
32624  -17.093  -57.830  15.181 0.6000000238
33636  -20.950  -57.031  10.859 0.6999999881
32649  -21.538  -57.462  11.498 0.6999999881
33612  -22.003  -56.141  12.270 0.6999999881
131837  -22.428  -56.792  12.776 0.6999999881
32634  -14.548  -57.545  13.747 0.5000000000
31693  -14.757  -58.410  13.526 0.5000000000
35640  -18.125  -54.931  10.231 0.6999999881
33634  -19.480  -56.230  10.168 0.6999999881
34565  -21.819  -55.167  12.053 0.6999999881
31704  -14.246  -58.830  13.007 0.4000000060
34589  -17.455  -55.306  9.683 0.6999999881
34591  -19.970  -55.758  10.696 0.6999999881
34578  -21.253  -55.717  11.642 0.6999999881
146270  -13.213  -58.749  12.266 0.4000000060
34590  -19.032  -55.426  10.355 0.6999999881
34564  -21.065  -54.840  11.605 0.6999999881
146489  -16.511  -55.437  8.819 0.6999999881
35639  -17.108  -54.622  9.973 0.6999999881
36699  -19.193  -53.547  11.237 0.6999999881
35609  -19.986  -53.757  11.413 0.6999999881
36711  -15.857  -54.096  9.045 0.6999999881
146962  -18.823  -53.961  10.913 0.6999999881
36725  -16.145  -53.472  8.877 0.6000000238
36710  -15.663  -53.210  9.461 0.6999999881
36704  -15.440  -53.142  9.930 0.6999999881
40528  -16.104  -50.181  9.469 0.5000000000
38678  -17.054  -51.545  9.316 0.5000000000
147470  -18.837  -51.092  9.510 0.4000000060
148433  -17.863  -51.601  9.359 0.5000000000
33602  -23.276  -56.245  13.870 0.6999999881
33577  -16.666  -56.377  15.240 0.6000000238
33622  -20.709  -56.175  11.115 0.6999999881
32635  -15.211  -57.918  14.064 0.5000000000
34566  -22.500  -55.414  12.630 0.6999999881
35624  -17.986  -54.075  10.542 0.6999999881
34576  -19.694  -54.962  10.911 0.6999999881
36705  -15.855  -53.547  10.019 0.6999999881
148476  -18.219  -52.973  11.039 0.6999999881
40527  -14.784  -50.437  9.702 0.6999999881
37739  -15.996  -52.783  9.186 0.6999999881
146866  -15.394  -51.726  9.580 0.6999999881
37738  -15.548  -52.621  9.569 0.6999999881
145861  -15.573  -51.054  9.521 0.6999999881
140203  -19.815  -57.135  16.860 0.6999999881
140493  -20.649  -56.983  17.311 0.6999999881
33554  -22.415  -56.713  17.240 0.8000000119
33567  -22.969  -56.551  16.824 0.8000000119
33565  -19.100  -56.438  16.410 0.6000000238
33566  -19.970  -56.275  16.945 0.6000000238
33568  -23.312  -56.509  16.261 0.8000000119
33564  -18.327  -56.071  15.983 0.6000000238
34531  -18.169  -55.031  16.000 0.6000000238
139883  -23.544  -55.958  14.608 0.6999999881
33579  -17.822  -56.573  15.663 0.6000000238
140651  -17.702  -55.682  15.674 0.6000000238
33592  -15.947  -56.418  14.796 0.6000000238
34543  -16.233  -55.616  15.102 0.6000000238
34556  -23.090  -55.497  13.272 0.6999999881
32621  -14.973  -57.168  14.184 0.5000000000
33591  -15.182  -56.415  14.415 0.6000000238
34544  -23.550  -55.436  14.014 0.6999999881
35611  -21.649  -54.294  11.897 0.6999999881
35623  -16.762  -53.851  10.256 0.6999999881
34575  -18.890  -54.577  10.657 0.6999999881
35610  -20.828  -54.012  11.594 0.6999999881
39594  -14.482  -51.238  10.392 0.8000000119
37724  -15.259  -52.648  9.894 0.6999999881
36697  -17.571  -53.177  10.707 0.6999999881
36683  -19.682  -53.013  11.460 0.6999999881
39593  -14.137  -50.613  10.386 0.8000000119
36695  -15.586  -53.046  10.166 0.6999999881
37706  -17.008  -52.423  10.744 0.6999999881
132808  -17.078  -50.116  9.475 0.5000000000
126829  -17.880  -49.489  9.563 0.5000000000
34510  -20.155  -55.439  17.096 0.6000000238
140150  -21.805  -56.097  17.478 0.6999999881
34493  -22.008  -55.321  17.606 0.8000000119
135344  -22.706  -55.965  17.271 0.8999999762
34508  -18.748  -55.486  16.289 0.6000000238
34511  -23.431  -55.682  16.558 0.8000000119
127874  -23.770  -55.348  15.703 0.8000000119
34530  -17.515  -54.613  15.691 0.6000000238
34528  -16.149  -54.428  15.236 0.6000000238
35586  -23.774  -54.679  14.259 0.8000000119
34555  -13.933  -55.648  13.956 0.6000000238
34542  -15.460  -55.325  14.717 0.6000000238
35585  -15.211  -53.966  14.897 0.6000000238
36670  -23.528  -53.980  13.642 0.6999999881
32633  -13.828  -57.123  13.460 0.5000000000
36686  -22.214  -53.727  12.253 0.6999999881
36669  -23.203  -53.295  13.172 0.6999999881
33611  -13.000  -56.681  13.144 0.5000000000
33599  -12.664  -55.638  13.260 0.5000000000
36685  -21.444  -53.428  11.756 0.6999999881
40516  -13.569  -50.156  10.820 0.8000000119
37714  -15.210  -52.578  10.098 0.8000000119
36696  -16.373  -53.128  10.415 0.6999999881
38657  -17.662  -51.661  11.201 0.6999999881
37696  -19.415  -52.248  11.452 0.6999999881
37705  -15.848  -52.493  10.430 0.6999999881
39607  -17.753  -50.676  9.448 0.5000000000
35545  -19.630  -54.685  16.793 0.6999999881
35544  -19.509  -53.604  16.879 0.6999999881
133859  -20.269  -54.571  17.217 0.6999999881
34492  -21.022  -55.375  17.485 0.8000000119
35543  -18.791  -54.306  16.412 0.6999999881
35526  -23.026  -54.570  17.635 0.8000000119
131555  -23.826  -54.915  16.145 0.8000000119
134539  -16.917  -54.217  15.466 0.6000000238
35569  -24.012  -54.603  15.281 0.6999999881
34540  -13.781  -54.558  14.218 0.6000000238
129629  -14.679  -54.601  14.527 0.6000000238
134500  -23.613  -53.214  13.830 0.8000000119
134471  -23.954  -53.851  14.463 0.6999999881
34554  -13.180  -55.151  13.701 0.6000000238
37688  -23.495  -52.403  13.793 0.8000000119
33610  -12.073  -56.055  12.751 0.4000000060
36684  -20.560  -53.209  11.551 0.6999999881
37698  -21.166  -52.612  11.581 0.6999999881
150301  -22.700  -53.250  12.621 0.6999999881
32647  -11.182  -56.929  11.333 0.4000000060
38647  -20.037  -51.667  11.516 0.6999999881
37699  -22.077  -52.743  12.054 0.6999999881
38655  -15.168  -51.751  10.473 0.8000000119
38656  -16.409  -51.712  10.846 0.8000000119
37695  -18.594  -52.015  11.349 0.6999999881
41459  -13.793  -49.225  10.274 0.8000000119
142139  -14.385  -49.729  9.913 0.6999999881
129977  -15.625  -49.358  9.652 0.5000000000
127794  -18.276  -48.485  9.611 0.5000000000
40529  -16.823  -49.405  9.551 0.5000000000
126527  -18.926  -49.042  9.622 0.4000000060
125832  -18.724  -53.054  16.595 0.6000000238
36584  -20.279  -53.724  17.331 0.6999999881
35524  -21.172  -54.431  17.618 0.8000000119
35525  -22.252  -54.610  17.761 0.8000000119
35568  -17.903  -53.874  16.091 0.6999999881
35567  -17.263  -53.425  15.756 0.6999999881
34495  -23.605  -54.654  16.921 0.8000000119
36628  -16.115  -52.463  15.842 0.6000000238
36587  -23.477  -54.041  17.616 0.8000000119
36626  -14.423  -52.501  15.785 0.6000000238
36607  -24.260  -53.364  16.146 0.8000000119
36631  -24.197  -53.661  15.347 0.8000000119
35584  -13.216  -53.497  14.478 0.6000000238
36652  -13.422  -52.862  14.916 0.6000000238
37687  -22.925  -52.417  12.846 0.8999999762
133398  -23.994  -52.920  14.629 0.8000000119
38648  -21.498  -51.321  11.721 0.8000000119
37686  -22.165  -51.776  12.162 0.8000000119
135824  -12.385  -54.723  13.430 0.5000000000
39569  -20.478  -50.254  11.593 0.8000000119
137030  -20.892  -51.842  11.561 0.6999999881
34563  -10.685  -54.639  12.760 0.4000000060
41438  -13.284  -49.572  11.114 0.8000000119
39582  -14.844  -50.969  10.937 0.8000000119
39564  -15.332  -50.256  11.306 0.8000000119
38643  -16.998  -50.892  11.253 0.8000000119
130791  -19.824  -50.900  11.535 0.6999999881
41446  -13.176  -49.388  10.833 0.8000000119
38646  -19.214  -51.496  11.449 0.6999999881
39565  -16.474  -50.134  11.337 0.8000000119
41458  -13.152  -48.601  10.621 0.8000000119
40492  -16.021  -49.386  11.465 0.8000000119
138508  -15.827  -48.454  9.845 0.6000000238
41460  -14.851  -48.830  9.948 0.6000000238
41462  -17.447  -48.755  9.609 0.5000000000
36605  -18.080  -52.330  16.725 0.6000000238
132371  -20.708  -53.251  17.723 0.6999999881
36629  -17.064  -52.646  16.021 0.6000000238
36561  -21.125  -52.724  18.264 0.6999999881
36586  -22.641  -54.016  18.090 0.6999999881
37654  -15.768  -52.449  16.161 0.6000000238
36604  -17.245  -52.317  16.610 0.6000000238
37604  -17.359  -52.222  16.980 0.6000000238
36602  -15.051  -52.590  16.240 0.6000000238
36606  -24.034  -53.825  16.889 0.8000000119
37653  -13.784  -52.653  15.568 0.6000000238
134427  -14.910  -52.420  15.975 0.6000000238
142745  -23.907  -53.448  17.528 0.6999999881
36651  -12.442  -53.322  14.537 0.5000000000
36632  -24.238  -52.929  15.465 0.8000000119
36668  -11.609  -53.622  14.328 0.3000000119
39554  -23.083  -51.007  13.544 0.8000000119
38627  -23.479  -51.592  14.079 0.8000000119
38635  -22.050  -50.880  12.216 0.8000000119
38636  -22.690  -51.373  12.797 0.8000000119
40495  -19.497  -49.277  11.556 0.8000000119
38644  -18.069  -50.763  11.383 0.8000000119
39568  -19.610  -50.109  11.463 0.8000000119
131493  -20.700  -51.071  11.531 0.6999999881
39566  -17.551  -50.011  11.373 0.8000000119
42443  -14.252  -48.241  10.251 0.6999999881
42445  -16.486  -47.662  9.850 0.6000000238
125616  -19.179  -48.206  9.607 0.3000000119
37629  -18.398  -52.144  17.348 0.6000000238
37606  -19.202  -52.072  17.649 0.6999999881
37607  -20.070  -52.208  17.925 0.6999999881
37583  -21.573  -52.224  18.722 0.6999999881
130760  -13.593  -57.912  15.213 0.5000000000
140156  -16.648  -52.464  16.581 0.6000000238
36580  -16.667  -52.618  17.080 0.6000000238
36563  -23.244  -53.346  18.252 0.6999999881
133973  -13.152  -53.397  15.826 0.5000000000
35541  -14.687  -53.326  16.444 0.5000000000
35542  -15.702  -53.178  16.709 0.6000000238
37608  -24.083  -52.762  17.854 0.6999999881
140411  -11.952  -55.318  15.104 0.3000000119
36625  -12.948  -52.910  15.216 0.5000000000
37630  -24.261  -53.038  16.933 0.8000000119
39534  -24.177  -50.860  15.805 0.8000000119
38617  -24.174  -51.598  15.563 0.8000000119
39552  -21.862  -49.979  12.376 0.8999999762
39543  -22.925  -50.159  13.798 0.8999999762
39544  -23.478  -50.762  14.460 0.8000000119
138739  -23.868  -51.007  15.187 0.8000000119
34552  -11.201  -54.162  13.332 0.4000000060
41423  -20.250  -48.706  11.874 0.8999999762
39551  -21.037  -49.482  11.890 0.8999999762
39553  -22.531  -50.487  12.939 0.8999999762
41416  -12.648  -48.399  11.742 0.8000000119
40490  -13.910  -49.565  11.401 0.8000000119
40493  -18.000  -49.137  11.434 0.8000000119
130903  -18.976  -50.760  11.468 0.8000000119
41445  -12.622  -48.656  11.042 0.8000000119
42428  -13.604  -47.554  10.542 0.6999999881
42444  -15.404  -47.904  10.075 0.6000000238
145556  -17.071  -46.479  9.943 0.6000000238
42446  -17.551  -47.862  9.657 0.6000000238
36582  -18.242  -52.352  17.806 0.6000000238
37580  -18.961  -51.924  17.956 0.6000000238
38593  -19.616  -51.776  18.293 0.6999999881
36581  -17.625  -52.437  17.402 0.6000000238
37582  -20.453  -51.783  18.554 0.6999999881
35521  -16.474  -53.878  17.169 0.6000000238
38578  -22.015  -51.805  19.196 0.8000000119
34527  -13.651  -55.627  15.795 0.6000000238
127989  -14.407  -54.447  16.356 0.5000000000
131471  -15.930  -54.375  16.831 0.6000000238
37584  -22.649  -52.591  18.758 0.6999999881
143932  -24.370  -52.000  17.782 0.8000000119
34526  -12.772  -55.211  15.500 0.4000000060
37609  -24.434  -52.224  17.051 0.6999999881
35562  -11.929  -53.445  15.078 0.4000000060
38606  -24.411  -51.538  16.380 0.8000000119
40479  -22.311  -49.623  13.234 0.8000000119
39533  -23.760  -50.321  15.235 0.8000000119
41422  -19.320  -48.410  11.686 0.8999999762
40478  -21.608  -49.111  12.752 0.8000000119
40470  -23.296  -49.818  14.619 0.8000000119
41398  -19.756  -47.861  12.163 0.8000000119
144606  -15.604  -48.771  11.652 0.8000000119
125107  -16.889  -47.688  11.878 0.8000000119
40494  -18.790  -49.001  11.481 0.6999999881
125752  -13.279  -47.929  12.244 0.8000000119
41420  -17.475  -48.357  11.568 0.8000000119
125843  -17.033  -49.254  11.450 0.8000000119
42427  -12.463  -47.867  10.971 0.8000000119
42393  -14.598  -47.668  12.337 0.8000000119
132488  -15.003  -45.732  10.532 0.6999999881
42430  -15.906  -47.030  10.105 0.6999999881
44443  -16.686  -45.310  10.386 0.6000000238
45470  -16.892  -44.372  10.693 0.6000000238
44444  -17.570  -45.107  10.298 0.6000000238
35522  -17.391  -53.689  17.516 0.6000000238
37562  -19.384  -51.764  18.888 0.8000000119
38576  -20.069  -51.319  18.921 0.6999999881
30773  -15.063  -59.119  15.709 0.5000000000
34507  -15.745  -55.381  16.661 0.5000000000
37564  -23.209  -51.992  19.150 0.8000000119
37585  -23.495  -52.625  18.538 0.6999999881
32592  -14.814  -56.953  15.988 0.5000000000
34506  -14.990  -55.439  16.417 0.5000000000
38556  -23.357  -51.262  19.667 0.8000000119
32604  -14.022  -57.242  15.579 0.5000000000
37586  -24.043  -52.120  18.485 0.8000000119
38594  -24.547  -51.413  17.244 0.8000000119
39510  -24.689  -50.603  17.491 0.8000000119
39522  -24.482  -50.695  16.585 0.8000000119
40469  -22.689  -49.309  14.099 0.8000000119
40477  -20.966  -48.691  12.393 0.8000000119
129144  -15.764  -47.890  11.965 0.8000000119
41397  -18.919  -47.630  11.956 0.8000000119
42396  -17.899  -47.496  11.957 0.8999999762
42426  -12.034  -47.588  11.456 0.8000000119
43443  -14.234  -46.436  10.602 0.6999999881
43442  -12.914  -46.855  10.865 0.6999999881
44442  -15.815  -45.551  10.443 0.6999999881
44440  -13.345  -46.019  10.912 0.6999999881
44441  -14.143  -45.377  10.778 0.6999999881
133570  -15.138  -44.993  10.597 0.6999999881
138245  -15.998  -44.728  10.590 0.6999999881
34481  -19.408  -55.536  18.690 0.8000000119
133494  -18.154  -54.334  17.904 0.6000000238
35506  -18.852  -54.203  18.379 0.6000000238
36544  -19.652  -52.677  19.281 0.8000000119
142628  -15.978  -62.109  17.959 0.6000000238
29863  -16.430  -60.974  17.145 0.5000000000
34490  -17.073  -55.011  17.382 0.6000000238
33550  -17.645  -56.139  17.519 0.6000000238
135351  -20.744  -51.169  19.526 0.8000000119
28911  -14.081  -61.774  19.346 0.6000000238
28913  -15.992  -61.765  18.651 0.6000000238
28914  -16.597  -61.223  18.593 0.6000000238
31661  -16.769  -58.729  16.776 0.5000000000
32594  -16.248  -57.165  16.598 0.5000000000
143164  -12.576  -58.350  19.149 0.5000000000
30736  -13.615  -59.755  19.341 0.5000000000
29826  -14.777  -60.232  19.522 0.6000000238
29845  -16.354  -61.086  19.191 0.6000000238
31670  -15.284  -58.479  15.927 0.5000000000
146469  -16.330  -57.979  16.527 0.5000000000
38555  -22.281  -51.228  19.655 0.8000000119
38579  -24.080  -51.543  19.060 0.8000000119
31630  -13.488  -58.636  19.371 0.5000000000
33562  -15.483  -56.455  16.418 0.5000000000
33537  -11.909  -56.803  19.127 0.4000000060
145830  -24.505  -50.997  18.899 0.6999999881
41376  -23.462  -48.659  15.571 0.8000000119
40452  -24.512  -49.743  16.788 0.8000000119
40440  -24.861  -49.802  17.747 0.6999999881
42378  -19.955  -47.415  12.971 0.8000000119
41400  -21.258  -48.215  13.230 0.8000000119
40451  -23.996  -49.196  16.077 0.8000000119
41385  -23.088  -48.975  14.864 0.8000000119
41384  -22.451  -48.475  14.442 0.8000000119
43397  -12.752  -46.182  12.598 0.8999999762
42373  -13.972  -46.947  12.619 0.8999999762
42394  -16.386  -47.047  12.577 0.8000000119
134016  -19.321  -47.348  12.604 0.8000000119
139004  -15.538  -47.181  12.508 1.0000000000
42376  -17.751  -46.944  12.684 0.8000000119
43441  -12.145  -46.962  11.374 0.8000000119
137466  -13.000  -45.324  11.171 0.6999999881
33538  -19.080  -56.377  18.460 0.8000000119
134087  -19.665  -54.705  18.911 0.8000000119
36545  -20.423  -53.225  19.849 0.8000000119
29827  -15.857  -60.466  19.614 0.6000000238
146035  -18.787  -57.024  18.324 0.6000000238
33551  -18.419  -56.234  17.903 0.6000000238
37563  -19.913  -51.887  19.460 0.8000000119
37550  -20.605  -51.551  20.133 0.8000000119
30719  -14.237  -59.306  19.489 0.5000000000
29844  -15.548  -61.251  19.337 0.6000000238
29846  -17.018  -60.766  18.942 0.6000000238
137341  -17.843  -58.059  17.591 0.6000000238
38553  -20.347  -51.318  19.400 0.8000000119
38554  -21.433  -50.787  19.942 0.8000000119
39488  -22.430  -50.761  20.133 0.6999999881
31631  -14.432  -58.552  19.675 0.5000000000
30737  -17.948  -59.674  18.583 0.6000000238
32587  -17.382  -57.022  17.313 0.6000000238
32575  -12.239  -57.576  19.129 0.4000000060
134584  -13.841  -57.831  19.585 0.4000000060
148409  -14.363  -57.885  19.799 0.4000000060
136764  -15.297  -58.845  19.927 0.4000000060
38557  -24.156  -50.927  19.518 0.6999999881
137020  -13.454  -57.048  19.649 0.4000000060
32564  -14.292  -57.218  19.960 0.4000000060
31632  -16.947  -59.069  20.254 0.4000000060
39501  -24.769  -50.516  18.376 0.6999999881
34471  -14.153  -55.787  20.292 0.4000000060
145417  -15.986  -56.940  20.864 0.5000000000
41366  -24.297  -48.896  16.640 0.6999999881
34470  -13.485  -55.428  20.068 0.3000000119
34462  -15.328  -55.596  20.989 0.5000000000
42379  -20.607  -47.547  13.418 0.8000000119
41383  -21.770  -47.982  14.112 0.8000000119
41375  -22.850  -48.150  15.167 0.8000000119
41365  -23.839  -48.377  16.244 0.8000000119
43398  -13.492  -46.357  12.685 0.8000000119
42374  -15.025  -46.731  12.704 1.0000000000
43401  -16.367  -46.329  13.150 0.8000000119
130919  -17.939  -46.611  13.281 0.8000000119
42377  -18.536  -47.024  12.781 0.8000000119
42353  -20.074  -46.925  13.889 0.8000000119
148923  -20.631  -47.225  13.965 0.8000000119
43399  -14.480  -46.109  12.880 1.0000000000
43380  -19.343  -46.425  14.136 0.8000000119
133793  -11.846  -46.508  12.054 0.8000000119
44397  -16.249  -45.789  13.270 0.8000000119
43403  -18.548  -46.408  13.810 0.8000000119
44425  -11.828  -46.157  11.838 0.8999999762
45466  -12.702  -44.519  11.453 0.6999999881
45468  -14.378  -44.464  10.829 0.6999999881
46480  -14.427  -43.611  10.975 0.6999999881
46481  -15.437  -43.298  11.040 0.6999999881
137395  -16.030  -44.006  10.844 0.6999999881
46483  -17.417  -43.590  11.050 0.6000000238
46482  -16.462  -43.462  11.081 0.6999999881
47451  -15.256  -42.442  11.267 0.6999999881
128351  -17.888  -42.859  11.345 0.6000000238
47453  -16.952  -42.801  11.353 0.6000000238
34472  -20.093  -55.635  19.443 0.8000000119
35497  -20.187  -54.276  19.501 0.8000000119
29828  -16.688  -60.378  19.470 0.5000000000
32566  -19.107  -58.086  19.341 0.8000000119
33529  -19.982  -56.696  19.898 0.8000000119
33539  -19.635  -56.539  19.127 0.8000000119
139194  -20.899  -52.489  20.617 0.8000000119
30720  -15.095  -59.507  19.702 0.5000000000
30722  -17.186  -59.769  19.746 0.6000000238
31633  -17.883  -59.161  19.954 0.5000000000
32578  -19.297  -57.277  18.846 0.8000000119
38538  -21.010  -50.857  20.186 0.6999999881
31624  -16.664  -58.335  20.534 0.5000000000
32558  -18.988  -57.994  20.252 0.6999999881
31644  -18.624  -58.712  18.894 0.6999999881
147641  -21.317  -50.925  20.796 0.6999999881
39473  -21.739  -50.647  20.537 0.6999999881
39475  -23.561  -50.363  20.644 0.6999999881
33528  -13.831  -56.351  19.980 0.3000000119
39489  -23.472  -50.724  20.136 0.6999999881
39476  -24.321  -50.269  20.070 0.6999999881
40419  -25.002  -49.656  19.477 0.6999999881
35467  -15.765  -55.016  21.391 0.5000000000
127368  -25.103  -49.055  18.021 0.6999999881
142068  -14.286  -54.155  20.984 0.4000000060
35466  -15.163  -54.238  21.405 0.4000000060
42356  -22.202  -47.662  14.833 0.8000000119
41354  -24.655  -49.028  17.288 0.6999999881
42355  -21.498  -47.262  14.638 0.8000000119
42354  -20.741  -46.835  14.515 0.8000000119
43363  -21.418  -46.120  15.710 0.6999999881
128142  -16.987  -46.046  13.552 0.8000000119
129826  -12.350  -45.538  12.474 0.8999999762
144231  -11.896  -45.128  12.217 0.8999999762
45417  -13.235  -44.973  12.630 0.8999999762
44395  -14.339  -45.321  12.784 0.8000000119
44396  -15.358  -45.563  12.992 0.8000000119
44398  -17.000  -45.407  13.358 0.8000000119
45435  -11.947  -44.481  12.057 0.8999999762
45416  -12.263  -44.526  12.329 0.8000000119
45451  -11.965  -44.303  11.991 0.8999999762
46478  -12.542  -43.630  11.655 0.8000000119
44445  -18.472  -45.004  10.168 0.4000000060
135845  -13.431  -43.067  11.330 0.8000000119
132540  -14.567  -42.099  11.366 0.6999999881
47452  -16.056  -42.665  11.304 0.6999999881
48415  -18.602  -41.163  11.178 0.5000000000
33521  -20.326  -56.019  20.264 0.6999999881
34473  -20.604  -55.218  19.949 0.8000000119
33505  -19.342  -56.358  21.340 0.6999999881
36521  -21.176  -53.214  21.250 0.6999999881
33515  -14.552  -56.395  20.322 0.4000000060
34448  -17.689  -55.649  21.817 0.6000000238
35471  -20.364  -54.878  21.696 0.6999999881
128346  -21.560  -50.713  20.893 0.6999999881
133264  -22.135  -50.386  21.112 0.6999999881
139142  -24.065  -49.978  20.993 0.6999999881
34447  -16.714  -55.428  21.611 0.5000000000
40406  -24.827  -49.393  20.453 0.6999999881
137877  -15.828  -54.259  21.717 0.4000000060
41348  -25.391  -48.912  18.886 0.6999999881
38524  -14.905  -52.202  22.057 0.3000000119
36519  -15.531  -53.605  21.836 0.3000000119
36501  -16.866  -53.315  22.648 0.5000000000
43382  -21.245  -46.644  15.087 0.6999999881
42331  -23.637  -47.535  16.512 0.6999999881
41347  -25.157  -48.247  18.190 0.6999999881
35448  -16.284  -53.854  22.156 0.4000000060
43364  -22.220  -46.520  15.958 0.6999999881
42332  -24.327  -48.160  16.958 0.6999999881
42330  -22.942  -47.002  16.213 0.6999999881
43381  -20.684  -46.145  15.220 0.6999999881
45420  -16.165  -44.942  12.900 0.8000000119
148438  -17.551  -45.776  13.759 0.8000000119
44399  -18.176  -45.785  14.097 0.8000000119
44380  -19.020  -45.858  14.473 0.8000000119
124756  -17.864  -45.026  13.595 0.8000000119
45418  -14.247  -44.482  12.616 0.8000000119
46452  -12.060  -43.631  12.111 0.8000000119
145921  -12.427  -43.645  12.324 0.8000000119
46435  -13.224  -44.065  12.478 0.8999999762
46466  -12.033  -43.168  12.025 0.8999999762
47448  -12.146  -42.215  11.813 0.8000000119
48412  -13.753  -41.651  11.444 0.8000000119
47437  -17.418  -42.107  11.471 0.6999999881
48413  -14.702  -41.379  11.414 0.6999999881
47435  -15.773  -41.926  11.395 0.6999999881
50365  -14.864  -39.645  11.384 0.6999999881
35486  -20.903  -54.294  21.005 0.6999999881
35469  -18.723  -54.945  22.398 0.6000000238
35470  -19.514  -55.046  22.179 0.6000000238
35452  -20.054  -54.442  22.489 0.6999999881
37538  -21.088  -53.360  22.117 0.6999999881
37539  -21.369  -52.503  21.897 0.6999999881
38525  -21.599  -51.356  21.597 0.6999999881
33503  -17.231  -56.270  21.460 0.5000000000
33504  -18.360  -56.452  21.536 0.6000000238
38512  -21.890  -51.306  22.708 0.6999999881
39463  -22.008  -50.722  21.692 0.6999999881
37535  -14.525  -52.646  21.614 0.3000000119
35449  -17.208  -54.282  22.396 0.5000000000
35468  -17.945  -55.017  22.253 0.5000000000
36504  -19.627  -53.910  23.134 0.6000000238
37520  -16.579  -52.290  22.848 0.4000000060
37521  -17.504  -52.848  23.202 0.5000000000
37522  -18.232  -53.294  23.375 0.6000000238
41325  -25.388  -48.536  20.345 0.6999999881
42309  -25.001  -47.362  18.314 0.6999999881
41337  -25.477  -48.475  19.505 0.6999999881
42317  -24.020  -47.209  17.151 0.6999999881
39437  -16.401  -50.553  23.134 0.3000000119
43350  -22.609  -46.175  16.661 0.6999999881
45401  -18.694  -45.098  14.129 0.8000000119
130133  -19.317  -45.127  14.495 0.8000000119
44382  -20.225  -45.456  15.166 0.6999999881
44366  -20.866  -45.438  15.647 0.6999999881
44352  -22.382  -45.253  16.972 0.6999999881
46438  -16.416  -43.887  12.621 0.8000000119
45402  -19.332  -44.354  14.037 0.8000000119
128762  -13.148  -43.190  12.491 0.8000000119
45419  -15.048  -44.089  12.528 0.8000000119
126412  -15.702  -44.228  12.587 0.8000000119
45421  -17.138  -44.478  12.920 0.8000000119
47421  -12.033  -42.152  12.314 0.8000000119
48353  -15.620  -41.637  13.077 0.8000000119
47403  -16.494  -42.813  12.771 0.8000000119
47384  -16.870  -42.059  13.235 0.8000000119
49293  -16.598  -40.733  13.469 0.8000000119
48402  -17.803  -41.475  11.425 0.6000000238
48401  -17.047  -41.363  11.490 0.6999999881
49365  -14.249  -40.039  11.397 0.8000000119
48399  -15.463  -41.255  11.433 0.6000000238
134561  -14.778  -37.656  11.171 0.6999999881
136497  -15.753  -38.203  10.887 0.6000000238
50367  -16.444  -39.910  11.246 0.6000000238
36483  -20.134  -53.138  23.507 0.6000000238
36503  -18.666  -53.901  23.164 0.6000000238
39453  -22.341  -50.649  22.572 0.6999999881
39464  -22.546  -50.340  21.838 0.6999999881
139210  -20.162  -52.360  23.992 0.6000000238
39454  -22.782  -50.226  22.586 0.6999999881
40395  -23.785  -49.411  22.321 0.6999999881
148507  -23.687  -49.776  21.675 0.6999999881
38496  -17.424  -51.876  23.581 0.4000000060
38497  -19.649  -51.772  24.324 0.5000000000
39441  -22.455  -50.191  23.397 0.6999999881
132677  -25.017  -48.799  21.092 0.6999999881
38484  -18.477  -51.712  24.272 0.5000000000
38485  -19.168  -51.099  24.506 0.5000000000
41313  -25.351  -48.169  21.294 0.6999999881
39452  -17.027  -51.047  23.527 0.3000000119
39438  -17.083  -50.324  23.726 0.3000000119
124596  -17.612  -51.006  24.043 0.4000000060
42299  -25.570  -47.894  19.758 0.6999999881
40373  -17.321  -49.574  24.071 0.3000000119
43339  -24.323  -46.726  17.811 0.6999999881
43331  -24.812  -46.481  18.554 0.6999999881
44353  -23.158  -45.850  17.292 0.6999999881
44340  -24.196  -45.854  18.176 0.6999999881
45422  -18.614  -44.224  13.489 0.8000000119
45390  -21.229  -44.769  15.896 0.6999999881
44367  -21.375  -45.403  16.068 0.6999999881
44331  -24.088  -45.061  18.351 0.6999999881
45371  -21.702  -44.983  16.475 0.6999999881
45372  -22.846  -44.403  17.095 0.6999999881
46437  -15.550  -43.364  12.551 0.8000000119
131437  -17.221  -43.506  12.800 0.8000000119
45389  -20.656  -44.688  15.318 0.6999999881
132186  -22.202  -44.548  16.650 0.6999999881
46392  -22.454  -43.871  16.406 0.6999999881
46436  -14.349  -43.503  12.536 0.8000000119
149086  -17.815  -43.227  13.051 0.8000000119
46440  -18.438  -43.380  13.282 0.8000000119
46441  -19.172  -43.514  13.622 0.8000000119
47368  -21.652  -42.964  15.117 0.8000000119
47369  -22.376  -42.671  15.427 0.6999999881
47401  -14.001  -42.614  12.600 0.8000000119
47404  -17.356  -42.692  13.096 0.8000000119
47405  -18.492  -41.983  13.510 0.8000000119
136012  -20.539  -42.558  14.142 0.8000000119
47400  -13.076  -42.500  12.535 0.8000000119
126918  -13.568  -41.889  12.664 0.8000000119
48354  -16.358  -41.456  13.322 0.8000000119
47385  -17.660  -41.985  13.399 0.8000000119
47407  -20.005  -41.800  13.721 0.8000000119
48388  -12.016  -41.538  12.181 0.8000000119
49291  -14.600  -40.598  13.210 0.8000000119
49294  -17.454  -40.603  13.471 0.8000000119
48356  -18.027  -41.252  13.520 0.8000000119
49316  -19.293  -40.457  13.351 0.8000000119
145888  -12.436  -40.401  12.266 0.8000000119
50314  -16.870  -39.986  13.423 0.8000000119
50363  -12.499  -40.358  11.931 0.8000000119
49350  -18.364  -40.328  10.964 0.5000000000
50368  -17.126  -40.085  11.210 0.6000000238
50350  -13.092  -39.104  12.277 0.8000000119
51548  -13.544  -38.639  11.723 0.8000000119
49366  -17.774  -39.845  10.967 0.6000000238
126782  -17.832  -39.017  10.607 0.6000000238
50385  -16.203  -39.034  11.035 0.6000000238
50386  -17.058  -39.416  10.969 0.6000000238
37505  -20.896  -52.418  23.476 0.6999999881
37506  -21.414  -51.825  23.370 0.6999999881
37504  -19.305  -52.548  24.053 0.6000000238
39440  -21.741  -50.506  23.964 0.6999999881
147621  -23.305  -49.135  23.441 0.6999999881
40385  -23.886  -48.871  23.086 0.6999999881
39439  -20.931  -50.797  24.299 0.5000000000
40376  -22.762  -49.300  23.848 0.6999999881
39422  -18.356  -50.570  24.428 0.4000000060
40355  -18.658  -49.602  24.573 0.4000000060
39423  -19.349  -50.300  24.586 0.5000000000
41312  -24.883  -48.521  21.917 0.6999999881
42288  -25.578  -47.703  20.601 0.6999999881
133018  -17.888  -48.895  24.432 0.3000000119
42230  -18.965  -47.813  24.639 0.3000000119
147699  -20.020  -48.916  24.709 0.5000000000
43303  -25.686  -46.576  21.858 0.6999999881
43324  -25.564  -47.084  19.841 0.6999999881
135833  -17.074  -48.643  23.936 0.3000000119
42250  -19.077  -46.758  24.429 0.3000000119
43332  -25.271  -46.279  19.303 0.6999999881
43271  -18.751  -45.969  24.044 0.3000000119
45354  -24.873  -44.639  18.905 0.6999999881
46423  -20.026  -43.477  14.147 0.8000000119
46411  -21.284  -43.909  15.371 0.6999999881
45361  -23.524  -44.621  17.775 0.6999999881
46410  -20.605  -44.000  14.802 0.6999999881
46412  -22.064  -43.462  15.734 0.6999999881
47350  -23.523  -42.696  16.333 0.6999999881
47402  -15.624  -42.385  12.755 0.8000000119
124685  -18.098  -42.642  13.312 0.8000000119
46424  -20.922  -43.222  14.672 0.6999999881
48373  -14.727  -41.929  12.774 0.8000000119
48358  -21.606  -41.660  14.341 0.8000000119
48372  -14.072  -41.208  12.949 0.8000000119
48374  -19.027  -41.291  13.521 0.8000000119
48375  -20.520  -41.143  13.661 0.8000000119
50312  -14.091  -39.819  13.211 0.8000000119
140810  -13.285  -39.739  12.881 0.8000000119
49292  -15.641  -40.827  13.350 0.8000000119
147243  -17.658  -39.885  13.291 0.8000000119
147337  -18.207  -39.834  13.194 0.8000000119
49317  -20.148  -40.451  13.375 0.8000000119
50329  -13.245  -39.006  12.600 0.8000000119
50311  -13.628  -39.138  13.047 0.8000000119
150626  -16.331  -39.488  13.330 0.8000000119
130471  -16.996  -39.159  13.129 0.8000000119
51497  -19.997  -39.167  12.754 0.8000000119
51549  -14.092  -38.136  11.442 0.8000000119
38498  -20.707  -51.691  24.091 0.6000000238
40374  -17.924  -49.800  24.392 0.3000000119
40375  -21.959  -49.732  24.204 0.6000000238
40357  -20.456  -49.334  24.621 0.5000000000
41292  -22.707  -48.505  24.299 0.6999999881
41293  -23.414  -48.469  23.807 0.6999999881
42262  -25.093  -47.361  23.054 0.6999999881
41277  -21.339  -48.273  24.652 0.6000000238
42252  -23.794  -47.509  23.889 0.6999999881
42253  -24.624  -47.283  23.412 0.6999999881
42263  -25.427  -47.031  22.558 0.6999999881
43270  -18.286  -46.484  24.088 0.3000000119
42231  -19.807  -47.622  24.683 0.3000000119
43276  -24.052  -46.720  23.820 0.6999999881
42249  -17.510  -46.852  23.811 0.3000000119
150325  -21.233  -44.669  23.871 0.3000000119
44305  -25.829  -45.629  22.021 0.6999999881
148839  -25.743  -46.164  21.150 0.6999999881
47283  -18.849  -42.765  22.832 0.3000000119
137614  -19.519  -42.839  23.032 0.3000000119
135695  -19.924  -43.104  23.251 0.3000000119
46320  -21.019  -43.727  23.488 0.3000000119
48248  -18.910  -41.679  22.410 0.3000000119
45362  -24.249  -44.308  18.178 0.6999999881
149903  -23.891  -44.098  17.775 0.6999999881
48337  -22.640  -42.006  15.176 0.8000000119
48376  -21.194  -41.227  13.863 0.8000000119
49318  -21.083  -40.489  13.541 0.8000000119
51473  -14.494  -39.051  13.250 0.8000000119
50313  -15.570  -39.361  13.337 0.8000000119
51474  -15.216  -38.709  13.212 0.8000000119
50330  -16.027  -38.847  13.199 0.8000000119
51495  -17.491  -38.396  12.669 0.8000000119
133738  -18.445  -38.442  12.551 0.8000000119
51496  -18.792  -39.058  12.702 0.8000000119
52762  -13.461  -37.352  12.170 0.8000000119
51494  -16.458  -38.260  12.853 0.8000000119
142416  -13.568  -37.723  11.761 0.8000000119
52797  -13.848  -37.053  11.528 0.6999999881
41291  -22.054  -48.882  24.444 0.6000000238
43275  -23.273  -46.849  24.316 0.6000000238
136111  -25.141  -46.731  23.229 0.6999999881
44271  -21.136  -45.152  24.176 0.4000000060
128707  -23.590  -46.032  24.105 0.6000000238
43277  -24.613  -46.416  23.525 0.6999999881
43291  -25.528  -46.226  22.811 0.6999999881
45303  -23.610  -44.479  23.541 0.4000000060
139613  -25.744  -44.851  22.403 0.6999999881
44326  -25.372  -45.319  19.697 0.6999999881
48251  -21.555  -41.532  22.444 0.3000000119
46334  -23.882  -43.605  23.306 0.4000000060
45327  -25.828  -44.135  22.132 0.6000000238
45350  -25.773  -43.891  20.154 0.6999999881
127858  -25.443  -44.474  19.664 0.6999999881
46382  -24.374  -43.549  17.737 0.6999999881
46375  -25.583  -43.133  18.928 0.6999999881
47351  -24.339  -42.303  16.641 0.6999999881
47388  -21.290  -42.412  14.517 0.8000000119
48357  -20.884  -41.822  14.009 0.8000000119
48359  -22.447  -41.406  14.624 0.8000000119
50333  -19.673  -39.804  13.096 0.8000000119
50335  -21.374  -39.646  13.280 0.8000000119
134566  -19.366  -38.570  12.537 0.8000000119
53986  -13.984  -36.686  12.466 0.8000000119
52740  -15.760  -37.427  12.722 0.8000000119
53989  -17.626  -37.036  12.349 0.8000000119
133946  -17.989  -37.678  12.426 0.8000000119
52741  -16.934  -37.474  12.502 0.8000000119
51550  -16.485  -37.866  10.640 0.6000000238
54032  -13.633  -36.591  11.816 0.8000000119
54035  -15.319  -36.223  10.729 0.6000000238
54033  -14.047  -36.178  11.501 0.6999999881
55335  -15.377  -35.211  10.648 0.6999999881
43258  -22.183  -47.017  24.561 0.6000000238
140809  -24.173  -46.090  23.726 0.6000000238
46321  -21.922  -43.702  23.493 0.3000000119
44288  -25.129  -45.279  23.274 0.6000000238
47286  -21.975  -42.340  22.893 0.3000000119
130940  -23.236  -43.077  23.273 0.3000000119
45312  -24.487  -44.174  23.265 0.5000000000
47288  -23.994  -42.793  22.921 0.3000000119
45341  -25.956  -43.989  21.154 0.6999999881
131725  -20.760  -40.582  21.704 0.3000000119
48267  -22.298  -40.832  22.130 0.3000000119
48287  -25.868  -41.726  20.649 0.4000000060
46369  -25.867  -43.212  19.771 0.6999999881
144975  -20.976  -39.609  20.781 0.3000000119
47335  -25.805  -42.228  18.747 0.6000000238
48319  -24.665  -41.489  16.373 0.6000000238
143070  -25.513  -41.440  17.559 0.6000000238
48338  -23.308  -41.463  15.230 0.8000000119
48339  -24.229  -41.086  15.644 0.6999999881
48312  -25.391  -40.999  16.915 0.6000000238
49258  -24.965  -40.694  16.169 0.6999999881
49319  -21.940  -40.187  13.670 0.8000000119
49296  -22.538  -40.573  14.173 0.8000000119
49297  -23.271  -40.142  14.289 0.6999999881
49274  -23.772  -40.563  14.956 0.6999999881
49275  -24.589  -40.192  15.439 0.6999999881
50334  -20.516  -39.766  13.147 0.8000000119
50315  -22.656  -39.835  13.767 0.8000000119
50316  -23.340  -39.336  13.870 0.6999999881
134826  -20.270  -38.451  12.555 0.8000000119
51499  -21.783  -38.875  13.026 0.8000000119
51500  -22.446  -38.419  13.186 0.6999999881
51501  -23.199  -38.428  13.565 0.6999999881
51492  -14.491  -38.161  13.012 0.8000000119
52739  -14.651  -37.381  12.795 0.8000000119
52742  -19.004  -37.636  12.353 0.8000000119
51516  -21.126  -38.269  12.638 0.8000000119
53988  -16.009  -36.638  12.515 0.8000000119
53990  -18.361  -36.925  12.279 0.8000000119
52743  -19.798  -37.910  12.425 0.8000000119
51491  -13.664  -38.316  12.785 0.8000000119
53987  -14.899  -36.597  12.617 0.8000000119
55282  -17.752  -36.352  12.200 0.8000000119
55284  -19.249  -35.769  12.023 0.8000000119
53985  -13.561  -36.968  12.254 0.8000000119
55279  -14.287  -35.891  12.258 0.8000000119
55297  -14.342  -35.389  11.813 0.6999999881
136707  -16.173  -36.945  10.589 0.6000000238
54037  -17.648  -36.481  10.472 0.6000000238
54020  -13.838  -36.103  11.843 0.8000000119
55334  -14.920  -34.609  10.912 0.6999999881
56530  -15.943  -34.022  10.614 0.6999999881
46336  -25.390  -43.553  22.422 0.5000000000
46351  -25.795  -43.381  21.646 0.5000000000
48254  -24.448  -42.246  22.450 0.4000000060
47307  -25.751  -42.488  21.283 0.5000000000
46361  -25.980  -43.236  20.717 0.6000000238
48268  -23.307  -41.035  22.194 0.3000000119
47318  -26.024  -42.514  20.268 0.5000000000
47327  -25.929  -42.604  19.474 0.6000000238
148473  -22.962  -39.633  21.028 0.3000000119
49208  -24.001  -40.561  21.634 0.3000000119
48299  -26.018  -41.269  19.197 0.6000000238
48306  -25.797  -41.415  18.282 0.6000000238
50271  -20.970  -38.980  20.190 0.3000000119
50252  -22.558  -39.246  20.605 0.3000000119
50255  -25.119  -39.689  20.375 0.3000000119
51374  -22.050  -38.658  20.096 0.3000000119
52647  -20.820  -37.806  19.213 0.3000000119
49298  -24.104  -39.565  14.594 0.6999999881
54005  -20.735  -36.896  12.420 0.8000000119
52765  -22.089  -37.202  12.715 0.6999999881
52744  -22.712  -37.667  13.135 0.6999999881
52764  -21.340  -37.461  12.564 0.6999999881
53991  -19.195  -36.640  12.225 0.8000000119
54004  -20.097  -36.197  12.259 0.6999999881
141139  -17.103  -35.863  12.147 0.8000000119
55300  -17.777  -35.617  11.989 0.6999999881
55283  -18.504  -36.094  12.087 0.8000000119
55302  -19.851  -35.203  11.946 0.6000000238
54052  -20.001  -36.168  10.304 0.6000000238
55280  -14.817  -35.208  12.093 0.6999999881
148623  -15.366  -34.263  11.417 0.6999999881
131492  -15.559  -34.788  11.813 0.6999999881
56531  -16.582  -34.141  10.361 0.6999999881
55349  -17.303  -34.751  10.261 0.6999999881
56510  -15.150  -34.039  10.941 0.6999999881
59697  -19.094  -30.750  8.843 0.5000000000
149419  -20.207  -30.942  8.171 0.5000000000
49249  -25.961  -40.604  18.681 0.6000000238
49255  -25.777  -40.758  17.797 0.6000000238
126074  -25.988  -39.953  18.153 0.6000000238
50289  -25.866  -39.242  16.837 0.6000000238
50301  -24.969  -39.265  15.329 0.6999999881
51459  -25.292  -38.391  15.353 0.6999999881
51475  -23.908  -38.695  14.112 0.6999999881
55217  -18.803  -35.342  17.692 0.3000000119
52745  -23.391  -37.686  13.522 0.6999999881
51476  -24.602  -38.546  14.649 0.6999999881
52720  -23.884  -37.998  13.878 0.6999999881
148794  -19.201  -35.246  11.869 0.6999999881
54006  -21.601  -36.625  12.544 0.6999999881
150030  -22.177  -36.679  12.680 0.6000000238
139652  -20.952  -36.204  12.391 0.6999999881
55281  -16.040  -35.675  12.258 0.6999999881
55299  -16.810  -35.075  11.915 0.6999999881
55301  -18.565  -35.290  11.863 0.6999999881
135480  -19.085  -34.767  11.710 0.6000000238
56492  -17.226  -34.400  11.580 0.6999999881
55337  -18.209  -35.699  10.418 0.6000000238
55338  -19.166  -35.383  10.105 0.5000000000
57594  -16.187  -33.705  10.692 0.6999999881
57595  -16.868  -33.429  10.416 0.6999999881
57603  -17.259  -33.005  9.849 0.6999999881
57611  -18.299  -32.472  8.745 0.6000000238
124795  -25.956  -39.823  18.990 0.5000000000
50281  -26.020  -39.169  18.465 0.4000000060
50287  -26.034  -39.300  17.656 0.6000000238
51436  -26.207  -38.117  17.367 0.5000000000
51445  -26.021  -38.469  16.718 0.6000000238
52706  -25.496  -37.605  15.410 0.6000000238
55218  -19.627  -35.347  17.825 0.3000000119
52721  -24.475  -37.696  14.329 0.6999999881
52746  -23.869  -37.170  13.781 0.6000000238
129126  -24.512  -36.921  14.225 0.6000000238
53993  -23.206  -37.150  13.367 0.6000000238
56495  -20.664  -34.739  11.899 0.6000000238
132228  -22.324  -36.107  12.633 0.6000000238
146991  -17.748  -34.995  11.810 0.6999999881
56494  -19.825  -34.273  11.577 0.6000000238
56496  -21.446  -35.013  12.235 0.6000000238
57562  -18.740  -34.031  11.384 0.6999999881
57580  -19.309  -33.481  11.058 0.6000000238
58619  -17.332  -32.777  10.068 0.6999999881
57604  -17.926  -33.068  9.455 0.6999999881
55350  -18.211  -34.726  9.995 0.6000000238
56535  -20.459  -34.711  9.370 0.5000000000
57605  -18.992  -33.454  9.150 0.6000000238
56534  -19.896  -34.058  9.152 0.6000000238
56543  -20.715  -34.046  8.839 0.5000000000
58648  -18.088  -32.002  9.328 0.6000000238
57612  -19.386  -32.645  8.643 0.5000000000
57610  -17.899  -32.402  9.455 0.5000000000
58658  -20.247  -32.301  8.331 0.5000000000
58659  -21.105  -32.731  8.209 0.5000000000
59699  -20.747  -30.941  7.930 0.5000000000
60845  -21.284  -30.496  7.665 0.5000000000
51423  -25.859  -38.302  18.741 0.4000000060
52677  -26.130  -37.797  17.982 0.4000000060
147122  -26.149  -37.006  17.865 0.4000000060
52674  -23.875  -36.978  19.057 0.4000000060
126916  -25.801  -38.055  16.048 0.6000000238
131485  -19.726  -33.985  17.608 0.3000000119
57526  -20.357  -33.689  17.651 0.3000000119
56411  -22.037  -34.904  18.318 0.3000000119
52722  -25.106  -37.112  14.797 0.6000000238
58581  -20.030  -31.512  17.330 0.3000000119
53995  -24.195  -36.258  13.837 0.6000000238
55305  -22.893  -35.466  12.768 0.5000000000
53994  -23.413  -36.508  13.384 0.6000000238
56512  -21.377  -34.317  11.840 0.6000000238
56513  -22.113  -34.529  12.169 0.6000000238
56511  -20.706  -34.102  11.591 0.6000000238
56497  -22.801  -34.735  12.481 0.6000000238
57581  -20.322  -33.562  11.192 0.6000000238
57582  -21.336  -33.565  11.361 0.6000000238
57579  -18.221  -33.321  10.846 0.6999999881
58635  -20.602  -32.237  10.384 0.6000000238
58634  -17.905  -32.296  9.711 0.6999999881
59686  -18.564  -31.089  8.944 0.5000000000
58657  -18.658  -31.725  8.717 0.5000000000
60844  -20.650  -30.215  7.986 0.5000000000
52675  -24.873  -37.131  18.922 0.4000000060
151008  -26.241  -37.460  17.402 0.4000000060
53933  -25.513  -36.657  18.342 0.4000000060
52689  -26.187  -37.684  16.763 0.5000000000
55221  -25.369  -35.376  17.880 0.4000000060
52688  -25.995  -37.223  16.090 0.4000000060
144697  -20.443  -32.874  17.545 0.3000000119
144119  -21.059  -32.591  17.507 0.3000000119
57527  -21.719  -33.618  17.831 0.4000000060
55267  -25.227  -35.798  14.828 0.4000000060
58583  -21.397  -31.946  17.363 0.3000000119
57528  -22.324  -33.299  17.732 0.4000000060
55286  -24.256  -35.496  13.724 0.5000000000
53971  -24.868  -36.350  14.503 0.6000000238
55285  -23.577  -35.655  13.303 0.5000000000
56498  -23.332  -34.301  12.509 0.5000000000
130926  -22.011  -33.940  11.763 0.6000000238
57563  -23.628  -33.598  12.347 0.5000000000
58623  -20.864  -32.953  10.765 0.6000000238
58624  -21.742  -32.658  10.830 0.6000000238
150778  -19.164  -32.260  10.210 0.6000000238
60801  -19.047  -30.920  9.249 0.5000000000
60813  -18.625  -30.988  9.014 0.5000000000
60814  -19.228  -30.639  9.086 0.5000000000
60831  -20.288  -30.303  8.431 0.5000000000
61989  -21.659  -29.510  7.434 0.5000000000
60859  -21.527  -29.660  7.578 0.5000000000
53945  -25.238  -35.999  18.239 0.4000000060
53947  -26.274  -36.793  16.971 0.4000000060
53946  -25.978  -36.103  17.683 0.4000000060
55236  -25.934  -35.423  16.334 0.4000000060
53960  -26.021  -36.302  16.030 0.4000000060
55222  -25.878  -35.320  17.156 0.4000000060
55253  -25.635  -35.612  15.478 0.4000000060
59618  -20.817  -31.219  17.139 0.3000000119
132642  -24.581  -34.223  13.512 0.4000000060
60740  -20.468  -30.463  16.787 0.3000000119
57551  -24.484  -33.341  12.885 0.4000000060
58608  -23.959  -32.620  12.146 0.5000000000
58609  -24.690  -32.213  12.613 0.4000000060
139747  -22.648  -32.325  11.201 0.6000000238
57584  -23.187  -33.003  11.698 0.5000000000
148778  -21.168  -32.441  10.583 0.6000000238
59656  -22.850  -31.224  11.069 0.5000000000
59657  -23.601  -30.983  11.312 0.5000000000
135179  -19.530  -31.142  9.573 0.5000000000
59667  -20.451  -31.340  9.995 0.6000000238
60804  -22.363  -30.756  10.330 0.6000000238
59668  -22.222  -30.925  10.448 0.6000000238
142490  -21.673  -30.579  9.947 0.6000000238
61954  -21.025  -30.216  8.549 0.5000000000
61968  -21.386  -29.717  8.062 0.5000000000
62012  -23.284  -28.666  6.803 0.5000000000
60816  -20.839  -30.498  9.323 0.5000000000
64050  -19.829  -27.043  16.082 0.3000000119
145265  -21.281  -27.613  16.470 0.4000000060
64053  -22.682  -26.900  16.457 0.4000000060
60805  -23.039  -30.697  10.352 0.5000000000
125540  -20.785  -25.587  15.666 0.4000000060
60817  -22.248  -30.626  9.611 0.5000000000
61945  -25.905  -31.198  10.121 0.5000000000
60808  -26.423  -31.112  10.799 0.5000000000
61957  -23.615  -30.232  8.424 0.5000000000
60820  -24.915  -31.293  9.938 0.5000000000
61956  -22.087  -30.074  8.370 0.5000000000
148180  -22.771  -29.785  8.168 0.6000000238
63102  -24.498  -28.311  6.571 0.5000000000
61991  -22.672  -28.719  7.047 0.6000000238
63065  -23.479  -28.547  7.132 0.5000000000
63087  -24.122  -28.389  6.756 0.6000000238
64198  -24.874  -28.043  6.377 0.4000000060
130728  -22.160  -26.262  16.258 0.4000000060
64042  -23.489  -27.340  16.508 0.4000000060
60819  -23.864  -30.999  9.418 0.5000000000
61958  -24.655  -30.572  8.765 0.5000000000
61972  -25.213  -29.632  8.160 0.5000000000
63068  -26.533  -28.613  7.914 0.5000000000
63047  -26.233  -29.441  8.446 0.5000000000
61970  -23.109  -29.262  7.580 0.5000000000
63066  -24.540  -28.730  7.384 0.5000000000
65230  -25.899  -26.878  6.117 0.4000000060
64185  -25.863  -27.957  7.188 0.5000000000
64199  -25.425  -27.573  6.427 0.5000000000
65143  -23.553  -26.490  16.403 0.4000000060
67290  -21.723  -24.417  15.444 0.4000000060
61959  -25.850  -30.523  9.165 0.5000000000
60809  -27.148  -30.779  10.645 0.4000000060
63067  -25.590  -28.772  7.631 0.4000000060
64201  -26.988  -27.198  7.113 0.4000000060
64200  -26.204  -27.314  6.751 0.5000000000
66217  -27.057  -25.993  6.216 0.3000000119
61961  -27.513  -29.422  9.303 0.4000000060
64186  -26.798  -27.838  7.505 0.4000000060
65231  -27.544  -26.581  7.080 0.5000000000
66218  -27.829  -25.740  6.653 0.4000000060
64187  -27.685  -27.462  7.834 0.4000000060
68526  -28.920  -23.633  4.967 0.4000000060
135914  -28.795  -24.580  6.658 0.4000000060
144292  -29.379  -26.474  8.692 0.4000000060
67394  -29.085  -23.912  6.132 0.4000000060
68517  -28.833  -23.729  5.203 0.4000000060
68518  -29.462  -22.953  4.901 0.4000000060
68527  -30.027  -22.686  4.562 0.4000000060
65233  -29.065  -25.704  7.844 0.4000000060
66219  -28.585  -25.343  7.096 0.3000000119
147157  -29.355  -24.163  7.006 0.4000000060
128895  -29.555  -25.881  8.515 0.4000000060
66198  -30.188  -25.583  9.113 0.4000000060
67396  -29.920  -24.100  7.713 0.3000000119
129960  -29.771  -23.451  6.630 0.4000000060
68507  -29.959  -22.725  5.527 0.4000000060
70727  -31.326  -21.248  3.991 0.4000000060
67395  -29.335  -24.908  7.562 0.3000000119
69601  -30.535  -22.661  6.686 0.4000000060
69614  -30.582  -22.062  5.431 0.5000000000
66205  -29.945  -24.992  8.366 0.4000000060
127906  -30.440  -23.659  8.091 0.4000000060
139806  -20.420  -57.130  10.284 0.6999999881
32598  -23.340  -56.966  15.672 0.6999999881
32622  -15.619  -57.254  14.484 0.6000000238
36583  -19.011  -52.561  16.958 0.6000000238
142330  -19.751  -52.748  17.376 0.6999999881
38616  -23.832  -51.546  14.824 0.8000000119
32603  -13.127  -57.133  15.188 0.4000000060
41418  -14.552  -48.670  11.846 0.8000000119
36560  -19.103  -52.326  18.736 0.6000000238
30758  -15.667  -59.290  16.142 0.5000000000
134825  -24.514  -51.366  18.227 0.8000000119
40462  -24.158  -50.039  15.945 0.8000000119
143896  -21.389  -51.175  19.486 0.8000000119
32576  -13.037  -57.727  19.373 0.4000000060
32577  -18.820  -57.826  18.571 0.6000000238
137065  -15.989  -58.611  20.264 0.5000000000
31626  -18.281  -58.498  20.274 0.6000000238
37551  -21.180  -51.741  20.897 0.6999999881
129893  -19.922  -46.181  14.682 0.6999999881
40394  -23.042  -50.168  21.306 0.6999999881
38499  -21.551  -51.221  23.698 0.6999999881
49315  -18.349  -40.437  13.390 0.8000000119
47340  -23.964  -43.109  16.999 0.6999999881
48318  -23.873  -41.912  15.953 0.6999999881
140386  -25.256  -44.465  22.935 0.6000000238
47334  -25.249  -42.964  18.091 0.6999999881
47341  -24.756  -42.656  17.360 0.6000000238
138523  -22.612  -46.087  24.380 0.6000000238
47306  -25.178  -42.190  22.071 0.5000000000
54008  -22.987  -36.101  12.987 0.6000000238
63086  -23.403  -28.489  6.886 0.5000000000
63069  -27.379  -28.326  8.253 0.4000000060
30859  -18.676  -58.685  7.544 0.5000000000
31748  -18.215  -57.885  7.434 0.5000000000
30848  -21.368  -59.691  9.965 0.6999999881
34632  -17.252  -55.722  7.585 0.5000000000
133540  -16.946  -59.127  14.718 0.5000000000
35667  -16.339  -54.760  8.541 0.6999999881
33593  -23.214  -56.967  14.207 0.6999999881
33613  -22.723  -56.178  13.009 0.6999999881
34577  -20.466  -55.347  11.263 0.6999999881
36682  -18.790  -52.823  11.290 0.6999999881
35625  -19.466  -54.229  11.129 0.6999999881
38694  -15.752  -52.200  9.421 0.6999999881
38677  -16.151  -51.601  9.379 0.6000000238
34529  -16.938  -55.354  15.408 0.6000000238
35612  -22.350  -54.591  12.428 0.6999999881
39605  -14.719  -51.407  9.904 0.6999999881
32608  -18.359  -57.081  15.941 0.6000000238
33580  -23.574  -56.081  15.527 0.8000000119
35597  -22.946  -54.070  12.878 0.6999999881
39608  -18.769  -49.981  9.559 0.4000000060
34494  -22.923  -55.183  17.365 0.8000000119
35565  -15.713  -53.137  15.320 0.6000000238
36654  -14.996  -53.131  15.083 0.6000000238
39563  -14.270  -50.286  11.205 0.8000000119
140126  -18.213  -53.153  16.355 0.6999999881
35546  -24.116  -54.208  16.144 0.6999999881
35596  -12.582  -54.010  13.905 0.5000000000
38637  -23.175  -51.747  13.375 0.8000000119
41461  -16.646  -48.570  9.679 0.5000000000
36585  -21.696  -53.781  18.040 0.6999999881
37627  -13.861  -52.612  15.857 0.6000000238
37631  -24.338  -52.429  16.091 0.8000000119
42429  -14.847  -47.235  10.295 0.6999999881
36562  -22.169  -53.205  18.447 0.6999999881
133786  -15.259  -54.363  16.599 0.6000000238
41421  -18.430  -48.291  11.597 0.8999999762
41419  -16.504  -48.521  11.612 0.8000000119
132676  -16.644  -46.874  9.930 0.6000000238
43459  -18.505  -46.371  9.644 0.4000000060
32620  -12.870  -57.844  14.778 0.3000000119
35540  -13.812  -53.426  16.193 0.5000000000
132534  -12.565  -53.870  15.534 0.5000000000
32602  -12.288  -57.021  14.722 0.4000000060
42392  -12.348  -47.815  12.032 0.8000000119
35523  -18.068  -53.138  17.937 0.6000000238
37581  -18.858  -51.994  18.270 0.6000000238
38577  -21.147  -51.567  18.984 0.8000000119
34489  -16.387  -55.162  17.020 0.5000000000
33575  -13.402  -56.349  15.527 0.4000000060
33576  -14.181  -56.334  15.861 0.5000000000
33561  -14.746  -56.171  16.207 0.5000000000
41401  -22.026  -48.782  13.635 0.8000000119
45471  -17.944  -44.338  10.616 0.4000000060
29880  -15.247  -60.003  15.779 0.5000000000
32605  -14.775  -57.810  15.743 0.5000000000
33563  -16.274  -56.200  16.755 0.5000000000
32593  -15.549  -57.636  16.230 0.5000000000
34480  -18.617  -55.346  18.162 0.6000000238
28930  -15.932  -61.693  17.230 0.5000000000
30750  -17.109  -59.682  17.257 0.6000000238
30759  -16.429  -59.459  16.615 0.5000000000
29855  -17.070  -60.680  17.959 0.6000000238
142607  -16.083  -60.174  16.448 0.5000000000
33549  -16.905  -56.063  17.133 0.5000000000
29843  -14.418  -60.991  19.430 0.6000000238
28912  -15.157  -62.034  19.112 0.6000000238
31660  -15.991  -58.585  16.355 0.5000000000
31652  -17.476  -58.873  17.421 0.6000000238
32563  -12.676  -56.923  19.373 0.4000000060
141450  -24.687  -50.385  19.164 0.6999999881
43404  -19.308  -46.902  13.383 0.8000000119
42375  -15.794  -46.631  12.828 0.8999999762
30723  -17.857  -59.756  19.262 0.6000000238
30751  -17.622  -59.751  17.993 0.6000000238
31653  -18.112  -59.015  18.213 0.6000000238
30724  -18.300  -59.197  19.364 0.6000000238
32554  -15.151  -57.075  20.388 0.4000000060
32555  -15.932  -57.759  20.523 0.4000000060
31625  -17.530  -58.496  20.494 0.5000000000
32556  -16.952  -57.653  20.876 0.5000000000
40431  -25.045  -49.742  18.603 0.6999999881
35485  -14.879  -54.968  21.011 0.4000000060
33502  -16.124  -56.045  21.186 0.5000000000
33517  -16.785  -56.815  21.169 0.5000000000
42341  -23.246  -47.825  15.840 0.6999999881
43400  -15.572  -46.166  13.055 0.8000000119
47436  -16.558  -42.027  11.450 0.6999999881
35498  -20.728  -54.384  20.206 0.6999999881
32559  -19.468  -57.261  20.355 0.6999999881
33520  -19.707  -56.654  20.683 0.6999999881
33519  -18.916  -57.211  20.971 0.6000000238
40407  -25.324  -49.034  19.731 0.6999999881
128750  -16.471  -54.631  21.863 0.5000000000
42318  -24.648  -47.691  17.630 0.6999999881
36518  -14.791  -53.444  21.484 0.4000000060
47449  -12.977  -42.269  11.533 0.8000000119
34450  -19.831  -55.622  21.537 0.6000000238
34449  -18.809  -55.666  21.969 0.6000000238
36520  -20.791  -54.074  21.902 0.6999999881
32557  -18.139  -57.903  20.752 0.6000000238
33518  -17.754  -57.111  21.224 0.5000000000
37537  -15.991  -53.017  22.328 0.3000000119
43351  -23.368  -46.682  16.828 0.6999999881
131212  -25.324  -47.100  19.005 0.6999999881
47434  -11.864  -42.208  12.073 0.8999999762
49364  -13.399  -41.039  11.483 0.8000000119
49345  -12.270  -40.957  11.824 0.8000000119
49346  -15.007  -40.504  11.414 0.6000000238
48400  -16.229  -41.293  11.462 0.6000000238
50366  -15.613  -39.742  11.306 0.6000000238
50383  -14.206  -39.138  11.436 0.8000000119
35450  -18.220  -54.403  22.682 0.6000000238
37523  -21.057  -52.975  22.795 0.6999999881
136776  -22.040  -50.814  23.273 0.6999999881
36502  -17.761  -53.668  22.916 0.5000000000
43338  -23.731  -46.488  17.338 0.6999999881
45403  -19.963  -44.660  14.712 0.8000000119
48371  -12.935  -41.199  12.676 0.8000000119
50381  -13.041  -40.103  11.707 0.8000000119
41311  -24.345  -48.853  22.373 0.6999999881
39424  -20.258  -50.138  24.546 0.5000000000
42277  -25.529  -47.389  21.573 0.6999999881
41290  -17.565  -47.871  24.248 0.3000000119
131841  -23.785  -46.039  17.680 0.6999999881
44332  -24.755  -45.578  18.809 0.6999999881
44338  -22.980  -45.101  17.496 0.6999999881
46393  -23.179  -43.509  16.701 0.6999999881
125066  -18.845  -42.733  13.491 0.8000000119
47406  -19.295  -42.182  13.620 0.8000000119
41303  -24.726  -48.123  22.915 0.6999999881
41274  -18.828  -48.704  24.656 0.3000000119
41275  -19.606  -48.481  24.705 0.5000000000
42276  -25.228  -47.789  22.266 0.6999999881
43312  -25.668  -46.878  20.864 0.6999999881
132484  -18.238  -47.274  24.360 0.3000000119
42232  -20.710  -47.558  24.700 0.5000000000
125923  -25.589  -46.200  20.238 0.6999999881
44267  -18.038  -45.863  23.573 0.3000000119
46374  -24.965  -43.759  18.490 0.6999999881
42251  -22.969  -47.732  24.379 0.6000000238
131116  -21.832  -44.806  23.983 0.3000000119
45301  -21.479  -44.315  23.681 0.3000000119
44319  -25.762  -45.458  20.842 0.6999999881
46331  -20.594  -43.033  23.294 0.3000000119
46332  -21.452  -42.995  23.311 0.3000000119
52798  -14.567  -36.585  11.107 0.6999999881
44272  -22.880  -45.186  24.029 0.6000000238
44273  -23.924  -45.402  23.695 0.6000000238
45304  -24.554  -44.897  23.417 0.6000000238
45302  -22.427  -44.378  23.682 0.4000000060
134997  -25.899  -44.767  21.542 0.6999999881
126633  -25.746  -44.641  20.515 0.6999999881
45355  -25.412  -43.858  19.289 0.6999999881
47342  -25.425  -42.125  17.796 0.6000000238
50336  -22.072  -39.527  13.452 0.8000000119
52763  -20.525  -37.703  12.457 0.8000000119
55348  -16.337  -34.901  10.437 0.6000000238
54036  -16.465  -36.098  10.518 0.6000000238
46333  -22.389  -43.006  23.309 0.3000000119
131710  -21.995  -45.421  24.266 0.5000000000
47287  -22.957  -42.451  22.934 0.3000000119
47289  -24.906  -42.881  22.494 0.5000000000
49205  -21.387  -40.050  21.290 0.3000000119
124646  -25.916  -41.070  20.099 0.5000000000
48360  -23.079  -40.852  14.641 0.8000000119
150279  -25.389  -40.423  16.602 0.6000000238
51517  -21.960  -38.017  12.727 0.6999999881
50234  -22.253  -39.774  21.154 0.3000000119
49225  -24.779  -40.152  21.002 0.3000000119
51398  -21.313  -38.287  19.624 0.3000000119
51399  -22.753  -38.148  19.687 0.3000000119
49259  -25.739  -40.089  17.164 0.6000000238
49276  -25.359  -39.855  16.194 0.6000000238
147313  -16.031  -33.715  10.776 0.6999999881
57560  -16.578  -33.739  11.175 0.6999999881
51460  -25.617  -38.903  16.045 0.6000000238
52705  -25.027  -37.881  14.865 0.6999999881
55304  -21.556  -35.787  12.413 0.6000000238
57578  -17.130  -33.334  10.559 0.6999999881
136662  -19.422  -34.552  9.562 0.5000000000
58621  -18.786  -32.768  10.517 0.6000000238
58622  -19.859  -32.796  10.600 0.6000000238
56542  -19.888  -33.505  8.851 0.6000000238
58667  -20.896  -31.845  8.041 0.4000000060
52676  -25.693  -37.431  18.539 0.4000000060
55192  -23.339  -35.574  18.483 0.4000000060
127713  -20.993  -34.084  17.887 0.3000000119
58566  -19.845  -32.370  17.487 0.3000000119
58582  -20.601  -32.055  17.425 0.3000000119
56474  -24.693  -34.944  13.989 0.5000000000
56499  -23.933  -34.241  12.896 0.5000000000
57583  -22.789  -33.926  12.050 0.5000000000
59654  -18.424  -32.060  10.177 0.5000000000
53972  -25.445  -36.346  15.160 0.4000000060
58567  -21.789  -32.780  17.561 0.4000000060
58584  -22.299  -32.005  17.320 0.4000000060
56481  -24.043  -34.914  13.405 0.5000000000
125189  -25.531  -34.134  15.148 0.4000000060
59648  -24.211  -31.505  11.945 0.5000000000
64051  -20.780  -26.776  16.211 0.3000000119
64041  -22.836  -27.677  16.546 0.4000000060
65224  -28.237  -26.816  7.805 0.4000000060
64188  -28.512  -27.260  8.411 0.4000000060
68519  -30.442  -22.088  4.511 0.4000000060
70728  -31.953  -20.477  4.157 0.3000000119
26988  -22.301  -63.182  12.582 0.5000000000
27007  -22.278  -63.074  11.748 0.5000000000
149159  -20.333  -64.016  15.677 0.4000000060
26902  -21.505  -63.682  15.180 0.5000000000
26928  -21.967  -63.658  14.381 0.5000000000
26962  -22.224  -63.444  13.455 0.5000000000
28050  -22.400  -62.406  12.243 0.6000000238
29028  -22.391  -61.685  11.886 0.6000000238
26901  -20.842  -63.559  15.689 0.5000000000
27992  -20.690  -62.862  16.011 0.5000000000
28011  -22.092  -62.942  14.982 0.5000000000
28012  -22.349  -62.348  14.274 0.5000000000
27973  -19.869  -62.491  16.217 0.5000000000
28993  -22.464  -61.714  13.560 0.6000000238
131546  -22.383  -60.362  12.538 0.6000000238
29012  -22.459  -61.738  12.665 0.6000000238
29949  -22.199  -60.427  11.715 0.6000000238
30822  -21.945  -59.669  11.435 0.6000000238
30823  -22.200  -59.788  12.073 0.6000000238
30838  -21.678  -59.680  10.709 0.6000000238
137562  -21.407  -59.142  10.412 0.6000000238
27975  -21.362  -61.970  16.068 0.5000000000
27994  -22.257  -62.210  15.008 0.5000000000
130131  -22.516  -61.061  13.830 0.6000000238
28950  -19.337  -61.654  16.227 0.5000000000
28932  -21.141  -61.399  16.401 0.5000000000
126912  -22.480  -61.038  13.025 0.6000000238
28948  -18.131  -61.034  15.315 0.5000000000
29864  -18.825  -60.805  16.076 0.5000000000
30810  -22.399  -59.548  12.760 0.6000000238
31738  -21.009  -58.971  9.835 0.6000000238
28952  -22.185  -61.743  15.321 0.5000000000
29904  -22.530  -60.720  14.539 0.5000000000
29865  -20.489  -60.743  16.716 0.5000000000
29866  -21.308  -60.688  16.565 0.5000000000
28951  -21.845  -61.469  15.900 0.5000000000
29884  -22.477  -60.372  15.334 0.5000000000
29920  -22.529  -60.269  13.553 0.6000000238
143348  -18.725  -59.920  16.015 0.5000000000
135359  -19.526  -60.167  16.563 0.5000000000
29882  -18.101  -60.107  15.409 0.5000000000
30774  -18.358  -59.309  15.688 0.5000000000
31716  -22.033  -58.981  11.951 0.6000000238
31728  -21.220  -58.420  10.514 0.6000000238
32661  -21.233  -57.769  10.909 0.6000000238
132973  -21.138  -60.098  16.921 0.5000000000
30764  -22.394  -59.372  16.240 0.5000000000
30775  -22.598  -59.604  15.441 0.6000000238
140610  -22.784  -58.796  15.610 0.6000000238
135810  -20.359  -59.953  16.983 0.5000000000
30789  -22.621  -59.888  14.562 0.6000000238
31685  -22.742  -59.039  14.694 0.6000000238
132458  -17.621  -59.338  15.165 0.5000000000
31684  -16.682  -58.338  14.776 0.5000000000
31715  -21.622  -58.270  11.341 0.6000000238
30762  -20.821  -59.257  17.215 0.5000000000
30763  -21.729  -59.442  16.838 0.5000000000
31662  -18.606  -58.727  15.994 0.5000000000
31672  -18.058  -58.604  15.546 0.5000000000
140074  -18.513  -58.020  15.982 0.6000000238
31655  -21.047  -58.388  17.359 0.6000000238
30752  -21.585  -58.826  17.158 0.5000000000
145331  -22.646  -58.549  16.272 0.5000000000
126062  -23.095  -57.901  15.849 0.6000000238
31663  -19.285  -58.457  16.478 0.6000000238
31664  -20.156  -58.528  17.170 0.6000000238
32609  -23.009  -58.213  14.858 0.6000000238
32606  -17.262  -57.067  15.422 0.5000000000
148714  -17.822  -57.140  15.636 0.5000000000
140204  -19.122  -57.497  16.404 0.6000000238
31683  -15.946  -58.140  14.426 0.4000000060
32595  -19.727  -57.873  16.869 0.6000000238
32596  -20.444  -57.770  17.262 0.6000000238
32589  -21.334  -57.620  17.394 0.6000000238
31656  -21.904  -58.184  17.198 0.5000000000
32597  -23.030  -57.181  16.409 0.6000000238
32626  -23.276  -57.404  14.931 0.6000000238
147188  -22.670  -57.174  16.907 0.6999999881
39425  -21.128  -49.965  24.416 0.5000000000
47370  -23.096  -42.323  15.664 0.6000000238
52799  -15.484  -37.247  10.791 0.5000000000
52800  -17.094  -37.201  10.513 0.5000000000
56532  -17.372  -33.786  9.873 0.5000000000
70718  -31.811  -20.728  5.301 0.3000000119
71729  -32.663  -20.324  4.732 0.3000000119
71710  -33.612  -19.947  6.519 0.3000000119
25880  -20.162  -64.747  15.516 0.4000000060
25914  -20.877  -65.047  15.093 0.5000000000
26961  -21.917  -64.207  13.711 0.5000000000
140024  -22.109  -62.136  10.582 0.5000000000
26900  -20.085  -63.385  15.943 0.4000000060
28062  -22.319  -62.298  11.419 0.6000000238
29963  -22.114  -60.830  11.051 0.6000000238
29041  -21.902  -61.314  10.426 0.5000000000
29962  -21.694  -60.449  10.333 0.5000000000
26898  -18.385  -63.886  15.462 0.4000000060
27991  -18.912  -62.290  15.852 0.5000000000
28970  -17.520  -61.391  14.727 0.5000000000
28949  -18.674  -61.557  15.791 0.5000000000
29881  -17.462  -60.492  14.779 0.3000000119
30787  -16.607  -59.735  14.261 0.4000000060
30796  -15.440  -59.604  13.400 0.4000000060
43458  -17.706  -46.412  9.788 0.4000000060
44456  -18.075  -45.730  9.902 0.4000000060
43446  -17.268  -45.877  10.086 0.4000000060
42233  -21.494  -47.534  24.652 0.5000000000
43274  -21.585  -46.037  24.451 0.4000000060
51551  -17.471  -38.129  10.540 0.5000000000
52801  -18.166  -37.501  10.469 0.5000000000
144197  -18.471  -36.685  10.425 0.5000000000
49239  -25.915  -40.449  19.537 0.4000000060
71709  -32.446  -20.356  6.014 0.3000000119
72666  -33.855  -19.698  7.393 0.3000000119
26899  -19.556  -64.010  15.710 0.4000000060
30798  -22.591  -59.291  13.711 0.6000000238
32623  -16.449  -57.368  14.924 0.5000000000
31671  -17.344  -58.512  15.164 0.5000000000
32607  -17.794  -57.760  15.536 0.6000000238
130175  -18.265  -38.370  10.481 0.5000000000
30788  -17.185  -59.809  14.670 0.4000000060
25881  -20.927  -64.292  15.381 0.4000000060
26929  -22.274  -63.014  14.089 0.5000000000
28033  -22.402  -62.546  13.239 0.6000000238
27993  -21.766  -62.259  15.565 0.5000000000
129598  -19.190  -63.163  15.784 0.5000000000
140545  -22.368  -60.083  15.937 0.5000000000
29867  -21.875  -60.202  16.402 0.5000000000
30760  -19.000  -59.297  16.303 0.5000000000
30761  -19.829  -59.302  16.906 0.5000000000
69615  -31.162  -21.707  6.060 0.4000000060
143181  -18.299  -62.801  15.367 0.4000000060
128631  -21.558  -61.075  9.769 0.4000000060
28010  -18.161  -61.912  15.309 0.4000000060
29878  -14.053  -60.846  15.180 0.4000000060
30772  -14.434  -59.346  15.373 0.3000000119
31668  -13.995  -58.588  15.244 0.4000000060
28929  -15.240  -61.818  16.382 0.4000000060
29879  -14.942  -60.918  15.701 0.4000000060
132050  -12.934  -62.397  19.321 0.4000000060
26865  -14.327  -63.405  18.450 0.4000000060
134409  -14.977  -62.570  16.762 0.4000000060
27972  -15.489  -62.366  17.385 0.4000000060
29840  -10.724  -60.762  18.669 0.3000000119
28910  -12.079  -61.503  19.150 0.3000000119
130792  -11.227  -60.230  18.757 0.4000000060
27953  -15.397  -62.557  18.279 0.4000000060
29841  -11.457  -60.885  18.876 0.4000000060
142343  -13.013  -61.511  19.331 0.5000000000
30734  -11.710  -59.616  18.851 0.4000000060
30735  -12.587  -59.721  19.148 0.4000000060
127503  -13.265  -60.667  19.325 0.5000000000
137364  -12.143  -58.946  18.933 0.4000000060
43256  -20.132  -46.700  24.548 0.3000000119
48270  -25.326  -41.582  21.462 0.3000000119
48269  -24.428  -41.431  22.073 0.3000000119
145278  -24.813  -40.913  21.461 0.3000000119
48286  -25.472  -40.920  20.920 0.3000000119
49226  -25.548  -40.296  20.335 0.3000000119
60806  -23.860  -30.871  10.609 0.4000000060
51401  -24.543  -38.346  19.638 0.3000000119
60793  -23.633  -30.803  11.091 0.4000000060
53931  -23.619  -36.286  18.694 0.3000000119
55191  -22.484  -35.594  18.482 0.3000000119
134405  -22.551  -34.016  18.093 0.3000000119
60794  -25.177  -30.814  11.912 0.3000000119
60807  -25.498  -31.173  10.928 0.4000000060
61960  -26.850  -29.886  9.255 0.4000000060
63048  -27.102  -29.114  8.654 0.3000000119
53932  -24.583  -36.440  18.617 0.3000000119
55193  -24.395  -35.624  18.357 0.3000000119
56446  -25.365  -34.583  17.429 0.3000000119
56412  -22.936  -34.872  18.344 0.3000000119
56413  -23.851  -34.908  18.251 0.3000000119
135707  -24.711  -34.906  18.034 0.3000000119
56458  -25.075  -33.871  17.380 0.3000000119
138162  -25.771  -34.651  16.642 0.3000000119
57530  -24.374  -33.450  17.508 0.3000000119
57541  -25.179  -33.227  17.101 0.3000000119
56469  -25.659  -33.989  16.075 0.3000000119
139081  -25.676  -34.802  15.755 0.3000000119
56475  -25.292  -35.025  14.805 0.3000000119
58568  -22.699  -32.755  17.535 0.3000000119
58569  -23.542  -33.002  17.544 0.3000000119
56482  -25.154  -34.234  14.274 0.3000000119
60742  -22.275  -30.678  16.839 0.3000000119
57552  -25.109  -33.499  13.732 0.3000000119
127438  -21.931  -29.983  16.660 0.3000000119
58602  -25.133  -32.668  13.331 0.3000000119
144474  -25.213  -31.855  13.058 0.3000000119
60785  -25.698  -30.670  12.502 0.3000000119
145884  -20.768  -26.134  15.882 0.3000000119
64052  -21.745  -26.879  16.389 0.3000000119
59649  -24.924  -31.231  12.499 0.3000000119
60784  -25.261  -30.810  12.489 0.3000000119
129055  -22.160  -25.638  15.939 0.3000000119
67289  -20.867  -24.762  15.453 0.3000000119
61946  -26.664  -30.729  9.978 0.3000000119
64167  -28.164  -28.038  8.621 0.3000000119
57542  -25.532  -33.238  16.372 0.3000000119
58570  -24.420  -32.666  17.248 0.3000000119
58587  -25.573  -32.642  15.916 0.3000000119
57549  -25.440  -33.476  14.572 0.3000000119
59619  -22.769  -31.333  17.040 0.3000000119
58585  -23.422  -32.114  17.250 0.3000000119
133353  -24.434  -31.956  16.972 0.3000000119
58586  -25.245  -32.430  16.608 0.3000000119
58596  -25.625  -32.409  15.253 0.3000000119
132319  -25.566  -32.842  14.777 0.3000000119
58600  -25.475  -32.822  14.086 0.3000000119
148498  -23.076  -30.732  16.820 0.3000000119
60743  -23.735  -30.280  16.691 0.3000000119
59621  -25.011  -31.483  16.502 0.3000000119
135907  -25.572  -32.046  13.708 0.3000000119
135926  -21.585  -29.121  16.571 0.3000000119
146046  -22.825  -30.090  16.728 0.3000000119
58610  -25.478  -31.077  13.232 0.3000000119
132232  -26.093  -30.389  13.053 0.3000000119
62931  -22.484  -28.423  16.556 0.3000000119
60786  -26.458  -30.656  12.404 0.3000000119
65142  -22.835  -25.995  16.269 0.3000000119
144303  -24.316  -25.235  15.948 0.3000000119
60795  -26.026  -30.900  11.728 0.3000000119
66127  -23.601  -25.572  16.131 0.3000000119
61938  -27.849  -30.493  10.974 0.3000000119
61947  -27.562  -30.109  9.990 0.3000000119
63036  -28.138  -29.256  9.669 0.3000000119
64189  -29.194  -26.991  8.824 0.3000000119
63049  -27.823  -28.779  8.965 0.3000000119
137613  -25.517  -30.933  16.031 0.3000000119
59622  -25.574  -31.807  15.805 0.3000000119
128664  -25.697  -30.904  15.321 0.3000000119
59631  -25.711  -31.597  14.911 0.3000000119
61883  -24.410  -29.633  16.494 0.3000000119
150365  -25.383  -30.410  16.118 0.3000000119
136963  -25.667  -32.213  14.490 0.3000000119
127285  -23.192  -28.805  16.581 0.3000000119
62933  -24.071  -28.699  16.545 0.3000000119
141044  -25.928  -30.609  13.629 0.3000000119
60776  -27.350  -30.265  13.320 0.3000000119
60775  -26.541  -30.211  13.712 0.3000000119
64054  -24.349  -27.010  16.502 0.3000000119
128194  -24.373  -26.001  16.318 0.3000000119
60787  -27.325  -30.627  12.491 0.3000000119
60797  -28.016  -30.681  11.934 0.3000000119
66128  -25.203  -25.435  15.986 0.3000000119
61939  -28.628  -30.134  11.398 0.3000000119
61948  -28.401  -29.714  10.487 0.3000000119
63037  -28.854  -28.914  10.094 0.3000000119
64168  -28.851  -27.717  9.072 0.3000000119
60755  -25.953  -30.042  15.023 0.3000000119
62954  -25.685  -28.590  16.165 0.3000000119
134177  -25.638  -29.228  16.031 0.3000000119
61902  -26.554  -29.525  15.173 0.3000000119
60764  -25.901  -30.550  14.418 0.3000000119
59637  -25.819  -31.383  14.110 0.3000000119
62952  -24.141  -27.804  16.531 0.3000000119
128108  -27.072  -28.965  15.514 0.3000000119
60765  -26.582  -29.848  14.453 0.3000000119
148928  -24.616  -27.572  16.492 0.3000000119
132624  -25.089  -27.337  16.457 0.3000000119
65144  -25.161  -26.472  16.381 0.3000000119
128193  -26.114  -26.147  16.172 0.3000000119
66129  -26.775  -25.429  15.688 0.3000000119
61934  -29.442  -29.708  12.559 0.3000000119
60788  -28.779  -30.270  12.296 0.3000000119
67294  -25.667  -24.521  15.477 0.3000000119
143409  -26.045  -25.238  15.713 0.3000000119
61940  -29.241  -29.828  11.808 0.3000000119
61949  -29.232  -29.326  11.019 0.3000000119
63038  -29.509  -28.491  10.480 0.3000000119
63051  -29.205  -28.152  9.737 0.3000000119
65218  -29.796  -26.490  9.220 0.3000000119
61901  -25.910  -29.669  15.630 0.3000000119
62955  -26.480  -28.362  16.030 0.3000000119
61914  -27.471  -29.528  14.748 0.3000000119
60766  -27.218  -29.966  14.029 0.3000000119
65145  -25.765  -27.004  16.411 0.3000000119
62956  -27.369  -28.151  15.879 0.3000000119
65146  -27.101  -26.339  15.978 0.3000000119
126450  -28.901  -30.017  13.218 0.3000000119
67320  -26.195  -23.812  15.015 0.3000000119
66130  -27.585  -25.606  15.565 0.3000000119
67295  -26.513  -24.571  15.375 0.3000000119
67296  -27.318  -24.731  15.291 0.3000000119
66144  -28.132  -24.992  15.208 0.3000000119
63028  -29.777  -29.255  11.879 0.3000000119
63039  -29.887  -28.622  11.253 0.3000000119
64149  -29.804  -27.780  10.174 0.3000000119
64169  -29.510  -27.366  9.489 0.3000000119
130526  -28.391  -29.436  14.636 0.3000000119
61927  -28.098  -29.973  13.879 0.3000000119
62957  -28.222  -27.869  15.709 0.3000000119
61903  -28.155  -28.853  15.349 0.3000000119
62982  -29.047  -29.035  14.865 0.3000000119
64058  -28.216  -27.098  15.744 0.3000000119
64059  -28.806  -27.377  15.511 0.3000000119
62958  -29.068  -28.279  15.276 0.3000000119
62983  -29.730  -28.863  14.287 0.3000000119
129406  -27.007  -23.945  14.851 0.3000000119
65148  -28.576  -26.614  15.527 0.3000000119
63021  -30.528  -28.323  12.986 0.3000000119
67321  -27.831  -24.214  14.743 0.3000000119
67322  -28.707  -24.575  14.749 0.3000000119
66132  -29.089  -26.183  15.256 0.3000000119
65149  -29.152  -26.861  15.343 0.3000000119
63029  -30.338  -28.567  12.057 0.3000000119
135237  -30.414  -27.999  11.396 0.3000000119
64150  -30.327  -27.497  10.734 0.3000000119
64170  -30.162  -27.023  9.999 0.3000000119
67385  -30.380  -24.192  8.516 0.3000000119
66206  -30.483  -24.752  9.081 0.3000000119
148260  -29.462  -28.622  14.839 0.3000000119
68394  -27.427  -23.479  14.139 0.3000000119
64077  -29.512  -27.475  15.158 0.3000000119
64078  -30.224  -27.365  14.624 0.3000000119
62984  -30.456  -28.064  13.994 0.3000000119
68395  -28.381  -23.859  14.353 0.3000000119
66145  -28.955  -25.376  15.047 0.3000000119
65164  -30.408  -26.494  14.537 0.3000000119
64099  -30.830  -27.065  14.021 0.3000000119
64133  -30.774  -27.780  12.245 0.3000000119
65204  -31.171  -26.832  12.361 0.3000000119
135794  -30.747  -27.250  11.477 0.3000000119
66185  -31.326  -25.263  11.298 0.3000000119
140762  -31.009  -26.572  11.455 0.3000000119
67381  -30.927  -24.409  9.814 0.3000000119
67374  -30.987  -25.251  10.368 0.3000000119
65219  -30.533  -26.065  9.963 0.3000000119
66199  -30.631  -25.217  9.648 0.3000000119
68421  -27.419  -22.869  13.661 0.3000000119
68422  -28.187  -23.215  13.958 0.3000000119
68423  -29.204  -23.512  14.185 0.3000000119
67324  -30.571  -24.898  14.257 0.3000000119
66159  -31.065  -25.359  13.950 0.3000000119
65174  -30.997  -26.187  14.019 0.3000000119
65191  -31.197  -26.570  13.376 0.3000000119
67344  -31.053  -24.510  13.833 0.3000000119
65192  -31.440  -25.941  12.815 0.3000000119
67366  -31.492  -24.525  11.720 0.3000000119
66174  -31.484  -25.212  12.274 0.3000000119
65205  -31.338  -25.995  11.853 0.3000000119
67375  -31.304  -24.503  10.772 0.3000000119
68485  -30.725  -23.550  8.673 0.3000000119
67382  -31.339  -23.692  10.372 0.3000000119
69588  -30.799  -22.985  7.955 0.3000000119
138495  -28.086  -22.641  13.736 0.3000000119
139856  -28.966  -22.743  13.925 0.3000000119
68397  -30.230  -24.074  14.198 0.3000000119
68424  -31.057  -23.602  13.675 0.3000000119
66160  -31.445  -25.061  13.253 0.3000000119
138443  -31.594  -23.868  12.111 0.3000000119
68478  -31.085  -23.440  9.443 0.3000000119
69589  -31.303  -22.325  8.397 0.3000000119
69602  -31.179  -22.093  7.347 0.3000000119
131895  -30.227  -22.935  13.902 0.3000000119
128524  -11.159  -61.499  18.916 0.3000000119
127481  -15.704  -60.964  16.376 0.4000000060
147251  -13.752  -62.377  19.297 0.4000000060
31643  -12.853  -59.054  19.181 0.4000000060
43257  -21.103  -46.778  24.612 0.3000000119
57529  -23.511  -33.727  17.834 0.3000000119
56459  -25.574  -33.897  16.907 0.3000000119
59658  -24.547  -31.006  11.727 0.4000000060
148430  -21.687  -28.256  16.526 0.3000000119
64040  -22.130  -27.632  16.491 0.3000000119
65141  -21.417  -26.066  16.007 0.3000000119
66125  -21.518  -25.266  15.661 0.3000000119
62932  -23.370  -28.121  16.549 0.3000000119
66126  -22.859  -25.244  15.824 0.3000000119
57547  -25.592  -33.252  15.453 0.3000000119
150237  -12.232  -63.475  19.234 0.4000000060
26863  -12.756  -64.102  18.841 0.4000000060
142478  -14.344  -63.628  17.669 0.4000000060
27962  -14.834  -63.163  18.189 0.4000000060
150269  -10.503  -60.121  18.570 0.3000000119
29842  -12.157  -60.553  19.081 0.4000000060
56445  -24.356  -34.237  17.848 0.3000000119
130894  -26.717  -30.381  13.002 0.3000000119
59620  -23.900  -31.195  16.870 0.3000000119
60744  -24.791  -30.538  16.434 0.3000000119
61882  -23.461  -29.473  16.625 0.3000000119
67292  -23.698  -24.666  15.630 0.3000000119
67291  -22.693  -24.455  15.507 0.3000000119
62934  -24.998  -29.005  16.297 0.3000000119
61884  -25.301  -29.819  16.161 0.3000000119
60745  -25.666  -30.310  15.711 0.3000000119
62953  -24.912  -28.114  16.429 0.3000000119
60777  -28.112  -30.411  12.855 0.3000000119
64056  -26.617  -27.290  16.226 0.3000000119
61915  -29.599  -29.388  13.437 0.3000000119
67319  -25.271  -23.657  15.075 0.3000000119
64057  -27.577  -27.203  15.971 0.3000000119
142731  -29.010  -29.532  14.106 0.3000000119
64118  -30.907  -27.466  13.208 0.3000000119
65163  -29.724  -26.703  15.026 0.3000000119
65214  -30.637  -26.742  10.735 0.3000000119
67323  -29.722  -24.951  14.595 0.3000000119
66146  -29.743  -25.877  14.861 0.3000000119
66147  -30.476  -25.634  14.433 0.3000000119
65175  -31.284  -25.831  13.522 0.3000000119
68486  -31.051  -22.979  8.770 0.3000000119
67345  -31.448  -24.116  13.251 0.3000000119
69517  -31.558  -22.641  12.778 0.3000000119
134966  -11.395  -63.180  19.258 0.4000000060
42447  -18.548  -47.645  9.592 0.4000000060
32640  -11.565  -56.503  12.104 0.3000000119
32641  -12.511  -57.131  12.562 0.3000000119
33609  -11.050  -55.335  12.327 0.3000000119
32642  -13.329  -57.603  12.953 0.3000000119
30733  -10.837  -59.527  18.615 0.3000000119
31641  -11.321  -58.845  18.700 0.3000000119
32574  -11.469  -57.421  18.854 0.3000000119
26897  -13.463  -63.454  16.044 0.3000000119
25843  -13.331  -64.363  17.830 0.3000000119
27970  -14.370  -63.169  16.595 0.3000000119
26864  -13.642  -63.956  18.428 0.3000000119
28947  -14.567  -61.547  15.667 0.3000000119
27990  -14.530  -62.294  16.005 0.3000000119
25833  -12.342  -64.768  18.388 0.3000000119
26880  -13.771  -63.892  16.906 0.3000000119
25834  -13.019  -64.423  18.232 0.3000000119
25915  -21.476  -64.466  14.634 0.5000000000
26871  -13.730  -64.108  17.575 0.4000000060
26987  -22.102  -63.955  12.822 0.5000000000
27949  -11.912  -62.471  19.229 0.4000000060
27950  -12.939  -63.330  19.179 0.4000000060
27951  -13.814  -63.172  19.058 0.3000000119
27952  -14.628  -62.788  18.855 0.4000000060
27971  -14.991  -62.996  17.522 0.4000000060
27974  -20.758  -62.157  16.250 0.5000000000
28922  -16.477  -61.568  17.970 0.6000000238
28931  -20.210  -61.606  16.457 0.5000000000
28971  -22.419  -61.568  14.571 0.5000000000
29042  -22.242  -61.549  11.164 0.6000000238
29829  -17.297  -60.240  19.249 0.6000000238
29847  -17.550  -60.228  18.679 0.6000000238
29883  -21.687  -60.904  16.256 0.5000000000
29903  -16.895  -60.293  14.327 0.4000000060
29948  -21.943  -60.193  11.048 0.6000000238
29974  -21.212  -60.430  9.401 0.4000000060
30721  -16.177  -59.586  19.938 0.5000000000
30738  -18.274  -59.354  18.864 0.6000000238
30797  -15.996  -59.663  13.792 0.5000000000
30808  -14.429  -59.573  12.627 0.4000000060
31634  -18.591  -58.673  19.728 0.6999999881
31642  -11.795  -58.196  18.865 0.3000000119
31654  -18.414  -58.230  18.198 0.6000000238
31665  -22.201  -58.730  16.776 0.5000000000
31669  -14.628  -58.552  15.563 0.4000000060
31682  -13.355  -58.573  14.844 0.5000000000
31692  -14.048  -58.017  13.279 0.4000000060
31702  -12.884  -58.060  12.390 0.3000000119
31703  -13.594  -58.423  12.738 0.4000000060
31750  -19.514  -58.819  8.449 0.5000000000
32565  -15.004  -57.989  20.111 0.4000000060
32567  -19.539  -57.407  19.643 0.8000000119
32586  -16.768  -56.845  16.935 0.5000000000
32588  -18.266  -57.250  17.822 0.6000000238
32590  -22.170  -57.440  17.230 0.6000000238
32674  -20.165  -57.552  9.783 0.6999999881
32696  -17.070  -56.257  7.722 0.5000000000
33516  -15.284  -56.277  20.716 0.5000000000
33527  -13.083  -56.218  19.652 0.4000000060
33552  -20.841  -56.192  17.404 0.6000000238
33553  -21.581  -56.861  17.421 0.6999999881
33574  -12.536  -56.234  15.165 0.4000000060
33578  -17.285  -56.244  15.482 0.6000000238
33590  -14.380  -56.559  13.980 0.5000000000
33594  -23.438  -56.620  14.803 0.6999999881
33600  -13.542  -56.172  13.564 0.5000000000
33623  -21.409  -56.606  11.590 0.6999999881
33635  -20.252  -56.526  10.501 0.6999999881
33642  -16.770  -55.926  8.461 0.6999999881
33644  -19.062  -56.694  9.574 0.6999999881
33651  -17.101  -56.509  8.038 0.6999999881
33672  -17.567  -56.444  7.447 0.5000000000
34451  -20.570  -55.309  20.800 0.6999999881
34461  -14.716  -55.683  20.635 0.4000000060
34463  -20.024  -56.063  20.962 0.6999999881
34491  -17.899  -55.153  17.670 0.6000000238
34505  -14.255  -55.472  16.146 0.5000000000
34509  -19.413  -55.453  16.592 0.6000000238
34524  -11.486  -53.844  14.694 0.4000000060
34525  -11.851  -54.289  15.176 0.5000000000
34532  -23.764  -55.367  14.888 0.8000000119
34541  -14.598  -55.574  14.322 0.6000000238
34553  -11.643  -54.816  12.990 0.4000000060
34588  -16.567  -55.086  9.333 0.6999999881
34631  -16.823  -55.829  7.779 0.6000000238
35451  -19.150  -54.497  22.752 0.6000000238
35484  -13.584  -54.482  20.399 0.3000000119
35507  -19.381  -53.498  18.833 0.6000000238
35539  -13.452  -52.855  15.894 0.6000000238
35561  -11.594  -53.576  14.606 0.4000000060
35563  -12.742  -53.076  15.433 0.5000000000
35564  -13.499  -54.499  15.958 0.5000000000
35566  -16.544  -53.234  15.536 0.6000000238
35583  -11.034  -53.855  14.117 0.3000000119
35594  -11.148  -53.885  13.791 0.4000000060
35595  -11.727  -53.733  13.828 0.5000000000
35598  -23.345  -54.761  13.457 0.6999999881
35626  -20.236  -54.534  11.354 0.6999999881
35651  -16.177  -54.881  8.931 0.6999999881
36482  -19.041  -53.307  23.605 0.6000000238
36505  -20.531  -53.741  22.733 0.6999999881
36559  -18.626  -52.734  18.383 0.6000000238
36601  -14.139  -52.723  16.127 0.6000000238
36603  -15.783  -52.719  16.536 0.6000000238
36624  -12.121  -53.254  14.913 0.5000000000
36627  -15.141  -52.507  15.679 0.6000000238
36630  -17.581  -52.755  16.245 0.6999999881
36653  -14.301  -52.685  15.303 0.6000000238
36698  -18.454  -53.421  10.967 0.6999999881
37503  -18.293  -52.644  23.772 0.6000000238
37524  -21.493  -52.138  22.676 0.6999999881
37536  -15.195  -52.863  21.981 0.3000000119
37605  -17.966  -52.140  17.308 0.6000000238
37628  -14.333  -52.490  16.024 0.6000000238
37655  -16.580  -52.449  16.292 0.6000000238
37656  -24.134  -52.254  15.161 0.8000000119
37674  -23.793  -52.137  14.500 0.8000000119
37697  -20.279  -52.433  11.518 0.6999999881
37707  -17.992  -52.499  11.075 0.6999999881
38486  -20.027  -50.997  24.481 0.5000000000
38511  -16.666  -51.437  23.175 0.3000000119
38552  -19.756  -51.358  19.023 0.8000000119
38575  -19.457  -51.726  18.628 0.6000000238
38645  -18.502  -51.343  11.411 0.6999999881
38666  -14.836  -52.005  10.068 0.6999999881
38676  -15.171  -52.145  9.785 0.6999999881
39474  -22.650  -50.460  20.671 0.6999999881
39567  -18.649  -49.886  11.454 0.8000000119
39570  -21.314  -50.470  11.785 0.8999999762
39581  -13.966  -50.652  10.846 0.8000000119
39583  -15.805  -50.989  11.061 0.8000000119
39606  -16.652  -50.850  9.416 0.5000000000
40356  -19.596  -49.355  24.671 0.5000000000
40358  -21.243  -49.134  24.547 0.5000000000
40384  -23.219  -49.667  23.048 0.6999999881
40396  -24.393  -49.270  21.551 0.6999999881
40461  -23.628  -49.494  15.380 0.8000000119
40491  -14.934  -49.513  11.501 0.8000000119
40496  -20.218  -49.544  11.621 0.8000000119
40508  -13.658  -50.185  11.066 0.8000000119
40526  -13.754  -49.986  10.391 0.8000000119
41276  -20.455  -48.477  24.697 0.5000000000
41278  -22.145  -48.011  24.589 0.6000000238
41294  -24.174  -48.078  23.461 0.6999999881
41399  -20.505  -48.039  12.611 0.8000000119
41417  -13.340  -48.819  11.680 0.8000000119
41437  -12.703  -48.909  11.290 0.8000000119
42310  -25.448  -47.932  18.955 0.6999999881
42339  -21.854  -46.931  15.309 0.6999999881
42340  -22.558  -47.339  15.545 0.6999999881
42371  -12.002  -47.088  12.099 0.8000000119
42372  -12.777  -46.968  12.443 0.8999999762
42380  -21.108  -47.504  13.963 0.8000000119
42395  -17.215  -47.154  12.425 0.8000000119
42411  -12.016  -47.588  11.762 0.8000000119
42412  -12.211  -48.218  11.444 0.8000000119
43273  -20.617  -45.888  24.415 0.3000000119
43290  -25.212  -45.984  23.325 0.6999999881
43402  -17.177  -46.579  13.113 0.8000000119
43426  -11.826  -47.039  11.778 0.8000000119
43444  -15.420  -46.351  10.360 0.6999999881
43445  -16.428  -46.210  10.186 0.6000000238
43457  -17.257  -47.034  9.735 0.6000000238
44274  -24.595  -45.678  23.508 0.6000000238
44289  -25.510  -45.395  22.929 0.6000000238
44339  -23.561  -45.381  17.820 0.6999999881
44351  -21.896  -45.722  16.368 0.6999999881
44381  -19.678  -45.505  14.756 0.8000000119
44394  -13.423  -45.748  12.732 0.8000000119
44411  -11.858  -45.795  12.169 0.8999999762
44439  -12.437  -46.129  11.327 0.6999999881
45311  -19.264  -43.618  23.305 0.3000000119
45467  -13.561  -44.717  11.056 0.6999999881
45469  -15.262  -44.179  10.785 0.6999999881
46319  -20.189  -43.714  23.455 0.3000000119
46322  -22.912  -43.703  23.468 0.3000000119
46335  -24.721  -43.575  22.905 0.5000000000
46381  -23.577  -43.876  17.379 0.6999999881
46391  -21.797  -44.254  16.116 0.6999999881
46434  -12.299  -42.827  12.377 0.8000000119
46439  -17.935  -43.998  12.961 0.8000000119
46479  -13.500  -43.985  11.174 0.8000000119
47284  -20.125  -42.460  22.838 0.3000000119
47349  -22.771  -43.080  16.045 0.6999999881
47383  -16.211  -42.051  13.052 0.8000000119
47386  -19.486  -42.888  13.687 0.8000000119
47387  -19.909  -42.580  13.811 0.8000000119
47389  -22.022  -42.202  14.848 0.8000000119
47399  -12.575  -42.014  12.490 0.8000000119
47450  -13.853  -42.386  11.359 0.6999999881
48311  -25.066  -41.856  17.067 0.6000000238
48352  -14.973  -41.235  13.080 0.8000000119
48355  -17.159  -41.354  13.467 0.8000000119
48370  -12.261  -41.574  12.414 0.8000000119
48398  -12.015  -41.502  11.928 0.8000000119
48411  -12.643  -41.464  11.617 0.8000000119
48414  -15.164  -41.835  11.390 0.6999999881
49207  -22.923  -40.262  21.544 0.3000000119
49224  -23.740  -39.786  21.152 0.3000000119
49295  -21.809  -40.932  14.027 0.8000000119
49312  -12.295  -40.972  12.370 0.8000000119
49313  -12.801  -40.403  12.596 0.8000000119
49314  -13.590  -40.479  12.980 0.8000000119
49332  -12.111  -40.791  12.073 0.8000000119
49347  -15.912  -40.557  11.397 0.6000000238
49348  -16.723  -40.638  11.396 0.6000000238
49349  -17.637  -40.680  11.294 0.6000000238
49363  -12.853  -40.728  11.624 0.8000000119
50273  -25.732  -39.072  19.250 0.4000000060
50328  -12.848  -39.762  12.400 0.8000000119
50331  -18.047  -39.240  12.899 0.8000000119
50332  -18.800  -39.736  13.069 0.8000000119
50337  -22.588  -39.081  13.475 0.6999999881
50349  -12.600  -40.014  12.165 0.8000000119
50364  -13.001  -39.405  11.985 0.8000000119
50382  -13.571  -39.616  11.580 0.8000000119
50384  -15.102  -38.793  11.268 0.6999999881
51424  -26.140  -38.565  17.936 0.5000000000
51435  -26.109  -38.742  17.309 0.6000000238
51493  -15.430  -38.132  12.998 0.8000000119
51498  -20.853  -39.053  12.801 0.8000000119
51515  -13.401  -38.193  12.356 0.8000000119
51533  -13.354  -38.127  12.102 0.8000000119
52671  -20.413  -37.245  18.780 0.3000000119
52737  -13.534  -37.586  12.390 0.8000000119
52738  -13.829  -37.463  12.638 0.8000000119
52781  -13.460  -37.130  11.952 0.8000000119
53992  -19.887  -37.165  12.374 0.8000000119
54003  -13.752  -36.250  12.106 0.8000000119
54007  -22.710  -36.772  12.950 0.6000000238
54019  -13.510  -36.699  12.028 0.8000000119
54034  -14.632  -35.593  11.025 0.6999999881
54038  -19.144  -36.379  10.377 0.6000000238
55266  -24.749  -35.649  14.276 0.5000000000
55298  -14.900  -34.652  11.555 0.6999999881
55303  -20.767  -35.518  12.217 0.6000000238
55319  -14.433  -35.374  11.437 0.6999999881
55320  -14.857  -34.599  11.308 0.6999999881
55336  -17.242  -35.599  10.433 0.6000000238
55347  -15.552  -34.422  10.634 0.6999999881
56443  -21.652  -34.308  18.110 0.3000000119
56444  -23.431  -34.330  18.135 0.3000000119
56480  -23.426  -34.897  12.891 0.5000000000
56490  -15.139  -34.086  11.175 0.6999999881
56491  -16.189  -34.312  11.534 0.6999999881
56493  -18.206  -34.559  11.608 0.6999999881
56523  -15.347  -34.089  10.784 0.6999999881
56533  -18.406  -34.049  9.533 0.6000000238
57561  -17.660  -33.810  11.258 0.6999999881
57576  -15.539  -33.802  10.916 0.6999999881
57577  -16.213  -33.619  10.811 0.6999999881
57593  -15.628  -33.850  10.806 0.6999999881
57613  -20.460  -33.179  8.534 0.6000000238
57614  -21.367  -33.561  8.420 0.5000000000
58620  -17.824  -32.654  10.240 0.6999999881
58625  -23.444  -31.915  11.514 0.5000000000
58636  -21.401  -31.706  10.403 0.6000000238
58637  -22.214  -31.776  10.734 0.6000000238
58647  -17.561  -32.630  9.826 0.6999999881
58656  -18.082  -32.006  9.006 0.5000000000
59655  -19.780  -31.927  10.082 0.6000000238
59665  -18.386  -31.580  9.315 0.5000000000
59666  -19.122  -31.659  9.778 0.5000000000
59676  -18.355  -31.402  9.052 0.5000000000
59687  -19.125  -31.173  8.649 0.5000000000
59688  -20.068  -31.321  8.268 0.5000000000
59698  -19.820  -30.606  8.504 0.5000000000
59700  -21.482  -31.391  7.677 0.4000000060
60774  -25.644  -30.592  12.989 0.3000000119
60792  -22.970  -30.784  10.783 0.4000000060
60796  -27.089  -30.944  11.560 0.3000000119
60802  -20.178  -30.699  9.475 0.5000000000
60803  -21.288  -30.745  9.982 0.6000000238
60815  -20.056  -30.405  9.063 0.5000000000
60818  -22.914  -30.817  8.918 0.5000000000
60829  -18.927  -30.771  8.958 0.5000000000
60830  -19.481  -30.542  8.820 0.5000000000
60860  -22.209  -29.139  6.968 0.5000000000
61881  -22.572  -29.327  16.612 0.3000000119
61955  -21.488  -30.501  8.888 0.5000000000
61967  -21.060  -29.857  7.967 0.5000000000
61969  -22.298  -29.225  7.497 0.5000000000
61971  -24.121  -29.515  7.847 0.6000000238
61990  -21.968  -29.104  7.153 0.5000000000
62011  -21.566  -28.958  7.060 0.5000000000
63008  -30.136  -28.772  13.530 0.3000000119
63020  -30.035  -29.049  12.742 0.3000000119
63050  -28.509  -28.475  9.356 0.3000000119
63088  -25.036  -28.117  7.005 0.5000000000
63101  -23.866  -28.474  6.775 0.5000000000
64055  -25.780  -27.788  16.328 0.3000000119
64208  -25.416  -27.423  6.054 0.4000000060
65147  -27.894  -26.437  15.727 0.3000000119
65225  -28.905  -26.471  8.244 0.4000000060
65232  -28.384  -26.137  7.467 0.4000000060
66131  -28.361  -25.833  15.422 0.3000000119
66184  -31.035  -26.003  10.909 0.3000000119
66233  -28.080  -24.981  6.221 0.4000000060
67355  -31.588  -23.801  12.766 0.3000000119
68396  -29.244  -24.199  14.447 0.3000000119
68425  -31.484  -23.355  13.093 0.3000000119
68498  -30.288  -23.379  7.472 0.4000000060
68506  -29.386  -23.340  5.594 0.4000000060
69636  -30.772  -21.836  4.083 0.4000000060
70717  -31.191  -21.292  4.671 0.4000000060
71720  -33.254  -20.066  5.532 0.3000000119
71728  -32.492  -20.253  4.954 0.3000000119
125290  -16.049  -40.068  13.429 0.8000000119
125567  -16.702  -33.629  10.393 0.6999999881
125953  -14.907  -42.738  12.582 0.8000000119
126641  -11.785  -45.199  12.061 0.8999999762
126807  -19.794  -41.032  13.515 0.8000000119
127041  -17.710  -46.181  13.713 0.8000000119
127087  -14.146  -40.854  11.425 0.8000000119
127221  -15.098  -39.966  13.360 0.8000000119
127733  -14.510  -42.808  11.171 0.6999999881
127811  -14.503  -60.197  15.389 0.3000000119
127966  -26.041  -41.895  19.749 0.6000000238
128441  -17.178  -55.000  21.982 0.5000000000
128652  -22.202  -35.270  12.458 0.6000000238
128994  -18.062  -47.032  9.617 0.4000000060
129030  -21.378  -62.982  15.611 0.5000000000
129151  -21.664  -59.014  11.063 0.6000000238
130616  -11.837  -54.146  13.445 0.5000000000
130633  -22.617  -57.909  16.721 0.6000000238
131114  -20.857  -53.428  20.503 0.6999999881
131260  -19.647  -61.019  16.482 0.5000000000
131503  -25.639  -36.917  15.473 0.4000000060
131805  -17.621  -50.276  24.193 0.3000000119
131815  -26.645  -26.660  6.455 0.5000000000
132015  -26.221  -29.067  15.740 0.3000000119
132063  -21.207  -62.467  15.959 0.5000000000
132479  -22.907  -33.350  17.746 0.4000000060
132578  -17.760  -52.113  17.022 0.6000000238
133091  -22.896  -54.872  12.885 0.6999999881
133253  -31.511  -23.844  11.270 0.3000000119
133339  -26.143  -35.961  16.841 0.3000000119
133616  -22.329  -61.119  15.316 0.5000000000
133836  -22.185  -25.026  15.656 0.3000000119
133879  -12.123  -46.348  12.350 0.8999999762
133908  -22.289  -61.104  11.616 0.6000000238
134238  -16.343  -54.125  8.629 0.6999999881
134247  -21.838  -29.394  7.631 0.5000000000
135064  -16.953  -36.559  12.325 0.8000000119
135601  -24.483  -30.946  11.215 0.4000000060
136342  -14.201  -53.461  14.728 0.6000000238
137647  -23.151  -49.935  22.106 0.6999999881
137812  -12.091  -45.273  11.691 0.8999999762
138114  -22.381  -61.058  12.228 0.6000000238
138230  -29.832  -28.159  14.765 0.3000000119
138286  -14.213  -58.021  15.454 0.5000000000
139271  -31.560  -24.427  12.608 0.3000000119
139779  -12.474  -42.846  11.688 0.8000000119
140089  -17.023  -57.798  16.935 0.5000000000
140571  -15.775  -53.604  9.598 0.6999999881
141336  -15.166  -44.822  12.719 0.8000000119
142147  -15.699  -33.842  11.148 0.6999999881
142475  -22.162  -60.721  15.929 0.5000000000
142480  -13.572  -40.409  11.492 0.8000000119
142870  -19.323  -39.271  12.781 0.8000000119
142959  -21.583  -52.037  11.750 0.6999999881
143126  -22.314  -33.275  11.456 0.6000000238
143196  -13.363  -52.803  15.643 0.6000000238
143244  -18.290  -48.102  24.531 0.3000000119
143260  -25.484  -47.507  19.378 0.6999999881
143297  -15.124  -35.920  12.423 0.8000000119
144135  -30.013  -28.089  10.779 0.3000000119
144625  -17.463  -56.631  7.604 0.6000000238
144921  -18.450  -52.150  17.683 0.6000000238
145072  -12.014  -42.753  12.155 0.8000000119
145261  -20.514  -52.427  20.148 0.8000000119
146281  -18.246  -55.514  9.911 0.6999999881
146549  -16.913  -38.674  10.724 0.5000000000
146606  -24.802  -48.449  17.602 0.6999999881
147775  -23.324  -52.832  13.390 0.8000000119
147974  -16.360  -38.470  10.784 0.6000000238
148142  -13.894  -48.323  12.107 0.8000000119
148257  -14.054  -52.532  15.899 0.6000000238
148279  -16.074  -34.322  10.515 0.6999999881
148368  -30.709  -24.060  9.112 0.3000000119
148523  -14.131  -50.077  9.973 0.8000000119
148719  -24.231  -38.235  14.232 0.6999999881
148735  -25.490  -42.884  22.048 0.5000000000
149064  -19.452  -31.832  8.444 0.5000000000
149359  -21.935  -30.712  10.255 0.6000000238
149453  -18.823  -34.688  9.778 0.6000000238
149454  -17.568  -59.930  14.996 0.4000000060
150351  -29.497  -25.385  8.086 0.4000000060
150397  -16.714  -60.250  17.043 0.6000000238
150542  -12.035  -43.905  11.980 0.8999999762
