#!ascii label  , from subject sub-v2s10x28978_ses-1 vox2ras=TkReg
719
46432  36.228  -36.092  91.186 0.0000000000
66509  49.456  -17.466  76.211 0.0000000000
62167  54.497  -21.098  72.696 0.0000000000
64196  46.957  -19.078  86.314 0.0000000000
46514  41.752  -35.397  84.476 0.0000000000
43566  40.373  -38.986  89.310 0.0000000000
67614  56.544  -15.900  73.691 0.0000000000
149065  54.435  -15.705  79.581 0.0000000000
141372  46.510  -25.009  86.412 0.0000000000
47658  46.402  -34.496  84.541 0.0000000000
72570  59.132  -10.584  69.541 0.0000000000
66600  55.784  -17.238  69.318 0.0000000000
64232  43.922  -20.293  82.374 0.0000000000
67511  48.644  -15.494  81.760 0.0000000000
145818  39.797  -35.046  87.617 0.0000000000
45366  38.390  -37.196  90.561 0.0000000000
66505  53.325  -17.251  76.017 0.0000000000
68642  56.580  -14.961  77.138 0.0000000000
148433  53.383  -15.687  78.470 0.0000000000
55617  50.281  -27.540  82.757 0.0000000000
45404  44.277  -37.698  87.035 0.0000000000
46527  44.526  -35.642  83.569 0.0000000000
45422  46.761  -37.253  85.761 0.0000000000
143495  56.676  -10.968  70.415 0.0000000000
69745  60.343  -14.299  68.288 0.0000000000
69747  57.471  -14.157  68.421 0.0000000000
149958  54.012  -18.839  71.084 0.0000000000
66602  53.887  -17.112  69.766 0.0000000000
63323  55.547  -20.137  70.646 0.0000000000
64407  58.614  -19.578  70.321 0.0000000000
62180  58.082  -21.682  71.496 0.0000000000
60936  46.662  -21.748  87.212 0.0000000000
60981  44.396  -22.379  84.052 0.0000000000
64209  44.302  -19.260  84.931 0.0000000000
66424  45.572  -17.722  82.415 0.0000000000
68560  46.972  -15.370  85.268 0.0000000000
67483  50.155  -15.104  83.635 0.0000000000
65309  48.021  -17.712  83.466 0.0000000000
146872  41.913  -36.656  88.033 0.0000000000
66557  54.112  -17.393  72.198 0.0000000000
65413  54.897  -18.813  73.661 0.0000000000
131281  56.025  -18.976  76.253 0.0000000000
64321  54.979  -19.899  77.628 0.0000000000
53285  45.777  -29.605  85.827 0.0000000000
54400  46.778  -27.885  85.980 0.0000000000
57782  48.782  -25.128  85.462 0.0000000000
59931  48.300  -22.917  84.685 0.0000000000
63156  46.479  -20.378  82.894 0.0000000000
141837  44.995  -31.163  84.298 0.0000000000
49898  47.750  -32.954  84.695 0.0000000000
72594  59.669  -11.325  67.705 0.0000000000
69749  55.289  -14.362  68.745 0.0000000000
66597  59.131  -17.272  69.415 0.0000000000
63317  61.815  -20.030  69.836 0.0000000000
67556  48.800  -16.736  78.640 0.0000000000
68608  51.646  -14.670  81.310 0.0000000000
65330  51.913  -17.986  81.477 0.0000000000
44391  36.298  -37.844  91.219 0.0000000000
45367  37.439  -37.114  91.027 0.0000000000
44399  37.677  -38.298  90.716 0.0000000000
66507  51.196  -17.613  76.223 0.0000000000
67587  52.966  -17.048  76.952 0.0000000000
67589  50.870  -17.294  76.992 0.0000000000
45423  45.963  -37.574  86.108 0.0000000000
72573  56.324  -11.337  69.759 0.0000000000
71589  56.477  -12.093  68.985 0.0000000000
70648  55.894  -12.411  69.017 0.0000000000
64394  54.206  -19.551  71.447 0.0000000000
132417  54.328  -19.201  70.690 0.0000000000
63301  55.047  -20.596  71.174 0.0000000000
63300  56.114  -20.847  70.979 0.0000000000
63083  47.033  -20.682  86.945 0.0000000000
63104  45.453  -20.245  86.683 0.0000000000
65281  46.013  -18.608  86.969 0.0000000000
66386  45.460  -17.070  85.655 0.0000000000
66385  46.582  -17.309  86.200 0.0000000000
66394  48.276  -16.285  85.088 0.0000000000
65302  47.189  -17.821  84.886 0.0000000000
46463  40.614  -35.533  87.807 0.0000000000
133525  41.509  -37.423  89.041 0.0000000000
44412  42.471  -38.218  88.464 0.0000000000
66545  53.810  -17.224  73.572 0.0000000000
127692  53.425  -17.709  72.799 0.0000000000
67623  54.932  -16.364  72.936 0.0000000000
65427  54.832  -17.356  72.329 0.0000000000
66531  56.623  -16.353  73.335 0.0000000000
65412  56.249  -18.294  74.412 0.0000000000
66519  57.590  -16.691  74.611 0.0000000000
67550  55.319  -15.695  78.879 0.0000000000
65386  55.955  -17.902  77.616 0.0000000000
66477  55.254  -17.343  78.536 0.0000000000
64301  54.485  -19.711  78.536 0.0000000000
153110  53.630  -19.005  79.651 0.0000000000
52146  46.597  -30.238  84.850 0.0000000000
54415  46.695  -28.532  85.670 0.0000000000
54429  47.451  -28.626  84.249 0.0000000000
55577  49.851  -26.375  83.780 0.0000000000
58893  49.011  -24.082  84.962 0.0000000000
146962  45.849  -35.077  84.093 0.0000000000
48773  45.411  -33.592  83.330 0.0000000000
49889  46.173  -32.519  84.857 0.0000000000
134440  46.415  -32.210  85.108 0.0000000000
48749  47.416  -33.991  85.086 0.0000000000
74510  58.827  -8.891  71.202 0.0000000000
72584  59.502  -11.250  68.449 0.0000000000
68761  61.178  -15.397  68.291 0.0000000000
66601  54.810  -17.100  69.431 0.0000000000
67667  53.937  -16.124  69.385 0.0000000000
68766  54.824  -15.557  68.970 0.0000000000
130790  54.728  -14.759  68.841 0.0000000000
67682  55.683  -15.763  68.744 0.0000000000
67681  56.735  -15.796  68.676 0.0000000000
66599  56.834  -17.302  69.316 0.0000000000
63297  60.127  -21.118  71.217 0.0000000000
64406  59.961  -19.637  70.430 0.0000000000
127449  45.967  -26.445  85.785 0.0000000000
145057  45.581  -24.904  84.248 0.0000000000
128435  43.705  -20.880  82.788 0.0000000000
60996  43.803  -21.662  82.626 0.0000000000
66423  46.271  -17.190  82.057 0.0000000000
66453  45.921  -17.807  80.803 0.0000000000
67524  47.075  -16.900  80.726 0.0000000000
66465  47.174  -17.088  79.007 0.0000000000
67521  49.356  -15.864  80.382 0.0000000000
147766  51.036  -15.723  79.978 0.0000000000
68599  50.146  -14.583  81.948 0.0000000000
66420  50.741  -16.874  82.559 0.0000000000
66419  51.252  -16.791  82.356 0.0000000000
153795  51.558  -18.008  81.503 0.0000000000
64260  52.309  -19.514  80.714 0.0000000000
153938  39.067  -35.777  89.419 0.0000000000
45380  39.861  -37.578  89.976 0.0000000000
43579  39.477  -39.322  89.405 0.0000000000
44416  38.951  -39.099  90.010 0.0000000000
67602  55.444  -15.873  74.837 0.0000000000
68668  57.147  -15.426  75.707 0.0000000000
67585  55.314  -15.605  76.145 0.0000000000
68644  54.914  -14.770  78.404 0.0000000000
68630  54.454  -14.761  78.997 0.0000000000
45425  43.394  -36.467  85.594 0.0000000000
46512  43.645  -35.955  83.942 0.0000000000
45448  44.055  -36.586  85.009 0.0000000000
46511  45.997  -36.601  85.622 0.0000000000
45446  46.972  -36.323  85.673 0.0000000000
47656  47.770  -34.935  85.266 0.0000000000
45445  48.139  -36.771  85.058 0.0000000000
72571  57.616  -10.608  70.131 0.0000000000
137460  59.278  -11.619  68.530 0.0000000000
72585  58.322  -11.457  68.835 0.0000000000
147990  59.367  -14.547  68.497 0.0000000000
67679  59.420  -15.810  68.799 0.0000000000
66567  53.422  -17.792  70.648 0.0000000000
66580  53.927  -18.020  70.200 0.0000000000
65455  54.589  -18.587  70.031 0.0000000000
65454  55.645  -18.774  69.840 0.0000000000
65474  57.352  -18.074  69.589 0.0000000000
64408  57.375  -19.543  70.227 0.0000000000
63298  58.759  -21.031  71.116 0.0000000000
142760  46.567  -24.068  86.647 0.0000000000
59932  45.446  -23.823  85.341 0.0000000000
60969  45.325  -22.478  86.034 0.0000000000
62050  44.106  -20.713  84.484 0.0000000000
64219  44.042  -19.945  83.292 0.0000000000
65337  43.961  -19.733  81.964 0.0000000000
132579  44.521  -18.223  84.252 0.0000000000
67487  45.886  -16.662  84.106 0.0000000000
68592  47.487  -15.239  84.027 0.0000000000
69586  49.420  -14.401  83.560 0.0000000000
67472  48.893  -15.031  84.702 0.0000000000
66403  49.557  -16.333  83.846 0.0000000000
65319  49.643  -17.567  82.130 0.0000000000
47631  39.631  -34.582  86.727 0.0000000000
46481  40.805  -35.218  86.795 0.0000000000
152929  42.015  -35.798  85.908 0.0000000000
45391  43.226  -37.260  87.380 0.0000000000
43575  43.739  -39.025  87.467 0.0000000000
66556  54.183  -17.598  71.952 0.0000000000
65420  54.538  -18.502  72.562 0.0000000000
146730  54.147  -19.729  73.127 0.0000000000
64370  54.320  -19.768  74.265 0.0000000000
63241  54.453  -20.808  75.734 0.0000000000
63227  54.857  -20.880  76.923 0.0000000000
66504  57.230  -17.292  76.285 0.0000000000
64339  55.909  -18.821  76.958 0.0000000000
53300  44.960  -29.326  84.625 0.0000000000
54402  45.627  -28.614  85.911 0.0000000000
55558  45.886  -27.857  86.099 0.0000000000
56692  46.628  -26.183  86.225 0.0000000000
54414  48.946  -27.936  83.660 0.0000000000
56704  47.721  -26.342  85.872 0.0000000000
57776  47.410  -25.116  86.450 0.0000000000
59901  48.043  -23.450  86.493 0.0000000000
60950  48.191  -22.788  86.227 0.0000000000
62048  47.492  -21.231  85.418 0.0000000000
63145  46.527  -20.012  83.800 0.0000000000
60987  46.848  -21.755  83.259 0.0000000000
52148  45.440  -30.783  85.350 0.0000000000
51038  46.602  -31.122  84.958 0.0000000000
51037  47.556  -31.791  83.981 0.0000000000
48747  48.638  -34.624  84.426 0.0000000000
146147  49.207  -33.529  83.252 0.0000000000
73607  60.807  -9.699  68.302 0.0000000000
70649  55.404  -12.827  68.741 0.0000000000
69748  56.281  -14.203  68.514 0.0000000000
67680  58.059  -15.700  68.686 0.0000000000
66596  60.390  -17.257  69.399 0.0000000000
65473  58.496  -18.064  69.646 0.0000000000
65450  60.714  -18.929  69.964 0.0000000000
64422  62.091  -19.329  69.333 0.0000000000
59940  44.655  -23.245  83.711 0.0000000000
66491  47.530  -17.236  77.424 0.0000000000
67591  49.152  -17.103  77.037 0.0000000000
67553  51.363  -16.509  78.590 0.0000000000
130028  52.620  -14.933  79.982 0.0000000000
68606  53.460  -14.899  80.026 0.0000000000
69598  51.190  -14.508  82.156 0.0000000000
67509  52.227  -15.496  81.606 0.0000000000
140545  53.186  -16.536  80.678 0.0000000000
65344  53.142  -19.352  80.367 0.0000000000
64229  46.854  -19.231  83.038 0.0000000000
65334  47.740  -18.683  81.957 0.0000000000
45353  36.478  -37.046  91.381 0.0000000000
45354  35.594  -37.178  91.540 0.0000000000
46414  35.583  -36.464  91.626 0.0000000000
46431  36.935  -36.094  90.771 0.0000000000
44390  36.970  -37.824  91.105 0.0000000000
66508  50.322  -17.547  76.261 0.0000000000
71577  56.307  -11.416  69.718 0.0000000000
71578  55.904  -12.023  69.221 0.0000000000
131266  54.161  -20.195  72.271 0.0000000000
63302  54.444  -20.246  71.531 0.0000000000
62183  54.733  -20.846  71.864 0.0000000000
151664  55.533  -21.153  71.488 0.0000000000
62182  55.486  -21.670  72.117 0.0000000000
64182  47.024  -19.844  86.639 0.0000000000
64184  46.230  -19.677  87.079 0.0000000000
64183  46.605  -19.000  86.829 0.0000000000
65280  46.333  -17.852  86.682 0.0000000000
65292  46.763  -18.158  86.441 0.0000000000
65291  47.026  -17.454  85.836 0.0000000000
139872  46.961  -18.462  85.314 0.0000000000
128722  40.515  -37.248  89.540 0.0000000000
45379  41.064  -37.034  89.174 0.0000000000
44414  41.045  -38.147  89.380 0.0000000000
43565  41.347  -38.817  88.840 0.0000000000
67615  55.687  -15.847  73.568 0.0000000000
67622  55.800  -16.131  72.901 0.0000000000
141839  57.001  -17.074  73.985 0.0000000000
67613  57.237  -16.118  74.122 0.0000000000
66463  54.476  -17.018  79.330 0.0000000000
65357  54.259  -18.540  79.011 0.0000000000
52158  47.223  -30.568  83.758 0.0000000000
53299  47.235  -29.561  83.825 0.0000000000
52166  48.064  -29.969  82.798 0.0000000000
144018  45.635  -34.430  83.634 0.0000000000
48772  46.144  -33.559  84.230 0.0000000000
48750  46.790  -33.658  84.938 0.0000000000
49888  46.817  -33.064  85.064 0.0000000000
73556  58.930  -9.234  71.129 0.0000000000
74533  59.689  -9.025  70.755 0.0000000000
73580  59.551  -9.599  70.404 0.0000000000
73597  60.149  -10.130  69.494 0.0000000000
67665  55.272  -16.392  69.096 0.0000000000
67664  56.275  -16.529  68.972 0.0000000000
139506  60.422  -21.874  71.327 0.0000000000
62204  60.878  -21.173  70.910 0.0000000000
57784  46.097  -25.514  85.964 0.0000000000
57791  45.806  -25.685  84.831 0.0000000000
128475  45.718  -24.720  85.175 0.0000000000
63147  43.854  -20.484  82.574 0.0000000000
63157  43.653  -20.667  81.995 0.0000000000
67513  47.075  -16.556  81.854 0.0000000000
67523  47.830  -16.256  81.243 0.0000000000
67538  47.747  -16.582  80.230 0.0000000000
137622  48.553  -16.054  80.715 0.0000000000
67522  49.357  -15.347  81.301 0.0000000000
66439  50.526  -17.321  82.187 0.0000000000
66438  51.136  -17.532  81.912 0.0000000000
65331  51.296  -18.214  81.334 0.0000000000
46429  38.501  -35.943  89.903 0.0000000000
45381  39.195  -36.750  90.064 0.0000000000
44398  39.160  -38.093  90.304 0.0000000000
130808  38.478  -38.465  90.430 0.0000000000
66521  51.652  -17.851  75.490 0.0000000000
66534  51.216  -18.070  74.816 0.0000000000
66520  52.597  -17.692  75.471 0.0000000000
66532  53.466  -17.397  74.850 0.0000000000
67603  54.377  -16.595  75.516 0.0000000000
67586  54.183  -16.261  76.868 0.0000000000
152939  53.476  -16.265  77.634 0.0000000000
67569  54.319  -15.258  78.056 0.0000000000
67551  54.088  -14.779  78.896 0.0000000000
45405  43.613  -36.899  86.584 0.0000000000
45424  44.350  -37.007  86.219 0.0000000000
44460  46.499  -38.027  85.838 0.0000000000
150977  46.331  -36.062  85.320 0.0000000000
46494  47.670  -36.318  85.396 0.0000000000
73582  56.492  -10.629  70.275 0.0000000000
73559  56.922  -10.287  71.142 0.0000000000
73558  57.423  -9.997  71.325 0.0000000000
72586  57.033  -11.466  69.382 0.0000000000
135838  56.694  -13.166  68.528 0.0000000000
70657  58.166  -13.375  68.366 0.0000000000
69746  58.544  -14.168  68.461 0.0000000000
68763  59.058  -15.192  68.635 0.0000000000
152537  53.656  -18.208  71.050 0.0000000000
129633  54.054  -18.568  70.555 0.0000000000
64410  55.070  -19.397  70.352 0.0000000000
65453  56.791  -18.841  69.802 0.0000000000
64409  56.187  -19.511  70.201 0.0000000000
63299  57.387  -20.979  70.970 0.0000000000
62179  59.395  -21.785  71.584 0.0000000000
61115  58.728  -22.277  71.943 0.0000000000
59903  46.617  -23.200  86.898 0.0000000000
60953  46.120  -22.408  86.914 0.0000000000
63122  44.658  -19.989  85.845 0.0000000000
130111  44.416  -20.616  85.278 0.0000000000
63133  44.206  -19.971  84.776 0.0000000000
63134  43.977  -20.171  83.831 0.0000000000
64210  44.110  -19.600  84.041 0.0000000000
65311  44.275  -18.932  83.668 0.0000000000
65303  44.305  -18.858  84.380 0.0000000000
67467  46.175  -16.483  85.948 0.0000000000
67476  45.870  -16.432  85.215 0.0000000000
67486  46.500  -15.832  84.829 0.0000000000
67502  46.699  -16.005  83.738 0.0000000000
68575  47.198  -15.229  84.757 0.0000000000
68574  47.936  -14.775  84.695 0.0000000000
68559  47.556  -15.068  85.289 0.0000000000
66405  47.761  -17.336  84.532 0.0000000000
66404  48.668  -16.768  84.237 0.0000000000
66422  49.094  -17.205  83.178 0.0000000000
127779  39.037  -34.651  87.368 0.0000000000
47632  38.923  -34.328  86.492 0.0000000000
46462  41.450  -35.884  87.528 0.0000000000
46480  41.630  -35.648  86.516 0.0000000000
46479  42.654  -36.279  86.394 0.0000000000
46461  42.236  -36.449  87.367 0.0000000000
144742  53.467  -17.808  72.115 0.0000000000
65419  55.816  -17.419  73.131 0.0000000000
63270  54.075  -20.452  73.980 0.0000000000
64356  55.768  -19.157  75.431 0.0000000000
129119  54.669  -19.827  75.250 0.0000000000
64357  55.134  -19.819  76.237 0.0000000000
68653  57.011  -15.229  76.429 0.0000000000
67584  57.414  -15.725  75.981 0.0000000000
66488  57.326  -16.293  76.554 0.0000000000
65387  55.326  -19.028  77.734 0.0000000000
64340  55.194  -19.826  76.951 0.0000000000
63214  54.836  -20.944  77.729 0.0000000000
53286  45.335  -29.413  85.616 0.0000000000
53275  45.802  -29.089  86.067 0.0000000000
54401  46.076  -28.422  86.190 0.0000000000
55557  46.350  -27.436  86.167 0.0000000000
56705  46.381  -26.773  86.191 0.0000000000
55556  47.311  -27.172  85.918 0.0000000000
54427  50.058  -27.621  83.160 0.0000000000
57790  49.335  -25.463  84.676 0.0000000000
56717  49.419  -26.142  84.458 0.0000000000
56703  48.719  -25.888  85.303 0.0000000000
57783  47.996  -25.554  85.982 0.0000000000
57775  48.197  -24.769  86.122 0.0000000000
58873  47.695  -24.256  86.557 0.0000000000
142262  48.696  -24.496  85.621 0.0000000000
59930  48.712  -23.381  85.139 0.0000000000
59918  48.596  -23.433  85.591 0.0000000000
60967  48.406  -22.735  85.572 0.0000000000
60968  48.004  -21.838  86.092 0.0000000000
60980  47.897  -22.083  85.069 0.0000000000
62060  47.040  -21.497  84.297 0.0000000000
134474  47.465  -22.380  83.987 0.0000000000
46550  43.628  -35.420  83.023 0.0000000000
51039  45.374  -31.735  84.492 0.0000000000
52159  44.888  -30.688  84.475 0.0000000000
149687  45.068  -30.587  85.227 0.0000000000
52149  45.070  -31.052  85.032 0.0000000000
51028  46.842  -32.137  85.039 0.0000000000
51029  46.080  -31.323  85.312 0.0000000000
47655  48.267  -35.079  84.923 0.0000000000
49911  49.451  -32.727  82.537 0.0000000000
73608  60.256  -10.417  68.606 0.0000000000
143802  60.169  -10.411  67.811 0.0000000000
71607  59.612  -12.469  67.033 0.0000000000
70655  60.077  -13.540  68.111 0.0000000000
135473  53.548  -16.720  69.584 0.0000000000
141016  54.448  -13.531  68.579 0.0000000000
69734  54.936  -13.802  68.776 0.0000000000
70650  55.024  -13.083  68.715 0.0000000000
70658  55.560  -13.441  68.721 0.0000000000
68765  56.008  -15.068  68.567 0.0000000000
67663  57.399  -16.535  69.024 0.0000000000
67662  58.608  -16.515  69.105 0.0000000000
67661  59.871  -16.521  69.141 0.0000000000
65452  57.936  -18.837  69.899 0.0000000000
152342  61.469  -20.172  70.241 0.0000000000
64405  61.662  -19.570  69.877 0.0000000000
65449  61.826  -18.722  69.468 0.0000000000
63349  61.881  -19.825  69.403 0.0000000000
59933  44.901  -23.173  84.637 0.0000000000
65336  44.290  -19.006  82.320 0.0000000000
66467  45.891  -18.036  79.635 0.0000000000
67557  47.910  -16.820  78.801 0.0000000000
66478  47.355  -17.141  78.219 0.0000000000
67574  48.112  -16.962  77.991 0.0000000000
66490  48.308  -17.127  77.186 0.0000000000
151641  49.231  -16.859  78.227 0.0000000000
139605  49.698  -16.945  77.842 0.0000000000
67555  49.647  -16.641  78.667 0.0000000000
127042  51.449  -15.040  80.710 0.0000000000
68619  51.830  -15.339  80.049 0.0000000000
127848  52.287  -14.851  80.668 0.0000000000
68618  53.084  -14.800  80.057 0.0000000000
68607  52.687  -14.993  80.691 0.0000000000
69585  50.032  -14.469  83.441 0.0000000000
69599  50.540  -14.437  82.728 0.0000000000
148166  50.529  -14.828  83.171 0.0000000000
66436  52.131  -16.829  81.712 0.0000000000
67510  51.751  -16.252  82.145 0.0000000000
67520  52.753  -16.043  81.206 0.0000000000
66451  52.490  -17.450  81.190 0.0000000000
66450  53.002  -17.921  80.528 0.0000000000
145641  52.384  -18.852  80.948 0.0000000000
63180  52.686  -20.255  80.474 0.0000000000
64218  46.723  -19.151  84.030 0.0000000000
132728  46.582  -19.776  83.166 0.0000000000
46430  37.755  -36.064  90.342 0.0000000000
66522  50.644  -17.884  75.484 0.0000000000
66506  52.242  -17.560  76.203 0.0000000000
67588  51.887  -17.336  77.027 0.0000000000
67570  52.597  -16.672  77.763 0.0000000000
44442  44.747  -38.499  86.992 0.0000000000
45403  45.140  -37.780  86.573 0.0000000000
44461  45.552  -38.401  86.244 0.0000000000
43593  46.035  -38.481  85.658 0.0000000000
72572  56.708  -10.762  70.541 0.0000000000
63324  54.614  -19.940  70.909 0.0000000000
62181  56.643  -21.631  71.518 0.0000000000
61999  46.929  -21.147  87.129 0.0000000000
60937  46.014  -21.623  87.071 0.0000000000
63103  46.093  -20.476  87.149 0.0000000000
64185  45.349  -19.336  86.571 0.0000000000
65282  45.265  -18.499  86.345 0.0000000000
65293  44.651  -18.527  85.446 0.0000000000
66376  45.825  -17.892  86.670 0.0000000000
66375  45.981  -17.158  86.399 0.0000000000
67466  46.724  -16.122  85.959 0.0000000000
67464  47.750  -15.429  85.488 0.0000000000
66384  47.150  -16.623  85.850 0.0000000000
66395  47.573  -16.822  85.414 0.0000000000
45394  40.601  -36.249  88.854 0.0000000000
45393  41.343  -36.491  88.485 0.0000000000
45392  42.524  -37.314  88.062 0.0000000000
45378  41.982  -37.412  88.625 0.0000000000
66546  52.773  -17.923  73.758 0.0000000000
145786  54.307  -16.969  72.631 0.0000000000
66544  54.901  -16.770  72.428 0.0000000000
66543  55.662  -16.572  72.719 0.0000000000
65411  57.225  -17.626  74.788 0.0000000000
65403  56.746  -18.325  75.464 0.0000000000
67549  56.050  -15.169  78.011 0.0000000000
67567  56.797  -15.743  77.327 0.0000000000
66476  56.192  -16.364  78.033 0.0000000000
65372  55.072  -18.544  78.213 0.0000000000
64279  53.732  -19.826  79.616 0.0000000000
54416  46.103  -29.081  86.096 0.0000000000
53284  46.457  -29.450  85.396 0.0000000000
55579  47.816  -27.628  84.929 0.0000000000
55597  50.125  -26.929  83.322 0.0000000000
57789  49.530  -25.273  84.260 0.0000000000
57781  49.156  -24.715  84.965 0.0000000000
58892  49.311  -24.773  84.486 0.0000000000
58901  49.155  -24.484  84.245 0.0000000000
46526  45.569  -35.759  84.438 0.0000000000
136402  45.144  -35.067  83.444 0.0000000000
48793  44.708  -33.525  82.542 0.0000000000
49900  45.217  -32.637  83.275 0.0000000000
49899  45.737  -32.745  84.073 0.0000000000
51030  45.670  -31.474  85.115 0.0000000000
49887  47.164  -33.075  85.055 0.0000000000
73579  60.430  -9.217  70.125 0.0000000000
73596  60.802  -9.473  69.267 0.0000000000
67666  54.411  -16.214  69.277 0.0000000000
68751  54.305  -15.391  68.994 0.0000000000
149113  55.193  -15.077  68.813 0.0000000000
66598  57.944  -17.288  69.374 0.0000000000
63320  59.393  -20.347  70.767 0.0000000000
63319  60.773  -20.460  70.696 0.0000000000
63318  61.391  -20.730  70.357 0.0000000000
56718  45.788  -26.548  85.008 0.0000000000
60988  43.992  -21.546  83.425 0.0000000000
62068  43.442  -21.188  82.081 0.0000000000
66441  45.766  -17.802  81.508 0.0000000000
66440  46.442  -17.348  81.175 0.0000000000
66452  46.412  -17.563  80.251 0.0000000000
66466  46.536  -17.531  79.335 0.0000000000
67539  47.070  -17.038  79.812 0.0000000000
67537  48.471  -16.445  79.631 0.0000000000
67536  49.471  -16.284  79.478 0.0000000000
67535  50.330  -16.217  79.382 0.0000000000
68610  50.078  -15.285  81.099 0.0000000000
68609  50.934  -14.720  81.381 0.0000000000
67500  50.344  -16.106  83.388 0.0000000000
67499  50.741  -15.525  83.088 0.0000000000
66437  51.589  -17.325  81.877 0.0000000000
65345  51.859  -18.747  81.143 0.0000000000
46464  39.253  -35.187  88.503 0.0000000000
46444  38.467  -35.287  89.021 0.0000000000
46443  39.852  -36.206  89.384 0.0000000000
149389  40.339  -38.229  89.716 0.0000000000
44415  39.730  -38.750  89.886 0.0000000000
44417  38.060  -39.039  89.921 0.0000000000
152120  53.099  -17.679  74.246 0.0000000000
67616  54.596  -16.514  74.159 0.0000000000
68685  57.075  -15.666  74.704 0.0000000000
68670  55.997  -15.433  75.534 0.0000000000
68655  56.127  -14.996  76.463 0.0000000000
153741  56.178  -14.784  77.064 0.0000000000
67568  55.390  -14.975  77.366 0.0000000000
68643  55.732  -14.887  77.776 0.0000000000
68629  55.178  -14.875  78.576 0.0000000000
67532  54.741  -14.972  79.170 0.0000000000
53313  49.487  -29.485  82.454 0.0000000000
46495  42.445  -35.904  85.180 0.0000000000
46513  42.636  -35.809  84.074 0.0000000000
147769  43.219  -36.184  84.654 0.0000000000
45468  44.779  -36.359  84.615 0.0000000000
45447  45.114  -36.989  85.866 0.0000000000
135502  46.580  -35.455  85.061 0.0000000000
47657  47.206  -34.662  85.205 0.0000000000
46510  47.467  -35.568  85.445 0.0000000000
46509  48.157  -35.799  85.078 0.0000000000
46525  48.415  -36.161  84.247 0.0000000000
73581  58.481  -9.801  70.891 0.0000000000
71587  59.117  -12.594  68.318 0.0000000000
71588  57.607  -12.365  68.499 0.0000000000
70656  59.442  -13.752  68.379 0.0000000000
68762  60.289  -15.071  68.524 0.0000000000
67678  60.675  -15.867  68.691 0.0000000000
67660  61.054  -16.609  68.984 0.0000000000
65477  54.445  -17.777  69.743 0.0000000000
65476  55.220  -17.960  69.596 0.0000000000
65475  56.263  -18.047  69.573 0.0000000000
63322  56.764  -20.229  70.566 0.0000000000
63321  58.028  -20.299  70.603 0.0000000000
58886  45.985  -24.458  86.135 0.0000000000
59919  45.843  -23.386  86.316 0.0000000000
59920  45.218  -23.052  85.469 0.0000000000
60970  44.741  -22.273  85.048 0.0000000000
62034  45.448  -21.747  86.486 0.0000000000
62035  44.484  -21.337  85.168 0.0000000000
133624  44.188  -21.500  84.305 0.0000000000
62051  43.900  -20.789  83.637 0.0000000000
63146  43.906  -20.302  83.079 0.0000000000
64231  44.065  -19.959  82.931 0.0000000000
65323  44.008  -19.988  82.444 0.0000000000
129843  44.138  -19.527  82.937 0.0000000000
65322  44.329  -18.835  83.148 0.0000000000
66425  44.766  -18.272  82.833 0.0000000000
66396  45.121  -17.382  84.513 0.0000000000
66406  45.349  -17.555  83.402 0.0000000000
67503  46.072  -16.971  83.008 0.0000000000
67501  47.341  -15.798  83.029 0.0000000000
67512  47.963  -15.566  82.389 0.0000000000
68590  48.889  -14.640  82.951 0.0000000000
153411  48.870  -14.398  83.748 0.0000000000
68573  48.766  -14.625  84.302 0.0000000000
68572  49.452  -14.720  84.028 0.0000000000
67473  48.358  -15.466  85.233 0.0000000000
67485  48.956  -15.784  84.671 0.0000000000
67484  49.567  -15.426  84.108 0.0000000000
66421  50.048  -16.929  82.896 0.0000000000
47630  40.195  -34.981  86.981 0.0000000000
46497  40.880  -34.945  85.921 0.0000000000
46496  41.557  -35.393  85.498 0.0000000000
137241  43.096  -38.021  88.020 0.0000000000
44427  43.839  -38.397  87.535 0.0000000000
65428  54.098  -18.321  71.686 0.0000000000
153877  54.056  -19.044  71.518 0.0000000000
64389  54.078  -19.278  72.054 0.0000000000
134922  54.139  -20.540  73.177 0.0000000000
132535  54.160  -21.057  74.686 0.0000000000
64369  55.113  -19.196  74.639 0.0000000000
63255  54.185  -20.361  74.799 0.0000000000
67600  57.589  -15.918  75.016 0.0000000000
65397  57.382  -17.489  75.476 0.0000000000
65398  56.756  -18.137  76.196 0.0000000000
66489  56.807  -16.943  77.130 0.0000000000
136802  56.622  -17.874  76.796 0.0000000000
54430  45.229  -28.514  83.856 0.0000000000
55580  45.553  -27.913  85.440 0.0000000000
133881  45.794  -27.202  85.670 0.0000000000
138533  46.045  -27.068  86.168 0.0000000000
56693  46.277  -26.328  86.107 0.0000000000
57778  46.483  -25.723  86.216 0.0000000000
54428  48.329  -28.915  83.027 0.0000000000
55578  49.433  -26.962  84.040 0.0000000000
55555  48.464  -26.650  85.113 0.0000000000
56691  47.164  -25.943  86.315 0.0000000000
58874  47.020  -24.623  86.696 0.0000000000
59902  47.295  -23.549  86.829 0.0000000000
138125  47.747  -22.795  86.712 0.0000000000
59900  48.453  -23.510  86.016 0.0000000000
60951  47.705  -21.964  86.696 0.0000000000
130942  47.521  -21.216  86.472 0.0000000000
63120  47.347  -20.496  86.405 0.0000000000
63121  47.175  -19.842  86.196 0.0000000000
64208  46.886  -19.529  85.077 0.0000000000
62049  46.816  -20.545  84.576 0.0000000000
62061  46.592  -20.872  83.529 0.0000000000
60986  47.255  -22.640  82.963 0.0000000000
46528  42.851  -35.546  83.251 0.0000000000
46549  44.303  -34.936  82.836 0.0000000000
53301  44.768  -29.955  84.007 0.0000000000
53287  44.940  -30.096  85.081 0.0000000000
130957  45.396  -30.157  85.487 0.0000000000
52147  45.964  -30.392  85.526 0.0000000000
52157  47.980  -30.945  82.898 0.0000000000
142355  48.021  -34.525  85.092 0.0000000000
48748  47.966  -33.838  84.968 0.0000000000
48771  48.625  -33.705  84.174 0.0000000000
49897  48.537  -32.775  83.583 0.0000000000
147314  35.519  -35.690  91.124 0.0000000000
73617  60.544  -9.876  67.305 0.0000000000
68764  57.115  -14.996  68.522 0.0000000000
136821  58.250  -14.825  68.514 0.0000000000
153125  61.371  -17.297  69.197 0.0000000000
65451  59.200  -18.840  70.012 0.0000000000
65472  59.789  -18.035  69.711 0.0000000000
133773  61.117  -17.985  69.538 0.0000000000
133850  62.258  -18.913  68.945 0.0000000000
139606  48.038  -17.459  75.876 0.0000000000
58894  45.180  -24.091  84.263 0.0000000000
66479  46.663  -17.509  78.503 0.0000000000
66511  47.628  -17.385  76.543 0.0000000000
66510  48.554  -17.317  76.411 0.0000000000
67590  49.996  -17.203  76.987 0.0000000000
67572  50.617  -16.974  77.780 0.0000000000
67552  52.379  -16.201  78.605 0.0000000000
67534  51.174  -16.125  79.340 0.0000000000
68632  52.123  -15.709  79.377 0.0000000000
68631  53.186  -15.149  79.389 0.0000000000
127674  53.772  -14.897  79.458 0.0000000000
68617  54.122  -14.956  79.542 0.0000000000
67533  53.769  -15.571  80.135 0.0000000000
68589  49.749  -14.290  82.792 0.0000000000
69612  50.775  -14.332  82.084 0.0000000000
149138  51.567  -14.637  81.690 0.0000000000
67498  51.295  -15.824  82.608 0.0000000000
68598  51.669  -15.048  82.085 0.0000000000
128430  52.057  -14.716  81.349 0.0000000000
67519  53.232  -15.434  80.594 0.0000000000
66464  53.768  -16.809  80.027 0.0000000000
65358  53.626  -18.143  79.737 0.0000000000
64280  53.295  -20.592  80.265 0.0000000000
64259  52.755  -20.037  80.567 0.0000000000
150884  46.997  -18.494  84.461 0.0000000000
65310  47.188  -18.387  83.846 0.0000000000
64230  46.638  -19.901  82.241 0.0000000000
65321  47.464  -18.569  82.809 0.0000000000
65320  48.407  -17.944  82.472 0.0000000000
55541  46.847  -26.691  86.234 0.0000000000
57777  46.829  -25.462  86.440 0.0000000000
58872  48.386  -24.053  86.137 0.0000000000
58885  48.739  -24.015  85.519 0.0000000000
60935  47.238  -21.703  87.072 0.0000000000
60952  47.157  -22.473  87.107 0.0000000000
61998  47.294  -21.236  86.811 0.0000000000
62000  46.369  -21.084  87.174 0.0000000000
62016  45.674  -21.037  86.849 0.0000000000
62017  44.890  -20.995  86.078 0.0000000000
62067  46.517  -21.152  82.623 0.0000000000
63084  46.637  -20.493  87.096 0.0000000000
63101  47.171  -20.594  86.666 0.0000000000
63102  46.848  -20.011  86.913 0.0000000000
63132  47.274  -20.409  85.749 0.0000000000
63339  61.590  -20.381  69.729 0.0000000000
64197  44.659  -19.171  85.808 0.0000000000
64220  44.012  -20.263  82.983 0.0000000000
64233  43.664  -20.440  81.651 0.0000000000
65304  44.158  -19.522  83.519 0.0000000000
66373  46.662  -16.605  86.022 0.0000000000
66374  46.367  -17.113  86.332 0.0000000000
66387  45.298  -17.770  86.029 0.0000000000
66397  44.776  -17.910  85.069 0.0000000000
66407  44.599  -18.175  83.661 0.0000000000
66503  57.637  -16.566  75.601 0.0000000000
67454  46.394  -16.686  86.147 0.0000000000
67465  47.241  -15.969  85.836 0.0000000000
67474  47.857  -16.054  85.591 0.0000000000
67475  46.595  -15.885  85.585 0.0000000000
67554  50.437  -16.623  78.580 0.0000000000
67566  57.125  -15.459  76.719 0.0000000000
67571  51.588  -16.925  77.811 0.0000000000
67573  48.871  -16.982  77.812 0.0000000000
67601  56.316  -15.564  74.545 0.0000000000
67677  61.500  -16.102  68.362 0.0000000000
68552  47.169  -15.537  85.679 0.0000000000
68558  48.227  -14.895  85.115 0.0000000000
68588  51.050  -14.944  82.689 0.0000000000
68591  48.217  -14.819  83.686 0.0000000000
68620  50.395  -15.589  80.340 0.0000000000
68654  56.661  -15.012  76.466 0.0000000000
68669  56.641  -15.297  75.602 0.0000000000
69600  50.269  -14.310  82.550 0.0000000000
69611  51.259  -14.506  81.730 0.0000000000
72557  56.843  -10.430  70.973 0.0000000000
73557  58.165  -9.396  71.439 0.0000000000
74512  57.547  -9.839  71.360 0.0000000000
131962  46.691  -16.560  82.680 0.0000000000
133339  49.393  -14.926  82.168 0.0000000000
143469  50.882  -16.303  82.787 0.0000000000
144488  45.774  -18.077  80.308 0.0000000000
144718  47.653  -21.025  86.173 0.0000000000
145772  44.928  -21.794  85.762 0.0000000000
149174  47.657  -16.780  79.471 0.0000000000
150015  50.003  -14.221  83.069 0.0000000000
150920  57.211  -16.448  73.989 0.0000000000
151122  44.407  -19.588  85.304 0.0000000000
152013  61.045  -19.781  70.350 0.0000000000
