#!ascii label  , from subject sub-v2s10x28966_ses-1 vox2ras=TkReg
1005
53073  10.377  -22.377  93.386 0.0000000000
46336  2.814  -30.323  78.842 0.0000000000
107543  1.295  -28.157  94.544 0.0000000000
50331  3.225  -24.749  88.189 0.0000000000
54250  0.647  -20.571  80.288 0.0000000000
52086  5.327  -23.366  96.586 0.0000000000
53062  2.700  -22.964  93.653 0.0000000000
50216  13.575  -24.482  94.733 0.0000000000
105834  8.571  -24.969  94.758 0.0000000000
46176  4.070  -29.230  94.213 0.0000000000
54127  -1.258  -21.943  88.518 0.0000000000
51325  1.754  -24.143  84.045 0.0000000000
108018  -0.181  -19.526  86.130 0.0000000000
46222  -0.025  -30.053  89.493 0.0000000000
47269  3.600  -28.945  87.518 0.0000000000
49231  3.871  -26.278  92.352 0.0000000000
53101  1.188  -23.303  90.074 0.0000000000
123693  6.535  -26.660  83.794 0.0000000000
52244  7.052  -23.747  79.608 0.0000000000
54305  2.699  -21.215  75.363 0.0000000000
58974  0.516  -16.939  78.996 0.0000000000
53046  7.762  -22.429  95.441 0.0000000000
54040  6.484  -21.893  93.797 0.0000000000
53041  12.199  -23.027  94.654 0.0000000000
50219  11.174  -24.660  95.036 0.0000000000
52082  9.699  -23.317  96.151 0.0000000000
50206  7.038  -24.622  96.473 0.0000000000
55153  -1.139  -20.454  87.276 0.0000000000
47206  0.561  -29.560  91.820 0.0000000000
47220  2.140  -28.840  90.926 0.0000000000
48179  2.431  -27.441  93.382 0.0000000000
54086  3.657  -21.646  90.076 0.0000000000
53088  2.029  -23.028  91.305 0.0000000000
46171  2.374  -29.067  95.326 0.0000000000
45198  1.801  -30.562  92.641 0.0000000000
45193  0.947  -30.107  93.064 0.0000000000
45216  -0.235  -30.441  90.325 0.0000000000
49280  5.750  -26.239  88.641 0.0000000000
48288  5.197  -28.145  85.841 0.0000000000
51261  5.853  -24.350  86.385 0.0000000000
111080  0.895  -22.612  81.605 0.0000000000
52216  4.693  -22.853  81.987 0.0000000000
118015  4.137  -21.445  80.140 0.0000000000
53240  5.798  -22.000  77.285 0.0000000000
55297  3.418  -20.043  78.340 0.0000000000
50215  2.526  -25.725  96.345 0.0000000000
111833  2.393  -24.911  95.030 0.0000000000
53034  3.436  -22.853  95.193 0.0000000000
106166  5.306  -21.681  91.909 0.0000000000
48159  15.162  -26.328  92.937 0.0000000000
48206  13.973  -26.974  90.384 0.0000000000
49209  12.991  -25.950  92.606 0.0000000000
50253  9.670  -25.246  92.477 0.0000000000
48149  5.987  -26.872  94.888 0.0000000000
48144  4.861  -26.882  96.185 0.0000000000
50317  0.294  -24.461  87.751 0.0000000000
51282  2.217  -24.557  85.675 0.0000000000
52162  -0.480  -23.831  86.036 0.0000000000
53159  -0.429  -22.712  83.949 0.0000000000
55227  -0.002  -20.756  82.572 0.0000000000
116625  12.960  -22.567  91.704 0.0000000000
51193  18.561  -24.965  91.723 0.0000000000
52097  20.503  -23.394  94.768 0.0000000000
52102  16.255  -24.238  94.193 0.0000000000
53069  15.076  -23.006  92.584 0.0000000000
45252  -0.571  -31.025  86.779 0.0000000000
45264  0.551  -30.524  85.631 0.0000000000
46231  1.960  -29.428  87.759 0.0000000000
47235  4.236  -28.111  89.803 0.0000000000
108683  4.636  -25.252  90.263 0.0000000000
51178  2.399  -24.346  93.723 0.0000000000
50266  2.023  -24.490  91.802 0.0000000000
50279  1.049  -24.649  89.589 0.0000000000
53106  -0.232  -23.081  89.243 0.0000000000
46277  3.151  -29.731  84.467 0.0000000000
46301  4.448  -29.786  82.669 0.0000000000
46322  5.409  -29.342  80.817 0.0000000000
51302  5.734  -23.782  84.518 0.0000000000
49383  7.290  -25.667  81.654 0.0000000000
48411  5.535  -27.532  78.766 0.0000000000
50462  4.457  -25.396  77.260 0.0000000000
115223  2.178  -24.674  75.653 0.0000000000
57054  1.171  -18.861  85.488 0.0000000000
57096  0.721  -19.067  81.729 0.0000000000
58053  2.155  -17.875  81.276 0.0000000000
56198  0.455  -18.881  79.699 0.0000000000
57144  1.962  -18.444  76.807 0.0000000000
53060  9.181  -22.371  94.304 0.0000000000
54038  8.582  -22.211  93.391 0.0000000000
54047  9.950  -22.110  91.986 0.0000000000
53057  11.719  -22.621  94.028 0.0000000000
53026  11.099  -22.908  95.478 0.0000000000
53043  10.681  -22.580  95.006 0.0000000000
53029  8.582  -22.732  96.067 0.0000000000
45357  1.122  -30.567  78.105 0.0000000000
46346  2.933  -29.141  78.438 0.0000000000
47190  1.008  -28.955  93.305 0.0000000000
47189  1.728  -28.398  92.846 0.0000000000
48163  1.900  -27.268  94.351 0.0000000000
118629  15.646  -27.886  88.712 0.0000000000
121409  1.580  -28.306  95.559 0.0000000000
46179  1.309  -29.117  94.474 0.0000000000
47182  1.096  -28.886  94.101 0.0000000000
46190  0.499  -29.878  92.137 0.0000000000
51232  4.491  -24.652  88.493 0.0000000000
50330  5.972  -25.221  87.750 0.0000000000
121198  4.924  -24.497  87.886 0.0000000000
53204  0.561  -21.936  81.179 0.0000000000
53202  2.355  -22.270  80.873 0.0000000000
54249  2.361  -21.231  79.869 0.0000000000
54247  4.227  -20.762  79.371 0.0000000000
117973  1.611  -20.244  79.267 0.0000000000
51154  3.271  -24.518  96.726 0.0000000000
51160  2.773  -24.404  96.189 0.0000000000
53021  3.887  -22.933  95.784 0.0000000000
54052  5.925  -21.640  92.424 0.0000000000
122640  4.908  -21.437  90.018 0.0000000000
118223  14.690  -25.398  93.990 0.0000000000
48173  14.324  -26.321  92.641 0.0000000000
49186  13.064  -25.458  94.020 0.0000000000
105928  10.214  -24.575  95.044 0.0000000000
50241  10.423  -25.011  93.777 0.0000000000
50235  8.619  -25.228  93.930 0.0000000000
110184  7.126  -26.113  94.709 0.0000000000
51151  6.251  -24.161  96.931 0.0000000000
50214  5.979  -25.386  96.563 0.0000000000
51152  4.931  -24.731  97.096 0.0000000000
49171  3.643  -26.025  96.912 0.0000000000
52146  -0.480  -23.706  87.845 0.0000000000
50354  -0.081  -24.147  86.717 0.0000000000
122161  -0.842  -23.101  87.351 0.0000000000
56141  -0.702  -19.884  86.595 0.0000000000
54173  -0.912  -21.505  85.731 0.0000000000
55194  -0.647  -20.942  85.249 0.0000000000
54191  -0.253  -21.388  83.209 0.0000000000
55193  -0.021  -20.457  84.312 0.0000000000
51170  17.754  -24.657  94.320 0.0000000000
45240  -0.621  -30.727  87.704 0.0000000000
46244  0.015  -30.201  87.696 0.0000000000
46233  0.251  -29.949  88.553 0.0000000000
47204  3.448  -27.950  91.444 0.0000000000
47219  3.371  -28.471  90.321 0.0000000000
116444  4.262  -27.188  91.375 0.0000000000
121474  5.092  -25.949  90.428 0.0000000000
50275  4.599  -25.868  91.027 0.0000000000
51175  2.523  -23.737  94.484 0.0000000000
108907  2.466  -24.227  94.455 0.0000000000
51179  2.376  -23.782  93.734 0.0000000000
53089  1.787  -23.440  91.031 0.0000000000
52122  1.834  -23.870  91.700 0.0000000000
52123  1.443  -23.902  90.644 0.0000000000
50278  1.670  -24.657  90.569 0.0000000000
51204  0.758  -24.250  89.574 0.0000000000
51205  0.371  -24.086  89.008 0.0000000000
53102  0.299  -23.014  89.544 0.0000000000
49243  12.739  -26.300  90.515 0.0000000000
48221  13.390  -26.669  89.124 0.0000000000
47181  5.522  -28.488  93.366 0.0000000000
45195  4.847  -29.853  91.711 0.0000000000
45196  4.471  -29.711  92.610 0.0000000000
44241  1.027  -31.093  91.683 0.0000000000
106354  2.298  -31.171  91.310 0.0000000000
46223  -0.245  -30.222  89.911 0.0000000000
45231  -0.704  -30.677  88.689 0.0000000000
46251  1.833  -29.586  86.359 0.0000000000
46279  1.410  -30.294  85.197 0.0000000000
47300  3.654  -29.091  85.710 0.0000000000
119759  5.801  -27.670  84.738 0.0000000000
47315  4.929  -28.563  84.189 0.0000000000
48331  5.747  -28.021  83.476 0.0000000000
46300  5.161  -29.267  82.265 0.0000000000
48368  6.171  -28.098  81.953 0.0000000000
51305  2.184  -24.363  84.811 0.0000000000
51304  3.671  -23.930  84.934 0.0000000000
51323  3.958  -23.680  84.077 0.0000000000
52230  6.785  -23.336  80.477 0.0000000000
127158  6.708  -23.938  81.631 0.0000000000
51359  7.246  -24.604  80.682 0.0000000000
49409  6.994  -26.657  80.331 0.0000000000
50450  6.610  -25.411  78.854 0.0000000000
49437  4.742  -26.700  77.920 0.0000000000
50451  6.074  -25.180  78.135 0.0000000000
54289  4.729  -21.187  76.474 0.0000000000
52292  4.742  -22.935  76.491 0.0000000000
52307  2.628  -23.021  75.392 0.0000000000
57053  2.033  -18.470  85.341 0.0000000000
125737  1.015  -19.496  83.554 0.0000000000
57081  2.189  -18.726  83.423 0.0000000000
58972  2.057  -16.698  79.397 0.0000000000
58071  1.751  -17.509  80.548 0.0000000000
58055  0.681  -18.201  80.553 0.0000000000
58087  0.583  -17.529  79.343 0.0000000000
57133  1.027  -18.225  78.277 0.0000000000
57146  0.679  -17.551  78.077 0.0000000000
53018  6.842  -22.904  96.352 0.0000000000
54021  5.677  -22.356  95.330 0.0000000000
54028  7.157  -22.151  94.508 0.0000000000
52104  13.265  -23.817  94.889 0.0000000000
50217  12.888  -24.493  94.885 0.0000000000
51164  11.730  -23.881  95.441 0.0000000000
51165  10.528  -24.121  95.556 0.0000000000
50212  8.959  -24.222  95.912 0.0000000000
50222  7.664  -25.100  95.645 0.0000000000
52083  8.339  -23.878  96.448 0.0000000000
52084  7.438  -23.227  96.538 0.0000000000
115317  -1.501  -20.464  89.558 0.0000000000
112352  -1.328  -21.195  87.964 0.0000000000
56113  -1.376  -19.698  88.767 0.0000000000
57035  -0.959  -18.918  88.155 0.0000000000
57034  -0.466  -18.642  87.423 0.0000000000
117447  0.053  -29.815  90.121 0.0000000000
47237  1.293  -29.342  90.066 0.0000000000
107260  1.272  -28.930  91.882 0.0000000000
48196  3.004  -27.652  92.468 0.0000000000
48178  3.371  -26.796  92.861 0.0000000000
54068  3.000  -22.397  91.639 0.0000000000
53075  2.482  -23.118  92.831 0.0000000000
53099  2.359  -22.547  90.877 0.0000000000
54087  2.133  -22.023  89.893 0.0000000000
54088  1.202  -21.914  89.665 0.0000000000
54109  0.142  -21.657  89.700 0.0000000000
47178  3.435  -29.006  95.124 0.0000000000
45190  3.189  -30.020  93.417 0.0000000000
46183  2.521  -29.822  94.090 0.0000000000
45192  1.281  -30.011  93.305 0.0000000000
44229  0.768  -30.588  92.078 0.0000000000
44259  0.207  -30.943  90.954 0.0000000000
45207  0.347  -30.203  91.711 0.0000000000
46200  0.229  -29.982  91.398 0.0000000000
48256  5.146  -27.904  87.695 0.0000000000
47282  4.450  -28.624  86.227 0.0000000000
48255  5.777  -27.217  87.306 0.0000000000
49339  6.336  -26.751  85.918 0.0000000000
50366  6.542  -25.166  85.629 0.0000000000
52202  0.970  -23.350  82.812 0.0000000000
52200  3.042  -23.377  82.827 0.0000000000
52218  2.351  -23.131  82.100 0.0000000000
53200  4.641  -22.105  80.756 0.0000000000
53215  6.212  -22.026  79.804 0.0000000000
52276  6.481  -23.298  78.187 0.0000000000
54262  5.677  -21.242  78.579 0.0000000000
55326  5.123  -20.780  77.277 0.0000000000
56213  4.097  -19.903  77.023 0.0000000000
59934  1.276  -15.727  77.926 0.0000000000
58998  0.443  -16.249  77.308 0.0000000000
117607  0.715  -15.100  76.375 0.0000000000
121652  1.720  -27.272  95.801 0.0000000000
49190  2.028  -26.414  95.386 0.0000000000
50223  2.323  -25.675  95.839 0.0000000000
52106  2.676  -23.651  95.043 0.0000000000
53061  3.196  -22.646  94.116 0.0000000000
54030  5.241  -22.070  94.650 0.0000000000
54032  3.860  -22.236  94.002 0.0000000000
53074  3.359  -22.480  93.387 0.0000000000
54067  3.866  -21.950  91.223 0.0000000000
107502  16.424  -27.029  91.807 0.0000000000
47216  15.216  -27.593  89.670 0.0000000000
48190  14.784  -27.072  91.281 0.0000000000
50239  12.087  -25.491  93.676 0.0000000000
112056  11.631  -25.496  93.158 0.0000000000
49229  9.831  -25.456  91.065 0.0000000000
47175  5.958  -27.962  93.454 0.0000000000
47176  5.526  -27.974  94.072 0.0000000000
49173  6.988  -25.509  95.777 0.0000000000
48150  5.323  -27.224  95.349 0.0000000000
47171  4.318  -28.151  95.624 0.0000000000
47168  3.497  -28.170  96.102 0.0000000000
48147  2.434  -27.252  96.445 0.0000000000
50333  1.084  -24.967  87.825 0.0000000000
51246  3.138  -24.618  87.145 0.0000000000
118679  0.931  -24.839  87.155 0.0000000000
50368  0.697  -24.607  85.985 0.0000000000
51307  0.710  -24.175  84.686 0.0000000000
53126  -1.006  -22.691  86.600 0.0000000000
52168  -0.430  -23.452  85.219 0.0000000000
52187  0.262  -23.325  83.523 0.0000000000
52204  0.040  -22.775  82.962 0.0000000000
53187  -0.020  -21.932  81.951 0.0000000000
54233  0.147  -20.848  81.076 0.0000000000
111625  11.315  -22.412  92.370 0.0000000000
48187  17.529  -26.545  91.271 0.0000000000
53048  21.930  -22.027  93.958 0.0000000000
53037  21.373  -22.679  95.055 0.0000000000
52116  20.931  -22.939  93.986 0.0000000000
51182  19.475  -24.397  93.294 0.0000000000
50251  18.511  -25.355  92.980 0.0000000000
49208  17.401  -26.269  92.440 0.0000000000
50228  16.195  -25.103  94.043 0.0000000000
51172  15.630  -24.612  94.257 0.0000000000
52111  15.835  -23.799  93.977 0.0000000000
110167  14.207  -24.008  94.646 0.0000000000
53055  13.292  -23.132  93.543 0.0000000000
53071  12.700  -22.739  92.797 0.0000000000
46252  0.992  -29.796  86.679 0.0000000000
47270  2.862  -29.199  87.870 0.0000000000
47236  2.411  -29.073  89.761 0.0000000000
111973  3.420  -28.740  89.311 0.0000000000
47234  4.299  -28.317  88.927 0.0000000000
48224  5.447  -26.908  89.038 0.0000000000
50293  5.288  -25.674  89.750 0.0000000000
50294  3.815  -24.809  89.360 0.0000000000
49201  2.455  -26.194  94.509 0.0000000000
49200  2.885  -25.799  93.868 0.0000000000
50254  2.809  -25.236  93.357 0.0000000000
51185  2.156  -23.803  92.752 0.0000000000
51184  2.246  -24.430  92.849 0.0000000000
110348  3.464  -25.262  91.803 0.0000000000
126109  3.232  -25.032  91.114 0.0000000000
50277  2.367  -24.966  90.502 0.0000000000
50314  1.892  -25.140  89.020 0.0000000000
50297  0.889  -24.824  88.891 0.0000000000
51217  0.170  -24.165  88.498 0.0000000000
117661  -0.761  -22.437  89.265 0.0000000000
111942  -0.086  -22.204  89.603 0.0000000000
54090  -0.990  -21.662  89.720 0.0000000000
55110  -1.344  -21.131  89.820 0.0000000000
45215  4.674  -30.452  90.583 0.0000000000
107572  3.438  -30.589  91.746 0.0000000000
47317  3.750  -29.218  84.891 0.0000000000
46289  3.427  -29.958  83.775 0.0000000000
46334  4.504  -29.808  79.621 0.0000000000
51262  4.952  -24.008  86.358 0.0000000000
51279  5.604  -23.934  85.507 0.0000000000
114948  6.625  -24.807  84.110 0.0000000000
52183  5.173  -23.426  83.105 0.0000000000
51338  6.665  -24.441  82.830 0.0000000000
49372  6.825  -26.392  83.069 0.0000000000
48367  6.638  -27.357  81.598 0.0000000000
47395  5.580  -28.610  79.666 0.0000000000
47397  3.813  -29.296  78.799 0.0000000000
48413  3.510  -27.788  78.074 0.0000000000
112945  4.850  -24.454  77.056 0.0000000000
51390  3.911  -24.804  76.662 0.0000000000
57996  0.104  -18.206  87.151 0.0000000000
57995  0.583  -17.900  86.902 0.0000000000
57056  0.283  -19.240  85.959 0.0000000000
56160  0.566  -19.766  84.446 0.0000000000
56176  0.135  -20.051  82.040 0.0000000000
55270  0.187  -20.122  80.892 0.0000000000
58035  1.565  -18.297  81.664 0.0000000000
57113  0.460  -18.633  80.286 0.0000000000
55287  0.431  -19.671  80.055 0.0000000000
55299  1.315  -19.462  78.967 0.0000000000
56215  2.580  -18.928  77.298 0.0000000000
56233  2.818  -19.774  75.809 0.0000000000
106452  0.921  -18.975  74.742 0.0000000000
54037  9.544  -22.318  93.396 0.0000000000
127447  9.910  -22.266  92.735 0.0000000000
53058  10.954  -22.467  94.174 0.0000000000
53059  10.108  -22.414  94.240 0.0000000000
53044  9.817  -22.508  95.127 0.0000000000
120989  2.433  -30.925  79.012 0.0000000000
45356  1.920  -30.388  78.514 0.0000000000
46347  2.269  -29.555  78.346 0.0000000000
46335  3.113  -29.696  78.710 0.0000000000
48164  1.418  -28.215  93.855 0.0000000000
48204  16.762  -27.571  89.877 0.0000000000
110137  16.107  -27.944  88.889 0.0000000000
47229  16.221  -27.810  89.413 0.0000000000
47179  1.361  -28.436  94.957 0.0000000000
51245  4.130  -24.484  87.626 0.0000000000
54231  0.930  -21.460  80.549 0.0000000000
54230  1.859  -21.669  80.382 0.0000000000
112932  1.437  -20.885  79.871 0.0000000000
51153  4.037  -24.590  97.056 0.0000000000
52080  3.802  -23.933  96.646 0.0000000000
52087  4.324  -23.370  96.399 0.0000000000
50229  14.126  -24.977  94.435 0.0000000000
49185  13.830  -25.474  94.007 0.0000000000
50230  13.343  -24.996  94.510 0.0000000000
50234  9.621  -24.787  94.320 0.0000000000
49187  7.807  -25.644  94.506 0.0000000000
49188  7.267  -26.346  93.979 0.0000000000
52078  5.829  -23.737  96.876 0.0000000000
127361  5.528  -24.244  97.024 0.0000000000
52079  4.813  -23.941  96.913 0.0000000000
117010  -0.691  -23.283  88.321 0.0000000000
115065  -0.702  -23.412  87.819 0.0000000000
53118  -0.996  -22.796  88.099 0.0000000000
55174  -0.441  -20.199  85.680 0.0000000000
124391  -0.234  -20.511  84.905 0.0000000000
56150  0.166  -19.926  85.097 0.0000000000
46234  -0.348  -30.333  88.459 0.0000000000
48195  3.912  -27.092  92.109 0.0000000000
48194  4.321  -26.465  91.603 0.0000000000
117674  4.112  -25.760  91.788 0.0000000000
52115  2.560  -23.415  94.090 0.0000000000
51195  1.170  -24.206  90.228 0.0000000000
52129  0.852  -23.801  89.875 0.0000000000
46181  4.869  -29.157  93.236 0.0000000000
46182  4.018  -29.676  93.385 0.0000000000
44257  1.182  -31.473  90.960 0.0000000000
123831  -0.386  -30.327  89.172 0.0000000000
45224  -0.542  -30.573  89.549 0.0000000000
47284  2.605  -29.291  87.016 0.0000000000
47301  2.760  -29.356  86.058 0.0000000000
47283  3.605  -29.021  86.611 0.0000000000
48310  6.149  -27.338  84.150 0.0000000000
48311  5.487  -28.092  84.164 0.0000000000
48351  5.997  -28.027  82.750 0.0000000000
48330  6.317  -27.315  83.287 0.0000000000
51324  2.769  -23.947  84.226 0.0000000000
123830  3.190  -23.621  83.561 0.0000000000
52229  7.153  -24.034  80.333 0.0000000000
51370  7.223  -24.569  79.953 0.0000000000
50436  7.083  -25.274  79.609 0.0000000000
51371  6.960  -24.585  79.210 0.0000000000
112849  6.563  -24.654  78.564 0.0000000000
54290  3.755  -21.233  75.825 0.0000000000
53256  4.266  -22.117  76.026 0.0000000000
53257  3.043  -22.189  75.468 0.0000000000
58000  2.467  -17.742  85.865 0.0000000000
57066  2.239  -18.643  84.423 0.0000000000
58973  1.001  -16.726  79.225 0.0000000000
58957  1.357  -17.134  79.870 0.0000000000
58086  0.736  -17.331  79.575 0.0000000000
58093  0.519  -17.336  78.748 0.0000000000
58989  0.499  -16.608  78.218 0.0000000000
53030  6.963  -22.570  95.835 0.0000000000
54019  6.891  -22.311  95.225 0.0000000000
54049  8.061  -21.923  92.526 0.0000000000
52105  12.575  -23.448  94.963 0.0000000000
52093  12.582  -23.714  95.174 0.0000000000
108587  12.023  -23.617  95.341 0.0000000000
52095  10.686  -23.009  95.823 0.0000000000
51155  10.957  -23.666  95.620 0.0000000000
51156  10.303  -23.578  95.854 0.0000000000
50220  9.750  -24.267  95.563 0.0000000000
51157  9.741  -23.840  95.926 0.0000000000
109944  9.113  -23.694  96.215 0.0000000000
110327  8.793  -23.368  96.386 0.0000000000
53017  8.301  -23.081  96.413 0.0000000000
114893  7.672  -22.806  96.246 0.0000000000
52085  6.669  -23.197  96.569 0.0000000000
125950  -1.515  -20.413  88.936 0.0000000000
109570  -1.188  -18.710  89.034 0.0000000000
57022  -0.717  -18.210  88.153 0.0000000000
46210  0.210  -29.839  90.903 0.0000000000
47221  0.829  -29.410  90.994 0.0000000000
47205  2.369  -28.384  91.954 0.0000000000
105756  2.990  -22.041  90.495 0.0000000000
53100  1.633  -22.727  90.270 0.0000000000
46177  2.969  -29.472  94.637 0.0000000000
46178  1.913  -29.399  94.721 0.0000000000
46185  1.109  -29.502  93.603 0.0000000000
45199  0.991  -30.311  92.635 0.0000000000
45200  0.623  -30.134  92.334 0.0000000000
114257  0.480  -30.385  91.825 0.0000000000
48240  5.607  -27.048  88.195 0.0000000000
50329  6.045  -24.766  87.070 0.0000000000
49299  6.305  -25.552  87.047 0.0000000000
49319  6.520  -25.822  86.239 0.0000000000
50349  6.367  -24.971  86.411 0.0000000000
52219  1.324  -23.128  82.128 0.0000000000
119845  1.800  -22.743  81.508 0.0000000000
53201  3.492  -22.164  80.827 0.0000000000
53199  5.689  -22.258  80.579 0.0000000000
54228  5.292  -21.631  80.111 0.0000000000
54245  6.221  -21.824  78.963 0.0000000000
54246  5.624  -21.370  79.385 0.0000000000
55284  3.368  -20.475  78.976 0.0000000000
55283  4.292  -20.311  78.511 0.0000000000
55313  4.572  -20.242  77.634 0.0000000000
55327  4.594  -20.442  76.931 0.0000000000
55314  3.856  -19.836  77.766 0.0000000000
58986  2.903  -16.378  78.786 0.0000000000
59933  2.414  -15.801  78.098 0.0000000000
59949  1.070  -15.234  77.020 0.0000000000
49182  2.265  -26.287  96.113 0.0000000000
49183  2.029  -26.520  95.742 0.0000000000
52096  3.144  -23.243  95.423 0.0000000000
52089  2.889  -23.786  95.758 0.0000000000
53035  2.888  -23.071  94.624 0.0000000000
53047  3.565  -22.581  94.674 0.0000000000
54029  6.212  -22.106  94.721 0.0000000000
54022  4.818  -22.412  95.256 0.0000000000
121065  5.702  -21.882  94.045 0.0000000000
105983  5.069  -21.746  92.789 0.0000000000
105668  4.187  -22.064  93.118 0.0000000000
54053  4.477  -21.899  92.132 0.0000000000
54054  3.616  -22.261  92.401 0.0000000000
54066  4.801  -21.686  91.283 0.0000000000
48172  15.962  -26.685  92.491 0.0000000000
48189  15.635  -27.151  91.556 0.0000000000
112960  15.040  -26.745  92.143 0.0000000000
48174  13.666  -26.322  92.208 0.0000000000
50218  12.056  -24.535  95.063 0.0000000000
50231  12.626  -25.043  94.540 0.0000000000
50232  11.839  -25.133  94.427 0.0000000000
50252  10.661  -25.251  92.966 0.0000000000
49211  11.575  -25.567  92.267 0.0000000000
50263  10.361  -25.304  91.936 0.0000000000
110621  9.086  -25.653  91.750 0.0000000000
49213  8.272  -26.387  92.094 0.0000000000
48154  6.646  -26.641  94.395 0.0000000000
48155  6.149  -27.374  94.006 0.0000000000
48156  5.592  -27.479  94.647 0.0000000000
50213  7.357  -24.889  96.127 0.0000000000
109100  6.690  -25.195  96.277 0.0000000000
49175  5.471  -26.085  96.438 0.0000000000
48151  4.746  -27.592  95.696 0.0000000000
48145  4.133  -27.579  96.254 0.0000000000
49172  2.951  -25.871  96.772 0.0000000000
49177  3.052  -26.674  96.761 0.0000000000
49178  2.517  -26.479  96.470 0.0000000000
48148  2.014  -26.954  96.165 0.0000000000
121475  1.552  -24.944  87.338 0.0000000000
50334  0.503  -24.623  87.330 0.0000000000
50353  -0.170  -24.183  86.188 0.0000000000
51285  0.181  -24.424  86.064 0.0000000000
106357  0.424  -24.303  85.409 0.0000000000
51286  0.032  -24.156  85.534 0.0000000000
54147  -1.218  -22.118  87.462 0.0000000000
54162  -1.145  -21.764  86.490 0.0000000000
126642  -0.639  -22.449  84.440 0.0000000000
127212  -0.720  -22.712  85.118 0.0000000000
53147  -0.507  -22.969  84.565 0.0000000000
51328  0.108  -23.571  84.206 0.0000000000
52188  -0.129  -23.057  83.621 0.0000000000
53171  -0.065  -22.236  82.489 0.0000000000
54203  -0.121  -21.530  82.322 0.0000000000
54216  0.019  -21.200  81.611 0.0000000000
55241  -0.006  -20.673  81.807 0.0000000000
53084  12.087  -22.510  92.126 0.0000000000
126807  12.203  -22.416  91.325 0.0000000000
53097  12.720  -22.325  90.570 0.0000000000
51202  18.314  -24.931  90.748 0.0000000000
50291  17.903  -25.545  90.003 0.0000000000
50274  18.037  -25.746  91.028 0.0000000000
52090  20.957  -23.023  95.194 0.0000000000
53023  21.239  -22.468  95.565 0.0000000000
52107  20.963  -23.052  94.660 0.0000000000
52108  20.499  -23.416  94.254 0.0000000000
51176  19.986  -23.863  93.825 0.0000000000
122526  18.306  -25.390  93.335 0.0000000000
109024  17.985  -25.784  92.732 0.0000000000
49191  17.819  -25.652  93.230 0.0000000000
51171  16.750  -24.652  94.208 0.0000000000
109113  17.265  -25.049  94.074 0.0000000000
53052  16.505  -23.279  93.461 0.0000000000
53053  15.413  -23.374  93.390 0.0000000000
52112  14.787  -23.735  94.081 0.0000000000
52113  13.822  -23.557  94.261 0.0000000000
53054  14.313  -23.263  93.278 0.0000000000
53070  13.575  -22.871  92.567 0.0000000000
119859  11.899  -22.592  93.062 0.0000000000
44303  -0.743  -31.538  86.601 0.0000000000
46243  0.882  -29.728  87.568 0.0000000000
46253  0.386  -30.090  87.025 0.0000000000
109797  1.625  -29.528  87.040 0.0000000000
47252  3.528  -28.856  88.392 0.0000000000
48225  4.908  -27.562  89.409 0.0000000000
50313  5.001  -24.937  89.293 0.0000000000
110203  3.518  -25.020  90.378 0.0000000000
50236  2.286  -25.693  95.439 0.0000000000
105698  2.289  -25.824  95.064 0.0000000000
50243  2.511  -25.135  94.387 0.0000000000
53076  2.158  -23.416  92.196 0.0000000000
111647  1.938  -24.112  92.237 0.0000000000
50265  2.745  -24.981  92.427 0.0000000000
124042  2.492  -24.851  91.457 0.0000000000
50296  1.508  -24.993  89.570 0.0000000000
50295  2.566  -25.067  89.672 0.0000000000
50315  1.239  -25.048  88.637 0.0000000000
52135  -0.038  -23.698  88.873 0.0000000000
53107  -0.529  -23.172  88.850 0.0000000000
48205  14.591  -27.244  90.406 0.0000000000
48219  14.468  -27.309  89.613 0.0000000000
45197  3.025  -30.437  92.660 0.0000000000
44295  -0.923  -31.336  87.315 0.0000000000
46278  2.314  -30.033  84.823 0.0000000000
45275  1.756  -30.550  84.467 0.0000000000
46290  2.641  -30.279  84.127 0.0000000000
47299  4.448  -28.711  85.333 0.0000000000
47332  4.545  -29.059  83.817 0.0000000000
47333  3.914  -29.431  84.137 0.0000000000
46288  4.148  -29.620  83.437 0.0000000000
45286  3.002  -30.538  83.453 0.0000000000
45297  4.094  -30.473  82.200 0.0000000000
46311  5.207  -29.516  81.411 0.0000000000
46312  4.705  -29.958  81.757 0.0000000000
46323  4.852  -29.944  80.688 0.0000000000
45324  4.119  -30.557  80.113 0.0000000000
46333  5.264  -29.354  80.040 0.0000000000
50350  2.112  -24.756  86.622 0.0000000000
51263  3.995  -24.290  86.750 0.0000000000
51264  3.037  -24.504  86.211 0.0000000000
51303  4.836  -23.666  84.747 0.0000000000
51280  4.607  -23.840  85.500 0.0000000000
51301  6.350  -24.404  84.970 0.0000000000
117336  6.250  -24.095  84.172 0.0000000000
52199  4.312  -23.233  82.588 0.0000000000
52198  5.396  -23.224  82.401 0.0000000000
51348  7.116  -24.629  81.521 0.0000000000
115903  6.670  -24.181  82.213 0.0000000000
50401  7.050  -24.967  82.351 0.0000000000
50390  6.888  -25.191  83.213 0.0000000000
111457  7.126  -25.759  82.510 0.0000000000
49384  6.982  -26.533  82.101 0.0000000000
49396  7.096  -26.619  81.202 0.0000000000
49421  6.224  -27.124  79.042 0.0000000000
48396  6.522  -27.320  79.829 0.0000000000
48397  5.903  -27.823  79.381 0.0000000000
47396  4.839  -29.041  79.190 0.0000000000
47408  5.188  -28.240  78.891 0.0000000000
47409  4.207  -28.427  78.569 0.0000000000
48412  4.650  -27.528  78.317 0.0000000000
49453  4.250  -26.221  77.535 0.0000000000
106957  3.255  -26.391  77.242 0.0000000000
53239  6.189  -22.631  77.715 0.0000000000
52277  5.967  -23.438  77.501 0.0000000000
52291  5.606  -22.777  77.038 0.0000000000
51399  3.232  -24.251  76.084 0.0000000000
114776  4.294  -23.879  76.515 0.0000000000
50478  1.873  -25.531  75.949 0.0000000000
57994  1.147  -17.612  86.674 0.0000000000
57045  0.909  -18.400  86.327 0.0000000000
57046  0.401  -18.616  86.517 0.0000000000
125976  0.650  -18.931  85.936 0.0000000000
57055  0.631  -19.390  85.249 0.0000000000
57083  1.005  -19.348  82.742 0.0000000000
56175  0.509  -19.637  82.315 0.0000000000
56184  0.145  -20.016  81.329 0.0000000000
56183  0.378  -19.464  81.457 0.0000000000
58052  3.375  -17.842  81.641 0.0000000000
58033  3.670  -18.013  82.554 0.0000000000
58034  2.604  -18.226  82.091 0.0000000000
57094  1.976  -18.603  82.513 0.0000000000
58073  0.559  -17.970  79.873 0.0000000000
121824  0.459  -18.526  79.859 0.0000000000
109256  0.343  -19.097  80.137 0.0000000000
56197  0.669  -19.311  79.526 0.0000000000
56207  0.750  -18.683  79.046 0.0000000000
57145  1.250  -17.929  77.381 0.0000000000
56216  1.701  -18.569  77.658 0.0000000000
56223  2.658  -19.110  76.368 0.0000000000
58108  0.487  -16.677  76.728 0.0000000000
53045  8.853  -22.475  95.275 0.0000000000
54027  8.162  -22.276  94.397 0.0000000000
54048  9.103  -22.093  92.424 0.0000000000
54063  9.275  -21.876  91.390 0.0000000000
53025  11.896  -23.253  95.191 0.0000000000
53042  11.470  -22.746  94.853 0.0000000000
53027  10.361  -22.781  95.680 0.0000000000
53015  10.054  -22.972  96.058 0.0000000000
53016  9.198  -22.996  96.269 0.0000000000
53028  9.530  -22.726  95.881 0.0000000000
47412  1.569  -29.045  77.746 0.0000000000
47411  2.306  -28.725  78.029 0.0000000000
117965  0.984  -28.918  92.430 0.0000000000
47174  1.605  -28.815  95.219 0.0000000000
46186  0.842  -29.761  92.843 0.0000000000
47183  0.999  -29.344  93.341 0.0000000000
47191  0.803  -29.476  92.669 0.0000000000
50312  5.512  -25.544  88.982 0.0000000000
109491  5.817  -25.596  88.343 0.0000000000
51231  5.353  -24.915  88.371 0.0000000000
51244  5.482  -24.624  87.561 0.0000000000
120479  5.476  -24.362  86.934 0.0000000000
53203  1.313  -22.219  80.966 0.0000000000
54229  2.930  -21.645  80.294 0.0000000000
54248  3.257  -21.043  79.660 0.0000000000
55298  2.405  -20.030  78.618 0.0000000000
50211  2.804  -25.099  96.621 0.0000000000
51159  3.180  -23.985  96.298 0.0000000000
52088  3.459  -23.458  96.088 0.0000000000
106075  5.765  -21.743  93.290 0.0000000000
54065  6.082  -21.586  91.603 0.0000000000
123223  5.506  -21.597  91.228 0.0000000000
54084  5.230  -21.527  90.623 0.0000000000
49193  15.305  -25.813  93.524 0.0000000000
49194  14.434  -25.879  93.417 0.0000000000
49195  13.524  -25.867  93.213 0.0000000000
49196  12.742  -25.650  93.443 0.0000000000
50233  10.825  -24.926  94.432 0.0000000000
50242  9.465  -25.089  93.293 0.0000000000
51150  6.986  -24.126  96.755 0.0000000000
50207  6.458  -24.695  96.661 0.0000000000
112088  5.736  -24.783  96.895 0.0000000000
50208  5.174  -25.454  96.876 0.0000000000
49170  4.552  -26.142  96.786 0.0000000000
49176  3.883  -26.842  96.741 0.0000000000
50209  4.269  -25.373  97.086 0.0000000000
50210  3.424  -25.235  97.011 0.0000000000
51234  -0.119  -24.096  87.582 0.0000000000
50335  0.084  -24.260  87.160 0.0000000000
50336  -0.138  -24.021  87.062 0.0000000000
51247  -0.431  -23.732  87.302 0.0000000000
52154  -0.635  -23.482  86.629 0.0000000000
55175  -0.950  -20.802  86.280 0.0000000000
54182  -0.784  -21.828  84.874 0.0000000000
54192  -0.560  -21.955  83.886 0.0000000000
55213  -0.450  -21.070  84.212 0.0000000000
112696  -0.022  -20.655  83.487 0.0000000000
113097  19.183  -24.224  92.257 0.0000000000
120211  20.410  -23.287  95.206 0.0000000000
50226  18.120  -24.983  94.139 0.0000000000
52101  17.301  -24.228  94.317 0.0000000000
118919  14.314  -22.917  92.374 0.0000000000
45251  -0.134  -30.518  86.942 0.0000000000
46232  1.297  -29.554  88.502 0.0000000000
48210  4.245  -27.694  90.667 0.0000000000
127396  4.778  -27.382  90.139 0.0000000000
49247  4.760  -26.702  90.777 0.0000000000
50276  4.063  -25.291  91.112 0.0000000000
51174  2.479  -24.217  95.001 0.0000000000
51194  1.668  -24.232  91.006 0.0000000000
51203  1.215  -24.436  90.162 0.0000000000
51216  0.589  -24.462  88.979 0.0000000000
52130  0.325  -23.697  89.332 0.0000000000
48207  13.555  -26.805  89.936 0.0000000000
49259  12.612  -26.224  89.698 0.0000000000
46180  5.589  -28.867  92.573 0.0000000000
46189  5.125  -29.384  92.391 0.0000000000
118799  4.008  -30.208  92.182 0.0000000000
116865  2.553  -30.818  91.947 0.0000000000
116024  -0.634  -31.171  89.934 0.0000000000
44284  -1.031  -31.185  88.131 0.0000000000
46266  1.137  -29.983  85.932 0.0000000000
46265  2.029  -29.761  85.564 0.0000000000
46264  2.931  -29.512  85.230 0.0000000000
48287  5.805  -27.565  85.469 0.0000000000
48312  5.177  -28.260  84.887 0.0000000000
47331  5.127  -28.618  83.597 0.0000000000
47349  4.798  -29.190  83.123 0.0000000000
47348  5.399  -28.646  82.919 0.0000000000
110743  5.677  -28.606  82.289 0.0000000000
47366  5.696  -28.859  81.491 0.0000000000
111291  2.950  -24.329  85.359 0.0000000000
127682  2.843  -24.182  84.800 0.0000000000
52174  5.019  -23.510  83.909 0.0000000000
52215  5.688  -22.979  81.732 0.0000000000
52197  6.204  -23.522  82.044 0.0000000000
52214  6.437  -23.422  81.327 0.0000000000
51360  6.972  -23.981  81.003 0.0000000000
50411  7.364  -25.208  80.985 0.0000000000
49395  7.332  -25.907  80.739 0.0000000000
49419  7.171  -25.950  79.972 0.0000000000
118616  6.838  -25.912  79.365 0.0000000000
49435  6.396  -26.318  78.877 0.0000000000
49436  5.579  -26.745  78.397 0.0000000000
118307  6.011  -25.919  78.385 0.0000000000
49452  5.274  -25.889  77.817 0.0000000000
50461  5.452  -24.890  77.564 0.0000000000
53255  5.197  -22.071  76.615 0.0000000000
52293  3.568  -23.177  75.888 0.0000000000
52294  2.506  -23.765  75.501 0.0000000000
58001  1.618  -18.161  86.129 0.0000000000
57067  1.011  -19.424  84.399 0.0000000000
118638  1.546  -18.951  84.702 0.0000000000
57082  1.473  -19.155  83.723 0.0000000000
122271  1.530  -18.994  82.869 0.0000000000
58070  2.960  -17.546  80.793 0.0000000000
58054  1.208  -17.930  80.937 0.0000000000
58072  0.939  -17.646  80.225 0.0000000000
57122  0.536  -18.112  79.382 0.0000000000
57134  0.611  -17.966  78.765 0.0000000000
53019  5.930  -22.995  96.355 0.0000000000
53032  5.312  -22.681  95.813 0.0000000000
53031  6.188  -22.648  95.922 0.0000000000
54051  6.612  -21.746  92.910 0.0000000000
122437  13.670  -24.166  94.816 0.0000000000
51162  13.098  -24.101  95.042 0.0000000000
51163  12.469  -24.052  95.273 0.0000000000
123797  11.328  -24.186  95.392 0.0000000000
52094  11.269  -23.318  95.545 0.0000000000
106750  9.257  -24.601  95.200 0.0000000000
50221  8.391  -24.759  95.472 0.0000000000
127830  7.942  -25.242  95.164 0.0000000000
108447  8.062  -24.525  96.065 0.0000000000
51158  7.593  -24.273  96.497 0.0000000000
119231  8.091  -23.418  96.531 0.0000000000
51149  7.559  -23.703  96.663 0.0000000000
52077  6.741  -23.602  96.741 0.0000000000
120123  6.142  -23.358  96.651 0.0000000000
55128  -1.529  -21.098  89.020 0.0000000000
106219  -1.381  -20.384  88.265 0.0000000000
56127  -0.963  -19.539  87.582 0.0000000000
56140  -0.451  -19.239  86.847 0.0000000000
46221  0.735  -29.644  89.334 0.0000000000
46209  0.369  -29.718  90.183 0.0000000000
54055  2.870  -22.701  92.716 0.0000000000
53087  2.424  -22.880  92.000 0.0000000000
109723  0.723  -22.519  89.665 0.0000000000
105595  3.409  -29.706  93.967 0.0000000000
45191  2.171  -30.148  93.424 0.0000000000
46184  1.536  -29.712  94.042 0.0000000000
44228  1.211  -30.767  92.214 0.0000000000
44242  0.543  -30.763  91.535 0.0000000000
44243  0.288  -30.499  91.331 0.0000000000
45208  0.109  -30.310  91.048 0.0000000000
46211  -0.003  -30.123  90.633 0.0000000000
47251  4.381  -28.437  88.050 0.0000000000
47268  4.454  -28.561  87.158 0.0000000000
48270  5.222  -28.050  86.783 0.0000000000
48269  5.834  -27.406  86.373 0.0000000000
49300  6.079  -26.195  87.783 0.0000000000
49320  6.265  -26.492  86.820 0.0000000000
49338  6.622  -26.099  85.386 0.0000000000
49355  6.564  -26.402  84.525 0.0000000000
52185  1.350  -23.745  83.431 0.0000000000
52184  2.249  -23.706  83.476 0.0000000000
52201  1.812  -23.412  82.807 0.0000000000
52217  3.531  -23.023  82.052 0.0000000000
53185  2.905  -22.666  81.484 0.0000000000
53184  4.051  -22.590  81.417 0.0000000000
53183  5.137  -22.566  81.296 0.0000000000
53182  6.073  -22.823  80.999 0.0000000000
111900  6.372  -22.620  80.327 0.0000000000
111826  6.692  -22.842  79.743 0.0000000000
52260  6.728  -23.119  78.975 0.0000000000
124741  6.507  -22.442  79.207 0.0000000000
53224  6.439  -22.515  78.512 0.0000000000
53225  6.102  -21.862  78.123 0.0000000000
55282  5.068  -20.758  79.007 0.0000000000
55312  5.153  -20.628  78.168 0.0000000000
54288  5.389  -21.447  76.989 0.0000000000
55328  4.062  -20.445  76.372 0.0000000000
58987  1.661  -16.275  78.669 0.0000000000
58988  0.803  -16.390  78.467 0.0000000000
59935  0.660  -15.918  77.677 0.0000000000
59962  1.268  -14.675  76.214 0.0000000000
119535  3.637  -30.147  79.252 0.0000000000
48157  1.437  -27.629  95.039 0.0000000000
109490  1.669  -27.104  95.456 0.0000000000
107638  2.408  -24.908  95.461 0.0000000000
108533  2.468  -24.976  96.023 0.0000000000
51166  2.578  -24.289  95.546 0.0000000000
127330  2.625  -23.476  94.550 0.0000000000
116531  4.524  -22.706  95.669 0.0000000000
53033  4.037  -22.607  95.243 0.0000000000
54041  4.846  -21.883  93.819 0.0000000000
54085  4.459  -21.607  90.491 0.0000000000
47200  16.129  -27.402  90.945 0.0000000000
120646  15.959  -27.608  90.339 0.0000000000
47201  15.432  -27.467  90.531 0.0000000000
123675  14.316  -26.675  91.886 0.0000000000
48191  13.952  -26.758  91.215 0.0000000000
48192  13.373  -26.612  90.843 0.0000000000
124837  12.154  -25.924  90.965 0.0000000000
125743  12.483  -25.403  94.061 0.0000000000
50240  11.288  -25.308  93.797 0.0000000000
49197  12.297  -25.703  92.903 0.0000000000
49228  11.185  -25.525  91.189 0.0000000000
48162  6.469  -27.660  93.112 0.0000000000
46175  4.943  -28.618  94.144 0.0000000000
49179  7.343  -25.655  95.219 0.0000000000
49180  6.593  -26.177  95.280 0.0000000000
49174  6.257  -25.843  96.033 0.0000000000
49181  5.758  -26.514  95.715 0.0000000000
47170  4.983  -27.968  94.930 0.0000000000
47177  4.334  -28.633  94.941 0.0000000000
110181  3.741  -28.581  95.559 0.0000000000
47172  2.885  -28.659  95.807 0.0000000000
48146  3.215  -27.476  96.553 0.0000000000
47169  2.545  -28.058  96.251 0.0000000000
47173  1.964  -28.550  95.848 0.0000000000
48152  1.794  -27.803  96.048 0.0000000000
48153  1.499  -27.804  95.527 0.0000000000
106508  1.926  -25.049  88.217 0.0000000000
50332  2.368  -24.861  87.499 0.0000000000
50352  0.539  -24.620  86.628 0.0000000000
50351  1.152  -24.796  86.612 0.0000000000
50367  1.434  -24.657  85.903 0.0000000000
51283  1.609  -24.505  85.240 0.0000000000
51306  1.331  -24.336  84.634 0.0000000000
51326  0.985  -24.123  83.986 0.0000000000
112972  -0.936  -22.291  85.787 0.0000000000
53137  -0.795  -23.169  85.892 0.0000000000
121591  -0.240  -23.974  85.620 0.0000000000
51309  -0.048  -23.768  84.971 0.0000000000
51327  0.487  -23.822  84.087 0.0000000000
52186  0.704  -23.599  83.449 0.0000000000
52203  0.442  -23.072  82.899 0.0000000000
52220  0.622  -22.876  82.253 0.0000000000
123618  -0.262  -22.266  83.137 0.0000000000
53170  0.189  -22.541  82.375 0.0000000000
53186  0.324  -22.272  81.794 0.0000000000
54215  0.176  -21.569  81.416 0.0000000000
54232  0.368  -21.139  80.853 0.0000000000
116343  11.141  -22.456  93.262 0.0000000000
53072  10.567  -22.327  92.566 0.0000000000
53085  11.504  -22.347  91.520 0.0000000000
53098  11.777  -22.265  90.680 0.0000000000
48203  17.267  -27.094  90.532 0.0000000000
53036  21.831  -22.196  94.804 0.0000000000
52118  19.855  -23.741  92.967 0.0000000000
51183  18.877  -24.939  92.713 0.0000000000
51177  19.572  -24.373  94.028 0.0000000000
50262  18.333  -25.519  92.095 0.0000000000
126250  18.090  -25.813  92.302 0.0000000000
49226  17.720  -26.246  91.981 0.0000000000
48170  17.242  -26.801  91.431 0.0000000000
111020  16.925  -26.822  91.908 0.0000000000
50227  16.899  -25.422  93.747 0.0000000000
49184  16.198  -25.724  93.546 0.0000000000
119952  15.485  -25.367  93.907 0.0000000000
112747  15.072  -24.981  94.243 0.0000000000
51173  14.441  -24.475  94.494 0.0000000000
52109  17.761  -23.639  94.351 0.0000000000
52110  16.857  -23.800  94.032 0.0000000000
52103  15.164  -24.192  94.288 0.0000000000
52114  12.931  -23.342  94.439 0.0000000000
53056  12.470  -22.877  93.804 0.0000000000
46267  0.406  -30.268  86.379 0.0000000000
47254  1.630  -29.383  89.255 0.0000000000
47253  2.468  -29.233  88.685 0.0000000000
48241  5.022  -27.743  88.565 0.0000000000
49264  5.250  -26.600  89.895 0.0000000000
49263  5.537  -26.174  89.301 0.0000000000
119654  2.639  -24.992  88.914 0.0000000000
49189  1.853  -26.750  95.027 0.0000000000
49215  2.809  -26.514  93.689 0.0000000000
49214  3.380  -26.014  93.160 0.0000000000
50264  3.480  -25.648  92.507 0.0000000000
52119  2.419  -23.440  93.267 0.0000000000
127279  2.149  -24.018  93.093 0.0000000000
50316  0.731  -24.799  88.153 0.0000000000
50298  0.542  -24.573  88.415 0.0000000000
51233  0.123  -24.304  88.035 0.0000000000
52136  -0.294  -23.720  88.392 0.0000000000
53111  -0.991  -22.605  88.814 0.0000000000
53103  -0.451  -22.290  89.514 0.0000000000
54089  -0.693  -21.407  89.950 0.0000000000
54110  -1.218  -21.826  89.299 0.0000000000
47230  15.722  -27.814  89.164 0.0000000000
47231  15.187  -27.651  89.026 0.0000000000
48251  14.638  -27.475  88.094 0.0000000000
48220  14.054  -27.131  89.224 0.0000000000
123834  3.763  -29.996  92.825 0.0000000000
120418  3.681  -30.748  90.971 0.0000000000
45276  0.860  -30.797  84.857 0.0000000000
47316  4.452  -28.868  84.533 0.0000000000
45299  2.592  -31.136  83.092 0.0000000000
112530  4.866  -24.282  87.217 0.0000000000
51281  3.855  -24.118  85.860 0.0000000000
51260  6.246  -24.484  85.819 0.0000000000
115248  6.677  -25.417  84.780 0.0000000000
112703  6.760  -25.811  83.931 0.0000000000
109692  4.131  -23.472  83.311 0.0000000000
123790  6.121  -23.710  82.843 0.0000000000
51322  5.848  -23.699  83.681 0.0000000000
51321  6.442  -24.260  83.483 0.0000000000
48350  6.506  -27.300  82.468 0.0000000000
47365  6.266  -28.154  81.076 0.0000000000
48383  6.667  -27.388  80.705 0.0000000000
48384  6.207  -28.085  80.173 0.0000000000
47382  5.779  -28.780  80.531 0.0000000000
47410  3.190  -28.536  78.306 0.0000000000
48414  2.512  -28.001  77.786 0.0000000000
51381  6.214  -24.218  77.956 0.0000000000
52278  5.239  -23.609  76.957 0.0000000000
50463  3.497  -25.614  76.879 0.0000000000
57986  -0.288  -17.788  87.698 0.0000000000
57047  -0.049  -18.892  86.666 0.0000000000
56161  0.319  -20.147  83.941 0.0000000000
56170  0.286  -20.177  82.919 0.0000000000
56169  0.673  -19.758  83.443 0.0000000000
55269  0.327  -20.318  80.614 0.0000000000
57095  1.193  -18.796  82.085 0.0000000000
57104  0.902  -18.476  81.267 0.0000000000
57105  0.533  -18.821  80.954 0.0000000000
106325  0.357  -19.383  80.728 0.0000000000
56190  0.343  -19.687  80.465 0.0000000000
55286  0.912  -20.019  79.662 0.0000000000
121756  1.303  -18.829  78.426 0.0000000000
56206  2.023  -19.224  78.096 0.0000000000
56205  2.999  -19.511  77.868 0.0000000000
56214  3.391  -19.393  77.126 0.0000000000
56222  3.469  -19.785  76.411 0.0000000000
55340  3.273  -20.421  75.797 0.0000000000
58100  0.424  -16.894  77.769 0.0000000000
58099  0.753  -17.305  77.084 0.0000000000
57158  1.696  -18.548  75.805 0.0000000000
56234  1.819  -19.499  75.311 0.0000000000
55341  2.296  -20.389  75.302 0.0000000000
47215  15.832  -27.734  89.803 0.0000000000
47228  16.574  -27.751  89.117 0.0000000000
48188  16.740  -27.211  91.175 0.0000000000
49225  17.914  -26.063  91.585 0.0000000000
49356  6.279  -26.985  85.044 0.0000000000
49420  6.735  -26.577  79.551 0.0000000000
50423  7.303  -25.250  80.320 0.0000000000
51218  -0.157  -24.064  88.043 0.0000000000
51265  -0.297  -23.947  86.637 0.0000000000
51284  0.988  -24.463  85.301 0.0000000000
51308  0.295  -23.956  84.822 0.0000000000
51389  5.577  -24.122  77.399 0.0000000000
52081  10.504  -23.234  95.865 0.0000000000
52098  20.006  -23.769  94.844 0.0000000000
52175  -0.239  -23.322  84.364 0.0000000000
53020  4.857  -22.969  96.128 0.0000000000
53022  21.718  -22.139  95.415 0.0000000000
54020  6.382  -22.394  95.438 0.0000000000
54031  4.352  -22.263  94.637 0.0000000000
54273  5.608  -21.293  77.725 0.0000000000
55256  0.076  -20.569  81.307 0.0000000000
55285  2.385  -20.676  79.352 0.0000000000
107768  6.787  -23.925  78.705 0.0000000000
110835  4.912  -21.125  79.637 0.0000000000
115920  -1.255  -21.240  87.087 0.0000000000
117932  0.124  -24.361  86.656 0.0000000000
124653  15.841  -26.210  93.154 0.0000000000
126605  3.869  -25.901  77.252 0.0000000000
127608  -0.216  -30.223  88.923 0.0000000000
