#!ascii label  , from subject sub-v2s10x28940_ses-1 vox2ras=TkReg
510
66350  -21.386  -4.366  7.816 0.0000000000
63028  -18.957  -7.176  11.329 0.0000000000
64141  -26.011  -6.968  12.171 0.0000000000
58812  -22.227  -11.244  12.483 0.0000000000
78833  -21.302  7.744  3.135 0.0000000000
76846  -23.775  5.384  6.547 0.0000000000
70494  -18.400  -0.065  7.804 0.0000000000
56531  -20.294  -13.696  16.612 0.0000000000
60858  -20.488  -9.282  11.876 0.0000000000
59833  -19.198  -10.576  14.247 0.0000000000
76884  -22.536  6.345  4.446 0.0000000000
73829  -21.648  3.094  4.977 0.0000000000
68345  -16.545  -2.723  10.134 0.0000000000
71633  -14.408  0.866  11.066 0.0000000000
68372  -19.738  -2.512  7.538 0.0000000000
70524  -23.299  -0.884  6.311 0.0000000000
69380  -24.930  -1.461  8.644 0.0000000000
67344  -25.852  -3.157  10.578 0.0000000000
66313  -16.526  -4.209  11.570 0.0000000000
64190  -19.867  -6.185  9.499 0.0000000000
140621  -24.065  -6.091  8.860 0.0000000000
61940  -22.536  -8.463  10.073 0.0000000000
59885  -23.825  -9.786  11.463 0.0000000000
135654  -24.894  -10.215  13.841 0.0000000000
72749  -18.257  0.863  7.713 0.0000000000
71712  -22.191  0.684  5.203 0.0000000000
73785  -25.203  2.964  8.688 0.0000000000
58758  -18.582  -11.298  15.730 0.0000000000
56566  -21.004  -12.862  14.963 0.0000000000
60844  -18.699  -9.194  13.599 0.0000000000
59832  -18.515  -10.249  14.745 0.0000000000
128085  -21.007  3.436  4.130 0.0000000000
72771  -20.597  1.437  5.770 0.0000000000
66348  -19.927  -4.270  8.201 0.0000000000
131270  -17.759  -2.644  8.807 0.0000000000
67389  -20.890  -3.284  7.284 0.0000000000
67399  -23.252  -2.845  6.484 0.0000000000
67392  -23.847  -3.756  7.175 0.0000000000
128660  -25.262  -2.001  9.290 0.0000000000
130406  -24.598  -3.732  8.747 0.0000000000
64166  -18.067  -6.004  11.553 0.0000000000
65292  -18.386  -5.557  10.561 0.0000000000
64180  -18.845  -6.269  10.692 0.0000000000
63052  -21.055  -7.254  9.434 0.0000000000
63030  -20.383  -7.940  10.664 0.0000000000
59865  -21.287  -10.210  12.047 0.0000000000
59883  -22.244  -9.748  11.219 0.0000000000
58813  -22.789  -10.796  11.957 0.0000000000
60846  -24.837  -9.760  12.986 0.0000000000
59850  -23.704  -10.953  13.205 0.0000000000
77867  -20.040  7.339  4.572 0.0000000000
78815  -20.080  8.475  5.919 0.0000000000
140472  -20.720  8.575  4.143 0.0000000000
145095  -20.818  9.876  2.279 0.0000000000
79804  -22.115  8.714  2.535 0.0000000000
76857  -23.329  5.743  5.910 0.0000000000
71649  -15.842  0.212  8.658 0.0000000000
72738  -15.849  1.503  8.290 0.0000000000
71667  -18.324  0.655  7.787 0.0000000000
71694  -20.376  0.337  5.752 0.0000000000
70521  -19.819  -0.324  5.980 0.0000000000
141505  -24.448  0.350  8.055 0.0000000000
72750  -24.103  1.668  7.950 0.0000000000
73774  -25.438  2.385  9.116 0.0000000000
64170  -24.932  -6.155  10.969 0.0000000000
146449  -25.849  -5.023  11.322 0.0000000000
56529  -18.982  -13.249  16.978 0.0000000000
57629  -19.266  -12.855  16.330 0.0000000000
57664  -19.917  -12.100  14.814 0.0000000000
56551  -20.773  -13.107  15.556 0.0000000000
63000  -18.417  -7.543  12.374 0.0000000000
61913  -19.701  -8.315  11.680 0.0000000000
61897  -19.388  -8.537  12.253 0.0000000000
59863  -19.828  -9.868  12.863 0.0000000000
58797  -20.615  -11.191  13.363 0.0000000000
77869  -20.895  6.218  3.774 0.0000000000
77877  -21.904  6.723  3.265 0.0000000000
75890  -21.780  5.100  4.006 0.0000000000
75877  -22.164  5.034  4.630 0.0000000000
75857  -22.712  4.061  5.740 0.0000000000
69343  -14.730  -1.739  11.488 0.0000000000
69376  -16.235  -1.809  9.754 0.0000000000
70480  -16.319  -0.940  8.986 0.0000000000
69396  -18.771  -1.162  7.517 0.0000000000
69425  -20.843  -1.118  5.482 0.0000000000
68391  -22.146  -2.216  5.971 0.0000000000
70495  -24.231  -0.743  7.607 0.0000000000
70463  -25.454  -0.101  9.192 0.0000000000
69347  -26.316  -0.999  10.121 0.0000000000
56510  -21.565  -13.676  17.671 0.0000000000
56533  -21.864  -13.182  17.156 0.0000000000
66326  -16.710  -3.862  11.053 0.0000000000
65301  -18.620  -4.992  9.705 0.0000000000
65310  -21.209  -5.285  7.983 0.0000000000
64209  -23.284  -5.392  7.934 0.0000000000
64193  -22.332  -6.550  8.528 0.0000000000
63056  -23.433  -7.609  9.304 0.0000000000
63031  -24.062  -8.234  10.164 0.0000000000
60884  -21.470  -9.002  10.933 0.0000000000
61930  -22.990  -8.903  10.394 0.0000000000
144287  -24.609  -8.447  11.275 0.0000000000
61887  -25.939  -8.624  13.160 0.0000000000
60836  -26.192  -9.487  14.196 0.0000000000
78825  -23.236  8.136  3.998 0.0000000000
72772  -20.808  0.960  5.401 0.0000000000
71726  -22.025  1.613  5.328 0.0000000000
74842  -23.168  3.142  6.325 0.0000000000
71696  -23.130  0.604  6.012 0.0000000000
72761  -23.695  2.191  7.364 0.0000000000
74833  -24.073  4.117  7.344 0.0000000000
125915  -25.345  -4.034  10.442 0.0000000000
67335  -27.058  -3.939  11.390 0.0000000000
59816  -18.207  -10.515  15.729 0.0000000000
58776  -18.773  -10.991  15.014 0.0000000000
58778  -20.294  -11.636  14.103 0.0000000000
57679  -21.585  -12.190  13.802 0.0000000000
57630  -21.706  -12.974  16.362 0.0000000000
127994  -22.148  -12.381  14.972 0.0000000000
58779  -22.782  -11.739  13.839 0.0000000000
72770  -20.358  1.371  6.660 0.0000000000
66349  -20.736  -3.900  7.864 0.0000000000
66357  -22.045  -4.012  7.301 0.0000000000
66365  -23.141  -3.880  6.844 0.0000000000
66359  -23.415  -4.311  7.169 0.0000000000
125605  -23.994  -4.271  7.337 0.0000000000
140542  -23.949  -4.675  7.471 0.0000000000
64150  -18.314  -6.741  11.662 0.0000000000
64149  -17.766  -6.173  12.071 0.0000000000
65277  -18.328  -5.945  11.064 0.0000000000
64168  -19.236  -6.948  10.860 0.0000000000
63040  -19.922  -7.337  10.482 0.0000000000
63029  -19.639  -7.562  11.015 0.0000000000
143529  -21.598  -10.831  12.375 0.0000000000
58827  -22.059  -10.436  11.740 0.0000000000
59866  -23.510  -10.722  12.408 0.0000000000
58800  -22.985  -11.405  12.888 0.0000000000
125309  -20.598  7.324  4.100 0.0000000000
78824  -20.505  8.037  4.460 0.0000000000
78832  -21.023  7.982  3.707 0.0000000000
79793  -20.820  8.813  3.299 0.0000000000
79803  -21.714  8.606  2.466 0.0000000000
78841  -21.854  7.845  2.764 0.0000000000
76858  -24.025  6.323  6.340 0.0000000000
76847  -24.541  5.954  6.920 0.0000000000
70492  -16.942  0.200  7.882 0.0000000000
72737  -15.295  1.549  8.925 0.0000000000
71664  -16.196  0.670  7.961 0.0000000000
71665  -16.787  0.901  7.977 0.0000000000
135331  -17.837  0.134  7.885 0.0000000000
71680  -18.829  0.187  7.131 0.0000000000
70505  -19.391  -0.311  6.772 0.0000000000
72728  -26.088  1.331  9.558 0.0000000000
72740  -25.360  1.612  9.079 0.0000000000
64151  -25.453  -6.569  11.584 0.0000000000
65265  -25.651  -5.728  11.421 0.0000000000
64152  -26.339  -6.221  11.903 0.0000000000
55370  -19.859  -14.063  17.039 0.0000000000
56530  -19.630  -13.556  16.656 0.0000000000
56550  -20.059  -13.217  15.934 0.0000000000
123661  -20.675  -13.405  16.139 0.0000000000
61896  -18.755  -8.193  12.623 0.0000000000
60856  -19.085  -8.839  12.907 0.0000000000
59847  -18.937  -9.861  13.913 0.0000000000
60845  -19.319  -9.511  13.181 0.0000000000
59848  -19.540  -10.190  13.461 0.0000000000
59849  -20.193  -10.442  13.055 0.0000000000
58796  -19.878  -10.904  13.769 0.0000000000
76881  -20.580  5.560  4.033 0.0000000000
76882  -21.219  5.632  3.702 0.0000000000
75876  -20.815  4.803  3.964 0.0000000000
73828  -21.332  2.949  4.456 0.0000000000
74879  -21.844  4.374  4.660 0.0000000000
73830  -21.891  3.629  5.089 0.0000000000
74853  -22.349  4.197  5.315 0.0000000000
125900  -22.226  3.484  5.372 0.0000000000
68344  -15.935  -2.454  10.706 0.0000000000
135508  -15.527  -1.558  10.533 0.0000000000
67378  -18.291  -2.776  8.070 0.0000000000
68357  -17.373  -2.038  8.925 0.0000000000
68370  -17.955  -1.973  8.227 0.0000000000
69378  -17.600  -1.133  8.710 0.0000000000
68371  -18.613  -1.867  7.791 0.0000000000
68381  -20.159  -1.986  6.896 0.0000000000
68382  -20.982  -2.121  6.632 0.0000000000
68384  -23.784  -2.361  6.976 0.0000000000
68394  -23.372  -2.297  6.485 0.0000000000
126913  -24.574  -1.076  8.054 0.0000000000
70483  -25.005  -0.642  8.624 0.0000000000
70464  -26.116  -0.311  9.761 0.0000000000
69362  -25.557  -1.032  9.361 0.0000000000
68346  -25.493  -2.545  10.025 0.0000000000
68347  -25.876  -1.737  10.046 0.0000000000
146426  -27.756  -2.812  11.020 0.0000000000
55348  -21.389  -14.402  18.231 0.0000000000
67341  -15.371  -3.207  11.901 0.0000000000
68330  -15.653  -2.918  11.435 0.0000000000
67342  -16.009  -3.574  11.614 0.0000000000
64189  -19.117  -5.840  10.053 0.0000000000
65291  -17.846  -4.826  10.502 0.0000000000
128627  -19.463  -5.405  9.178 0.0000000000
139668  -19.859  -4.975  8.511 0.0000000000
65302  -20.355  -5.604  8.646 0.0000000000
64201  -21.130  -5.992  8.454 0.0000000000
64191  -20.673  -6.490  9.050 0.0000000000
63042  -21.530  -7.866  9.816 0.0000000000
63053  -21.772  -7.444  9.304 0.0000000000
63044  -22.978  -8.245  9.573 0.0000000000
130258  -24.035  -7.505  9.670 0.0000000000
63045  -23.482  -8.270  9.765 0.0000000000
60870  -20.539  -8.759  11.389 0.0000000000
60873  -22.755  -9.632  10.934 0.0000000000
60886  -22.645  -9.186  10.608 0.0000000000
60887  -22.971  -9.278  10.600 0.0000000000
133517  -24.154  -8.743  10.759 0.0000000000
61914  -24.672  -8.822  11.679 0.0000000000
61898  -25.395  -8.366  12.458 0.0000000000
60860  -25.152  -9.055  12.607 0.0000000000
59852  -25.445  -9.734  13.826 0.0000000000
76893  -22.357  6.497  3.800 0.0000000000
135344  -22.619  7.681  3.466 0.0000000000
77870  -22.749  7.187  4.011 0.0000000000
135815  -13.384  0.412  11.637 0.0000000000
138169  -17.371  2.279  7.859 0.0000000000
138072  -18.003  1.814  7.285 0.0000000000
72759  -19.792  0.862  6.275 0.0000000000
132185  -20.149  0.884  5.808 0.0000000000
70538  -21.155  -0.037  4.839 0.0000000000
71711  -21.522  0.812  4.893 0.0000000000
72787  -22.309  1.794  5.547 0.0000000000
74841  -22.808  2.869  6.055 0.0000000000
73805  -23.092  2.337  6.351 0.0000000000
69437  -22.927  -1.016  5.667 0.0000000000
69435  -21.994  -0.866  4.903 0.0000000000
70523  -23.012  -0.261  5.917 0.0000000000
73784  -24.314  2.620  8.050 0.0000000000
71681  -23.766  1.353  7.186 0.0000000000
125404  -23.894  3.150  7.371 0.0000000000
147233  -24.726  3.775  8.217 0.0000000000
75839  -25.506  4.549  8.439 0.0000000000
64205  -23.737  -5.958  8.467 0.0000000000
66341  -24.430  -4.596  8.789 0.0000000000
65293  -24.395  -5.509  9.366 0.0000000000
66305  -26.440  -4.541  11.399 0.0000000000
57648  -18.765  -12.018  16.161 0.0000000000
58743  -18.195  -11.198  16.402 0.0000000000
58759  -19.186  -11.695  15.318 0.0000000000
57650  -20.355  -12.715  15.193 0.0000000000
57665  -20.801  -12.355  14.404 0.0000000000
57678  -20.972  -11.864  13.704 0.0000000000
57666  -21.551  -12.543  14.596 0.0000000000
57667  -22.623  -11.934  14.583 0.0000000000
60835  -18.375  -9.518  14.402 0.0000000000
142670  -20.472  4.015  4.182 0.0000000000
74852  -20.659  3.352  4.690 0.0000000000
73814  -21.262  2.679  4.569 0.0000000000
72784  -20.976  1.769  4.879 0.0000000000
67366  -17.961  -3.468  9.047 0.0000000000
67365  -17.215  -2.946  9.477 0.0000000000
67367  -18.647  -3.482  8.486 0.0000000000
67379  -19.182  -3.055  7.963 0.0000000000
140402  -21.155  -2.736  6.946 0.0000000000
67390  -21.724  -3.230  6.937 0.0000000000
67400  -23.497  -3.369  6.748 0.0000000000
68373  -24.210  -2.539  7.653 0.0000000000
68358  -24.698  -2.313  8.521 0.0000000000
67368  -24.449  -3.178  8.255 0.0000000000
68359  -24.946  -2.978  9.190 0.0000000000
67356  -25.219  -3.274  10.022 0.0000000000
65264  -17.417  -5.477  11.859 0.0000000000
65275  -17.003  -4.816  11.666 0.0000000000
66314  -17.192  -4.525  11.113 0.0000000000
65276  -17.721  -5.326  11.191 0.0000000000
64181  -19.518  -6.620  10.268 0.0000000000
64182  -20.258  -6.970  9.796 0.0000000000
63041  -20.717  -7.642  10.114 0.0000000000
61938  -21.242  -8.205  10.343 0.0000000000
59881  -21.016  -9.703  11.800 0.0000000000
60871  -21.202  -9.330  11.399 0.0000000000
59882  -21.655  -9.797  11.493 0.0000000000
58828  -22.602  -10.118  11.416 0.0000000000
59884  -23.268  -10.173  11.500 0.0000000000
60859  -24.431  -9.493  11.986 0.0000000000
59867  -24.073  -10.159  12.160 0.0000000000
130991  -24.241  -10.471  13.065 0.0000000000
59851  -24.208  -10.742  13.890 0.0000000000
138643  -19.298  6.805  4.935 0.0000000000
78823  -19.970  8.240  5.038 0.0000000000
80689  -20.696  9.534  3.121 0.0000000000
80698  -21.730  9.506  2.016 0.0000000000
76870  -22.859  6.089  5.233 0.0000000000
77860  -23.060  6.998  4.928 0.0000000000
77846  -23.543  6.679  5.665 0.0000000000
73771  -14.288  2.943  9.749 0.0000000000
73772  -15.605  2.423  8.700 0.0000000000
138280  -16.010  2.195  7.895 0.0000000000
72748  -17.853  1.177  7.835 0.0000000000
141284  -18.911  0.781  6.850 0.0000000000
71693  -19.694  0.353  6.465 0.0000000000
70539  -21.795  -0.102  4.806 0.0000000000
126139  -24.020  0.015  7.485 0.0000000000
71668  -24.134  0.845  7.687 0.0000000000
134638  -24.736  1.046  8.402 0.0000000000
72739  -24.798  2.036  8.565 0.0000000000
139511  -24.260  -6.493  9.476 0.0000000000
140243  -24.676  -5.279  10.090 0.0000000000
65266  -26.643  -5.367  11.681 0.0000000000
57628  -18.678  -12.584  16.762 0.0000000000
57649  -19.562  -12.479  15.586 0.0000000000
63013  -18.031  -6.918  12.165 0.0000000000
63014  -18.647  -7.376  11.791 0.0000000000
63015  -19.345  -7.746  11.494 0.0000000000
61912  -19.041  -7.950  12.005 0.0000000000
142154  -19.992  -8.779  11.955 0.0000000000
60857  -19.791  -9.231  12.474 0.0000000000
59864  -20.481  -9.912  12.368 0.0000000000
58811  -20.923  -10.712  12.671 0.0000000000
58798  -21.484  -11.515  13.060 0.0000000000
76868  -19.403  5.942  5.022 0.0000000000
77859  -19.600  6.617  4.719 0.0000000000
77868  -20.298  6.526  4.100 0.0000000000
77875  -21.001  6.965  3.606 0.0000000000
77885  -21.807  7.233  3.040 0.0000000000
77876  -21.255  6.451  3.550 0.0000000000
76891  -21.792  5.900  3.658 0.0000000000
76883  -22.215  5.823  4.077 0.0000000000
74878  -21.499  4.377  4.284 0.0000000000
127980  -22.042  4.939  4.448 0.0000000000
75878  -22.403  5.532  4.835 0.0000000000
75868  -22.770  5.236  5.546 0.0000000000
144624  -22.809  4.543  5.788 0.0000000000
140719  -23.123  3.953  6.187 0.0000000000
135410  -15.025  -0.116  10.262 0.0000000000
68356  -16.781  -2.235  9.383 0.0000000000
69375  -15.817  -1.090  9.583 0.0000000000
70479  -15.762  -0.435  8.996 0.0000000000
71648  -15.274  0.186  9.330 0.0000000000
71650  -16.380  -0.134  8.510 0.0000000000
129126  -18.449  -0.655  7.816 0.0000000000
69412  -19.161  -1.014  6.803 0.0000000000
133354  -19.921  -1.270  6.588 0.0000000000
68390  -21.416  -1.785  5.898 0.0000000000
68397  -22.772  -1.564  5.796 0.0000000000
68392  -22.755  -2.266  6.149 0.0000000000
69415  -23.555  -1.598  6.716 0.0000000000
70507  -23.746  -0.779  7.059 0.0000000000
70482  -24.528  -0.321  8.073 0.0000000000
71651  -24.928  0.173  8.554 0.0000000000
71638  -26.076  0.480  9.614 0.0000000000
71639  -26.757  0.217  10.167 0.0000000000
71627  -27.456  -0.169  10.428 0.0000000000
63002  -26.641  -7.422  12.608 0.0000000000
56509  -20.570  -14.128  17.432 0.0000000000
56532  -21.096  -13.511  16.739 0.0000000000
68343  -15.382  -2.278  11.277 0.0000000000
67353  -16.913  -3.469  10.355 0.0000000000
66327  -17.341  -4.129  10.494 0.0000000000
67354  -17.488  -3.682  9.863 0.0000000000
66340  -19.224  -4.657  8.794 0.0000000000
65309  -20.508  -4.798  8.021 0.0000000000
65311  -22.192  -4.899  7.599 0.0000000000
65318  -23.089  -4.909  7.413 0.0000000000
65312  -22.675  -5.381  7.896 0.0000000000
64203  -22.780  -6.015  8.214 0.0000000000
64204  -23.324  -6.060  8.360 0.0000000000
64192  -21.597  -6.707  8.801 0.0000000000
63054  -22.344  -7.235  8.925 0.0000000000
64195  -23.795  -6.817  8.985 0.0000000000
64169  -24.544  -6.788  10.289 0.0000000000
142106  -24.445  -7.601  10.345 0.0000000000
63017  -25.215  -7.372  11.713 0.0000000000
61926  -20.069  -8.132  11.172 0.0000000000
61927  -20.908  -8.497  10.796 0.0000000000
61928  -21.891  -8.667  10.477 0.0000000000
60872  -21.908  -9.446  11.026 0.0000000000
60885  -22.202  -9.136  10.676 0.0000000000
61941  -23.019  -8.583  10.083 0.0000000000
61942  -23.466  -8.622  10.272 0.0000000000
63016  -24.564  -7.942  11.029 0.0000000000
63001  -25.720  -7.691  12.340 0.0000000000
61899  -26.291  -8.022  12.889 0.0000000000
60847  -25.650  -9.231  13.458 0.0000000000
78842  -22.091  7.828  2.753 0.0000000000
78843  -22.457  8.200  3.003 0.0000000000
78816  -23.498  7.822  4.604 0.0000000000
72800  -21.582  2.314  5.009 0.0000000000
72785  -21.157  1.290  4.866 0.0000000000
72801  -21.453  2.315  4.732 0.0000000000
73815  -22.437  2.712  5.668 0.0000000000
145177  -22.896  3.484  6.048 0.0000000000
75849  -23.614  4.433  6.655 0.0000000000
69413  -20.080  -0.869  5.885 0.0000000000
69434  -21.260  -0.701  4.850 0.0000000000
71713  -22.678  0.213  5.488 0.0000000000
144891  -23.787  0.659  7.093 0.0000000000
126940  -23.541  1.002  6.530 0.0000000000
72773  -23.120  1.460  6.195 0.0000000000
73794  -23.479  2.695  6.721 0.0000000000
74832  -23.542  3.544  6.693 0.0000000000
75850  -24.265  5.079  7.203 0.0000000000
75838  -24.869  4.787  7.891 0.0000000000
66351  -24.102  -4.788  7.777 0.0000000000
67355  -24.851  -3.865  9.530 0.0000000000
66315  -25.716  -4.469  11.068 0.0000000000
66316  -26.172  -3.823  11.080 0.0000000000
67345  -26.856  -3.065  11.090 0.0000000000
58777  -19.524  -11.342  14.539 0.0000000000
58799  -22.259  -11.883  13.296 0.0000000000
126251  -21.137  -13.222  16.000 0.0000000000
56552  -21.494  -12.831  15.446 0.0000000000
57651  -22.275  -12.502  15.909 0.0000000000
57680  -22.152  -12.246  14.077 0.0000000000
58801  -23.517  -11.278  13.826 0.0000000000
60874  -23.361  -9.582  10.936 0.0000000000
60875  -24.044  -9.352  11.114 0.0000000000
61915  -25.021  -8.123  11.757 0.0000000000
61929  -22.595  -8.808  10.412 0.0000000000
61931  -23.479  -9.099  10.601 0.0000000000
61939  -21.966  -8.310  10.066 0.0000000000
63032  -24.883  -7.080  10.977 0.0000000000
63043  -22.331  -7.976  9.530 0.0000000000
63055  -22.934  -7.552  9.085 0.0000000000
63059  -22.911  -6.817  8.560 0.0000000000
64167  -18.610  -6.542  11.196 0.0000000000
64194  -23.385  -6.869  8.731 0.0000000000
64202  -21.954  -5.845  8.140 0.0000000000
65278  -24.622  -5.878  10.196 0.0000000000
65279  -25.095  -5.118  10.764 0.0000000000
65303  -24.102  -5.393  8.436 0.0000000000
65313  -23.659  -5.390  8.085 0.0000000000
65314  -23.908  -5.141  7.870 0.0000000000
65319  -23.713  -4.829  7.574 0.0000000000
66328  -24.735  -4.700  9.886 0.0000000000
66338  -17.985  -4.224  9.816 0.0000000000
66339  -18.572  -4.166  9.004 0.0000000000
66347  -19.284  -3.824  8.408 0.0000000000
66356  -21.359  -3.758  7.378 0.0000000000
66358  -22.813  -4.293  7.143 0.0000000000
66360  -23.817  -4.255  7.271 0.0000000000
66366  -23.542  -3.762  6.930 0.0000000000
67352  -16.293  -3.200  10.928 0.0000000000
67380  -20.082  -3.314  7.851 0.0000000000
67381  -24.101  -3.508  7.439 0.0000000000
67388  -20.402  -2.740  6.979 0.0000000000
67391  -22.594  -3.503  6.895 0.0000000000
67397  -22.415  -2.797  6.370 0.0000000000
67398  -22.886  -2.997  6.381 0.0000000000
68380  -19.162  -1.850  6.944 0.0000000000
68383  -21.701  -2.410  6.626 0.0000000000
68393  -23.041  -2.109  6.221 0.0000000000
69377  -16.869  -1.478  8.981 0.0000000000
69379  -24.479  -1.778  8.072 0.0000000000
69395  -18.118  -1.284  7.864 0.0000000000
69397  -24.093  -1.556  7.437 0.0000000000
69414  -20.657  -1.517  6.425 0.0000000000
69426  -22.259  -1.609  5.467 0.0000000000
69427  -23.130  -1.610  6.122 0.0000000000
69436  -22.543  -0.993  5.272 0.0000000000
70446  -26.735  -0.437  10.256 0.0000000000
70478  -15.393  -0.644  9.929 0.0000000000
70481  -17.193  -0.621  8.773 0.0000000000
70493  -17.770  -0.484  8.041 0.0000000000
70504  -18.812  -0.489  7.312 0.0000000000
70506  -23.492  0.055  6.636 0.0000000000
70522  -20.705  -0.331  5.498 0.0000000000
70540  -22.380  -0.299  4.999 0.0000000000
70541  -22.712  -0.507  5.375 0.0000000000
71652  -25.402  0.741  9.056 0.0000000000
71666  -17.385  0.715  7.797 0.0000000000
71695  -22.713  1.107  5.676 0.0000000000
71710  -20.861  0.466  5.017 0.0000000000
72760  -23.443  1.825  6.685 0.0000000000
72786  -21.604  1.670  4.978 0.0000000000
72802  -21.944  2.666  5.293 0.0000000000
73804  -22.676  2.042  5.999 0.0000000000
73842  -21.174  3.620  4.114 0.0000000000
73843  -21.588  3.678  4.672 0.0000000000
74866  -22.050  4.325  4.979 0.0000000000
74877  -21.023  4.160  3.951 0.0000000000
75858  -23.169  4.839  6.128 0.0000000000
75889  -21.311  4.983  3.790 0.0000000000
75891  -22.040  5.514  3.975 0.0000000000
76890  -21.512  6.174  3.568 0.0000000000
76892  -22.097  6.350  3.531 0.0000000000
77857  -19.892  8.325  6.083 0.0000000000
77878  -22.398  6.930  3.434 0.0000000000
77886  -22.027  7.328  2.930 0.0000000000
78834  -22.229  7.212  3.067 0.0000000000
78840  -21.616  7.643  2.968 0.0000000000
79792  -20.535  9.197  3.985 0.0000000000
80690  -20.936  9.159  2.488 0.0000000000
121257  -19.299  6.371  5.196 0.0000000000
125380  -23.633  -2.812  6.783 0.0000000000
127113  -24.264  -4.036  8.013 0.0000000000
127122  -21.449  7.124  3.293 0.0000000000
127944  -26.745  -1.657  10.474 0.0000000000
129937  -21.559  -1.246  5.316 0.0000000000
130668  -15.645  0.844  8.774 0.0000000000
132988  -21.590  6.767  3.344 0.0000000000
134357  -14.875  2.190  9.003 0.0000000000
136520  -15.012  0.905  9.197 0.0000000000
136821  -21.473  5.527  3.665 0.0000000000
137217  -22.374  -9.432  10.837 0.0000000000
137420  -23.972  -2.975  7.220 0.0000000000
137956  -22.488  4.796  5.345 0.0000000000
138100  -16.326  1.484  7.898 0.0000000000
139031  -22.217  8.051  2.570 0.0000000000
141700  -23.194  -3.456  6.583 0.0000000000
143165  -19.677  -0.774  6.506 0.0000000000
143442  -22.607  3.453  5.730 0.0000000000
146582  -19.118  -2.353  7.771 0.0000000000
