#!ascii label  , from subject sub-v2s10x30162_ses-1 vox2ras=TkReg
788
56097  5.117  -14.577  92.666 0.0000000000
48256  2.219  -21.933  82.555 0.0000000000
52201  -0.872  -18.203  94.122 0.0000000000
56132  -3.209  -14.333  87.692 0.0000000000
55224  0.090  -15.263  80.105 0.0000000000
56101  0.608  -14.552  92.082 0.0000000000
125407  -1.605  -11.574  94.211 0.0000000000
54212  6.778  -16.595  89.062 0.0000000000
115435  1.937  -18.084  89.175 0.0000000000
50170  2.569  -20.676  92.981 0.0000000000
59077  2.573  -11.139  86.740 0.0000000000
56169  -1.693  -14.782  83.805 0.0000000000
58099  4.640  -12.733  82.287 0.0000000000
49164  -2.617  -21.289  92.147 0.0000000000
51189  -2.588  -19.249  89.890 0.0000000000
55132  -3.189  -15.502  90.614 0.0000000000
60119  -0.345  -10.290  90.637 0.0000000000
51250  -1.743  -18.646  86.042 0.0000000000
51303  -2.656  -19.365  81.680 0.0000000000
52362  -2.989  -19.046  76.905 0.0000000000
57205  -1.203  -13.137  75.616 0.0000000000
130843  1.955  -14.290  91.050 0.0000000000
58042  2.224  -12.728  93.576 0.0000000000
55136  5.850  -15.488  91.303 0.0000000000
54215  3.664  -16.308  88.464 0.0000000000
55149  2.623  -15.580  89.689 0.0000000000
54191  1.349  -16.756  90.444 0.0000000000
127458  3.937  -11.991  84.651 0.0000000000
51161  -1.709  -20.616  93.449 0.0000000000
128447  -3.274  -19.200  91.658 0.0000000000
54179  -2.221  -16.567  92.626 0.0000000000
61127  1.328  -9.202  94.223 0.0000000000
60112  -1.547  -10.159  92.887 0.0000000000
51155  1.243  -19.505  94.142 0.0000000000
48159  2.522  -22.365  94.186 0.0000000000
121474  0.716  -21.225  94.412 0.0000000000
48158  -0.858  -22.437  93.911 0.0000000000
53216  -3.430  -17.441  88.823 0.0000000000
51219  -1.959  -18.670  87.991 0.0000000000
121109  -3.362  -16.480  86.257 0.0000000000
56200  -1.228  -15.220  82.007 0.0000000000
54277  -3.121  -16.511  82.527 0.0000000000
117641  -2.929  -16.662  81.084 0.0000000000
51333  -3.012  -19.104  79.511 0.0000000000
54310  -2.638  -16.536  78.899 0.0000000000
54173  -0.565  -16.588  93.732 0.0000000000
55120  -1.347  -14.948  93.561 0.0000000000
56093  -0.746  -13.588  93.311 0.0000000000
59043  1.845  -10.987  94.848 0.0000000000
53225  6.945  -17.085  87.406 0.0000000000
52280  6.162  -18.019  84.975 0.0000000000
53226  5.350  -16.839  87.048 0.0000000000
52249  3.396  -18.264  87.210 0.0000000000
52211  2.053  -19.380  90.369 0.0000000000
53186  0.993  -17.898  92.263 0.0000000000
119219  -0.504  -12.807  87.759 0.0000000000
57094  -2.253  -13.952  86.149 0.0000000000
57091  0.665  -13.824  85.433 0.0000000000
56165  1.924  -14.225  83.672 0.0000000000
56196  2.499  -14.466  81.403 0.0000000000
55122  6.800  -15.070  92.965 0.0000000000
52260  10.647  -18.683  86.733 0.0000000000
52246  10.863  -18.419  88.590 0.0000000000
53201  8.815  -17.070  89.826 0.0000000000
54188  7.366  -16.010  91.488 0.0000000000
130736  -2.501  -22.895  91.311 0.0000000000
48173  -2.211  -22.475  90.436 0.0000000000
50187  -3.264  -20.259  91.192 0.0000000000
113826  -3.534  -17.879  90.292 0.0000000000
56118  -3.187  -14.312  89.575 0.0000000000
57046  -2.431  -12.611  92.453 0.0000000000
120819  -2.660  -12.470  90.918 0.0000000000
58050  -1.375  -12.223  89.215 0.0000000000
59061  1.187  -11.229  88.378 0.0000000000
49196  -0.578  -21.556  88.709 0.0000000000
50225  0.593  -20.595  86.535 0.0000000000
51262  0.692  -19.758  84.428 0.0000000000
54254  -3.169  -16.571  84.736 0.0000000000
115686  -2.574  -19.239  83.567 0.0000000000
113372  0.478  -19.329  82.114 0.0000000000
51314  0.637  -19.317  80.538 0.0000000000
113371  -0.558  -19.682  77.746 0.0000000000
58132  5.083  -12.774  79.702 0.0000000000
132405  2.731  -14.307  78.431 0.0000000000
58164  2.051  -12.863  75.819 0.0000000000
114299  -0.101  -14.845  77.881 0.0000000000
55276  -2.737  -15.480  76.520 0.0000000000
56098  4.033  -14.157  92.133 0.0000000000
57041  3.952  -13.704  93.191 0.0000000000
135414  4.856  -13.906  93.813 0.0000000000
55129  5.578  -15.020  92.258 0.0000000000
134151  4.023  -15.468  89.433 0.0000000000
56108  3.668  -14.553  90.881 0.0000000000
56109  2.456  -14.621  90.616 0.0000000000
47229  1.864  -23.461  81.505 0.0000000000
48255  2.401  -21.935  81.705 0.0000000000
51158  -1.080  -19.081  94.104 0.0000000000
52205  -2.141  -18.266  93.094 0.0000000000
53183  -1.588  -17.429  93.556 0.0000000000
52297  7.672  -18.245  84.354 0.0000000000
51156  0.587  -18.973  94.228 0.0000000000
50161  1.350  -20.252  94.289 0.0000000000
51157  -0.013  -19.456  94.360 0.0000000000
125533  -0.816  -20.220  94.156 0.0000000000
54228  -3.497  -15.848  88.021 0.0000000000
53230  -3.507  -16.855  87.990 0.0000000000
55162  -3.363  -15.163  87.352 0.0000000000
55225  -0.500  -15.341  80.675 0.0000000000
55214  -1.760  -15.533  81.513 0.0000000000
55226  -1.446  -15.631  80.547 0.0000000000
131113  -2.491  -16.391  79.649 0.0000000000
55237  -1.583  -15.680  79.509 0.0000000000
54176  0.067  -16.716  93.319 0.0000000000
55119  -0.878  -14.793  93.463 0.0000000000
123028  -0.043  -14.111  92.665 0.0000000000
58031  2.372  -11.820  94.932 0.0000000000
60101  2.916  -9.836  94.785 0.0000000000
53213  7.378  -16.955  88.453 0.0000000000
118054  6.110  -16.977  87.019 0.0000000000
54224  6.231  -16.711  87.904 0.0000000000
54216  2.819  -16.620  88.708 0.0000000000
53228  3.621  -17.397  87.415 0.0000000000
53229  2.908  -17.867  87.826 0.0000000000
52223  1.944  -18.889  89.609 0.0000000000
54182  0.845  -16.392  91.461 0.0000000000
132898  1.028  -17.341  91.379 0.0000000000
53187  0.603  -17.002  92.345 0.0000000000
53184  0.606  -17.592  93.235 0.0000000000
58064  1.216  -12.300  87.295 0.0000000000
57082  0.277  -13.497  86.269 0.0000000000
58079  1.891  -12.945  85.899 0.0000000000
58092  3.814  -13.065  83.677 0.0000000000
57099  3.141  -13.433  84.056 0.0000000000
57108  3.326  -13.592  83.245 0.0000000000
114206  2.208  -14.442  82.310 0.0000000000
57132  3.758  -13.767  81.473 0.0000000000
53212  8.393  -17.227  88.891 0.0000000000
48165  -2.544  -22.359  91.747 0.0000000000
49166  -2.707  -21.536  91.485 0.0000000000
49167  -2.838  -21.040  91.670 0.0000000000
53189  -3.189  -17.409  91.188 0.0000000000
52210  -3.664  -18.892  91.123 0.0000000000
124319  -3.454  -17.262  90.475 0.0000000000
54192  -3.557  -16.255  90.145 0.0000000000
56112  -3.071  -14.590  90.273 0.0000000000
131858  -1.695  -12.660  93.633 0.0000000000
56094  -1.710  -14.213  93.158 0.0000000000
58043  -1.927  -12.114  93.721 0.0000000000
61151  -0.835  -10.123  91.362 0.0000000000
59051  -2.334  -11.295  91.875 0.0000000000
59053  -1.720  -11.208  90.694 0.0000000000
124664  -2.691  -12.816  89.818 0.0000000000
59058  -1.313  -11.620  89.823 0.0000000000
59063  -0.559  -11.894  89.014 0.0000000000
60140  0.741  -10.857  89.089 0.0000000000
52281  5.385  -18.439  85.294 0.0000000000
51261  6.138  -19.359  84.303 0.0000000000
50173  3.460  -21.370  91.708 0.0000000000
48164  3.862  -22.417  91.343 0.0000000000
49162  3.251  -21.846  92.808 0.0000000000
48154  2.107  -22.759  94.539 0.0000000000
47143  2.373  -23.371  94.034 0.0000000000
48161  -2.027  -22.649  92.905 0.0000000000
49187  -2.428  -20.965  90.579 0.0000000000
48182  -1.230  -22.110  89.345 0.0000000000
50208  -1.254  -19.956  89.158 0.0000000000
51234  -1.796  -18.610  86.977 0.0000000000
51217  -0.721  -19.327  87.267 0.0000000000
51232  -0.651  -19.281  86.362 0.0000000000
50237  0.843  -20.519  85.738 0.0000000000
51248  -0.520  -19.321  85.509 0.0000000000
56155  -1.660  -14.498  84.647 0.0000000000
56157  -2.936  -15.092  85.004 0.0000000000
55177  -2.729  -15.302  84.271 0.0000000000
121498  -3.484  -18.480  82.408 0.0000000000
53275  -3.392  -18.106  83.320 0.0000000000
51294  -2.728  -19.362  82.722 0.0000000000
51292  -0.533  -19.356  82.786 0.0000000000
51301  -0.714  -19.374  81.856 0.0000000000
115918  0.899  -19.305  81.297 0.0000000000
113462  -1.099  -19.465  80.992 0.0000000000
51350  -3.002  -19.314  78.314 0.0000000000
113458  -1.860  -19.708  78.664 0.0000000000
51364  -2.536  -19.780  77.628 0.0000000000
58141  4.996  -12.252  78.115 0.0000000000
57161  4.593  -13.284  79.131 0.0000000000
57175  3.931  -13.300  77.523 0.0000000000
59202  0.319  -12.482  75.207 0.0000000000
57203  1.024  -13.063  75.714 0.0000000000
57178  1.231  -14.032  76.890 0.0000000000
56260  0.069  -14.118  76.729 0.0000000000
56248  -2.026  -15.014  77.355 0.0000000000
130061  -2.028  -14.375  76.579 0.0000000000
116629  1.262  -14.421  91.494 0.0000000000
126456  0.991  -13.743  92.226 0.0000000000
57043  1.972  -13.277  92.413 0.0000000000
54200  6.335  -16.195  89.800 0.0000000000
54213  5.765  -16.318  88.682 0.0000000000
55157  4.286  -15.766  89.025 0.0000000000
54201  3.316  -15.824  89.143 0.0000000000
54202  2.377  -16.274  89.307 0.0000000000
53203  1.650  -17.429  89.823 0.0000000000
54190  1.824  -16.027  89.893 0.0000000000
56110  1.553  -14.928  90.838 0.0000000000
59076  3.224  -10.686  86.155 0.0000000000
59084  2.965  -11.657  85.967 0.0000000000
59090  3.882  -11.254  85.053 0.0000000000
59089  4.336  -11.404  84.368 0.0000000000
133084  4.746  -11.625  83.465 0.0000000000
50168  -2.186  -20.966  92.700 0.0000000000
50172  -2.964  -20.568  91.824 0.0000000000
127557  -2.603  -19.192  92.550 0.0000000000
125409  -2.673  -18.326  92.199 0.0000000000
54184  -2.736  -16.633  91.739 0.0000000000
61124  -0.200  -9.816  94.391 0.0000000000
60108  -1.569  -10.453  93.853 0.0000000000
61132  0.019  -9.238  93.367 0.0000000000
61141  -0.001  -9.364  92.363 0.0000000000
121787  1.178  -9.314  90.715 0.0000000000
61160  1.566  -9.489  89.818 0.0000000000
51159  2.024  -20.133  93.579 0.0000000000
49163  2.779  -21.415  93.347 0.0000000000
50166  1.825  -20.961  94.128 0.0000000000
49154  1.809  -21.702  94.442 0.0000000000
48156  0.860  -22.499  94.697 0.0000000000
115744  0.388  -23.272  94.631 0.0000000000
49157  -0.483  -21.811  93.966 0.0000000000
50164  -1.106  -21.139  93.777 0.0000000000
52225  -2.823  -18.531  89.398 0.0000000000
51205  -2.128  -18.772  89.059 0.0000000000
52237  -2.559  -18.389  88.360 0.0000000000
52250  -2.348  -18.357  87.348 0.0000000000
52266  -2.209  -18.353  86.356 0.0000000000
56183  -1.437  -15.009  82.840 0.0000000000
55188  -2.636  -15.525  83.548 0.0000000000
55199  -1.980  -15.340  82.321 0.0000000000
54289  -3.249  -16.998  81.761 0.0000000000
52332  -3.390  -18.662  80.961 0.0000000000
51317  -3.071  -19.072  80.355 0.0000000000
53314  -3.503  -17.931  79.880 0.0000000000
53325  -3.319  -17.838  78.985 0.0000000000
54326  -3.000  -17.240  78.326 0.0000000000
58177  -1.847  -12.685  75.086 0.0000000000
57206  -2.131  -13.238  75.435 0.0000000000
57219  -2.600  -13.356  74.594 0.0000000000
53181  -0.481  -17.294  93.955 0.0000000000
54174  -1.113  -16.677  93.844 0.0000000000
116409  -1.018  -15.759  93.746 0.0000000000
56090  -1.305  -13.987  93.373 0.0000000000
58039  -0.882  -11.845  94.343 0.0000000000
57034  0.642  -12.423  93.621 0.0000000000
58038  0.120  -11.897  94.206 0.0000000000
59044  0.428  -10.832  94.653 0.0000000000
61122  1.476  -9.730  94.633 0.0000000000
53251  8.290  -17.724  86.213 0.0000000000
53252  7.463  -17.611  85.700 0.0000000000
53253  6.564  -17.528  85.701 0.0000000000
54226  4.497  -16.565  87.734 0.0000000000
53240  4.112  -17.808  86.690 0.0000000000
51230  3.898  -19.189  86.505 0.0000000000
50185  3.166  -20.727  90.934 0.0000000000
114129  2.417  -19.968  91.344 0.0000000000
136290  1.350  -17.640  90.608 0.0000000000
53191  1.324  -18.205  91.304 0.0000000000
51163  2.205  -19.952  92.927 0.0000000000
52202  1.179  -19.029  93.769 0.0000000000
52207  0.671  -18.223  93.763 0.0000000000
57075  -2.077  -13.514  87.470 0.0000000000
56131  -2.875  -14.283  87.057 0.0000000000
57084  -1.743  -13.690  86.661 0.0000000000
57092  -0.403  -13.848  85.695 0.0000000000
56145  -0.120  -14.171  85.024 0.0000000000
57089  2.135  -13.356  85.213 0.0000000000
57101  1.470  -13.873  84.890 0.0000000000
118621  0.263  -14.534  83.643 0.0000000000
119265  0.818  -14.612  83.012 0.0000000000
56198  0.789  -14.846  81.579 0.0000000000
113770  1.257  -14.864  80.834 0.0000000000
55123  5.990  -14.608  93.262 0.0000000000
52277  9.793  -18.363  86.219 0.0000000000
51213  11.864  -19.221  88.612 0.0000000000
52233  11.661  -18.685  89.166 0.0000000000
52245  11.363  -18.802  88.409 0.0000000000
113931  10.781  -18.589  87.808 0.0000000000
52261  10.049  -18.307  87.273 0.0000000000
52262  9.228  -17.963  86.768 0.0000000000
54211  7.823  -16.800  89.634 0.0000000000
122347  7.664  -16.454  90.637 0.0000000000
132680  6.994  -16.288  90.580 0.0000000000
54189  6.546  -15.920  90.914 0.0000000000
119044  6.516  -15.260  92.584 0.0000000000
49175  -2.750  -21.281  91.051 0.0000000000
132441  -2.984  -19.719  90.501 0.0000000000
51169  -3.418  -19.815  91.249 0.0000000000
122322  -3.632  -19.259  91.049 0.0000000000
51190  -3.263  -19.028  90.360 0.0000000000
116943  -3.559  -17.083  89.664 0.0000000000
130012  -3.490  -15.575  88.671 0.0000000000
120068  -3.304  -14.309  88.447 0.0000000000
54178  -1.527  -15.891  93.344 0.0000000000
55126  -2.243  -14.581  92.524 0.0000000000
56102  -2.635  -14.499  91.634 0.0000000000
134831  -2.244  -11.182  92.639 0.0000000000
130332  -2.576  -12.213  91.701 0.0000000000
56111  -2.780  -13.889  90.931 0.0000000000
57058  -3.001  -13.580  89.695 0.0000000000
57057  -2.873  -13.472  89.283 0.0000000000
57066  -2.833  -13.593  88.616 0.0000000000
58056  -0.941  -12.494  88.537 0.0000000000
59071  0.826  -11.945  88.002 0.0000000000
59069  2.065  -11.154  87.367 0.0000000000
61171  1.934  -9.724  89.005 0.0000000000
60151  2.402  -10.444  87.445 0.0000000000
60168  2.987  -9.996  86.794 0.0000000000
46056  3.515  -24.089  90.594 0.0000000000
47146  3.241  -22.957  92.836 0.0000000000
51203  -0.931  -19.566  88.220 0.0000000000
49208  -0.077  -21.074  87.989 0.0000000000
49253  1.775  -21.065  83.801 0.0000000000
56148  -3.132  -14.837  85.812 0.0000000000
53255  -3.253  -16.787  85.481 0.0000000000
52300  -2.719  -18.372  84.661 0.0000000000
119215  -3.292  -16.949  83.271 0.0000000000
129423  -3.091  -18.116  84.146 0.0000000000
52299  -2.453  -18.841  84.417 0.0000000000
119707  -1.084  -19.180  84.211 0.0000000000
51277  1.012  -19.662  83.623 0.0000000000
50287  1.959  -20.207  82.442 0.0000000000
50286  2.208  -20.242  81.587 0.0000000000
113460  -1.690  -19.511  80.136 0.0000000000
51329  0.206  -19.349  79.503 0.0000000000
59115  5.431  -11.483  81.643 0.0000000000
59127  5.543  -11.483  80.753 0.0000000000
58108  4.842  -12.779  81.475 0.0000000000
57143  3.850  -13.815  80.560 0.0000000000
133073  3.100  -14.311  79.545 0.0000000000
56221  1.767  -14.735  79.478 0.0000000000
57176  3.013  -13.657  77.239 0.0000000000
56245  1.590  -14.366  77.583 0.0000000000
129859  0.381  -15.023  78.614 0.0000000000
56236  -1.206  -15.249  78.067 0.0000000000
55263  -2.540  -15.604  77.403 0.0000000000
53349  -2.968  -17.246  76.918 0.0000000000
54358  -2.568  -16.651  75.624 0.0000000000
56092  4.996  -14.256  93.399 0.0000000000
56107  4.637  -14.634  91.728 0.0000000000
113588  1.902  -22.792  82.849 0.0000000000
47220  2.155  -22.724  82.065 0.0000000000
52204  -1.439  -18.229  93.739 0.0000000000
52278  8.927  -18.082  85.717 0.0000000000
52296  8.688  -18.285  84.609 0.0000000000
52279  8.026  -17.857  85.190 0.0000000000
52200  -0.238  -18.569  94.272 0.0000000000
55236  -0.667  -15.434  79.682 0.0000000000
54183  0.274  -16.026  92.458 0.0000000000
55124  0.050  -15.044  92.592 0.0000000000
53215  2.514  -17.496  88.517 0.0000000000
52236  2.441  -18.384  88.443 0.0000000000
131700  2.164  -18.862  89.005 0.0000000000
55130  0.810  -15.310  91.595 0.0000000000
59078  1.905  -11.840  87.015 0.0000000000
58072  1.571  -12.622  86.590 0.0000000000
58071  2.302  -12.180  86.339 0.0000000000
58091  4.378  -12.668  83.119 0.0000000000
57107  3.896  -13.269  83.016 0.0000000000
57118  3.633  -13.646  82.413 0.0000000000
57131  4.311  -13.307  81.891 0.0000000000
48163  -2.460  -22.121  92.260 0.0000000000
113677  -2.641  -21.664  91.865 0.0000000000
54185  -3.163  -16.471  90.942 0.0000000000
58040  -1.372  -12.312  93.956 0.0000000000
60120  -1.272  -10.600  91.016 0.0000000000
60130  -0.805  -10.898  90.241 0.0000000000
59057  -0.191  -11.244  89.475 0.0000000000
60129  0.227  -10.564  89.856 0.0000000000
50169  3.171  -21.311  92.553 0.0000000000
125278  3.488  -21.773  92.158 0.0000000000
47139  1.569  -23.245  94.603 0.0000000000
47138  1.997  -23.342  94.439 0.0000000000
49161  -2.221  -21.752  92.770 0.0000000000
116197  -2.360  -22.955  92.286 0.0000000000
50199  -2.489  -20.066  90.279 0.0000000000
50198  -1.817  -20.508  89.951 0.0000000000
51188  -1.913  -19.513  89.570 0.0000000000
51233  -1.265  -18.864  86.650 0.0000000000
51249  -1.254  -18.944  85.779 0.0000000000
56156  -2.411  -14.785  84.636 0.0000000000
56170  -2.390  -15.110  83.895 0.0000000000
121260  -3.413  -18.774  81.714 0.0000000000
51295  -3.208  -19.119  82.300 0.0000000000
51293  -1.748  -19.463  82.455 0.0000000000
51302  -1.677  -19.463  81.571 0.0000000000
51315  -2.167  -19.464  80.829 0.0000000000
52356  -3.274  -18.729  77.747 0.0000000000
51349  -2.783  -19.561  78.144 0.0000000000
52349  -2.905  -19.490  77.666 0.0000000000
59154  5.100  -11.407  78.252 0.0000000000
59168  4.734  -11.676  77.493 0.0000000000
57174  4.631  -13.048  78.216 0.0000000000
58152  4.510  -12.527  77.462 0.0000000000
58176  -0.809  -12.571  75.171 0.0000000000
57204  -0.092  -13.104  75.687 0.0000000000
57189  0.573  -13.647  76.335 0.0000000000
57190  -0.540  -13.625  76.209 0.0000000000
56261  -0.913  -14.142  76.705 0.0000000000
57191  -1.643  -13.666  76.099 0.0000000000
56100  1.955  -13.800  91.629 0.0000000000
122704  4.499  -13.379  94.133 0.0000000000
117586  5.795  -15.772  90.235 0.0000000000
55147  5.308  -15.894  89.303 0.0000000000
55148  4.838  -15.473  89.992 0.0000000000
114535  3.735  -15.175  89.941 0.0000000000
59083  3.469  -11.205  85.603 0.0000000000
60199  4.700  -10.620  84.048 0.0000000000
59096  5.160  -10.647  83.198 0.0000000000
51162  -2.318  -20.093  92.903 0.0000000000
53185  -2.223  -17.446  92.868 0.0000000000
53188  -2.680  -17.468  91.955 0.0000000000
133808  -2.453  -16.119  92.175 0.0000000000
61128  0.249  -9.384  94.113 0.0000000000
61129  -0.556  -9.601  93.979 0.0000000000
61131  0.765  -9.021  93.618 0.0000000000
61140  0.783  -8.958  92.754 0.0000000000
61150  0.077  -9.669  91.253 0.0000000000
51160  1.598  -19.667  93.860 0.0000000000
119176  1.764  -20.198  94.027 0.0000000000
50162  0.524  -20.394  94.398 0.0000000000
116699  1.295  -21.071  94.332 0.0000000000
49155  1.191  -21.797  94.611 0.0000000000
49156  0.420  -21.802  94.419 0.0000000000
132532  -1.653  -19.863  93.678 0.0000000000
50167  -1.749  -21.285  93.184 0.0000000000
52238  -3.149  -18.068  88.677 0.0000000000
136073  -3.307  -17.614  88.075 0.0000000000
53241  -3.290  -17.302  87.123 0.0000000000
52267  -2.740  -17.970  86.716 0.0000000000
123331  -3.083  -17.433  86.039 0.0000000000
56182  -0.575  -14.898  82.494 0.0000000000
55215  -2.315  -15.963  81.022 0.0000000000
54276  -2.784  -16.189  81.802 0.0000000000
131226  -3.338  -17.368  81.123 0.0000000000
53302  -3.580  -18.007  80.692 0.0000000000
54299  -3.191  -17.269  80.465 0.0000000000
55238  -2.213  -15.960  79.211 0.0000000000
54311  -2.948  -17.098  79.611 0.0000000000
134317  -2.946  -17.162  78.962 0.0000000000
53335  -3.417  -18.058  78.224 0.0000000000
58188  -1.546  -12.110  74.685 0.0000000000
58189  -2.260  -12.372  74.540 0.0000000000
58178  -2.429  -12.918  74.877 0.0000000000
57036  -1.277  -13.073  93.586 0.0000000000
57035  -0.585  -12.609  93.771 0.0000000000
128123  1.165  -12.993  92.833 0.0000000000
58032  0.991  -11.416  94.478 0.0000000000
58033  -0.283  -11.334  94.544 0.0000000000
60103  1.050  -10.281  94.709 0.0000000000
53237  7.452  -17.417  86.665 0.0000000000
53239  5.547  -17.310  86.353 0.0000000000
54214  4.643  -16.215  88.347 0.0000000000
54227  3.964  -16.682  87.805 0.0000000000
52265  3.755  -18.603  86.695 0.0000000000
51215  3.430  -19.270  87.146 0.0000000000
51201  3.161  -19.745  88.085 0.0000000000
116169  2.621  -20.037  90.404 0.0000000000
52208  1.473  -18.748  92.222 0.0000000000
51164  1.639  -19.383  93.141 0.0000000000
52206  1.101  -18.471  93.156 0.0000000000
54172  0.119  -17.375  93.803 0.0000000000
52199  0.228  -18.085  94.084 0.0000000000
57074  -1.073  -13.349  87.234 0.0000000000
58077  3.400  -12.126  85.217 0.0000000000
58078  2.616  -12.587  85.600 0.0000000000
58086  2.924  -13.079  84.874 0.0000000000
57109  2.629  -13.918  83.531 0.0000000000
57100  2.261  -13.764  84.366 0.0000000000
56152  1.510  -14.165  84.237 0.0000000000
56153  0.649  -14.265  84.481 0.0000000000
56166  1.154  -14.405  83.694 0.0000000000
117441  1.619  -14.446  83.023 0.0000000000
56180  1.262  -14.632  82.310 0.0000000000
56197  1.677  -14.652  81.550 0.0000000000
116465  2.033  -14.632  80.804 0.0000000000
56091  6.492  -14.527  93.062 0.0000000000
51244  11.339  -19.165  86.178 0.0000000000
52276  10.415  -18.678  85.445 0.0000000000
52234  11.167  -18.308  89.149 0.0000000000
52248  9.504  -17.930  87.790 0.0000000000
54187  8.132  -16.200  91.355 0.0000000000
47154  -2.503  -23.614  91.127 0.0000000000
49176  -2.996  -20.817  91.303 0.0000000000
50186  -3.023  -20.453  90.871 0.0000000000
51165  -2.993  -19.989  92.129 0.0000000000
51166  -3.297  -19.909  91.544 0.0000000000
52213  -3.521  -18.564  90.695 0.0000000000
52226  -3.379  -18.093  89.737 0.0000000000
55140  -3.360  -15.223  89.777 0.0000000000
54204  -3.547  -15.896  89.359 0.0000000000
55150  -3.398  -14.827  88.988 0.0000000000
56126  -3.155  -14.030  89.025 0.0000000000
127013  -2.118  -13.467  92.878 0.0000000000
125381  -2.520  -13.624  92.010 0.0000000000
60113  -2.022  -10.801  93.226 0.0000000000
59055  -2.500  -11.869  91.422 0.0000000000
57050  -2.685  -12.895  91.393 0.0000000000
57053  -2.866  -13.164  90.448 0.0000000000
57054  -3.042  -13.842  90.101 0.0000000000
113851  -2.831  -12.899  90.104 0.0000000000
115021  -2.118  -12.359  89.733 0.0000000000
58058  -2.552  -13.089  89.152 0.0000000000
58057  -1.860  -12.749  88.856 0.0000000000
59062  0.367  -11.576  88.717 0.0000000000
59070  1.515  -11.548  87.663 0.0000000000
60152  1.835  -10.807  87.951 0.0000000000
53264  7.083  -17.833  84.935 0.0000000000
47150  3.660  -22.754  91.984 0.0000000000
47153  3.780  -23.294  91.183 0.0000000000
49159  2.378  -21.645  94.062 0.0000000000
49158  2.929  -22.037  93.584 0.0000000000
47142  2.862  -22.733  93.683 0.0000000000
47151  -2.489  -23.262  91.762 0.0000000000
46055  -2.510  -24.067  91.619 0.0000000000
49197  -1.109  -21.009  89.434 0.0000000000
119309  -0.241  -22.093  87.972 0.0000000000
51204  -1.550  -19.138  88.658 0.0000000000
50226  0.001  -19.844  86.925 0.0000000000
50216  -0.292  -20.131  87.736 0.0000000000
50215  0.337  -20.708  87.288 0.0000000000
49207  0.305  -21.614  87.376 0.0000000000
49230  1.003  -21.457  86.101 0.0000000000
51247  0.374  -19.800  85.246 0.0000000000
50236  1.295  -21.191  85.294 0.0000000000
50247  1.093  -20.408  84.940 0.0000000000
126050  1.513  -21.067  84.549 0.0000000000
50259  1.343  -20.316  84.134 0.0000000000
56147  -2.804  -14.297  86.156 0.0000000000
56139  -3.120  -14.670  86.728 0.0000000000
55178  -3.008  -15.738  84.549 0.0000000000
54242  -3.209  -15.770  85.442 0.0000000000
53265  -3.063  -17.588  84.972 0.0000000000
55189  -3.010  -16.064  83.293 0.0000000000
51281  -3.102  -19.152  83.088 0.0000000000
52312  -3.047  -18.801  83.747 0.0000000000
116167  -1.894  -19.150  84.331 0.0000000000
51291  0.409  -19.375  83.139 0.0000000000
50271  1.630  -20.246  83.303 0.0000000000
51290  1.245  -19.586  82.750 0.0000000000
51300  1.549  -19.572  81.747 0.0000000000
51328  1.347  -19.405  80.009 0.0000000000
51332  -2.804  -19.275  79.722 0.0000000000
114321  -2.497  -19.406  80.072 0.0000000000
113459  -0.796  -19.579  78.598 0.0000000000
51346  0.474  -19.404  78.469 0.0000000000
59140  5.533  -11.415  79.892 0.0000000000
58120  5.436  -12.190  80.236 0.0000000000
58107  5.358  -12.210  81.114 0.0000000000
58121  5.011  -12.811  80.594 0.0000000000
57142  4.432  -13.344  81.013 0.0000000000
57150  4.535  -13.365  80.081 0.0000000000
56219  3.284  -14.153  78.847 0.0000000000
57151  3.833  -13.876  79.547 0.0000000000
56220  2.557  -14.468  79.123 0.0000000000
58174  2.442  -12.086  75.373 0.0000000000
122633  2.966  -12.569  76.027 0.0000000000
57186  3.446  -13.009  76.697 0.0000000000
57187  2.580  -13.295  76.502 0.0000000000
56246  0.624  -14.403  77.302 0.0000000000
125765  0.931  -14.700  78.144 0.0000000000
56223  -0.385  -15.252  78.722 0.0000000000
56249  -2.531  -14.966  76.752 0.0000000000
54338  -2.809  -16.249  77.123 0.0000000000
57192  -2.399  -13.819  75.724 0.0000000000
56099  2.830  -14.071  91.290 0.0000000000
57049  2.896  -13.638  92.136 0.0000000000
55137  4.763  -14.974  90.951 0.0000000000
129870  2.887  -14.984  90.162 0.0000000000
49281  2.486  -21.096  81.251 0.0000000000
116902  -1.904  -19.127  93.356 0.0000000000
120722  0.862  -19.671  94.365 0.0000000000
50163  -0.132  -21.067  94.277 0.0000000000
54234  -3.460  -16.162  87.175 0.0000000000
56199  -0.285  -15.103  81.599 0.0000000000
55213  -1.068  -15.384  81.273 0.0000000000
54298  -2.642  -16.541  80.333 0.0000000000
55227  -2.119  -15.994  80.066 0.0000000000
54177  -0.490  -15.807  93.365 0.0000000000
57044  0.183  -13.234  92.999 0.0000000000
58037  1.553  -12.044  94.401 0.0000000000
128120  2.855  -11.547  95.138 0.0000000000
60102  2.132  -10.149  94.887 0.0000000000
59042  2.877  -10.840  95.025 0.0000000000
53214  3.214  -17.041  88.095 0.0000000000
55139  1.348  -15.791  90.694 0.0000000000
58065  0.413  -12.588  87.535 0.0000000000
57073  -0.079  -13.210  87.029 0.0000000000
58073  0.806  -12.977  86.830 0.0000000000
57081  1.149  -13.301  86.110 0.0000000000
58085  3.600  -12.705  84.439 0.0000000000
124789  2.266  -14.267  83.075 0.0000000000
57119  2.883  -14.095  82.766 0.0000000000
56179  3.093  -14.232  81.925 0.0000000000
52235  10.552  -18.059  89.018 0.0000000000
53223  8.953  -17.584  88.308 0.0000000000
53211  9.329  -17.416  89.219 0.0000000000
55128  7.300  -15.393  92.390 0.0000000000
52209  -3.249  -18.280  91.419 0.0000000000
53192  -3.537  -18.127  90.838 0.0000000000
57037  -1.701  -13.326  93.347 0.0000000000
57045  -2.061  -12.667  93.302 0.0000000000
58044  -2.224  -12.082  93.130 0.0000000000
60115  -1.552  -10.334  91.848 0.0000000000
60116  -2.064  -10.748  92.318 0.0000000000
60121  -1.986  -10.940  91.480 0.0000000000
59054  -2.281  -11.546  91.109 0.0000000000
58051  -2.497  -12.259  90.566 0.0000000000
59059  -2.066  -11.789  90.429 0.0000000000
52298  5.924  -18.679  84.681 0.0000000000
49165  3.749  -21.949  91.495 0.0000000000
124647  3.585  -22.173  92.111 0.0000000000
125375  2.410  -22.888  94.286 0.0000000000
48160  -1.459  -22.751  93.585 0.0000000000
49186  -1.815  -21.664  90.127 0.0000000000
51218  -1.376  -18.944  87.610 0.0000000000
51231  0.129  -19.834  86.076 0.0000000000
51263  -0.264  -19.343  84.568 0.0000000000
113280  -2.164  -14.246  85.405 0.0000000000
117808  -2.770  -14.612  85.401 0.0000000000
118194  -3.444  -17.513  82.485 0.0000000000
131065  -2.230  -19.456  83.076 0.0000000000
51280  -1.542  -19.371  83.471 0.0000000000
113463  0.021  -19.312  81.191 0.0000000000
113461  -0.497  -19.424  80.304 0.0000000000
135340  -3.010  -19.141  78.888 0.0000000000
117093  -2.809  -19.405  78.831 0.0000000000
51348  -2.498  -19.689  78.354 0.0000000000
51347  -1.801  -19.898  77.797 0.0000000000
58140  5.283  -11.969  78.696 0.0000000000
124540  5.062  -12.619  78.853 0.0000000000
57162  3.980  -13.660  78.523 0.0000000000
57163  3.278  -13.941  78.030 0.0000000000
58175  1.408  -12.337  75.249 0.0000000000
57188  1.626  -13.497  76.371 0.0000000000
134765  0.653  -14.085  76.806 0.0000000000
121546  -0.236  -14.453  77.169 0.0000000000
56247  -1.105  -14.641  77.317 0.0000000000
57042  2.854  -13.280  92.905 0.0000000000
53202  2.125  -17.074  89.132 0.0000000000
54203  1.831  -16.691  89.663 0.0000000000
55138  2.035  -15.316  90.233 0.0000000000
60188  4.259  -10.504  84.793 0.0000000000
58084  4.209  -12.298  84.006 0.0000000000
59105  4.870  -12.161  82.679 0.0000000000
50171  -2.678  -20.634  92.288 0.0000000000
55131  -2.707  -15.557  91.669 0.0000000000
59048  -1.359  -10.909  94.448 0.0000000000
60105  -0.857  -10.226  94.376 0.0000000000
131304  -1.145  -9.934  93.721 0.0000000000
61133  -0.759  -9.617  93.105 0.0000000000
61142  -0.877  -9.780  92.117 0.0000000000
61161  0.644  -9.898  90.238 0.0000000000
50165  2.214  -20.858  93.725 0.0000000000
49153  2.152  -22.197  94.469 0.0000000000
48155  1.614  -22.477  94.689 0.0000000000
47140  1.034  -22.980  94.732 0.0000000000
48157  -0.050  -22.507  94.390 0.0000000000
49160  -1.437  -21.974  93.402 0.0000000000
52251  -2.929  -18.021  87.719 0.0000000000
56168  -0.671  -14.686  83.331 0.0000000000
56184  -2.161  -15.232  83.168 0.0000000000
55200  -2.603  -15.739  82.634 0.0000000000
129310  -2.314  -15.708  81.855 0.0000000000
53289  -3.572  -18.023  81.587 0.0000000000
51304  -3.133  -19.097  81.278 0.0000000000
51316  -2.812  -19.268  80.609 0.0000000000
52338  -3.352  -18.598  80.120 0.0000000000
52343  -3.301  -18.601  79.326 0.0000000000
52350  -3.261  -18.676  78.584 0.0000000000
53341  -3.324  -17.788  77.605 0.0000000000
58190  -2.488  -12.674  74.295 0.0000000000
48244  1.914  -22.008  83.493 0.0000000000
53180  -0.452  -17.863  94.133 0.0000000000
53182  -1.009  -17.524  94.037 0.0000000000
130808  -1.047  -11.304  94.589 0.0000000000
60104  -0.027  -10.266  94.618 0.0000000000
61123  0.586  -9.749  94.506 0.0000000000
53238  6.421  -17.249  86.522 0.0000000000
132938  6.011  -17.395  86.006 0.0000000000
53254  5.699  -17.694  85.645 0.0000000000
52282  4.734  -18.663  85.715 0.0000000000
54225  5.136  -16.496  87.751 0.0000000000
53227  4.422  -16.932  87.188 0.0000000000
117576  4.791  -17.327  86.582 0.0000000000
52264  4.255  -18.575  86.211 0.0000000000
51229  4.412  -19.474  85.978 0.0000000000
50184  3.556  -21.030  90.236 0.0000000000
50174  2.994  -20.690  92.024 0.0000000000
51167  2.452  -20.170  92.306 0.0000000000
52224  1.618  -18.414  90.261 0.0000000000
52212  1.733  -19.086  91.252 0.0000000000
51168  1.982  -19.551  92.197 0.0000000000
52203  0.849  -18.760  94.034 0.0000000000
57076  -2.889  -13.794  87.763 0.0000000000
57085  -2.510  -13.965  86.872 0.0000000000
57083  -0.728  -13.581  86.455 0.0000000000
57093  -1.473  -13.852  85.883 0.0000000000
56146  -1.069  -14.198  85.151 0.0000000000
56154  -0.605  -14.459  84.301 0.0000000000
57090  1.475  -13.495  85.508 0.0000000000
56167  0.057  -14.685  82.963 0.0000000000
56181  0.362  -14.765  82.327 0.0000000000
56210  0.386  -15.126  80.803 0.0000000000
112870  0.963  -15.103  79.975 0.0000000000
56089  5.838  -14.061  93.647 0.0000000000
51228  11.285  -19.022  87.354 0.0000000000
52247  10.276  -18.235  88.243 0.0000000000
53224  7.957  -17.351  87.846 0.0000000000
130961  9.055  -16.756  90.306 0.0000000000
54198  8.456  -16.575  90.494 0.0000000000
54199  7.101  -16.518  89.942 0.0000000000
55135  6.793  -15.639  91.861 0.0000000000
124157  -2.522  -22.190  91.094 0.0000000000
124574  -2.411  -21.731  90.717 0.0000000000
50175  -3.140  -20.390  91.446 0.0000000000
124920  -3.544  -19.415  91.247 0.0000000000
51173  -3.386  -19.781  90.944 0.0000000000
54217  -3.539  -16.470  88.762 0.0000000000
55158  -3.407  -14.957  88.188 0.0000000000
57067  -3.122  -13.898  88.451 0.0000000000
54175  -1.711  -16.770  93.335 0.0000000000
55125  -1.783  -15.041  93.222 0.0000000000
124704  -2.142  -15.639  92.642 0.0000000000
56103  -2.888  -14.819  91.002 0.0000000000
60109  -1.874  -11.021  93.974 0.0000000000
59049  -2.098  -11.479  93.391 0.0000000000
134527  -2.398  -11.756  92.381 0.0000000000
57065  -2.352  -13.319  88.333 0.0000000000
58066  -1.474  -13.045  88.032 0.0000000000
58055  -0.011  -12.254  88.297 0.0000000000
60128  1.151  -10.166  89.445 0.0000000000
60139  1.545  -10.462  88.680 0.0000000000
60138  2.219  -10.055  88.217 0.0000000000
57040  5.328  -14.018  93.839 0.0000000000
52311  7.525  -18.811  83.697 0.0000000000
131803  6.700  -18.575  84.279 0.0000000000
48162  3.273  -22.359  92.853 0.0000000000
46050  3.208  -23.615  92.210 0.0000000000
130672  -1.466  -23.028  89.125 0.0000000000
50207  -0.638  -20.478  88.622 0.0000000000
48196  0.039  -22.486  87.346 0.0000000000
49266  2.078  -21.076  82.986 0.0000000000
124822  -3.343  -15.409  86.420 0.0000000000
52284  -2.629  -18.056  85.676 0.0000000000
52283  -2.225  -18.501  85.357 0.0000000000
129482  -2.908  -15.736  83.918 0.0000000000
54266  -3.118  -16.334  83.946 0.0000000000
120768  -3.201  -17.292  84.055 0.0000000000
51265  -1.834  -18.832  85.153 0.0000000000
51264  -1.177  -19.053  84.950 0.0000000000
51279  -0.425  -19.310  83.665 0.0000000000
51278  0.308  -19.453  83.868 0.0000000000
49265  2.331  -21.052  82.113 0.0000000000
51331  -2.341  -19.527  79.273 0.0000000000
51330  -1.217  -19.545  79.411 0.0000000000
59104  5.216  -11.487  82.538 0.0000000000
58098  5.160  -12.183  81.969 0.0000000000
56195  3.219  -14.228  81.061 0.0000000000
56208  3.223  -14.261  80.240 0.0000000000
131259  2.691  -14.448  80.713 0.0000000000
115492  2.440  -14.544  80.022 0.0000000000
56209  1.683  -14.771  80.234 0.0000000000
57177  2.128  -13.906  77.038 0.0000000000
56234  2.487  -14.207  77.769 0.0000000000
116638  1.901  -14.572  78.489 0.0000000000
56235  1.059  -14.950  79.008 0.0000000000
56222  0.250  -15.213  79.354 0.0000000000
55249  -1.802  -15.627  78.636 0.0000000000
55262  -2.037  -15.476  77.942 0.0000000000
55250  -2.360  -15.882  78.334 0.0000000000
54325  -2.674  -16.357  77.964 0.0000000000
54339  -2.855  -16.973  77.600 0.0000000000
52363  -3.318  -18.231  77.048 0.0000000000
56262  -2.680  -14.657  75.912 0.0000000000
54351  -2.802  -16.312  76.401 0.0000000000
125574  -2.739  -17.191  76.220 0.0000000000
47149  3.898  -22.756  91.269 0.0000000000
55248  -1.118  -15.465  78.892 0.0000000000
57117  4.215  -13.183  82.562 0.0000000000
59045  -0.639  -10.825  94.648 0.0000000000
118377  -3.327  -18.886  83.000 0.0000000000
