#!ascii label  , from subject sub-v2s10x30159_ses-1 vox2ras=TkReg
909
48903  -31.914  -36.662  59.099 0.0000000000
42070  -16.826  -43.385  60.065 0.0000000000
44927  -23.983  -40.187  58.627 0.0000000000
65980  -36.875  -17.230  47.677 0.0000000000
68543  -43.446  -14.821  44.513 0.0000000000
127544  -8.436  -41.089  63.122 0.0000000000
63348  -33.514  -20.692  50.103 0.0000000000
52391  -31.550  -32.654  58.487 0.0000000000
45963  -28.208  -39.328  58.282 0.0000000000
42873  -12.533  -42.161  61.325 0.0000000000
40444  -12.248  -44.862  64.901 0.0000000000
48928  -28.808  -36.154  57.022 0.0000000000
51578  -28.999  -33.501  57.151 0.0000000000
44925  -20.435  -40.127  58.862 0.0000000000
133916  -24.957  -36.968  57.937 0.0000000000
54412  -33.018  -30.512  49.343 0.0000000000
57320  -36.475  -27.041  48.256 0.0000000000
60837  -38.382  -23.164  47.603 0.0000000000
37747  -4.904  -48.038  64.187 0.0000000000
35089  -1.720  -51.830  65.487 0.0000000000
53292  -26.130  -31.191  55.927 0.0000000000
55337  -27.201  -29.281  53.906 0.0000000000
54386  -29.392  -30.524  51.606 0.0000000000
40441  -8.695  -45.267  64.530 0.0000000000
116261  -16.563  -44.313  62.188 0.0000000000
42057  -19.718  -43.041  62.061 0.0000000000
123751  -29.776  -38.586  58.957 0.0000000000
43803  -15.208  -41.121  59.890 0.0000000000
42069  -14.577  -43.077  60.466 0.0000000000
41281  -15.146  -44.473  62.111 0.0000000000
132912  -28.189  -36.657  58.747 0.0000000000
116072  -26.947  -37.222  56.851 0.0000000000
57308  -32.609  -27.418  48.839 0.0000000000
56397  -35.011  -28.603  48.360 0.0000000000
135720  -33.831  -26.018  48.194 0.0000000000
62527  -35.384  -21.558  48.106 0.0000000000
63368  -36.466  -20.277  47.468 0.0000000000
118132  -39.933  -21.562  47.930 0.0000000000
64248  -38.279  -19.238  46.339 0.0000000000
65180  -39.703  -18.599  45.496 0.0000000000
52377  -26.183  -32.352  58.984 0.0000000000
52405  -26.538  -32.521  56.999 0.0000000000
54280  -25.055  -30.940  58.551 0.0000000000
57234  -25.210  -27.854  54.947 0.0000000000
57272  -26.657  -27.163  52.921 0.0000000000
55365  -27.995  -29.496  52.575 0.0000000000
57286  -28.440  -27.627  51.625 0.0000000000
56357  -29.571  -28.736  51.429 0.0000000000
46884  -21.898  -38.229  58.949 0.0000000000
42017  -6.366  -44.241  63.275 0.0000000000
41276  -7.971  -43.763  62.679 0.0000000000
33199  -2.131  -53.416  67.850 0.0000000000
119433  -0.621  -54.970  68.534 0.0000000000
115828  -33.270  -23.124  50.861 0.0000000000
53263  -30.506  -31.072  59.424 0.0000000000
44948  -26.222  -40.349  58.104 0.0000000000
43765  -10.370  -41.606  62.286 0.0000000000
42038  -9.843  -43.370  62.807 0.0000000000
42022  -12.076  -43.577  62.724 0.0000000000
68550  -45.170  -14.614  43.325 0.0000000000
47938  -29.970  -37.041  56.565 0.0000000000
49880  -31.017  -35.115  56.769 0.0000000000
49870  -29.365  -35.270  57.105 0.0000000000
44923  -16.832  -40.919  59.332 0.0000000000
42916  -18.990  -42.117  58.752 0.0000000000
130477  -18.418  -39.568  58.320 0.0000000000
47910  -19.999  -37.203  58.048 0.0000000000
47920  -21.639  -36.986  57.402 0.0000000000
49853  -23.011  -35.205  58.845 0.0000000000
46922  -23.911  -38.307  56.439 0.0000000000
46925  -26.424  -38.277  56.406 0.0000000000
46928  -28.715  -37.902  56.610 0.0000000000
52498  -33.893  -31.699  51.835 0.0000000000
60834  -34.631  -23.482  48.300 0.0000000000
59998  -37.165  -24.481  47.873 0.0000000000
65190  -41.964  -18.392  44.624 0.0000000000
35980  -3.349  -50.328  64.777 0.0000000000
35057  -3.699  -51.563  66.728 0.0000000000
51589  -30.284  -33.692  56.695 0.0000000000
53295  -29.072  -32.319  56.947 0.0000000000
54322  -27.600  -30.194  56.867 0.0000000000
56309  -24.631  -28.924  56.304 0.0000000000
55322  -25.805  -29.619  54.916 0.0000000000
55306  -28.751  -28.538  56.337 0.0000000000
54339  -29.761  -29.522  54.947 0.0000000000
53330  -30.918  -31.180  54.299 0.0000000000
52468  -31.964  -31.999  52.777 0.0000000000
53413  -31.500  -31.259  50.554 0.0000000000
56383  -31.618  -29.079  49.626 0.0000000000
43784  -20.910  -40.820  61.526 0.0000000000
40438  -4.760  -45.597  64.305 0.0000000000
39538  -6.674  -46.708  64.123 0.0000000000
41243  -10.283  -44.554  64.858 0.0000000000
30443  1.658  -56.777  68.476 0.0000000000
42053  -16.974  -43.687  60.757 0.0000000000
41291  -18.122  -43.687  61.802 0.0000000000
131542  -18.306  -43.306  60.466 0.0000000000
47898  -30.970  -37.675  58.934 0.0000000000
43821  -15.721  -41.715  59.509 0.0000000000
42899  -15.000  -41.918  59.759 0.0000000000
123939  -16.158  -43.254  59.971 0.0000000000
41296  -15.653  -43.767  60.884 0.0000000000
58231  -32.888  -26.803  49.752 0.0000000000
58250  -32.918  -26.638  48.740 0.0000000000
58241  -32.954  -26.000  49.142 0.0000000000
65978  -35.775  -17.824  48.935 0.0000000000
137236  -35.299  -19.471  48.139 0.0000000000
65156  -36.174  -18.688  47.559 0.0000000000
64247  -37.378  -19.241  46.727 0.0000000000
65993  -37.204  -17.608  46.953 0.0000000000
66002  -37.999  -17.670  46.467 0.0000000000
127178  -25.576  -31.863  58.373 0.0000000000
59032  -26.593  -25.940  54.155 0.0000000000
57273  -27.658  -27.236  52.009 0.0000000000
59062  -28.275  -25.789  52.185 0.0000000000
58210  -29.701  -26.286  51.953 0.0000000000
132017  -22.612  -38.591  58.340 0.0000000000
45945  -22.835  -39.132  60.123 0.0000000000
123399  -23.708  -40.181  59.591 0.0000000000
42018  -7.056  -42.986  62.967 0.0000000000
42856  -8.229  -42.418  62.689 0.0000000000
66841  -43.645  -16.647  44.085 0.0000000000
32268  -1.181  -54.500  68.032 0.0000000000
51555  -32.703  -33.734  59.926 0.0000000000
131622  -31.193  -31.847  58.922 0.0000000000
45962  -26.608  -39.889  57.765 0.0000000000
44932  -27.918  -40.051  59.766 0.0000000000
44886  -13.029  -40.650  61.049 0.0000000000
44867  -11.936  -40.181  61.908 0.0000000000
44866  -10.756  -40.129  62.532 0.0000000000
43766  -11.203  -41.601  61.936 0.0000000000
42040  -11.481  -43.093  62.481 0.0000000000
42051  -12.626  -42.904  61.658 0.0000000000
113786  -15.793  -44.750  62.736 0.0000000000
41266  -14.831  -44.856  62.840 0.0000000000
128657  -29.597  -36.647  56.517 0.0000000000
48940  -29.715  -36.012  56.569 0.0000000000
49877  -29.386  -35.730  56.768 0.0000000000
44908  -17.195  -40.201  59.902 0.0000000000
44942  -17.873  -40.583  58.612 0.0000000000
46882  -17.845  -38.845  59.755 0.0000000000
47897  -18.746  -37.066  59.019 0.0000000000
48909  -19.987  -36.378  58.321 0.0000000000
47911  -20.796  -36.824  57.827 0.0000000000
48910  -20.851  -35.929  57.957 0.0000000000
48898  -24.389  -36.379  59.248 0.0000000000
48911  -23.790  -35.977  57.687 0.0000000000
49869  -23.176  -35.890  57.327 0.0000000000
48937  -23.946  -36.992  56.710 0.0000000000
46923  -24.675  -38.532  56.343 0.0000000000
47923  -25.543  -37.618  56.682 0.0000000000
48927  -27.702  -36.782  57.054 0.0000000000
48938  -27.514  -37.215  56.632 0.0000000000
47936  -28.239  -37.293  56.480 0.0000000000
132500  -29.530  -37.544  56.743 0.0000000000
53415  -33.105  -31.328  50.528 0.0000000000
123339  -34.446  -31.442  51.348 0.0000000000
54400  -34.334  -30.855  50.106 0.0000000000
122705  -35.757  -28.125  48.392 0.0000000000
55411  -35.853  -28.874  48.758 0.0000000000
61667  -33.133  -22.344  50.073 0.0000000000
61680  -33.360  -22.994  49.327 0.0000000000
61681  -33.539  -22.091  49.242 0.0000000000
61695  -36.846  -22.625  47.744 0.0000000000
60835  -36.904  -23.594  47.759 0.0000000000
116533  -37.840  -23.836  47.705 0.0000000000
59103  -39.021  -25.827  48.547 0.0000000000
127001  -40.900  -18.150  44.861 0.0000000000
66013  -40.515  -17.139  45.094 0.0000000000
66834  -41.917  -16.468  44.619 0.0000000000
37737  -4.077  -48.182  64.364 0.0000000000
37727  -3.231  -48.244  64.843 0.0000000000
122158  -4.409  -48.889  64.438 0.0000000000
132925  -4.577  -50.351  67.072 0.0000000000
35027  -3.373  -51.333  69.305 0.0000000000
50733  -29.670  -34.467  56.778 0.0000000000
50741  -30.678  -34.375  56.684 0.0000000000
51588  -29.643  -33.658  56.740 0.0000000000
52422  -26.359  -31.951  56.374 0.0000000000
52424  -28.561  -32.600  56.878 0.0000000000
53293  -26.769  -31.349  56.244 0.0000000000
53283  -28.304  -31.140  57.352 0.0000000000
54321  -27.199  -30.087  56.098 0.0000000000
124226  -25.333  -27.619  57.261 0.0000000000
56326  -25.916  -28.622  53.890 0.0000000000
55335  -25.497  -28.955  54.556 0.0000000000
55336  -26.233  -29.152  54.167 0.0000000000
127346  -27.410  -29.430  55.326 0.0000000000
118707  -27.812  -29.269  54.685 0.0000000000
113631  -29.376  -28.769  55.662 0.0000000000
55338  -28.010  -29.375  54.133 0.0000000000
54373  -28.607  -29.954  51.960 0.0000000000
54363  -29.223  -30.688  53.303 0.0000000000
53370  -29.829  -31.343  52.788 0.0000000000
53350  -31.398  -31.819  53.221 0.0000000000
53371  -30.515  -31.588  52.278 0.0000000000
52495  -31.667  -31.719  51.631 0.0000000000
54387  -30.056  -30.899  51.176 0.0000000000
57289  -30.997  -28.709  51.934 0.0000000000
56370  -30.562  -29.335  51.039 0.0000000000
56346  -31.649  -29.049  51.727 0.0000000000
43825  -20.274  -41.407  59.054 0.0000000000
134021  -20.308  -42.062  60.354 0.0000000000
44909  -20.653  -40.476  59.770 0.0000000000
40466  -7.221  -45.045  63.071 0.0000000000
40455  -6.716  -45.453  63.335 0.0000000000
39555  -7.130  -46.045  63.764 0.0000000000
41262  -11.181  -44.006  63.842 0.0000000000
41261  -10.440  -44.219  64.064 0.0000000000
41244  -11.015  -44.342  64.602 0.0000000000
114600  -16.764  -44.565  63.102 0.0000000000
41269  -18.138  -43.935  63.218 0.0000000000
42024  -19.501  -43.473  63.588 0.0000000000
42044  -20.218  -42.880  62.611 0.0000000000
45964  -29.017  -38.961  58.590 0.0000000000
45933  -28.708  -39.632  60.129 0.0000000000
44888  -14.358  -40.348  61.018 0.0000000000
121950  -13.763  -41.641  60.476 0.0000000000
42068  -13.735  -42.652  60.738 0.0000000000
122281  -13.361  -43.227  61.407 0.0000000000
42052  -14.963  -43.687  60.904 0.0000000000
129575  -15.834  -44.374  61.936 0.0000000000
48916  -28.482  -36.348  57.857 0.0000000000
49862  -29.227  -35.427  57.961 0.0000000000
119151  -25.070  -37.043  58.820 0.0000000000
48913  -25.797  -37.331  58.072 0.0000000000
48915  -27.567  -36.932  58.115 0.0000000000
56394  -32.415  -28.780  48.722 0.0000000000
55409  -33.674  -29.346  48.563 0.0000000000
126304  -33.493  -27.958  48.205 0.0000000000
121587  -33.843  -27.229  48.072 0.0000000000
58253  -35.066  -26.541  47.944 0.0000000000
62526  -34.496  -21.355  48.561 0.0000000000
64223  -34.845  -19.916  48.443 0.0000000000
63356  -35.940  -20.956  47.807 0.0000000000
62529  -37.423  -21.864  47.669 0.0000000000
137194  -39.463  -22.656  47.673 0.0000000000
62542  -38.679  -21.256  47.573 0.0000000000
63371  -39.007  -20.748  47.358 0.0000000000
64249  -39.162  -19.685  46.223 0.0000000000
65168  -39.062  -18.872  45.804 0.0000000000
66004  -39.019  -17.085  45.838 0.0000000000
38637  -6.165  -47.786  64.780 0.0000000000
37728  -5.367  -48.924  64.998 0.0000000000
37715  -6.070  -48.278  66.228 0.0000000000
51565  -26.996  -32.927  58.564 0.0000000000
51577  -28.030  -33.053  57.324 0.0000000000
52389  -26.367  -32.627  57.957 0.0000000000
52388  -25.806  -32.210  57.544 0.0000000000
54300  -25.074  -31.253  56.903 0.0000000000
58160  -25.870  -27.025  56.154 0.0000000000
58172  -26.173  -26.432  54.972 0.0000000000
57259  -26.155  -27.345  53.564 0.0000000000
56335  -26.287  -28.396  53.394 0.0000000000
55352  -27.295  -29.147  53.077 0.0000000000
55364  -27.544  -28.735  52.345 0.0000000000
123306  -28.132  -29.246  51.988 0.0000000000
55374  -28.633  -29.206  51.582 0.0000000000
54397  -29.805  -30.166  50.995 0.0000000000
57287  -29.313  -27.813  51.560 0.0000000000
45943  -21.401  -38.458  59.640 0.0000000000
44910  -20.975  -39.516  60.590 0.0000000000
45931  -22.132  -38.730  60.888 0.0000000000
42035  -7.125  -43.838  62.821 0.0000000000
41259  -8.339  -44.491  62.978 0.0000000000
33225  -2.037  -53.096  66.196 0.0000000000
34186  -0.912  -52.705  65.986 0.0000000000
123572  -1.356  -53.982  66.800 0.0000000000
136402  -0.385  -54.708  67.090 0.0000000000
122346  0.639  -55.407  67.414 0.0000000000
54282  -29.677  -30.659  59.107 0.0000000000
44946  -24.794  -40.569  58.287 0.0000000000
44928  -24.479  -40.789  59.171 0.0000000000
44842  -9.394  -40.062  63.132 0.0000000000
44864  -9.065  -40.890  62.785 0.0000000000
42857  -9.002  -42.381  62.558 0.0000000000
42858  -9.941  -42.505  62.527 0.0000000000
42021  -11.308  -43.599  63.101 0.0000000000
128704  -12.532  -44.382  63.614 0.0000000000
41279  -13.482  -44.230  62.576 0.0000000000
41264  -13.211  -44.559  63.311 0.0000000000
40445  -13.807  -45.338  64.214 0.0000000000
68549  -44.493  -15.018  43.688 0.0000000000
47925  -31.131  -37.011  57.734 0.0000000000
48930  -31.365  -36.300  57.478 0.0000000000
48941  -30.952  -35.976  56.815 0.0000000000
49878  -29.844  -35.184  56.622 0.0000000000
50732  -29.462  -34.473  57.042 0.0000000000
50720  -29.305  -34.442  58.455 0.0000000000
51554  -28.747  -33.722  58.831 0.0000000000
51566  -27.931  -33.222  58.178 0.0000000000
52378  -26.924  -32.849  59.462 0.0000000000
42901  -17.190  -42.439  59.151 0.0000000000
42072  -18.306  -43.064  59.777 0.0000000000
42915  -18.379  -41.849  58.645 0.0000000000
44944  -19.194  -40.806  58.202 0.0000000000
114898  -19.816  -40.050  58.169 0.0000000000
46883  -18.313  -38.091  59.032 0.0000000000
46897  -18.878  -37.795  58.433 0.0000000000
45958  -20.321  -39.123  58.506 0.0000000000
46900  -21.258  -37.852  58.380 0.0000000000
114370  -22.125  -38.024  57.923 0.0000000000
45960  -23.021  -38.698  57.508 0.0000000000
115932  -21.629  -35.027  58.830 0.0000000000
49868  -22.469  -35.737  57.470 0.0000000000
47921  -22.420  -37.254  56.986 0.0000000000
45974  -23.770  -39.338  57.182 0.0000000000
45975  -24.623  -39.655  56.957 0.0000000000
45977  -26.418  -39.471  57.017 0.0000000000
127850  -27.062  -39.453  57.444 0.0000000000
47924  -26.565  -37.625  56.616 0.0000000000
46926  -27.252  -38.400  56.504 0.0000000000
46901  -28.691  -38.677  57.501 0.0000000000
122814  -29.562  -38.453  58.020 0.0000000000
46911  -30.288  -37.548  57.344 0.0000000000
44922  -16.037  -41.041  59.719 0.0000000000
54414  -35.524  -30.169  49.701 0.0000000000
59994  -33.537  -24.525  48.800 0.0000000000
126683  -33.875  -25.273  48.336 0.0000000000
59099  -35.557  -25.753  47.949 0.0000000000
119523  -34.959  -22.784  48.229 0.0000000000
59997  -36.188  -24.258  47.888 0.0000000000
123642  -36.650  -26.163  48.121 0.0000000000
58255  -38.487  -26.380  48.638 0.0000000000
66023  -42.960  -18.067  44.376 0.0000000000
66835  -42.775  -16.483  44.411 0.0000000000
68542  -42.725  -14.914  44.754 0.0000000000
36821  -2.312  -49.695  65.260 0.0000000000
35110  -2.881  -51.081  64.940 0.0000000000
36808  -4.721  -50.021  65.635 0.0000000000
35092  -3.627  -51.252  65.477 0.0000000000
34176  -2.917  -52.291  65.913 0.0000000000
34146  -3.107  -52.250  67.964 0.0000000000
123881  -31.995  -35.249  57.970 0.0000000000
51582  -31.824  -34.092  57.751 0.0000000000
51581  -31.306  -33.554  57.335 0.0000000000
123892  -29.261  -32.994  56.777 0.0000000000
52406  -29.853  -32.409  57.063 0.0000000000
52390  -30.307  -32.036  57.699 0.0000000000
53284  -29.313  -31.624  57.484 0.0000000000
54302  -28.586  -30.657  58.074 0.0000000000
55292  -28.419  -29.430  58.158 0.0000000000
128827  -24.624  -30.164  57.376 0.0000000000
54319  -25.126  -30.865  56.212 0.0000000000
57233  -24.902  -28.197  55.778 0.0000000000
55320  -24.736  -29.637  55.862 0.0000000000
54338  -25.907  -30.404  55.474 0.0000000000
54320  -26.521  -30.338  55.676 0.0000000000
55305  -27.919  -29.134  56.201 0.0000000000
54350  -28.588  -29.904  53.796 0.0000000000
54352  -30.296  -30.515  54.544 0.0000000000
132040  -33.152  -31.974  52.618 0.0000000000
53397  -32.703  -31.603  51.155 0.0000000000
53421  -31.830  -30.888  49.876 0.0000000000
55387  -30.439  -29.796  50.611 0.0000000000
54409  -30.952  -30.014  49.961 0.0000000000
55399  -32.082  -29.603  49.034 0.0000000000
57298  -32.019  -28.600  49.467 0.0000000000
57299  -32.606  -27.588  49.675 0.0000000000
42073  -19.168  -42.933  60.333 0.0000000000
42875  -20.312  -42.515  61.722 0.0000000000
120791  -21.040  -39.927  61.234 0.0000000000
38635  -4.767  -47.346  64.145 0.0000000000
40439  -5.335  -45.400  63.843 0.0000000000
39553  -5.718  -46.554  63.816 0.0000000000
38650  -6.028  -47.009  63.907 0.0000000000
38638  -6.748  -47.116  64.818 0.0000000000
127367  -9.206  -42.998  62.548 0.0000000000
41260  -9.105  -44.494  63.479 0.0000000000
40458  -9.136  -44.860  64.193 0.0000000000
32246  0.488  -55.344  70.214 0.0000000000
31361  0.652  -56.146  68.591 0.0000000000
31375  1.573  -56.090  67.781 0.0000000000
48918  -32.219  -36.052  58.832 0.0000000000
42054  -17.805  -43.597  60.976 0.0000000000
42071  -17.600  -43.391  60.233 0.0000000000
47899  -31.525  -37.242  59.406 0.0000000000
42082  -16.616  -42.931  59.564 0.0000000000
42081  -15.725  -42.640  59.685 0.0000000000
41297  -16.215  -43.610  60.516 0.0000000000
59081  -33.116  -25.889  50.061 0.0000000000
65979  -36.441  -17.375  48.391 0.0000000000
65144  -35.865  -18.120  48.156 0.0000000000
65992  -36.493  -17.878  47.532 0.0000000000
65157  -36.869  -18.517  46.998 0.0000000000
45961  -23.360  -39.387  58.169 0.0000000000
126598  -23.301  -39.594  59.106 0.0000000000
43747  -7.868  -41.693  63.137 0.0000000000
130975  -7.587  -42.485  62.898 0.0000000000
67667  -43.271  -15.633  44.335 0.0000000000
67670  -44.066  -15.812  43.865 0.0000000000
118528  -31.812  -32.476  59.248 0.0000000000
45946  -27.342  -39.741  58.180 0.0000000000
44931  -27.189  -40.379  59.058 0.0000000000
130820  -27.833  -39.788  58.897 0.0000000000
43782  -12.674  -41.332  61.079 0.0000000000
44885  -12.290  -40.718  61.442 0.0000000000
43781  -11.984  -41.515  61.514 0.0000000000
126722  -11.548  -40.824  61.778 0.0000000000
42872  -11.821  -42.447  61.883 0.0000000000
48939  -28.982  -36.540  56.562 0.0000000000
123287  -17.643  -39.693  59.428 0.0000000000
49850  -20.266  -35.286  59.429 0.0000000000
130858  -19.628  -35.789  58.978 0.0000000000
49858  -20.442  -35.571  58.626 0.0000000000
48912  -24.416  -36.458  58.276 0.0000000000
48925  -24.374  -36.701  57.288 0.0000000000
47922  -24.615  -37.377  56.613 0.0000000000
48926  -25.180  -37.209  57.171 0.0000000000
115135  -28.222  -36.788  56.647 0.0000000000
47937  -29.169  -37.146  56.447 0.0000000000
53423  -33.489  -30.952  49.958 0.0000000000
54413  -33.866  -30.456  49.464 0.0000000000
57319  -35.617  -27.290  48.118 0.0000000000
56398  -36.545  -28.339  48.752 0.0000000000
56399  -37.139  -27.609  48.657 0.0000000000
62511  -33.396  -21.455  50.548 0.0000000000
62521  -33.395  -21.412  49.710 0.0000000000
61696  -37.922  -22.450  47.647 0.0000000000
60836  -37.582  -23.108  47.649 0.0000000000
116026  -38.769  -24.026  47.723 0.0000000000
66828  -41.101  -16.368  44.912 0.0000000000
51579  -29.394  -33.854  56.928 0.0000000000
135137  -27.224  -31.074  56.510 0.0000000000
113936  -26.788  -29.411  54.617 0.0000000000
54374  -29.185  -30.734  52.390 0.0000000000
53393  -29.854  -31.207  51.947 0.0000000000
53394  -30.564  -31.420  51.534 0.0000000000
40456  -7.828  -45.063  63.249 0.0000000000
137693  -7.364  -45.477  63.402 0.0000000000
40440  -7.941  -45.623  63.980 0.0000000000
39540  -8.229  -45.731  64.860 0.0000000000
41245  -11.901  -44.416  64.223 0.0000000000
35963  -1.354  -51.096  65.748 0.0000000000
129298  -32.736  -34.353  59.668 0.0000000000
41268  -17.578  -44.277  63.543 0.0000000000
41282  -17.548  -44.067  62.574 0.0000000000
42042  -18.998  -43.366  61.948 0.0000000000
129884  -18.499  -43.681  62.623 0.0000000000
42043  -19.422  -43.343  62.795 0.0000000000
42025  -20.147  -43.142  63.391 0.0000000000
45948  -29.294  -39.078  59.638 0.0000000000
44889  -15.198  -40.332  61.220 0.0000000000
44905  -14.732  -40.711  60.473 0.0000000000
42888  -14.999  -42.684  60.031 0.0000000000
116751  -14.452  -41.319  60.174 0.0000000000
42887  -14.379  -42.242  60.208 0.0000000000
118542  -14.166  -43.467  61.117 0.0000000000
41289  -16.262  -44.010  61.312 0.0000000000
41288  -15.415  -44.090  61.438 0.0000000000
48902  -28.959  -36.087  58.913 0.0000000000
48899  -25.873  -37.416  59.205 0.0000000000
116275  -28.306  -36.786  59.594 0.0000000000
127750  -32.266  -28.205  48.938 0.0000000000
56395  -33.114  -28.691  48.351 0.0000000000
127375  -32.745  -28.012  48.520 0.0000000000
58251  -33.478  -26.579  48.293 0.0000000000
58252  -34.212  -26.561  48.016 0.0000000000
64222  -34.435  -19.639  49.094 0.0000000000
65143  -34.935  -19.155  48.608 0.0000000000
64235  -35.882  -19.444  47.661 0.0000000000
63367  -35.521  -20.117  47.913 0.0000000000
62540  -36.930  -21.191  47.588 0.0000000000
62541  -37.816  -21.283  47.552 0.0000000000
134090  -37.314  -20.738  47.378 0.0000000000
63383  -37.876  -19.881  46.763 0.0000000000
63384  -38.601  -20.143  46.742 0.0000000000
66818  -38.358  -17.012  46.367 0.0000000000
66003  -38.586  -17.611  46.042 0.0000000000
51576  -27.154  -32.870  57.593 0.0000000000
53273  -25.247  -31.523  57.658 0.0000000000
53282  -25.473  -31.820  57.016 0.0000000000
124598  -24.840  -30.783  57.567 0.0000000000
123826  -26.492  -26.536  53.464 0.0000000000
56344  -26.407  -27.893  53.108 0.0000000000
56336  -26.801  -28.542  52.922 0.0000000000
56345  -27.042  -27.830  52.436 0.0000000000
56354  -27.680  -28.018  51.909 0.0000000000
56355  -28.167  -28.562  51.743 0.0000000000
56356  -28.867  -28.457  51.444 0.0000000000
58221  -29.884  -27.265  51.827 0.0000000000
45944  -22.067  -38.491  59.948 0.0000000000
44911  -23.483  -40.017  60.597 0.0000000000
45932  -22.740  -39.171  61.217 0.0000000000
42036  -7.734  -43.106  62.708 0.0000000000
41258  -7.502  -44.468  62.872 0.0000000000
33214  -2.020  -53.468  66.864 0.0000000000
33224  -1.366  -53.453  66.251 0.0000000000
32284  -1.009  -54.481  67.183 0.0000000000
32267  -0.592  -54.956  67.665 0.0000000000
32295  0.242  -54.720  66.988 0.0000000000
31377  -0.004  -55.256  67.441 0.0000000000
53264  -31.343  -31.566  59.713 0.0000000000
54264  -29.764  -30.239  59.897 0.0000000000
44962  -25.099  -40.217  57.517 0.0000000000
44929  -25.353  -40.959  58.908 0.0000000000
44947  -25.599  -40.570  58.149 0.0000000000
126920  -10.827  -40.851  62.160 0.0000000000
44843  -10.175  -39.754  62.978 0.0000000000
44865  -9.963  -40.665  62.524 0.0000000000
43764  -9.489  -41.605  62.515 0.0000000000
125633  -12.172  -43.140  62.176 0.0000000000
41263  -11.943  -43.987  63.432 0.0000000000
41278  -12.691  -44.056  62.968 0.0000000000
41286  -13.808  -43.854  61.833 0.0000000000
41280  -14.318  -44.413  62.295 0.0000000000
40460  -14.382  -45.170  63.562 0.0000000000
41265  -13.978  -44.743  63.010 0.0000000000
40459  -13.651  -44.961  63.628 0.0000000000
48929  -30.694  -36.730  56.999 0.0000000000
49871  -29.555  -35.101  56.871 0.0000000000
50727  -29.375  -34.482  57.495 0.0000000000
128270  -29.414  -35.169  59.205 0.0000000000
113776  -28.496  -33.684  59.883 0.0000000000
51567  -28.875  -33.655  57.807 0.0000000000
51553  -27.785  -33.237  59.207 0.0000000000
43822  -16.935  -41.678  58.993 0.0000000000
127742  -17.691  -41.809  58.756 0.0000000000
43823  -17.476  -41.116  58.780 0.0000000000
45956  -17.932  -39.933  58.710 0.0000000000
44943  -18.429  -40.322  58.293 0.0000000000
115914  -19.013  -39.784  57.964 0.0000000000
114605  -19.341  -37.132  58.388 0.0000000000
46898  -19.570  -38.006  58.116 0.0000000000
45957  -19.591  -39.059  58.035 0.0000000000
46899  -20.307  -38.315  58.297 0.0000000000
116833  -20.532  -37.610  58.034 0.0000000000
114615  -21.421  -37.469  57.837 0.0000000000
46907  -22.068  -37.570  57.429 0.0000000000
126049  -22.948  -35.024  59.775 0.0000000000
50712  -22.254  -34.785  59.910 0.0000000000
49852  -22.269  -34.903  59.159 0.0000000000
49860  -22.177  -35.202  58.244 0.0000000000
48936  -23.328  -37.094  56.663 0.0000000000
48935  -22.882  -37.190  56.726 0.0000000000
46921  -23.140  -37.808  56.633 0.0000000000
45973  -23.438  -38.599  56.836 0.0000000000
45993  -24.203  -39.026  56.579 0.0000000000
46924  -25.489  -38.507  56.322 0.0000000000
45994  -25.048  -39.167  56.441 0.0000000000
45995  -25.929  -39.058  56.444 0.0000000000
45996  -26.655  -38.870  56.579 0.0000000000
114273  -26.164  -37.350  57.018 0.0000000000
46927  -27.891  -37.963  56.445 0.0000000000
47935  -27.338  -37.762  56.452 0.0000000000
46909  -27.935  -38.539  56.803 0.0000000000
47912  -30.866  -37.523  58.153 0.0000000000
44907  -16.593  -40.483  60.235 0.0000000000
126396  -16.353  -41.507  59.329 0.0000000000
52483  -33.795  -31.866  52.469 0.0000000000
53417  -35.272  -31.215  51.031 0.0000000000
53398  -35.241  -31.432  51.848 0.0000000000
55410  -34.557  -29.273  48.653 0.0000000000
54422  -34.217  -29.894  49.013 0.0000000000
130218  -35.260  -29.223  48.818 0.0000000000
137060  -33.178  -23.758  50.677 0.0000000000
126158  -33.002  -24.198  50.211 0.0000000000
60817  -33.227  -23.915  49.413 0.0000000000
60833  -33.779  -23.642  48.742 0.0000000000
59995  -34.260  -24.354  48.326 0.0000000000
123430  -34.800  -25.052  47.976 0.0000000000
59996  -35.193  -24.213  48.008 0.0000000000
61693  -34.768  -22.106  48.400 0.0000000000
61694  -35.702  -22.362  48.012 0.0000000000
59100  -36.445  -25.140  47.988 0.0000000000
59101  -37.400  -25.393  48.112 0.0000000000
58254  -37.654  -26.252  48.371 0.0000000000
59102  -38.316  -25.599  48.312 0.0000000000
58256  -39.268  -26.457  48.900 0.0000000000
62531  -39.178  -21.712  47.732 0.0000000000
65181  -40.403  -18.845  45.276 0.0000000000
64273  -42.066  -19.351  44.943 0.0000000000
120286  -41.609  -15.777  44.846 0.0000000000
67666  -42.343  -15.698  44.634 0.0000000000
37736  -3.533  -48.945  64.552 0.0000000000
37726  -2.661  -48.801  65.193 0.0000000000
36832  -3.080  -49.686  64.709 0.0000000000
35979  -2.677  -50.465  64.942 0.0000000000
36809  -5.275  -49.396  65.915 0.0000000000
36823  -4.936  -49.517  65.143 0.0000000000
35058  -4.169  -50.965  67.100 0.0000000000
35953  -4.456  -50.557  66.268 0.0000000000
35075  -3.988  -51.200  66.084 0.0000000000
35074  -3.487  -51.789  65.989 0.0000000000
34161  -3.213  -52.237  66.839 0.0000000000
35041  -3.637  -51.548  67.682 0.0000000000
34129  -2.938  -52.102  68.927 0.0000000000
49872  -31.519  -35.487  57.371 0.0000000000
50734  -31.305  -34.382  57.098 0.0000000000
51590  -30.881  -33.776  56.840 0.0000000000
51580  -30.572  -33.008  56.994 0.0000000000
131232  -27.319  -32.720  56.970 0.0000000000
51586  -28.036  -32.737  56.917 0.0000000000
54301  -27.950  -30.047  57.695 0.0000000000
56300  -24.588  -28.902  57.191 0.0000000000
55290  -24.601  -29.564  57.641 0.0000000000
55304  -24.564  -29.724  56.755 0.0000000000
54299  -24.742  -30.543  56.815 0.0000000000
127585  -25.438  -27.452  55.621 0.0000000000
55321  -25.075  -29.391  55.181 0.0000000000
54337  -25.252  -30.223  55.609 0.0000000000
122384  -26.446  -29.804  55.115 0.0000000000
55323  -28.430  -28.918  55.522 0.0000000000
55291  -28.218  -29.171  57.126 0.0000000000
55339  -28.738  -29.235  54.750 0.0000000000
55353  -27.952  -29.511  53.371 0.0000000000
54362  -28.498  -30.157  52.856 0.0000000000
53329  -30.111  -31.162  53.707 0.0000000000
52450  -32.182  -31.963  53.502 0.0000000000
52469  -32.739  -32.067  53.033 0.0000000000
52482  -32.500  -31.951  52.380 0.0000000000
53395  -31.245  -31.521  51.236 0.0000000000
53396  -31.923  -31.616  51.093 0.0000000000
53414  -32.264  -31.344  50.467 0.0000000000
55376  -29.757  -29.456  51.113 0.0000000000
55388  -31.179  -29.461  50.083 0.0000000000
55398  -31.534  -29.523  49.512 0.0000000000
56384  -31.900  -28.937  49.132 0.0000000000
56372  -32.226  -28.373  49.968 0.0000000000
42902  -19.083  -42.592  59.385 0.0000000000
43783  -20.590  -41.795  60.968 0.0000000000
42889  -20.039  -42.466  60.720 0.0000000000
42860  -20.783  -42.345  62.614 0.0000000000
43767  -20.852  -41.719  61.985 0.0000000000
45920  -21.568  -39.129  61.336 0.0000000000
43806  -24.167  -40.891  60.119 0.0000000000
39536  -4.058  -47.019  64.583 0.0000000000
39537  -4.677  -46.479  64.216 0.0000000000
42016  -5.648  -44.007  63.882 0.0000000000
41241  -5.054  -44.653  64.337 0.0000000000
41256  -5.754  -44.862  63.601 0.0000000000
39554  -6.370  -46.266  63.725 0.0000000000
40454  -5.927  -45.694  63.551 0.0000000000
131209  -6.219  -47.281  64.335 0.0000000000
42019  -9.789  -44.072  63.388 0.0000000000
41242  -9.729  -44.528  64.189 0.0000000000
30431  1.438  -56.895  69.230 0.0000000000
31348  0.874  -56.189  69.560 0.0000000000
41290  -17.206  -43.924  61.588 0.0000000000
42055  -18.653  -43.327  61.134 0.0000000000
46886  -30.471  -38.205  59.350 0.0000000000
125160  -15.448  -43.309  60.290 0.0000000000
58240  -32.633  -26.963  49.126 0.0000000000
59097  -33.342  -25.941  48.590 0.0000000000
65155  -35.489  -18.851  48.092 0.0000000000
64236  -36.640  -19.352  47.201 0.0000000000
63369  -37.241  -20.070  47.050 0.0000000000
65166  -37.657  -18.423  46.537 0.0000000000
65167  -38.458  -18.294  46.116 0.0000000000
66817  -37.761  -17.055  46.784 0.0000000000
53261  -25.561  -31.519  59.293 0.0000000000
54262  -25.141  -30.708  59.661 0.0000000000
58195  -26.959  -26.370  52.802 0.0000000000
137099  -27.133  -26.989  52.436 0.0000000000
58208  -27.583  -26.363  52.234 0.0000000000
58209  -28.320  -26.607  51.815 0.0000000000
58220  -29.134  -26.875  51.609 0.0000000000
119790  -28.926  -26.101  51.843 0.0000000000
120484  -22.638  -38.807  59.159 0.0000000000
66024  -43.675  -17.609  44.175 0.0000000000
130241  -44.186  -17.239  43.915 0.0000000000
33185  -2.068  -53.242  68.711 0.0000000000
33198  -1.668  -53.859  68.430 0.0000000000
33184  -1.584  -53.476  69.445 0.0000000000
32258  -1.135  -54.333  68.988 0.0000000000
32257  -0.413  -54.814  69.487 0.0000000000
53275  -30.397  -31.456  58.609 0.0000000000
44930  -26.275  -40.789  58.790 0.0000000000
44949  -26.727  -40.232  58.382 0.0000000000
44912  -27.731  -40.583  60.565 0.0000000000
44868  -12.728  -40.169  61.641 0.0000000000
45908  -11.574  -39.726  62.668 0.0000000000
131887  -11.300  -40.337  62.155 0.0000000000
42859  -10.914  -42.434  62.317 0.0000000000
133092  -15.254  -45.222  63.536 0.0000000000
131180  -30.230  -36.365  56.618 0.0000000000
44924  -17.457  -40.413  59.072 0.0000000000
45941  -18.098  -39.119  58.811 0.0000000000
48896  -19.099  -36.258  59.439 0.0000000000
130143  -19.280  -36.464  58.802 0.0000000000
123101  -21.374  -36.310  57.597 0.0000000000
117385  -24.305  -36.222  60.202 0.0000000000
48897  -23.755  -35.780  58.584 0.0000000000
49861  -23.085  -35.501  57.972 0.0000000000
48924  -23.597  -36.402  56.982 0.0000000000
47933  -23.850  -37.609  56.444 0.0000000000
126433  -24.400  -37.964  56.300 0.0000000000
47934  -25.079  -37.955  56.337 0.0000000000
126003  -25.797  -37.971  56.419 0.0000000000
114511  -33.549  -31.542  51.236 0.0000000000
53416  -33.945  -31.250  50.642 0.0000000000
136817  -34.648  -31.136  50.688 0.0000000000
54401  -35.211  -30.733  50.303 0.0000000000
60806  -32.978  -23.371  50.065 0.0000000000
61692  -34.087  -22.701  48.683 0.0000000000
59999  -38.119  -24.727  47.942 0.0000000000
60000  -39.128  -24.995  48.172 0.0000000000
119862  -40.060  -17.982  45.245 0.0000000000
66014  -41.438  -17.302  44.698 0.0000000000
134639  -3.975  -48.925  64.363 0.0000000000
36833  -3.831  -49.531  64.531 0.0000000000
35926  -3.746  -51.121  68.558 0.0000000000
127764  -30.411  -34.937  56.605 0.0000000000
50740  -30.061  -34.392  56.605 0.0000000000
52423  -27.064  -32.287  56.608 0.0000000000
125194  -27.531  -32.063  56.644 0.0000000000
53294  -27.994  -31.708  56.887 0.0000000000
57224  -24.850  -28.208  56.749 0.0000000000
56325  -25.432  -28.291  54.360 0.0000000000
56318  -24.991  -28.621  55.000 0.0000000000
114077  -30.914  -31.509  53.656 0.0000000000
53349  -30.619  -31.634  53.023 0.0000000000
52467  -31.231  -31.811  52.528 0.0000000000
52481  -31.781  -31.882  52.155 0.0000000000
52480  -31.143  -31.726  51.883 0.0000000000
53412  -30.734  -31.129  50.766 0.0000000000
57288  -30.155  -28.440  51.721 0.0000000000
56358  -31.104  -29.205  51.270 0.0000000000
56371  -31.533  -29.024  50.234 0.0000000000
43843  -19.556  -41.530  58.585 0.0000000000
42903  -19.959  -42.253  59.790 0.0000000000
43804  -20.469  -41.537  60.052 0.0000000000
43805  -20.756  -40.724  60.664 0.0000000000
41275  -6.867  -44.694  63.012 0.0000000000
41257  -6.328  -45.009  63.303 0.0000000000
39539  -7.483  -46.327  64.661 0.0000000000
42020  -10.546  -43.746  63.328 0.0000000000
114371  -32.516  -33.951  59.068 0.0000000000
52392  -32.103  -33.257  58.774 0.0000000000
123775  -16.974  -44.708  64.037 0.0000000000
42001  -18.317  -44.028  63.937 0.0000000000
42023  -18.820  -43.700  63.399 0.0000000000
45947  -28.511  -39.495  59.204 0.0000000000
44887  -13.674  -40.141  61.442 0.0000000000
43802  -13.835  -40.755  60.647 0.0000000000
136333  -13.265  -41.193  60.750 0.0000000000
42886  -13.133  -41.942  60.847 0.0000000000
42874  -13.075  -42.606  61.185 0.0000000000
41287  -14.636  -44.039  61.586 0.0000000000
115417  -26.801  -37.199  57.579 0.0000000000
48914  -26.690  -37.299  58.632 0.0000000000
54420  -32.668  -30.022  48.967 0.0000000000
54421  -33.362  -29.982  48.918 0.0000000000
55408  -32.822  -29.413  48.647 0.0000000000
56396  -34.032  -28.659  48.295 0.0000000000
57318  -33.085  -27.255  48.401 0.0000000000
124749  -34.362  -27.943  48.078 0.0000000000
131513  -35.092  -27.864  48.120 0.0000000000
134028  -33.673  -20.801  49.479 0.0000000000
63349  -33.922  -20.154  49.632 0.0000000000
63354  -34.218  -20.536  48.892 0.0000000000
63355  -35.010  -20.731  48.240 0.0000000000
62528  -36.400  -21.777  47.778 0.0000000000
61697  -38.881  -22.400  47.662 0.0000000000
62530  -38.336  -21.819  47.661 0.0000000000
63370  -38.072  -20.635  47.234 0.0000000000
62543  -39.494  -21.187  47.694 0.0000000000
64257  -39.810  -19.334  45.690 0.0000000000
65179  -39.188  -17.957  45.606 0.0000000000
66012  -39.742  -17.214  45.460 0.0000000000
37739  -5.616  -48.267  64.714 0.0000000000
37738  -5.085  -48.531  64.464 0.0000000000
137354  -5.677  -48.765  65.793 0.0000000000
136390  -25.943  -32.312  58.206 0.0000000000
52404  -25.912  -32.143  56.765 0.0000000000
52421  -25.647  -31.546  56.349 0.0000000000
129137  -25.906  -26.893  55.527 0.0000000000
58171  -25.707  -27.179  54.928 0.0000000000
58184  -26.056  -26.785  54.214 0.0000000000
57245  -25.664  -27.583  54.263 0.0000000000
56334  -25.863  -28.027  53.687 0.0000000000
55351  -26.582  -28.913  53.508 0.0000000000
55375  -29.172  -29.767  51.364 0.0000000000
124270  -29.174  -29.097  51.316 0.0000000000
57274  -30.683  -27.901  52.232 0.0000000000
45942  -20.774  -38.898  59.233 0.0000000000
44926  -20.849  -39.179  59.833 0.0000000000
45930  -21.512  -38.719  60.429 0.0000000000
135462  -6.617  -43.496  63.194 0.0000000000
40457  -8.537  -45.001  63.704 0.0000000000
115899  -13.189  -45.389  65.040 0.0000000000
34188  -2.021  -52.314  65.509 0.0000000000
34187  -1.435  -52.473  65.767 0.0000000000
33233  -1.730  -52.842  65.867 0.0000000000
33232  -1.171  -52.963  65.924 0.0000000000
33223  -0.617  -53.277  66.296 0.0000000000
33213  -1.576  -53.978  67.494 0.0000000000
32283  -0.576  -54.103  66.606 0.0000000000
33222  0.099  -53.952  66.647 0.0000000000
127441  0.734  -54.460  67.110 0.0000000000
132515  -33.527  -23.765  51.237 0.0000000000
61656  -33.489  -22.294  51.154 0.0000000000
62499  -33.788  -21.548  51.387 0.0000000000
63329  -33.855  -20.715  51.075 0.0000000000
54263  -29.049  -29.904  59.513 0.0000000000
44945  -24.256  -40.003  57.722 0.0000000000
43763  -8.681  -41.680  62.725 0.0000000000
42039  -10.674  -43.154  62.740 0.0000000000
42041  -12.886  -43.587  62.171 0.0000000000
41246  -12.924  -44.864  64.121 0.0000000000
67668  -43.874  -15.126  44.162 0.0000000000
47913  -31.391  -37.120  58.583 0.0000000000
48917  -31.698  -36.508  58.276 0.0000000000
49879  -30.387  -35.608  56.614 0.0000000000
116972  -26.509  -32.416  60.083 0.0000000000
42083  -17.450  -43.053  59.583 0.0000000000
119004  -18.158  -42.514  59.062 0.0000000000
43841  -18.262  -41.160  58.468 0.0000000000
43842  -18.873  -41.526  58.466 0.0000000000
43844  -19.996  -40.912  58.390 0.0000000000
46873  -18.049  -38.000  60.167 0.0000000000
113801  -18.765  -38.766  58.182 0.0000000000
45959  -21.059  -38.330  58.888 0.0000000000
49851  -20.979  -35.066  59.063 0.0000000000
49859  -21.252  -35.369  58.345 0.0000000000
49867  -21.645  -35.727  57.713 0.0000000000
48922  -22.003  -36.371  57.228 0.0000000000
46908  -22.630  -38.086  57.056 0.0000000000
45976  -25.504  -39.666  56.904 0.0000000000
44963  -25.909  -40.073  57.534 0.0000000000
45979  -27.752  -39.142  57.473 0.0000000000
45978  -27.191  -39.002  56.926 0.0000000000
46910  -29.487  -38.083  57.238 0.0000000000
134336  -29.938  -38.075  57.698 0.0000000000
46902  -30.311  -38.067  58.323 0.0000000000
44906  -15.736  -40.588  60.521 0.0000000000
42900  -16.375  -42.202  59.274 0.0000000000
116365  -34.718  -30.327  49.626 0.0000000000
55401  -35.788  -29.554  49.237 0.0000000000
59983  -33.095  -24.916  49.532 0.0000000000
122816  -33.338  -25.279  48.828 0.0000000000
59098  -34.533  -25.866  47.990 0.0000000000
134509  -35.866  -26.565  48.057 0.0000000000
134616  -34.078  -21.907  48.784 0.0000000000
131036  -35.772  -23.317  47.980 0.0000000000
120954  -35.637  -24.866  47.935 0.0000000000
57321  -37.874  -27.014  48.683 0.0000000000
66022  -42.351  -17.307  44.474 0.0000000000
128157  -43.094  -17.204  44.309 0.0000000000
68539  -43.299  -14.198  45.063 0.0000000000
36820  -1.725  -49.734  65.820 0.0000000000
126770  -1.905  -50.405  65.430 0.0000000000
35964  -2.214  -51.167  65.239 0.0000000000
36835  -4.738  -49.227  64.686 0.0000000000
36834  -4.259  -49.541  64.624 0.0000000000
35981  -3.932  -50.180  64.736 0.0000000000
35966  -4.125  -50.630  65.312 0.0000000000
35965  -3.478  -50.870  65.006 0.0000000000
35091  -3.046  -51.635  65.341 0.0000000000
34189  -2.544  -52.132  65.529 0.0000000000
127310  -2.521  -52.776  66.468 0.0000000000
118688  -2.613  -52.855  67.371 0.0000000000
120304  -3.377  -51.682  68.514 0.0000000000
34145  -2.562  -52.779  68.387 0.0000000000
49863  -31.920  -35.871  58.041 0.0000000000
136358  -31.421  -34.959  57.178 0.0000000000
49873  -31.752  -34.807  57.595 0.0000000000
51568  -31.742  -33.377  58.053 0.0000000000
51587  -29.025  -33.211  56.885 0.0000000000
52425  -29.811  -33.009  56.739 0.0000000000
52407  -31.158  -32.765  57.728 0.0000000000
137136  -30.984  -32.123  58.254 0.0000000000
53274  -29.494  -31.095  58.310 0.0000000000
54281  -28.830  -30.275  58.826 0.0000000000
54279  -24.691  -30.164  58.113 0.0000000000
56287  -24.698  -28.892  58.073 0.0000000000
55275  -24.687  -29.533  58.386 0.0000000000
56317  -24.758  -28.967  55.576 0.0000000000
54318  -24.792  -30.260  56.188 0.0000000000
53309  -25.620  -30.924  55.862 0.0000000000
56289  -29.068  -28.637  58.326 0.0000000000
54351  -29.423  -30.233  54.195 0.0000000000
52497  -33.126  -31.814  51.923 0.0000000000
52496  -32.280  -31.791  51.729 0.0000000000
53422  -32.640  -30.972  49.851 0.0000000000
54411  -32.254  -30.399  49.360 0.0000000000
54398  -30.486  -30.446  50.579 0.0000000000
54399  -31.116  -30.680  50.139 0.0000000000
54410  -31.579  -30.185  49.580 0.0000000000
133934  -32.394  -27.800  49.244 0.0000000000
42056  -19.510  -42.975  61.307 0.0000000000
44892  -21.341  -39.861  61.948 0.0000000000
121457  -21.186  -40.715  62.411 0.0000000000
43768  -21.164  -41.567  62.896 0.0000000000
40453  -5.280  -46.109  63.877 0.0000000000
39552  -5.180  -46.772  63.959 0.0000000000
38649  -5.379  -47.253  64.065 0.0000000000
38636  -5.581  -47.722  64.322 0.0000000000
42037  -8.492  -43.060  62.590 0.0000000000
41277  -8.937  -43.751  62.744 0.0000000000
40443  -11.518  -44.608  64.916 0.0000000000
40442  -9.484  -44.935  64.980 0.0000000000
32247  -0.068  -54.525  70.340 0.0000000000
31349  0.031  -55.575  69.019 0.0000000000
31362  -0.079  -55.527  68.081 0.0000000000
31376  0.600  -55.850  67.888 0.0000000000
32282  1.173  -55.182  67.325 0.0000000000
30442  2.333  -57.861  68.498 0.0000000000
124967  2.946  -56.601  67.459 0.0000000000
30455  2.487  -57.115  67.898 0.0000000000
31374  2.693  -56.079  67.585 0.0000000000
34175  -2.311  -52.618  65.849 0.0000000000
35090  -2.402  -51.695  65.332 0.0000000000
36822  -4.455  -49.877  64.912 0.0000000000
43824  -19.657  -42.067  59.033 0.0000000000
48923  -22.800  -36.496  56.898 0.0000000000
55400  -35.029  -29.747  49.173 0.0000000000
62522  -33.799  -21.324  49.092 0.0000000000
120912  -34.693  -27.228  47.994 0.0000000000
