#!ascii label  , from subject sub-v2s10x28977_ses-1 vox2ras=TkReg
1460
57997  -36.324  -18.249  67.426 0.0000000000
69841  -48.418  -5.603  64.563 0.0000000000
63105  -43.257  -13.188  64.658 0.0000000000
123845  -4.224  -32.415  85.023 0.0000000000
143785  -30.724  -20.231  70.831 0.0000000000
49196  -14.832  -25.977  87.746 0.0000000000
54722  -23.698  -21.537  84.023 0.0000000000
51656  -28.661  -24.287  78.787 0.0000000000
53826  -31.844  -22.705  77.242 0.0000000000
125023  -12.740  -31.867  81.862 0.0000000000
45238  -12.918  -30.253  88.440 0.0000000000
47125  -15.451  -28.456  81.733 0.0000000000
53786  -21.145  -22.304  79.375 0.0000000000
53787  -24.995  -21.842  79.122 0.0000000000
57897  -37.152  -18.229  73.537 0.0000000000
57919  -41.473  -18.388  72.585 0.0000000000
140481  -44.912  -8.568  65.061 0.0000000000
61142  -39.989  -15.763  66.200 0.0000000000
68899  -47.224  -7.070  57.754 0.0000000000
41431  -0.580  -34.376  84.670 0.0000000000
55859  -34.914  -20.078  75.730 0.0000000000
122131  -33.630  -20.081  69.343 0.0000000000
49315  -19.438  -25.881  79.919 0.0000000000
51571  -20.576  -24.613  86.313 0.0000000000
61098  -44.473  -15.257  71.477 0.0000000000
69971  -55.550  -6.090  54.052 0.0000000000
126979  -26.510  -23.485  76.113 0.0000000000
52835  -28.329  -23.358  75.590 0.0000000000
125571  -14.690  -30.546  82.716 0.0000000000
54837  -22.629  -20.470  76.069 0.0000000000
53864  -25.095  -22.797  76.191 0.0000000000
133862  -26.668  -23.636  79.069 0.0000000000
56906  -37.060  -20.203  70.165 0.0000000000
125083  -39.611  -19.641  73.339 0.0000000000
57971  -38.968  -18.156  69.917 0.0000000000
68829  -45.935  -6.294  63.721 0.0000000000
67847  -48.781  -8.547  66.601 0.0000000000
144272  -51.522  -6.072  64.294 0.0000000000
43439  -3.432  -31.802  81.688 0.0000000000
42406  -2.667  -32.711  84.025 0.0000000000
54867  -31.750  -21.471  74.150 0.0000000000
54839  -33.557  -21.232  76.580 0.0000000000
55879  -33.146  -19.883  73.353 0.0000000000
56871  -33.861  -18.801  72.120 0.0000000000
56903  -32.037  -19.276  70.697 0.0000000000
132416  -14.069  -28.132  88.463 0.0000000000
46135  -12.171  -29.309  90.763 0.0000000000
48077  -13.796  -26.787  90.764 0.0000000000
128546  -15.098  -24.987  89.936 0.0000000000
49360  -18.340  -26.335  77.402 0.0000000000
50509  -20.362  -25.449  77.189 0.0000000000
54760  -21.958  -20.925  81.699 0.0000000000
51615  -22.101  -24.054  82.645 0.0000000000
127724  -22.549  -23.446  85.642 0.0000000000
52666  -21.234  -22.658  89.584 0.0000000000
41450  -8.489  -34.839  83.506 0.0000000000
41398  -10.434  -35.371  87.078 0.0000000000
39477  -9.997  -36.236  89.599 0.0000000000
125777  -41.541  -14.302  65.320 0.0000000000
129828  -42.014  -15.375  68.689 0.0000000000
62106  -43.762  -14.046  68.087 0.0000000000
71032  -57.269  -5.197  53.043 0.0000000000
121441  -4.273  -32.071  88.050 0.0000000000
50464  -31.308  -25.192  81.573 0.0000000000
52742  -32.488  -23.615  80.414 0.0000000000
144223  -30.417  -23.769  78.156 0.0000000000
53866  -30.385  -22.639  75.079 0.0000000000
127793  -11.604  -32.701  85.270 0.0000000000
43365  -11.363  -32.079  87.956 0.0000000000
44323  -13.222  -30.910  85.401 0.0000000000
46163  -14.616  -29.277  85.930 0.0000000000
48152  -15.596  -26.778  84.913 0.0000000000
124341  -20.865  -23.052  77.164 0.0000000000
55843  -20.877  -20.267  76.943 0.0000000000
55820  -22.759  -20.236  78.742 0.0000000000
53763  -24.561  -21.752  81.247 0.0000000000
52732  -26.297  -23.826  81.453 0.0000000000
50461  -28.735  -25.399  81.625 0.0000000000
42478  -11.204  -33.161  80.766 0.0000000000
58882  -37.904  -17.713  76.928 0.0000000000
59947  -39.829  -15.798  79.531 0.0000000000
58883  -39.827  -16.871  76.331 0.0000000000
58908  -42.238  -17.811  76.120 0.0000000000
65155  -44.433  -11.247  64.283 0.0000000000
140390  -45.777  -12.830  67.237 0.0000000000
65143  -47.338  -11.316  66.568 0.0000000000
38446  5.925  -37.052  87.426 0.0000000000
59040  -38.187  -17.072  66.648 0.0000000000
119470  -39.529  -14.595  63.078 0.0000000000
65181  -41.905  -10.350  62.957 0.0000000000
66982  -41.823  -8.515  62.502 0.0000000000
67906  -43.800  -8.130  62.175 0.0000000000
67919  -47.073  -8.482  61.343 0.0000000000
68861  -48.438  -7.711  61.246 0.0000000000
122415  -45.730  -7.793  58.277 0.0000000000
42361  -1.155  -33.716  88.618 0.0000000000
41383  0.580  -34.475  88.336 0.0000000000
40422  3.996  -35.568  88.135 0.0000000000
56782  -36.793  -19.518  80.676 0.0000000000
54790  -34.030  -21.776  79.533 0.0000000000
55821  -35.422  -20.599  78.853 0.0000000000
56811  -36.457  -19.684  77.336 0.0000000000
56843  -36.226  -18.823  74.484 0.0000000000
55903  -35.795  -20.153  71.149 0.0000000000
56939  -35.222  -19.727  68.449 0.0000000000
127540  -11.026  -31.910  90.329 0.0000000000
122307  -16.606  -26.015  81.067 0.0000000000
50413  -17.187  -25.758  83.558 0.0000000000
50493  -21.235  -24.981  79.108 0.0000000000
50416  -20.163  -25.278  83.521 0.0000000000
50343  -17.681  -24.891  86.969 0.0000000000
51546  -17.997  -23.806  89.329 0.0000000000
44344  -4.920  -31.634  82.441 0.0000000000
42440  -6.556  -33.114  82.620 0.0000000000
42394  -5.782  -33.001  85.607 0.0000000000
60056  -40.536  -16.534  69.076 0.0000000000
60028  -42.918  -16.753  71.930 0.0000000000
60012  -45.869  -15.998  74.050 0.0000000000
127287  -45.644  -13.443  70.433 0.0000000000
69889  -50.421  -6.417  60.622 0.0000000000
69900  -52.042  -5.869  59.442 0.0000000000
70980  -54.143  -5.117  58.433 0.0000000000
69957  -53.539  -6.424  55.627 0.0000000000
72026  -56.888  -3.257  57.398 0.0000000000
52852  -25.517  -23.104  74.656 0.0000000000
52853  -26.406  -23.271  74.722 0.0000000000
53888  -25.476  -22.954  73.179 0.0000000000
53877  -23.779  -21.987  74.735 0.0000000000
52851  -24.776  -22.799  74.889 0.0000000000
126257  -25.689  -23.188  76.348 0.0000000000
56940  -36.869  -19.026  68.855 0.0000000000
56925  -37.880  -19.663  70.190 0.0000000000
57985  -37.280  -18.323  68.425 0.0000000000
69856  -47.016  -5.832  64.173 0.0000000000
69829  -47.039  -5.974  65.491 0.0000000000
70911  -48.309  -5.064  65.380 0.0000000000
71958  -49.790  -4.231  65.734 0.0000000000
69859  -50.213  -6.828  64.310 0.0000000000
43416  -4.125  -32.147  83.246 0.0000000000
43414  -2.876  -32.605  83.185 0.0000000000
119582  -3.550  -32.414  84.335 0.0000000000
54889  -30.994  -21.003  72.658 0.0000000000
54879  -32.316  -20.608  73.494 0.0000000000
55889  -31.778  -20.433  72.704 0.0000000000
56886  -32.537  -19.266  71.383 0.0000000000
56902  -31.294  -19.625  70.561 0.0000000000
41387  -11.742  -34.873  88.732 0.0000000000
49220  -14.465  -26.685  87.958 0.0000000000
48085  -13.539  -28.129  89.897 0.0000000000
49195  -14.401  -26.271  88.758 0.0000000000
49160  -14.044  -25.907  91.292 0.0000000000
126199  -15.224  -25.206  88.934 0.0000000000
54747  -22.445  -21.386  83.019 0.0000000000
53735  -22.189  -22.167  83.667 0.0000000000
54720  -22.971  -21.638  84.655 0.0000000000
53710  -22.871  -22.175  86.818 0.0000000000
41409  -11.276  -34.107  86.128 0.0000000000
40429  -11.213  -35.222  87.862 0.0000000000
40415  -11.242  -35.658  88.965 0.0000000000
57757  -38.457  -18.378  81.537 0.0000000000
141962  -42.614  -13.627  64.899 0.0000000000
62114  -42.764  -14.204  66.921 0.0000000000
63091  -43.379  -13.690  66.325 0.0000000000
133700  -29.936  -24.710  80.003 0.0000000000
51648  -30.479  -24.371  79.527 0.0000000000
51658  -30.082  -24.110  78.696 0.0000000000
53865  -29.624  -22.761  74.953 0.0000000000
53891  -28.856  -22.357  73.554 0.0000000000
53892  -29.626  -22.104  73.676 0.0000000000
43405  -11.996  -32.169  84.255 0.0000000000
121983  -12.345  -31.496  85.576 0.0000000000
135798  -13.064  -31.341  84.110 0.0000000000
46188  -15.374  -29.389  82.020 0.0000000000
46176  -14.921  -30.013  84.046 0.0000000000
47096  -15.328  -28.858  83.328 0.0000000000
47072  -14.920  -28.441  85.476 0.0000000000
135839  -15.590  -27.265  83.346 0.0000000000
55854  -20.582  -20.188  76.166 0.0000000000
54825  -24.351  -21.488  77.746 0.0000000000
55833  -22.760  -20.239  77.948 0.0000000000
54807  -23.631  -20.729  78.337 0.0000000000
54788  -23.446  -20.566  79.689 0.0000000000
53775  -24.659  -21.642  80.220 0.0000000000
53764  -25.098  -22.530  81.629 0.0000000000
53788  -25.414  -22.514  79.757 0.0000000000
51655  -27.885  -24.152  78.700 0.0000000000
51635  -27.791  -24.671  80.439 0.0000000000
51636  -28.545  -24.817  80.240 0.0000000000
50462  -29.595  -25.455  81.609 0.0000000000
43443  -12.089  -32.328  81.768 0.0000000000
57869  -37.438  -17.802  74.611 0.0000000000
124986  -38.912  -16.804  76.445 0.0000000000
58923  -38.682  -17.542  74.827 0.0000000000
142591  -40.558  -19.337  73.119 0.0000000000
57872  -40.557  -18.602  74.766 0.0000000000
133637  -41.653  -18.769  74.020 0.0000000000
57849  -42.772  -18.257  75.477 0.0000000000
57900  -42.354  -18.393  73.664 0.0000000000
66099  -45.039  -9.869  64.942 0.0000000000
65149  -46.500  -11.245  65.285 0.0000000000
66091  -46.629  -10.278  65.205 0.0000000000
67840  -49.489  -8.253  67.906 0.0000000000
66108  -41.698  -9.192  63.000 0.0000000000
123318  -40.503  -9.016  61.443 0.0000000000
142278  -43.299  -9.296  60.697 0.0000000000
67023  -44.092  -9.276  59.836 0.0000000000
140809  -45.387  -8.374  62.118 0.0000000000
67935  -45.517  -8.703  59.581 0.0000000000
67936  -46.356  -8.418  59.895 0.0000000000
42422  -1.296  -33.763  83.135 0.0000000000
129638  0.641  -35.181  85.027 0.0000000000
136656  -3.532  -31.971  90.574 0.0000000000
137202  -2.586  -32.787  88.479 0.0000000000
43352  -1.989  -32.797  89.846 0.0000000000
42346  0.205  -33.826  89.951 0.0000000000
41370  2.002  -34.370  89.806 0.0000000000
40410  2.202  -35.035  88.189 0.0000000000
40395  3.946  -34.978  89.784 0.0000000000
40408  4.550  -35.448  89.232 0.0000000000
52769  -32.093  -22.961  78.746 0.0000000000
53790  -33.419  -22.367  79.966 0.0000000000
53828  -32.934  -22.042  78.046 0.0000000000
130423  -34.448  -20.441  76.106 0.0000000000
54827  -34.325  -21.082  78.070 0.0000000000
141162  -35.113  -20.406  77.442 0.0000000000
56801  -35.770  -20.200  78.026 0.0000000000
56817  -35.433  -19.959  76.178 0.0000000000
56828  -36.454  -19.076  75.323 0.0000000000
56827  -35.639  -19.521  75.256 0.0000000000
56904  -33.397  -19.345  70.891 0.0000000000
129504  -34.467  -18.756  72.056 0.0000000000
56921  -34.142  -20.060  70.272 0.0000000000
56922  -35.250  -20.351  69.986 0.0000000000
56938  -34.178  -19.868  68.336 0.0000000000
44302  -11.582  -31.427  88.305 0.0000000000
44299  -11.256  -31.836  89.152 0.0000000000
45232  -11.544  -30.647  89.819 0.0000000000
140546  -18.765  -26.226  78.782 0.0000000000
49330  -17.079  -26.220  79.777 0.0000000000
49298  -17.945  -25.847  80.861 0.0000000000
49275  -16.725  -26.001  82.807 0.0000000000
50456  -18.329  -25.682  81.675 0.0000000000
53822  -20.846  -22.555  77.851 0.0000000000
52786  -20.969  -23.558  77.739 0.0000000000
52749  -21.295  -23.480  79.552 0.0000000000
51602  -22.034  -24.597  83.832 0.0000000000
50417  -21.343  -25.032  83.568 0.0000000000
50375  -20.244  -25.011  84.893 0.0000000000
121201  -18.943  -25.210  84.651 0.0000000000
51569  -18.678  -24.720  86.776 0.0000000000
51551  -17.395  -24.330  88.737 0.0000000000
51553  -19.122  -24.069  88.214 0.0000000000
51593  -26.628  -23.955  84.393 0.0000000000
42441  -7.083  -33.779  82.816 0.0000000000
123430  -7.098  -34.541  85.048 0.0000000000
126165  -6.216  -33.294  84.196 0.0000000000
39455  -9.921  -36.470  91.632 0.0000000000
60082  -38.755  -16.598  66.233 0.0000000000
59023  -39.036  -16.995  67.789 0.0000000000
60076  -40.183  -16.277  67.790 0.0000000000
61106  -43.519  -15.181  70.265 0.0000000000
60047  -42.258  -16.135  70.556 0.0000000000
60036  -43.325  -16.142  71.504 0.0000000000
58962  -44.166  -17.007  72.942 0.0000000000
60030  -45.394  -15.982  73.114 0.0000000000
65110  -46.688  -11.954  69.346 0.0000000000
64129  -45.943  -12.801  69.111 0.0000000000
135944  -46.615  -12.247  70.920 0.0000000000
139731  -48.565  -7.004  59.761 0.0000000000
69888  -49.764  -6.821  61.040 0.0000000000
69896  -48.829  -6.716  59.030 0.0000000000
133467  -50.815  -6.397  58.448 0.0000000000
69929  -51.645  -6.345  57.967 0.0000000000
70979  -53.268  -5.547  58.678 0.0000000000
69931  -53.114  -6.199  57.135 0.0000000000
69981  -54.331  -6.449  53.433 0.0000000000
69969  -53.053  -6.601  54.317 0.0000000000
69958  -54.337  -6.281  55.305 0.0000000000
71000  -55.542  -4.814  56.395 0.0000000000
71009  -55.944  -5.026  55.562 0.0000000000
71010  -57.129  -4.157  55.182 0.0000000000
72058  -59.041  -4.043  53.602 0.0000000000
52789  -27.672  -23.898  77.313 0.0000000000
52790  -28.516  -23.872  77.205 0.0000000000
52834  -27.397  -23.509  75.762 0.0000000000
53879  -27.648  -22.953  74.004 0.0000000000
127067  -13.569  -31.306  82.659 0.0000000000
54851  -23.340  -21.261  75.337 0.0000000000
53844  -24.254  -21.964  76.179 0.0000000000
53824  -24.898  -22.131  77.279 0.0000000000
53805  -25.585  -22.725  78.652 0.0000000000
52809  -25.665  -23.116  77.158 0.0000000000
130058  -26.968  -23.799  77.416 0.0000000000
56875  -37.706  -19.895  72.631 0.0000000000
57898  -38.638  -18.915  73.880 0.0000000000
56891  -38.634  -20.174  71.875 0.0000000000
56892  -39.507  -19.672  72.005 0.0000000000
57938  -40.409  -18.407  71.545 0.0000000000
133024  -45.230  -7.386  64.875 0.0000000000
66950  -47.420  -9.060  65.683 0.0000000000
68807  -46.444  -6.940  65.634 0.0000000000
133685  -48.978  -7.742  66.639 0.0000000000
70943  -52.793  -5.471  63.336 0.0000000000
42423  -2.121  -33.095  83.232 0.0000000000
42391  -1.256  -33.898  85.136 0.0000000000
53868  -31.925  -22.236  75.841 0.0000000000
54838  -32.730  -21.830  76.391 0.0000000000
54853  -32.481  -21.687  75.429 0.0000000000
55871  -33.306  -20.574  74.416 0.0000000000
55858  -34.049  -20.006  74.376 0.0000000000
56841  -34.663  -19.295  73.805 0.0000000000
55891  -33.493  -19.233  72.697 0.0000000000
56887  -33.277  -19.108  71.518 0.0000000000
120478  -32.683  -19.692  69.386 0.0000000000
46147  -13.311  -29.678  88.758 0.0000000000
46140  -12.093  -29.943  90.021 0.0000000000
130138  -13.071  -28.822  90.047 0.0000000000
47032  -12.743  -28.284  91.159 0.0000000000
50298  -14.369  -25.002  92.031 0.0000000000
49361  -19.229  -26.155  77.474 0.0000000000
49347  -20.246  -25.793  78.521 0.0000000000
53774  -21.480  -21.821  80.786 0.0000000000
131977  -21.448  -22.960  81.101 0.0000000000
52720  -21.569  -22.634  81.888 0.0000000000
51592  -22.335  -24.150  84.322 0.0000000000
51573  -22.298  -24.080  86.007 0.0000000000
52685  -21.185  -23.917  87.756 0.0000000000
127045  -21.960  -23.450  87.778 0.0000000000
129513  -10.115  -34.495  82.789 0.0000000000
40470  -9.631  -35.173  84.831 0.0000000000
40427  -8.723  -35.570  87.362 0.0000000000
40413  -8.734  -35.662  88.333 0.0000000000
40414  -9.726  -35.969  88.648 0.0000000000
61150  -40.443  -15.213  65.731 0.0000000000
61133  -40.776  -15.743  67.559 0.0000000000
62112  -41.590  -14.798  66.651 0.0000000000
62096  -42.898  -14.515  67.853 0.0000000000
62086  -43.791  -14.603  69.531 0.0000000000
69938  -46.353  -6.541  56.354 0.0000000000
69926  -48.507  -6.658  57.722 0.0000000000
134492  -47.960  -6.562  56.358 0.0000000000
131468  -55.224  -6.251  53.118 0.0000000000
71031  -56.738  -5.349  53.902 0.0000000000
71041  -55.227  -5.845  52.022 0.0000000000
71056  -56.582  -5.428  51.328 0.0000000000
43379  -4.938  -32.378  86.637 0.0000000000
43378  -4.403  -32.330  86.644 0.0000000000
51617  -32.828  -24.692  82.358 0.0000000000
51640  -31.921  -24.235  80.547 0.0000000000
52753  -31.628  -23.572  79.161 0.0000000000
52794  -31.636  -23.037  77.970 0.0000000000
52791  -29.401  -23.756  77.173 0.0000000000
52815  -30.640  -23.169  76.606 0.0000000000
53848  -31.325  -22.756  76.371 0.0000000000
53881  -30.933  -22.145  74.474 0.0000000000
54888  -30.394  -21.337  72.673 0.0000000000
42373  -11.357  -33.436  86.817 0.0000000000
131150  -11.340  -32.939  87.621 0.0000000000
43373  -11.493  -32.376  86.878 0.0000000000
44307  -11.690  -31.585  87.360 0.0000000000
45245  -12.862  -30.566  87.690 0.0000000000
45265  -13.684  -30.845  84.630 0.0000000000
125170  -13.699  -30.507  85.947 0.0000000000
46158  -13.943  -29.890  87.163 0.0000000000
47049  -14.423  -28.412  87.172 0.0000000000
48119  -14.662  -27.524  86.772 0.0000000000
123191  -15.458  -26.312  86.083 0.0000000000
54836  -20.545  -20.937  76.621 0.0000000000
54822  -20.955  -20.862  78.304 0.0000000000
55845  -21.792  -19.914  76.739 0.0000000000
55832  -21.811  -19.959  77.635 0.0000000000
55818  -21.499  -20.543  78.820 0.0000000000
55798  -21.814  -20.683  80.175 0.0000000000
54761  -22.950  -20.598  81.590 0.0000000000
54749  -23.954  -21.257  82.673 0.0000000000
53727  -25.007  -22.386  84.206 0.0000000000
53752  -25.034  -22.522  82.540 0.0000000000
52714  -26.130  -23.742  83.592 0.0000000000
51616  -26.976  -24.699  82.569 0.0000000000
137635  -26.442  -23.668  80.405 0.0000000000
51625  -27.329  -24.820  81.771 0.0000000000
50418  -28.195  -25.390  83.230 0.0000000000
127387  -29.672  -25.678  83.024 0.0000000000
42426  -11.083  -33.806  83.565 0.0000000000
58860  -38.083  -17.489  77.954 0.0000000000
58861  -38.650  -16.808  78.275 0.0000000000
126460  -39.893  -15.890  78.477 0.0000000000
59962  -40.526  -16.189  77.827 0.0000000000
58924  -39.612  -17.874  74.889 0.0000000000
58884  -40.735  -17.080  76.469 0.0000000000
64191  -44.484  -12.253  64.547 0.0000000000
64170  -44.978  -12.954  65.979 0.0000000000
64182  -45.309  -12.378  65.218 0.0000000000
65142  -46.722  -12.048  66.517 0.0000000000
65111  -47.196  -11.317  69.116 0.0000000000
66084  -48.139  -10.057  66.644 0.0000000000
66066  -47.832  -10.434  68.325 0.0000000000
58029  -36.518  -17.594  66.086 0.0000000000
59022  -37.501  -17.514  67.105 0.0000000000
59061  -37.386  -17.126  65.571 0.0000000000
60094  -37.881  -16.688  65.128 0.0000000000
60113  -39.097  -15.907  65.049 0.0000000000
61165  -39.587  -15.306  64.585 0.0000000000
140946  -40.731  -14.408  64.312 0.0000000000
62156  -41.061  -14.011  63.748 0.0000000000
63138  -42.264  -13.014  63.278 0.0000000000
128778  -42.811  -12.213  63.256 0.0000000000
127216  -42.636  -10.623  63.342 0.0000000000
127723  -42.763  -9.084  63.851 0.0000000000
142933  -43.181  -8.511  63.897 0.0000000000
66995  -41.381  -8.827  61.503 0.0000000000
67905  -42.866  -8.231  62.078 0.0000000000
67877  -44.082  -7.238  63.494 0.0000000000
68827  -44.613  -7.068  62.978 0.0000000000
67894  -46.366  -7.730  62.752 0.0000000000
68842  -47.327  -7.824  62.910 0.0000000000
68844  -49.184  -7.783  62.908 0.0000000000
68860  -47.760  -8.127  61.270 0.0000000000
68871  -46.870  -7.782  59.306 0.0000000000
68898  -46.397  -7.346  57.817 0.0000000000
69923  -45.837  -6.927  56.925 0.0000000000
42382  -3.017  -32.779  86.260 0.0000000000
42381  -2.079  -33.350  86.322 0.0000000000
127895  -1.182  -33.937  86.079 0.0000000000
42337  -1.202  -32.981  90.303 0.0000000000
41384  -0.377  -34.258  87.869 0.0000000000
41406  0.296  -34.813  86.656 0.0000000000
40425  0.996  -35.045  86.970 0.0000000000
40437  2.496  -35.526  86.730 0.0000000000
39489  4.131  -36.153  86.734 0.0000000000
39481  4.588  -35.969  87.643 0.0000000000
56791  -37.234  -18.861  80.474 0.0000000000
54776  -35.040  -21.616  80.869 0.0000000000
54826  -33.627  -21.533  78.094 0.0000000000
122949  -34.539  -21.394  79.251 0.0000000000
55809  -35.951  -20.422  79.944 0.0000000000
56790  -36.598  -19.548  79.623 0.0000000000
57799  -37.272  -18.812  78.401 0.0000000000
127252  -37.428  -18.550  76.788 0.0000000000
57845  -36.882  -18.367  74.866 0.0000000000
57868  -36.839  -18.182  73.905 0.0000000000
56858  -35.214  -18.817  73.310 0.0000000000
57917  -35.682  -18.611  72.692 0.0000000000
56874  -36.334  -18.839  72.599 0.0000000000
55915  -36.460  -20.376  70.663 0.0000000000
127831  -36.527  -19.820  69.374 0.0000000000
56954  -35.658  -18.891  67.814 0.0000000000
55924  -30.411  -19.469  69.323 0.0000000000
119476  -31.180  -19.235  69.347 0.0000000000
56935  -31.435  -19.234  68.751 0.0000000000
134873  -32.682  -19.723  67.937 0.0000000000
56952  -33.466  -19.673  67.766 0.0000000000
58013  -33.985  -18.980  66.728 0.0000000000
57996  -34.885  -18.727  67.116 0.0000000000
58014  -35.371  -18.181  66.451 0.0000000000
144259  -11.137  -30.827  90.792 0.0000000000
48215  -15.531  -27.242  80.611 0.0000000000
49329  -16.212  -26.470  79.530 0.0000000000
139196  -15.691  -26.860  81.264 0.0000000000
49273  -15.991  -26.505  83.139 0.0000000000
129460  -15.989  -26.251  84.940 0.0000000000
49240  -15.982  -26.032  85.685 0.0000000000
52785  -20.814  -23.854  76.953 0.0000000000
50501  -21.061  -24.895  78.320 0.0000000000
50491  -20.257  -25.744  79.847 0.0000000000
51623  -21.646  -24.387  80.968 0.0000000000
130879  -20.858  -25.394  82.002 0.0000000000
50457  -19.400  -25.652  81.454 0.0000000000
50414  -18.141  -25.545  83.492 0.0000000000
50372  -17.365  -25.384  85.620 0.0000000000
139093  -16.211  -25.361  86.938 0.0000000000
51558  -16.706  -24.745  88.195 0.0000000000
51544  -16.398  -24.168  90.066 0.0000000000
44343  -4.489  -31.768  82.533 0.0000000000
43417  -4.427  -32.226  83.689 0.0000000000
43440  -6.546  -31.962  81.180 0.0000000000
44371  -5.923  -31.299  81.208 0.0000000000
43430  -5.523  -32.155  82.540 0.0000000000
43402  -5.252  -32.515  84.325 0.0000000000
43403  -5.188  -32.582  85.294 0.0000000000
43380  -5.618  -32.659  87.018 0.0000000000
126754  -8.747  -35.669  90.359 0.0000000000
59007  -38.508  -17.452  68.289 0.0000000000
58993  -39.347  -17.580  69.604 0.0000000000
58974  -40.639  -17.574  71.077 0.0000000000
60068  -41.139  -16.098  68.833 0.0000000000
60046  -41.456  -16.513  70.411 0.0000000000
58959  -41.786  -17.622  72.049 0.0000000000
58939  -43.669  -17.630  73.447 0.0000000000
63079  -45.122  -13.251  67.556 0.0000000000
63066  -44.743  -13.716  68.991 0.0000000000
62070  -45.003  -14.636  71.256 0.0000000000
136821  -50.062  -7.301  62.357 0.0000000000
69881  -50.886  -6.722  62.090 0.0000000000
69883  -52.155  -5.784  61.678 0.0000000000
69909  -50.251  -6.455  59.017 0.0000000000
69899  -51.273  -6.140  59.680 0.0000000000
70958  -52.636  -5.447  61.250 0.0000000000
72004  -53.957  -4.674  60.327 0.0000000000
72005  -54.677  -4.230  59.872 0.0000000000
138080  -52.181  -6.602  55.617 0.0000000000
70998  -53.851  -5.819  57.159 0.0000000000
72025  -55.897  -3.782  57.732 0.0000000000
72051  -58.713  -3.806  53.975 0.0000000000
52863  -25.317  -22.990  73.876 0.0000000000
53878  -24.221  -22.547  74.228 0.0000000000
52862  -24.872  -22.889  74.221 0.0000000000
52832  -25.270  -22.997  75.539 0.0000000000
57984  -36.536  -18.623  68.154 0.0000000000
57969  -37.512  -18.650  69.034 0.0000000000
69857  -47.654  -5.815  64.326 0.0000000000
70924  -47.386  -5.639  64.563 0.0000000000
70925  -47.990  -5.330  64.781 0.0000000000
70926  -48.907  -4.892  65.162 0.0000000000
135333  -49.405  -5.559  64.754 0.0000000000
69858  -49.272  -6.625  64.326 0.0000000000
139240  -3.982  -32.233  83.930 0.0000000000
43400  -4.093  -32.317  84.407 0.0000000000
55900  -30.616  -20.614  71.402 0.0000000000
55888  -31.267  -20.349  71.906 0.0000000000
55901  -31.762  -19.590  71.263 0.0000000000
55913  -31.126  -20.097  71.195 0.0000000000
42363  -11.578  -33.810  88.302 0.0000000000
50331  -14.871  -25.664  88.524 0.0000000000
54735  -23.408  -21.176  83.225 0.0000000000
54734  -22.861  -21.478  83.943 0.0000000000
54721  -23.287  -21.540  84.511 0.0000000000
124540  -23.649  -21.641  84.804 0.0000000000
125184  -42.971  -13.640  65.493 0.0000000000
63106  -43.726  -13.269  65.448 0.0000000000
51647  -29.511  -24.464  79.309 0.0000000000
51657  -29.390  -24.158  78.528 0.0000000000
140261  -28.193  -22.599  73.528 0.0000000000
44338  -12.395  -31.874  83.527 0.0000000000
44347  -12.907  -31.668  82.656 0.0000000000
47111  -15.414  -28.662  82.565 0.0000000000
46183  -15.287  -29.498  82.830 0.0000000000
132565  -15.354  -28.113  83.899 0.0000000000
123499  -15.432  -28.085  83.100 0.0000000000
54808  -24.416  -21.343  78.620 0.0000000000
54789  -24.306  -21.137  79.468 0.0000000000
136829  -28.017  -24.446  79.517 0.0000000000
51646  -28.797  -24.599  79.579 0.0000000000
51637  -29.289  -24.825  80.126 0.0000000000
43433  -12.277  -32.106  82.567 0.0000000000
141938  -11.922  -32.322  83.070 0.0000000000
133094  -37.573  -17.810  74.092 0.0000000000
58922  -37.978  -17.549  74.683 0.0000000000
57870  -38.215  -17.757  74.182 0.0000000000
57918  -40.720  -18.886  72.449 0.0000000000
57899  -41.091  -19.046  73.396 0.0000000000
127509  -41.763  -18.545  73.297 0.0000000000
57874  -42.384  -18.496  74.643 0.0000000000
66957  -44.239  -9.133  64.765 0.0000000000
66958  -45.821  -9.577  65.198 0.0000000000
67819  -49.153  -8.440  70.370 0.0000000000
133390  -40.762  -8.689  62.108 0.0000000000
67013  -44.831  -9.217  60.280 0.0000000000
67934  -44.659  -8.873  59.337 0.0000000000
137346  -1.221  -33.794  84.218 0.0000000000
137223  -0.513  -34.475  83.644 0.0000000000
41430  0.044  -34.884  84.372 0.0000000000
140315  -0.027  -34.723  85.088 0.0000000000
43340  -2.781  -32.323  90.261 0.0000000000
129666  -2.973  -31.955  91.378 0.0000000000
41381  2.681  -34.789  89.214 0.0000000000
41368  4.190  -34.972  90.707 0.0000000000
53827  -32.280  -22.551  77.993 0.0000000000
53806  -32.666  -22.409  78.618 0.0000000000
141544  -34.312  -20.302  75.345 0.0000000000
55847  -34.875  -20.335  76.674 0.0000000000
56810  -35.617  -20.068  76.991 0.0000000000
56826  -34.825  -19.737  74.767 0.0000000000
56920  -33.097  -19.616  70.154 0.0000000000
121663  -34.691  -20.226  69.233 0.0000000000
44303  -12.014  -30.761  88.584 0.0000000000
45237  -11.437  -31.206  89.177 0.0000000000
49331  -18.755  -26.041  79.594 0.0000000000
120041  -17.945  -26.029  80.058 0.0000000000
49314  -18.763  -25.875  80.346 0.0000000000
50476  -18.816  -25.762  80.995 0.0000000000
53803  -20.905  -21.890  78.582 0.0000000000
52763  -21.066  -23.193  78.621 0.0000000000
131136  -21.131  -24.698  85.719 0.0000000000
51590  -21.146  -24.869  84.979 0.0000000000
51580  -20.359  -24.841  85.517 0.0000000000
51579  -19.761  -24.785  85.931 0.0000000000
51570  -19.602  -24.636  86.598 0.0000000000
51561  -19.373  -24.393  87.390 0.0000000000
51562  -20.351  -24.378  87.185 0.0000000000
51594  -27.319  -24.566  84.234 0.0000000000
124748  -8.021  -35.311  87.699 0.0000000000
60096  -39.307  -16.129  65.817 0.0000000000
60083  -39.455  -16.310  66.591 0.0000000000
60084  -40.133  -15.992  67.012 0.0000000000
61097  -43.743  -15.528  71.103 0.0000000000
60037  -44.074  -15.866  71.790 0.0000000000
136550  -44.707  -15.533  72.048 0.0000000000
135651  -46.342  -12.453  70.069 0.0000000000
68887  -48.126  -6.989  58.941 0.0000000000
127483  -51.478  -6.489  57.008 0.0000000000
132593  -52.649  -6.065  58.070 0.0000000000
69930  -52.262  -6.405  57.104 0.0000000000
69970  -54.463  -6.398  54.481 0.0000000000
69959  -55.297  -5.924  55.045 0.0000000000
71018  -56.311  -5.276  54.727 0.0000000000
52811  -27.127  -23.731  76.680 0.0000000000
52812  -27.994  -23.725  76.474 0.0000000000
135906  -26.880  -23.138  74.176 0.0000000000
52865  -26.925  -22.940  73.483 0.0000000000
54865  -23.149  -21.392  74.351 0.0000000000
53863  -24.627  -22.496  75.690 0.0000000000
53862  -23.988  -21.927  75.537 0.0000000000
53823  -24.263  -21.711  76.884 0.0000000000
53845  -24.745  -22.321  76.506 0.0000000000
53825  -25.388  -22.678  77.645 0.0000000000
53846  -25.216  -22.765  76.859 0.0000000000
52810  -26.315  -23.492  77.068 0.0000000000
55905  -37.332  -20.340  71.599 0.0000000000
55893  -37.854  -20.314  72.096 0.0000000000
55906  -37.850  -20.319  71.355 0.0000000000
57953  -38.649  -19.085  70.370 0.0000000000
56908  -39.085  -19.481  71.167 0.0000000000
57937  -39.774  -18.890  71.332 0.0000000000
57954  -39.363  -18.532  70.609 0.0000000000
68816  -45.223  -6.599  63.872 0.0000000000
131008  -45.844  -7.493  65.417 0.0000000000
68799  -48.814  -6.534  66.709 0.0000000000
68800  -49.674  -7.514  67.368 0.0000000000
124515  -49.760  -6.440  67.299 0.0000000000
70928  -52.224  -5.559  64.188 0.0000000000
69861  -51.921  -6.206  63.581 0.0000000000
42405  -1.807  -33.250  83.902 0.0000000000
42407  -2.032  -33.201  84.745 0.0000000000
54852  -31.747  -21.998  74.968 0.0000000000
134176  -32.310  -21.487  74.749 0.0000000000
54868  -32.620  -20.982  74.273 0.0000000000
139606  -32.978  -20.428  73.892 0.0000000000
56840  -33.501  -20.060  73.876 0.0000000000
56856  -33.939  -19.390  73.392 0.0000000000
120396  -32.728  -19.258  70.851 0.0000000000
56919  -32.268  -19.353  70.138 0.0000000000
142652  -13.956  -28.712  88.442 0.0000000000
47037  -13.644  -28.828  89.085 0.0000000000
141130  -13.527  -27.561  90.536 0.0000000000
50310  -14.568  -25.383  90.564 0.0000000000
50311  -14.972  -24.689  91.083 0.0000000000
50508  -19.701  -25.851  76.850 0.0000000000
49362  -20.010  -25.864  77.705 0.0000000000
54759  -21.696  -21.158  81.143 0.0000000000
53762  -21.593  -21.836  81.514 0.0000000000
53725  -22.515  -22.163  84.520 0.0000000000
52706  -22.279  -23.334  84.061 0.0000000000
52698  -22.449  -23.394  84.841 0.0000000000
51582  -22.343  -24.128  85.163 0.0000000000
52686  -22.043  -23.912  86.947 0.0000000000
52692  -22.578  -23.313  86.486 0.0000000000
53701  -22.822  -21.952  87.796 0.0000000000
41452  -10.441  -34.462  83.461 0.0000000000
41451  -9.471  -34.848  83.256 0.0000000000
41435  -10.042  -34.872  84.120 0.0000000000
40442  -9.390  -35.561  86.843 0.0000000000
40428  -9.585  -35.755  87.687 0.0000000000
40403  -10.836  -36.285  89.819 0.0000000000
62123  -41.151  -14.771  65.928 0.0000000000
119323  -41.857  -14.372  66.042 0.0000000000
63077  -43.494  -13.917  67.254 0.0000000000
62097  -43.353  -14.535  68.760 0.0000000000
62098  -44.095  -14.071  68.897 0.0000000000
134737  -47.194  -6.612  56.446 0.0000000000
69991  -53.552  -6.192  52.634 0.0000000000
69992  -54.583  -6.080  52.410 0.0000000000
69993  -55.559  -6.023  52.562 0.0000000000
71054  -54.629  -5.597  51.660 0.0000000000
43371  -5.271  -32.344  87.683 0.0000000000
43342  -4.911  -31.853  91.055 0.0000000000
50465  -32.034  -25.056  81.880 0.0000000000
51626  -31.637  -24.769  81.046 0.0000000000
51659  -30.905  -23.850  78.781 0.0000000000
51649  -31.209  -24.058  79.496 0.0000000000
52768  -31.457  -23.384  78.533 0.0000000000
52767  -30.977  -23.452  78.011 0.0000000000
52813  -28.901  -23.590  76.378 0.0000000000
52837  -29.942  -22.967  75.551 0.0000000000
53847  -30.552  -22.920  75.862 0.0000000000
53867  -31.152  -22.519  75.387 0.0000000000
127154  -30.029  -22.329  74.380 0.0000000000
54876  -30.017  -21.700  73.094 0.0000000000
43381  -11.710  -32.198  85.871 0.0000000000
44315  -11.905  -31.612  86.467 0.0000000000
141341  -12.339  -31.260  86.280 0.0000000000
123746  -12.344  -31.005  86.903 0.0000000000
44316  -12.870  -30.934  86.149 0.0000000000
44339  -14.049  -30.989  83.047 0.0000000000
122533  -14.552  -30.531  83.498 0.0000000000
46170  -14.874  -29.431  84.955 0.0000000000
45266  -14.462  -30.282  84.797 0.0000000000
45260  -14.410  -30.069  85.584 0.0000000000
45254  -14.187  -29.973  86.404 0.0000000000
46159  -14.395  -29.229  86.775 0.0000000000
47073  -15.246  -27.568  85.053 0.0000000000
48135  -14.949  -27.546  85.932 0.0000000000
48120  -15.005  -26.760  86.396 0.0000000000
48136  -15.306  -26.835  85.629 0.0000000000
54821  -20.748  -20.866  77.464 0.0000000000
55831  -21.121  -20.306  77.632 0.0000000000
55856  -21.627  -19.886  75.849 0.0000000000
54823  -22.698  -20.337  77.028 0.0000000000
55819  -21.996  -20.034  78.475 0.0000000000
55807  -22.046  -20.251  79.162 0.0000000000
55806  -21.613  -20.720  79.519 0.0000000000
136589  -22.091  -20.398  79.699 0.0000000000
136132  -23.969  -20.856  80.209 0.0000000000
54775  -23.184  -20.492  80.604 0.0000000000
140761  -23.933  -20.922  80.980 0.0000000000
54762  -23.922  -21.063  81.870 0.0000000000
53736  -24.436  -21.884  83.002 0.0000000000
53751  -24.477  -21.858  82.151 0.0000000000
52731  -25.718  -23.183  81.080 0.0000000000
52722  -25.629  -23.251  82.026 0.0000000000
52723  -26.243  -23.999  82.549 0.0000000000
129138  -26.744  -24.392  81.835 0.0000000000
52764  -26.280  -23.364  78.587 0.0000000000
52750  -26.130  -23.259  79.493 0.0000000000
52751  -26.753  -23.767  79.599 0.0000000000
50480  -28.288  -25.074  80.982 0.0000000000
126211  -27.682  -24.861  81.153 0.0000000000
50460  -27.976  -25.215  81.712 0.0000000000
50440  -27.676  -25.181  82.496 0.0000000000
129360  -28.427  -25.461  82.408 0.0000000000
50441  -28.976  -25.603  83.099 0.0000000000
128015  -29.226  -25.591  82.358 0.0000000000
50463  -30.578  -25.416  81.753 0.0000000000
42443  -10.882  -33.665  82.347 0.0000000000
136179  -11.474  -33.193  85.304 0.0000000000
120428  -38.480  -17.000  77.152 0.0000000000
59975  -39.759  -16.515  77.293 0.0000000000
59976  -40.376  -16.677  77.028 0.0000000000
120277  -38.949  -19.693  73.369 0.0000000000
135423  -39.074  -18.261  74.374 0.0000000000
56861  -39.576  -19.357  73.986 0.0000000000
57847  -41.155  -18.292  75.291 0.0000000000
58907  -41.318  -17.709  75.936 0.0000000000
58885  -41.647  -17.157  76.714 0.0000000000
58886  -42.648  -17.245  76.972 0.0000000000
57830  -44.060  -17.716  76.297 0.0000000000
64192  -45.100  -11.719  64.635 0.0000000000
137982  -46.860  -11.610  65.863 0.0000000000
65134  -47.042  -11.807  67.305 0.0000000000
65125  -46.957  -11.755  68.274 0.0000000000
65135  -47.427  -11.197  67.711 0.0000000000
66951  -48.177  -8.814  66.045 0.0000000000
66941  -47.985  -9.640  65.980 0.0000000000
66942  -48.533  -9.365  66.710 0.0000000000
66067  -48.329  -9.630  68.522 0.0000000000
123458  5.721  -37.491  86.427 0.0000000000
38459  6.399  -38.065  87.238 0.0000000000
60111  -37.661  -16.516  64.321 0.0000000000
60112  -38.388  -16.238  64.682 0.0000000000
60140  -38.125  -16.062  63.844 0.0000000000
61180  -39.215  -15.197  63.719 0.0000000000
62154  -39.783  -14.862  63.924 0.0000000000
62137  -40.218  -14.783  64.468 0.0000000000
62155  -40.310  -14.372  63.632 0.0000000000
63136  -40.730  -13.800  62.976 0.0000000000
63137  -41.441  -13.477  63.123 0.0000000000
63122  -41.775  -13.673  63.924 0.0000000000
64213  -41.591  -12.780  62.550 0.0000000000
64214  -42.162  -12.156  62.699 0.0000000000
65167  -42.486  -11.370  62.992 0.0000000000
65168  -43.207  -11.426  63.507 0.0000000000
66109  -42.312  -9.639  63.507 0.0000000000
66967  -42.248  -8.718  63.220 0.0000000000
67875  -42.833  -8.235  63.277 0.0000000000
66997  -43.478  -8.937  61.330 0.0000000000
66996  -42.576  -9.108  61.127 0.0000000000
67891  -43.194  -7.824  62.654 0.0000000000
67892  -43.896  -7.418  62.812 0.0000000000
119603  -44.572  -7.720  62.455 0.0000000000
67908  -46.273  -8.511  62.048 0.0000000000
67895  -47.192  -8.359  62.236 0.0000000000
68851  -48.007  -8.161  62.254 0.0000000000
67952  -46.064  -8.142  59.025 0.0000000000
67937  -47.239  -8.047  60.313 0.0000000000
68885  -46.492  -7.669  58.601 0.0000000000
40467  0.642  -35.416  84.081 0.0000000000
43369  -4.071  -32.248  87.155 0.0000000000
43377  -3.834  -32.406  86.255 0.0000000000
138904  -3.650  -32.307  87.692 0.0000000000
132886  -2.073  -33.293  87.942 0.0000000000
42371  -2.602  -33.057  87.049 0.0000000000
42370  -1.915  -33.496  87.119 0.0000000000
121777  -1.464  -33.789  86.799 0.0000000000
127640  -1.295  -33.829  87.574 0.0000000000
43338  -0.892  -32.614  91.509 0.0000000000
41371  0.866  -34.256  89.324 0.0000000000
41372  -0.134  -34.092  88.943 0.0000000000
142979  -0.183  -34.538  87.078 0.0000000000
41395  0.419  -34.683  87.459 0.0000000000
40439  0.773  -35.067  86.304 0.0000000000
41394  1.246  -34.853  87.806 0.0000000000
40423  2.858  -35.372  87.647 0.0000000000
39490  3.138  -35.941  86.271 0.0000000000
40436  3.499  -35.729  87.158 0.0000000000
40393  5.062  -35.919  90.279 0.0000000000
56775  -37.489  -19.260  81.821 0.0000000000
142059  -37.369  -19.001  81.132 0.0000000000
52733  -33.001  -23.629  81.108 0.0000000000
51628  -33.268  -23.927  81.888 0.0000000000
53765  -33.868  -22.615  80.918 0.0000000000
53777  -34.238  -22.013  80.410 0.0000000000
135185  -34.500  -22.219  81.342 0.0000000000
122204  -33.228  -21.658  77.302 0.0000000000
54840  -33.957  -21.148  77.375 0.0000000000
55834  -34.967  -20.684  78.078 0.0000000000
54810  -34.757  -21.082  78.710 0.0000000000
54792  -35.134  -21.074  79.438 0.0000000000
55822  -36.102  -20.115  78.964 0.0000000000
140142  -36.658  -19.524  78.458 0.0000000000
57780  -37.175  -18.801  79.380 0.0000000000
57811  -37.148  -19.151  77.553 0.0000000000
57827  -37.030  -18.702  75.852 0.0000000000
119441  -34.107  -18.917  72.698 0.0000000000
56857  -34.583  -18.876  73.033 0.0000000000
56889  -35.034  -19.350  71.557 0.0000000000
56873  -35.066  -18.698  72.297 0.0000000000
56890  -35.937  -19.322  71.920 0.0000000000
55904  -36.638  -20.251  71.417 0.0000000000
120429  -35.694  -20.091  69.212 0.0000000000
133617  -36.094  -19.421  68.615 0.0000000000
56917  -31.050  -19.424  69.862 0.0000000000
56934  -30.734  -19.023  68.655 0.0000000000
120108  -31.904  -19.469  68.039 0.0000000000
56950  -31.690  -19.328  67.362 0.0000000000
56951  -32.953  -19.521  67.280 0.0000000000
58012  -33.159  -19.190  66.615 0.0000000000
56969  -33.565  -19.361  67.161 0.0000000000
126908  -11.372  -32.637  88.562 0.0000000000
45229  -11.450  -30.176  90.866 0.0000000000
49313  -17.186  -25.981  80.505 0.0000000000
49312  -16.399  -26.268  80.304 0.0000000000
49296  -16.020  -26.387  81.539 0.0000000000
135222  -15.724  -26.893  82.607 0.0000000000
49285  -16.066  -26.397  82.308 0.0000000000
49274  -16.471  -26.106  83.716 0.0000000000
49262  -16.351  -26.095  84.431 0.0000000000
49252  -16.623  -25.791  85.109 0.0000000000
128536  -20.644  -23.091  76.411 0.0000000000
51645  -21.258  -24.278  78.947 0.0000000000
51668  -20.934  -24.423  77.598 0.0000000000
50500  -20.824  -25.369  78.813 0.0000000000
50492  -21.034  -25.324  79.670 0.0000000000
52730  -21.784  -23.724  81.843 0.0000000000
52740  -21.481  -23.675  80.327 0.0000000000
139195  -21.788  -24.582  81.957 0.0000000000
50439  -21.103  -25.227  82.767 0.0000000000
50458  -20.443  -25.549  81.311 0.0000000000
50438  -20.089  -25.434  82.583 0.0000000000
50437  -19.188  -25.562  82.204 0.0000000000
50415  -19.043  -25.302  83.918 0.0000000000
50357  -18.054  -25.090  86.166 0.0000000000
50373  -18.342  -25.221  85.270 0.0000000000
139176  -17.299  -25.218  86.316 0.0000000000
50356  -16.561  -25.557  86.117 0.0000000000
126488  -16.903  -25.195  86.737 0.0000000000
119515  -16.009  -25.132  87.695 0.0000000000
50342  -16.833  -24.976  87.385 0.0000000000
51552  -18.236  -24.171  88.439 0.0000000000
51545  -17.192  -23.975  89.661 0.0000000000
52677  -20.733  -23.488  88.777 0.0000000000
52676  -19.772  -23.633  88.949 0.0000000000
52665  -20.349  -22.925  89.795 0.0000000000
44336  -4.635  -32.041  82.978 0.0000000000
41466  -8.596  -34.626  82.703 0.0000000000
42459  -7.934  -33.727  81.428 0.0000000000
42442  -7.832  -34.134  82.301 0.0000000000
43432  -7.098  -33.388  82.068 0.0000000000
43431  -6.351  -32.489  82.079 0.0000000000
44346  -5.770  -31.764  81.852 0.0000000000
43419  -5.950  -32.666  82.903 0.0000000000
136045  -5.715  -32.921  84.887 0.0000000000
136560  -5.790  -32.768  83.617 0.0000000000
43390  -5.337  -32.618  86.128 0.0000000000
42383  -6.000  -33.125  86.407 0.0000000000
40402  -9.177  -35.910  89.395 0.0000000000
59933  -39.785  -16.195  80.294 0.0000000000
59039  -37.519  -17.278  66.284 0.0000000000
59006  -37.750  -17.708  67.983 0.0000000000
131826  -38.321  -17.259  67.456 0.0000000000
59009  -39.816  -16.873  68.847 0.0000000000
128609  -39.417  -17.278  69.164 0.0000000000
58994  -39.946  -17.123  69.614 0.0000000000
58984  -40.276  -17.323  70.390 0.0000000000
58985  -40.859  -17.001  70.637 0.0000000000
61126  -41.412  -15.624  68.263 0.0000000000
61115  -41.671  -15.783  69.088 0.0000000000
60035  -42.589  -16.384  71.238 0.0000000000
60034  -41.946  -16.584  71.024 0.0000000000
58975  -41.381  -17.112  71.244 0.0000000000
58976  -42.182  -16.967  71.615 0.0000000000
58960  -42.536  -17.418  72.337 0.0000000000
58961  -43.325  -17.247  72.625 0.0000000000
60011  -45.018  -16.660  73.375 0.0000000000
58940  -44.547  -17.372  73.772 0.0000000000
58941  -45.388  -16.977  74.245 0.0000000000
64171  -45.386  -12.942  66.657 0.0000000000
63092  -44.674  -13.297  66.754 0.0000000000
63052  -45.888  -13.037  69.948 0.0000000000
63051  -45.309  -13.483  69.546 0.0000000000
62088  -45.119  -13.876  70.202 0.0000000000
62080  -45.410  -13.995  70.923 0.0000000000
68852  -48.758  -7.856  62.155 0.0000000000
68853  -49.400  -7.448  61.878 0.0000000000
119522  -49.824  -6.570  60.146 0.0000000000
125303  -50.420  -6.629  61.349 0.0000000000
120447  -50.998  -6.264  61.122 0.0000000000
69882  -51.560  -6.192  61.812 0.0000000000
69907  -49.094  -6.562  58.268 0.0000000000
127860  -49.943  -6.432  58.104 0.0000000000
69910  -51.448  -6.220  58.911 0.0000000000
139222  -50.858  -6.346  59.188 0.0000000000
70963  -51.698  -5.883  60.148 0.0000000000
70964  -52.475  -5.535  60.273 0.0000000000
70965  -53.283  -5.040  60.809 0.0000000000
70972  -53.250  -5.158  60.030 0.0000000000
70973  -53.832  -4.976  59.380 0.0000000000
72013  -54.778  -4.381  58.971 0.0000000000
72006  -55.566  -3.716  59.540 0.0000000000
120486  -53.628  -6.524  54.820 0.0000000000
120020  -52.797  -6.609  55.140 0.0000000000
69956  -51.978  -6.648  54.978 0.0000000000
69943  -52.772  -6.489  56.185 0.0000000000
69944  -53.657  -6.205  56.462 0.0000000000
72031  -56.165  -3.867  56.890 0.0000000000
70993  -55.227  -4.637  57.227 0.0000000000
72985  -56.701  -3.308  58.213 0.0000000000
140745  -57.389  -3.196  57.724 0.0000000000
71020  -57.822  -4.184  53.797 0.0000000000
71033  -58.444  -4.132  53.342 0.0000000000
52833  -25.988  -23.306  75.458 0.0000000000
122771  -26.701  -23.412  75.374 0.0000000000
52864  -26.115  -23.092  73.867 0.0000000000
126032  -23.623  -22.108  74.032 0.0000000000
131241  -24.284  -22.386  75.005 0.0000000000
121752  -37.666  -20.226  70.724 0.0000000000
56924  -37.334  -19.372  69.512 0.0000000000
57970  -38.153  -18.649  69.558 0.0000000000
69855  -46.435  -6.032  64.227 0.0000000000
69840  -46.919  -5.787  64.683 0.0000000000
69819  -47.791  -5.401  65.742 0.0000000000
71935  -49.860  -3.971  66.361 0.0000000000
71959  -50.567  -4.032  65.600 0.0000000000
70927  -49.952  -4.707  65.180 0.0000000000
69842  -50.673  -5.998  64.645 0.0000000000
43429  -3.830  -31.937  82.515 0.0000000000
131559  -3.521  -32.281  83.041 0.0000000000
43415  -3.491  -32.365  83.679 0.0000000000
43399  -3.039  -32.672  84.852 0.0000000000
54878  -31.410  -21.131  73.349 0.0000000000
136650  -32.649  -19.771  72.721 0.0000000000
55902  -32.171  -19.673  71.999 0.0000000000
40416  -11.917  -35.408  89.588 0.0000000000
48105  -14.356  -27.565  87.697 0.0000000000
47038  -13.916  -27.904  89.109 0.0000000000
48093  -14.159  -27.237  88.560 0.0000000000
136175  -13.957  -27.129  89.614 0.0000000000
49175  -14.203  -26.116  89.976 0.0000000000
50323  -14.711  -25.598  89.388 0.0000000000
122508  -22.422  -20.948  82.256 0.0000000000
53750  -21.823  -21.728  82.322 0.0000000000
53718  -22.781  -22.332  85.922 0.0000000000
54709  -22.904  -21.851  85.244 0.0000000000
54695  -23.209  -21.717  86.150 0.0000000000
140903  -10.735  -34.911  86.202 0.0000000000
119681  -10.532  -35.725  88.131 0.0000000000
62124  -42.238  -13.958  65.464 0.0000000000
63090  -42.546  -14.029  66.163 0.0000000000
50483  -30.860  -25.031  80.910 0.0000000000
51639  -31.204  -24.483  80.215 0.0000000000
51638  -30.481  -24.768  80.274 0.0000000000
52854  -28.072  -23.108  74.779 0.0000000000
52836  -29.259  -23.161  75.600 0.0000000000
52855  -28.845  -22.938  74.886 0.0000000000
120313  -29.252  -22.537  74.266 0.0000000000
43404  -11.644  -32.683  84.451 0.0000000000
43391  -11.938  -32.167  85.017 0.0000000000
44330  -12.397  -31.737  84.567 0.0000000000
44331  -12.905  -31.261  84.856 0.0000000000
45277  -15.175  -30.087  82.366 0.0000000000
45270  -15.063  -30.103  83.175 0.0000000000
46177  -15.179  -29.572  83.498 0.0000000000
47082  -15.157  -28.420  84.660 0.0000000000
142914  -15.308  -27.831  84.477 0.0000000000
129270  -15.487  -27.320  84.301 0.0000000000
54824  -23.601  -20.918  77.360 0.0000000000
129859  -23.302  -20.484  79.030 0.0000000000
55808  -22.702  -20.319  79.417 0.0000000000
132131  -23.864  -20.805  79.016 0.0000000000
53776  -25.213  -22.467  80.704 0.0000000000
52741  -25.757  -23.072  80.286 0.0000000000
52752  -27.271  -23.990  79.070 0.0000000000
51634  -27.225  -24.177  79.979 0.0000000000
50481  -29.051  -25.209  80.856 0.0000000000
50482  -29.955  -25.133  80.768 0.0000000000
42444  -11.285  -33.083  82.357 0.0000000000
126293  -11.752  -32.552  82.434 0.0000000000
43421  -11.781  -32.436  83.684 0.0000000000
58903  -37.767  -17.528  75.347 0.0000000000
131053  -38.110  -17.222  76.153 0.0000000000
58904  -38.389  -17.293  75.491 0.0000000000
58905  -39.218  -17.208  75.549 0.0000000000
56862  -40.283  -19.421  73.662 0.0000000000
56844  -40.252  -19.207  74.237 0.0000000000
56845  -40.903  -19.123  74.178 0.0000000000
57873  -41.448  -18.676  74.726 0.0000000000
57848  -41.907  -18.363  75.382 0.0000000000
57875  -43.325  -18.236  74.941 0.0000000000
57901  -43.122  -18.209  74.037 0.0000000000
66098  -44.363  -10.182  64.587 0.0000000000
65148  -45.773  -11.550  64.938 0.0000000000
65157  -45.872  -10.572  64.910 0.0000000000
65150  -47.178  -10.886  65.637 0.0000000000
66943  -49.004  -8.818  67.349 0.0000000000
66934  -48.651  -9.380  67.693 0.0000000000
66927  -48.879  -8.801  68.693 0.0000000000
71989  -54.955  -3.707  61.682 0.0000000000
62170  -40.099  -14.059  62.803 0.0000000000
66123  -41.127  -9.684  62.680 0.0000000000
66981  -41.170  -8.850  62.474 0.0000000000
138325  -41.383  -8.486  62.121 0.0000000000
67012  -43.899  -9.314  60.526 0.0000000000
66998  -44.383  -9.055  61.223 0.0000000000
123904  -44.860  -8.629  61.766 0.0000000000
66999  -45.140  -9.096  61.087 0.0000000000
67917  -45.699  -8.905  60.523 0.0000000000
67918  -46.463  -8.675  60.907 0.0000000000
67951  -45.210  -8.349  58.766 0.0000000000
127964  -3.520  -32.111  89.629 0.0000000000
43353  -2.697  -32.576  89.254 0.0000000000
42349  -1.977  -33.120  88.911 0.0000000000
42335  0.604  -33.411  91.072 0.0000000000
41361  1.261  -33.955  90.416 0.0000000000
41382  1.554  -34.635  88.741 0.0000000000
40409  3.330  -35.196  88.659 0.0000000000
40394  4.755  -35.437  90.174 0.0000000000
52754  -32.268  -23.265  79.575 0.0000000000
52755  -32.813  -22.963  79.970 0.0000000000
53789  -32.752  -22.629  79.306 0.0000000000
53807  -33.326  -21.990  78.919 0.0000000000
55857  -33.896  -20.767  75.946 0.0000000000
55846  -34.231  -20.747  76.701 0.0000000000
127745  -34.577  -20.711  77.403 0.0000000000
127056  -36.969  -19.263  76.741 0.0000000000
56818  -36.282  -19.564  76.228 0.0000000000
56842  -35.407  -19.127  74.175 0.0000000000
56872  -34.537  -18.730  72.473 0.0000000000
56888  -34.088  -19.194  71.407 0.0000000000
56905  -34.993  -20.084  70.814 0.0000000000
55914  -35.743  -20.329  70.515 0.0000000000
135781  -11.127  -31.303  90.107 0.0000000000
47031  -11.822  -29.010  91.987 0.0000000000
127883  -11.435  -29.742  91.910 0.0000000000
141975  -18.765  -26.301  78.053 0.0000000000
49345  -17.866  -26.408  78.314 0.0000000000
120227  -17.916  -26.274  79.258 0.0000000000
134901  -17.250  -25.843  80.969 0.0000000000
120279  -16.643  -26.007  81.892 0.0000000000
49297  -17.346  -25.802  81.446 0.0000000000
50455  -17.455  -25.745  82.212 0.0000000000
50435  -17.546  -25.699  82.915 0.0000000000
135183  -21.421  -24.557  79.849 0.0000000000
51614  -21.890  -24.707  82.886 0.0000000000
50394  -21.506  -24.880  84.256 0.0000000000
50393  -20.675  -25.076  84.278 0.0000000000
50392  -19.727  -25.168  84.425 0.0000000000
50374  -19.449  -25.019  85.243 0.0000000000
50358  -18.966  -24.917  85.999 0.0000000000
51559  -17.556  -24.589  87.865 0.0000000000
51560  -18.442  -24.466  87.589 0.0000000000
52675  -18.856  -23.725  89.110 0.0000000000
41434  -8.242  -34.988  84.259 0.0000000000
41449  -7.771  -34.426  83.094 0.0000000000
137125  -7.791  -34.639  83.758 0.0000000000
42425  -7.029  -34.089  83.686 0.0000000000
42424  -6.418  -33.271  83.302 0.0000000000
138201  -6.806  -34.106  84.447 0.0000000000
41432  -6.357  -33.671  85.107 0.0000000000
41419  -6.290  -33.659  85.892 0.0000000000
42372  -6.283  -33.473  87.286 0.0000000000
39466  -10.377  -36.425  90.676 0.0000000000
39465  -9.555  -36.185  90.475 0.0000000000
60074  -38.880  -16.776  67.008 0.0000000000
60066  -39.657  -16.710  68.141 0.0000000000
144268  -40.182  -16.507  68.435 0.0000000000
61116  -42.313  -15.449  69.319 0.0000000000
61105  -42.660  -15.583  70.051 0.0000000000
60048  -43.000  -15.816  70.790 0.0000000000
60029  -43.721  -16.537  72.205 0.0000000000
61090  -44.637  -16.194  72.523 0.0000000000
64146  -46.361  -12.372  68.429 0.0000000000
64145  -45.820  -12.854  68.041 0.0000000000
63042  -46.185  -12.845  70.729 0.0000000000
138331  -48.696  -7.231  60.507 0.0000000000
68862  -49.067  -7.286  61.115 0.0000000000
69897  -49.289  -6.690  59.630 0.0000000000
69911  -52.071  -6.080  58.668 0.0000000000
133796  -52.891  -5.498  59.434 0.0000000000
70978  -52.566  -5.789  58.858 0.0000000000
70991  -53.568  -5.690  57.861 0.0000000000
69990  -52.544  -6.247  52.898 0.0000000000
69980  -53.265  -6.499  53.520 0.0000000000
69945  -54.204  -6.161  55.988 0.0000000000
71008  -54.971  -5.692  55.845 0.0000000000
72040  -56.564  -4.013  56.063 0.0000000000
140079  -57.654  -3.252  55.824 0.0000000000
71042  -58.325  -4.503  52.584 0.0000000000
72057  -59.086  -4.119  53.186 0.0000000000
51669  -28.160  -24.034  78.010 0.0000000000
51670  -28.973  -23.976  77.945 0.0000000000
121580  -27.276  -23.281  74.851 0.0000000000
141903  -27.781  -23.327  75.258 0.0000000000
44348  -13.488  -31.430  82.001 0.0000000000
45286  -15.276  -30.050  81.492 0.0000000000
46195  -15.441  -29.265  81.124 0.0000000000
125243  -15.435  -28.233  80.860 0.0000000000
54850  -22.542  -20.563  75.134 0.0000000000
140226  -23.584  -21.237  76.323 0.0000000000
53804  -25.059  -21.957  78.148 0.0000000000
52787  -25.941  -23.191  77.834 0.0000000000
52788  -26.583  -23.627  77.922 0.0000000000
120807  -27.328  -23.938  78.132 0.0000000000
56860  -37.987  -19.256  73.296 0.0000000000
56876  -38.425  -20.051  72.674 0.0000000000
56877  -39.203  -19.916  72.709 0.0000000000
56907  -38.342  -20.008  70.924 0.0000000000
56878  -40.023  -19.564  72.800 0.0000000000
67863  -44.612  -7.249  64.230 0.0000000000
67864  -45.747  -8.482  65.463 0.0000000000
67854  -46.516  -8.253  65.721 0.0000000000
67856  -48.204  -7.924  66.289 0.0000000000
68808  -47.332  -6.964  66.156 0.0000000000
139478  -48.103  -7.019  66.454 0.0000000000
67848  -49.288  -8.264  67.093 0.0000000000
119630  -49.880  -7.598  68.393 0.0000000000
71944  -51.129  -3.635  65.950 0.0000000000
70929  -52.960  -4.785  64.167 0.0000000000
43428  -2.980  -32.324  82.316 0.0000000000
42439  -1.782  -33.356  82.308 0.0000000000
53849  -32.073  -22.366  76.615 0.0000000000
53850  -32.520  -22.199  77.271 0.0000000000
54854  -33.216  -21.241  75.735 0.0000000000
54869  -32.955  -21.153  74.942 0.0000000000
124068  -33.638  -20.698  75.124 0.0000000000
55890  -33.038  -19.185  72.061 0.0000000000
128098  -12.463  -30.130  89.195 0.0000000000
46141  -12.876  -29.462  89.608 0.0000000000
49346  -19.484  -26.103  78.284 0.0000000000
54787  -21.410  -21.442  79.993 0.0000000000
122941  -21.313  -22.618  80.205 0.0000000000
136629  -21.878  -22.205  83.015 0.0000000000
52712  -22.016  -23.232  83.294 0.0000000000
51603  -22.242  -24.168  83.497 0.0000000000
51581  -21.858  -24.521  85.472 0.0000000000
51572  -21.619  -24.423  86.247 0.0000000000
51563  -21.199  -24.326  86.914 0.0000000000
52678  -21.591  -23.194  88.577 0.0000000000
52687  -22.496  -23.046  87.370 0.0000000000
52679  -22.256  -22.682  88.263 0.0000000000
53688  -21.970  -22.212  89.233 0.0000000000
41467  -9.459  -34.567  82.387 0.0000000000
40483  -9.093  -35.111  84.120 0.0000000000
40469  -8.740  -35.267  84.906 0.0000000000
40426  -8.133  -35.371  87.050 0.0000000000
140515  -10.467  -36.038  88.976 0.0000000000
61143  -40.790  -15.348  66.638 0.0000000000
61134  -41.470  -15.213  67.389 0.0000000000
61127  -42.086  -15.061  68.027 0.0000000000
62113  -42.179  -14.429  66.611 0.0000000000
62105  -42.157  -14.700  67.247 0.0000000000
61128  -42.609  -14.992  68.696 0.0000000000
61117  -43.036  -15.056  69.448 0.0000000000
61107  -44.256  -14.947  70.798 0.0000000000
69924  -46.786  -6.893  57.084 0.0000000000
68900  -47.883  -6.894  58.114 0.0000000000
69925  -47.727  -6.752  57.200 0.0000000000
124993  -48.560  -6.590  56.875 0.0000000000
69982  -56.135  -5.909  53.257 0.0000000000
69983  -56.406  -5.786  52.642 0.0000000000
71055  -55.461  -5.547  51.502 0.0000000000
123013  -56.052  -5.789  52.037 0.0000000000
131836  -57.104  -5.464  52.192 0.0000000000
43388  -4.410  -32.388  85.826 0.0000000000
43370  -4.690  -32.219  87.437 0.0000000000
127473  -4.294  -31.847  90.245 0.0000000000
51627  -32.465  -24.320  81.296 0.0000000000
51650  -31.794  -23.883  79.885 0.0000000000
52766  -29.762  -23.879  77.969 0.0000000000
52792  -30.327  -23.553  77.339 0.0000000000
52814  -29.871  -23.343  76.327 0.0000000000
52793  -31.129  -23.129  77.256 0.0000000000
54866  -31.008  -21.645  73.802 0.0000000000
53893  -30.368  -21.879  73.795 0.0000000000
133551  -30.532  -21.020  72.072 0.0000000000
120321  -11.402  -33.840  87.451 0.0000000000
44308  -12.024  -31.053  87.730 0.0000000000
120887  -13.282  -31.353  83.297 0.0000000000
140471  -14.351  -30.541  84.160 0.0000000000
45259  -13.939  -30.547  85.283 0.0000000000
45253  -13.372  -30.466  86.812 0.0000000000
143524  -13.487  -30.230  87.400 0.0000000000
45246  -13.602  -29.938  87.929 0.0000000000
46153  -14.153  -29.245  87.564 0.0000000000
47042  -14.172  -28.556  87.936 0.0000000000
47060  -14.667  -28.399  86.336 0.0000000000
49238  -14.709  -26.697  87.204 0.0000000000
49239  -15.097  -26.098  86.821 0.0000000000
53821  -20.693  -22.026  77.038 0.0000000000
139142  -20.744  -21.550  77.905 0.0000000000
55844  -21.282  -19.975  77.107 0.0000000000
121530  -21.438  -20.293  78.198 0.0000000000
54806  -21.223  -21.255  79.124 0.0000000000
54773  -21.646  -21.064  80.633 0.0000000000
54774  -22.187  -20.636  80.893 0.0000000000
55799  -22.537  -20.401  80.104 0.0000000000
54748  -23.194  -20.880  82.471 0.0000000000
54736  -23.991  -21.454  83.333 0.0000000000
53726  -24.381  -21.894  83.922 0.0000000000
53737  -25.003  -22.444  83.437 0.0000000000
52707  -25.558  -23.097  84.014 0.0000000000
52713  -25.569  -23.184  83.011 0.0000000000
51604  -26.735  -24.406  83.462 0.0000000000
51605  -27.438  -24.983  83.378 0.0000000000
51624  -27.059  -24.371  80.974 0.0000000000
50419  -28.807  -25.382  83.763 0.0000000000
50442  -30.064  -25.626  82.474 0.0000000000
41482  -9.983  -34.107  81.232 0.0000000000
130984  -10.695  -34.068  82.840 0.0000000000
41436  -10.940  -34.264  84.286 0.0000000000
130627  -11.167  -33.340  82.970 0.0000000000
58845  -38.266  -17.253  78.851 0.0000000000
59974  -39.118  -16.463  77.706 0.0000000000
58906  -40.341  -17.589  75.563 0.0000000000
59977  -41.104  -16.596  77.291 0.0000000000
57829  -43.151  -17.804  76.274 0.0000000000
126921  -43.693  -12.507  64.211 0.0000000000
64180  -43.954  -12.828  64.813 0.0000000000
64181  -44.473  -12.865  65.327 0.0000000000
64172  -46.078  -12.573  66.542 0.0000000000
64183  -46.227  -12.131  65.665 0.0000000000
64157  -46.424  -12.373  67.464 0.0000000000
129704  -47.289  -11.161  70.099 0.0000000000
66949  -46.616  -9.310  65.443 0.0000000000
66092  -47.354  -9.965  65.519 0.0000000000
66074  -47.836  -10.623  67.145 0.0000000000
66075  -48.283  -9.974  67.470 0.0000000000
65126  -47.402  -11.061  68.571 0.0000000000
38476  4.564  -37.252  85.508 0.0000000000
58015  -36.209  -17.908  66.656 0.0000000000
136953  -36.791  -17.820  67.097 0.0000000000
59038  -36.924  -17.586  66.540 0.0000000000
60081  -38.067  -16.881  65.887 0.0000000000
60095  -38.597  -16.417  65.471 0.0000000000
61164  -38.829  -15.701  64.243 0.0000000000
61149  -39.766  -15.567  65.425 0.0000000000
61166  -40.149  -15.095  65.084 0.0000000000
62122  -40.774  -14.664  65.082 0.0000000000
62138  -41.310  -14.169  64.535 0.0000000000
62139  -41.989  -13.851  64.742 0.0000000000
64190  -42.513  -13.377  64.197 0.0000000000
136826  -43.001  -12.762  63.859 0.0000000000
64202  -43.374  -12.197  63.690 0.0000000000
64203  -43.899  -11.861  63.936 0.0000000000
65169  -43.741  -11.106  63.933 0.0000000000
66110  -43.137  -10.271  63.861 0.0000000000
66111  -43.853  -10.467  64.224 0.0000000000
66968  -43.540  -9.467  64.357 0.0000000000
66956  -43.671  -8.276  64.188 0.0000000000
67889  -41.995  -8.313  62.030 0.0000000000
67890  -42.503  -8.191  62.575 0.0000000000
67876  -43.422  -7.733  63.299 0.0000000000
67862  -44.203  -8.024  64.486 0.0000000000
68828  -44.768  -6.871  63.437 0.0000000000
68841  -45.437  -6.805  63.238 0.0000000000
67893  -45.339  -7.563  62.659 0.0000000000
120417  -46.412  -6.775  63.342 0.0000000000
68830  -47.416  -7.045  63.520 0.0000000000
141232  -48.407  -6.944  63.914 0.0000000000
68843  -48.225  -7.823  63.081 0.0000000000
125216  -48.088  -7.504  60.393 0.0000000000
133004  -47.708  -7.385  59.531 0.0000000000
68886  -47.266  -7.322  58.590 0.0000000000
43387  -3.963  -32.404  85.502 0.0000000000
43386  -3.432  -32.574  85.542 0.0000000000
42393  -2.608  -32.986  85.527 0.0000000000
43361  -2.950  -32.677  87.766 0.0000000000
42392  -1.821  -33.466  85.554 0.0000000000
41418  -0.525  -34.377  85.528 0.0000000000
43339  -1.926  -32.333  91.140 0.0000000000
42348  -1.410  -33.306  89.429 0.0000000000
42336  -0.348  -33.236  90.652 0.0000000000
42347  -0.705  -33.607  89.618 0.0000000000
126111  -0.818  -34.198  86.978 0.0000000000
126317  -0.355  -34.458  86.342 0.0000000000
41417  0.235  -34.831  85.820 0.0000000000
40453  0.912  -35.200  85.777 0.0000000000
40424  1.873  -35.183  87.246 0.0000000000
40438  1.526  -35.321  86.319 0.0000000000
38460  4.882  -36.721  86.476 0.0000000000
39488  5.043  -36.396  87.239 0.0000000000
39480  5.600  -36.424  88.122 0.0000000000
40421  5.155  -35.912  88.692 0.0000000000
56776  -38.237  -18.959  82.291 0.0000000000
56783  -37.939  -18.452  81.492 0.0000000000
52724  -33.894  -23.373  82.398 0.0000000000
52743  -33.189  -23.061  80.616 0.0000000000
54809  -34.078  -21.451  78.761 0.0000000000
54791  -34.699  -21.510  79.925 0.0000000000
55801  -36.524  -20.123  81.201 0.0000000000
123711  -37.679  -17.938  78.951 0.0000000000
57812  -37.586  -18.296  77.748 0.0000000000
57828  -37.562  -17.821  76.015 0.0000000000
57846  -37.362  -17.981  75.292 0.0000000000
57894  -35.105  -18.630  72.778 0.0000000000
57895  -35.643  -18.561  73.014 0.0000000000
57867  -35.960  -18.651  73.554 0.0000000000
57896  -36.321  -18.477  73.146 0.0000000000
56859  -37.008  -18.867  72.860 0.0000000000
55892  -37.013  -19.953  72.176 0.0000000000
55916  -37.202  -20.412  70.962 0.0000000000
56923  -36.165  -20.298  69.934 0.0000000000
56918  -31.618  -19.323  70.005 0.0000000000
120261  -31.852  -19.348  69.433 0.0000000000
56936  -32.258  -19.593  68.689 0.0000000000
56937  -33.140  -19.911  68.552 0.0000000000
139397  -32.335  -19.520  67.485 0.0000000000
56953  -34.178  -19.369  67.459 0.0000000000
121695  -34.848  -19.353  67.795 0.0000000000
120278  -35.690  -18.356  67.108 0.0000000000
131224  -11.612  -33.351  89.125 0.0000000000
43357  -11.328  -32.631  89.722 0.0000000000
47139  -15.432  -27.935  80.142 0.0000000000
48199  -15.519  -27.516  81.457 0.0000000000
48183  -15.523  -27.641  82.384 0.0000000000
49261  -15.917  -26.612  84.112 0.0000000000
49251  -15.669  -26.420  85.454 0.0000000000
50355  -15.759  -25.846  86.494 0.0000000000
51667  -20.624  -24.771  76.768 0.0000000000
144195  -20.790  -25.070  77.566 0.0000000000
128851  -20.594  -25.439  78.014 0.0000000000
49333  -20.474  -25.686  79.194 0.0000000000
50477  -19.727  -25.744  80.630 0.0000000000
122853  -21.497  -25.063  82.167 0.0000000000
50459  -21.384  -25.163  81.319 0.0000000000
50479  -21.405  -25.057  80.453 0.0000000000
50478  -20.844  -25.488  80.529 0.0000000000
50436  -18.289  -25.595  82.581 0.0000000000
50391  -18.245  -25.403  84.383 0.0000000000
50390  -17.480  -25.508  84.797 0.0000000000
50341  -15.473  -25.614  87.273 0.0000000000
50332  -15.309  -25.382  88.071 0.0000000000
50333  -15.883  -24.929  88.535 0.0000000000
50324  -15.771  -24.713  89.474 0.0000000000
51550  -16.573  -24.512  89.084 0.0000000000
51543  -15.627  -24.403  90.517 0.0000000000
51554  -20.087  -24.017  88.030 0.0000000000
43401  -4.511  -32.343  84.389 0.0000000000
44357  -5.271  -31.284  81.768 0.0000000000
44345  -5.202  -31.715  82.301 0.0000000000
43418  -5.286  -32.379  83.334 0.0000000000
44337  -4.923  -32.029  82.986 0.0000000000
120529  -4.794  -32.280  83.745 0.0000000000
121659  -4.680  -32.424  85.099 0.0000000000
43389  -4.857  -32.441  85.782 0.0000000000
57986  -37.995  -18.056  68.747 0.0000000000
58992  -38.770  -17.703  69.149 0.0000000000
59008  -39.201  -17.161  68.568 0.0000000000
57955  -39.983  -17.997  70.862 0.0000000000
57939  -41.087  -17.987  71.780 0.0000000000
60067  -40.713  -16.134  68.311 0.0000000000
60058  -41.919  -15.933  69.843 0.0000000000
60057  -41.244  -16.275  69.531 0.0000000000
60045  -40.704  -16.766  69.956 0.0000000000
57920  -42.154  -18.069  72.812 0.0000000000
58938  -42.858  -17.834  73.145 0.0000000000
58925  -43.950  -17.839  74.355 0.0000000000
63107  -44.219  -13.300  66.102 0.0000000000
139327  -44.005  -13.565  66.786 0.0000000000
121382  -44.535  -13.671  68.259 0.0000000000
63067  -45.260  -13.324  68.567 0.0000000000
62087  -44.569  -14.112  69.677 0.0000000000
62079  -44.755  -14.378  70.489 0.0000000000
61099  -45.214  -14.945  72.009 0.0000000000
61091  -45.315  -15.462  72.609 0.0000000000
68831  -49.695  -7.402  63.717 0.0000000000
69872  -50.664  -7.155  63.351 0.0000000000
69873  -51.482  -6.646  62.941 0.0000000000
69874  -52.199  -6.079  62.619 0.0000000000
70950  -52.825  -5.459  62.248 0.0000000000
135900  -48.481  -6.744  58.455 0.0000000000
69908  -49.530  -6.544  58.943 0.0000000000
138466  -49.866  -6.535  59.520 0.0000000000
69898  -50.500  -6.371  59.806 0.0000000000
69890  -51.099  -6.150  60.387 0.0000000000
70957  -51.748  -5.842  60.908 0.0000000000
70959  -53.528  -4.827  61.805 0.0000000000
71996  -54.117  -4.434  61.217 0.0000000000
71997  -54.746  -3.947  60.774 0.0000000000
71998  -55.458  -3.647  60.386 0.0000000000
69942  -51.855  -6.566  56.287 0.0000000000
70992  -54.390  -5.272  57.587 0.0000000000
70999  -54.547  -5.567  56.685 0.0000000000
72024  -54.991  -4.517  58.085 0.0000000000
72014  -55.720  -3.737  58.630 0.0000000000
71019  -57.217  -4.527  54.423 0.0000000000
72050  -58.035  -3.604  54.519 0.0000000000
41407  -6.516  -34.031  86.511 0.0000000000
41433  -7.471  -34.617  84.352 0.0000000000
41468  -10.247  -34.198  82.103 0.0000000000
42395  -11.496  -33.070  84.853 0.0000000000
43368  -3.392  -32.551  87.001 0.0000000000
45269  -13.828  -30.935  83.785 0.0000000000
46148  -13.861  -29.217  88.299 0.0000000000
46171  -15.169  -29.115  84.074 0.0000000000
49284  -15.699  -26.891  81.922 0.0000000000
49332  -19.674  -25.984  79.164 0.0000000000
50389  -16.909  -25.789  84.290 0.0000000000
51591  -22.007  -24.553  84.650 0.0000000000
51654  -21.109  -24.104  78.246 0.0000000000
52721  -21.725  -22.903  82.542 0.0000000000
52765  -26.831  -23.743  78.555 0.0000000000
54877  -30.681  -21.457  73.242 0.0000000000
56893  -40.129  -19.176  72.011 0.0000000000
56968  -32.383  -19.381  66.842 0.0000000000
57871  -39.882  -18.860  74.491 0.0000000000
57998  -37.021  -17.995  67.715 0.0000000000
58983  -39.625  -17.732  70.178 0.0000000000
60075  -39.560  -16.507  67.377 0.0000000000
62078  -44.180  -14.658  70.143 0.0000000000
63078  -44.259  -13.622  67.456 0.0000000000
63147  -41.019  -13.235  62.514 0.0000000000
65156  -45.165  -10.884  64.612 0.0000000000
66083  -47.710  -10.458  66.180 0.0000000000
67855  -47.322  -8.031  66.022 0.0000000000
67907  -45.664  -8.816  61.479 0.0000000000
68817  -45.816  -6.501  64.642 0.0000000000
68872  -49.206  -6.887  60.325 0.0000000000
69860  -51.148  -6.657  63.922 0.0000000000
69979  -52.502  -6.533  53.809 0.0000000000
70910  -47.527  -5.425  65.013 0.0000000000
124096  -45.651  -12.660  65.950 0.0000000000
124730  -46.679  -6.212  63.766 0.0000000000
127850  -19.152  -25.463  83.057 0.0000000000
128834  -3.771  -32.460  84.945 0.0000000000
133981  -20.018  -25.546  81.916 0.0000000000
134415  -22.621  -22.583  85.239 0.0000000000
136761  -37.839  -18.072  73.754 0.0000000000
137236  -11.538  -32.750  83.056 0.0000000000
139368  -47.311  -6.185  63.927 0.0000000000
139967  -53.724  -6.559  54.114 0.0000000000
142815  -17.575  -25.602  84.115 0.0000000000
