#!ascii label  , from subject sub-v2s10x30154_ses-1 vox2ras=TkReg
856
61254  20.028  -13.352  -2.038 0.0000000000
67977  26.036  -5.756  -9.283 0.0000000000
79367  24.422  6.616  -16.387 0.0000000000
130691  17.297  0.966  -7.934 0.0000000000
57355  19.625  -18.043  0.041 0.0000000000
58259  24.494  -16.647  -0.748 0.0000000000
63338  22.494  -11.021  -6.078 0.0000000000
69697  19.468  -4.738  -7.596 0.0000000000
74075  22.644  0.952  -10.035 0.0000000000
80923  25.494  8.740  -11.158 0.0000000000
85114  18.472  13.994  -22.039 0.0000000000
59254  20.586  -15.601  -0.320 0.0000000000
57352  22.987  -17.644  -0.347 0.0000000000
60265  22.816  -14.700  -1.769 0.0000000000
67072  18.761  -7.343  -5.949 0.0000000000
70546  17.156  -3.267  -5.517 0.0000000000
76794  20.615  2.690  -14.164 0.0000000000
74078  19.810  0.916  -10.334 0.0000000000
77674  24.223  4.038  -12.676 0.0000000000
122889  23.962  5.560  -10.058 0.0000000000
80168  23.813  7.818  -13.642 0.0000000000
87878  15.577  17.661  -18.734 0.0000000000
126527  15.287  13.104  -19.791 0.0000000000
88570  16.836  18.204  -21.137 0.0000000000
66231  24.871  -8.440  -7.395 0.0000000000
63306  25.885  -11.659  -4.827 0.0000000000
66213  27.718  -8.955  -7.461 0.0000000000
78577  19.176  6.759  -16.455 0.0000000000
117315  27.841  -3.950  -8.386 0.0000000000
63287  19.340  -11.476  -3.102 0.0000000000
62348  21.250  -12.483  -4.519 0.0000000000
64305  20.103  -10.361  -5.494 0.0000000000
66234  21.289  -8.251  -6.862 0.0000000000
131976  22.849  -5.569  -8.167 0.0000000000
72256  17.391  -1.279  -7.251 0.0000000000
117582  20.447  -1.746  -9.181 0.0000000000
71431  24.733  -2.546  -9.279 0.0000000000
74930  25.145  1.264  -7.903 0.0000000000
84302  19.038  12.029  -19.321 0.0000000000
112880  21.924  11.260  -20.093 0.0000000000
87886  20.165  17.088  -19.552 0.0000000000
85106  21.527  14.283  -20.408 0.0000000000
113158  24.357  11.383  -18.233 0.0000000000
83409  25.470  11.406  -14.638 0.0000000000
61271  24.330  -13.391  -3.521 0.0000000000
62300  19.469  -12.572  -1.609 0.0000000000
61241  19.523  -13.363  -1.273 0.0000000000
60268  20.013  -13.982  -1.446 0.0000000000
59266  21.276  -15.109  -0.964 0.0000000000
60282  21.314  -14.067  -2.247 0.0000000000
136375  22.801  4.300  -16.434 0.0000000000
76793  22.271  2.342  -14.244 0.0000000000
78548  24.521  5.111  -15.336 0.0000000000
128954  24.149  6.237  -13.622 0.0000000000
123666  24.109  7.079  -14.865 0.0000000000
89241  16.245  19.642  -19.480 0.0000000000
87887  15.829  17.466  -20.209 0.0000000000
89908  16.970  20.046  -20.920 0.0000000000
123234  25.314  -7.348  -8.262 0.0000000000
65344  26.121  -9.202  -7.525 0.0000000000
66243  27.012  -8.003  -8.605 0.0000000000
133841  18.889  5.108  -12.651 0.0000000000
79355  18.744  7.898  -15.273 0.0000000000
58250  19.472  -15.933  0.708 0.0000000000
57344  19.425  -17.660  0.595 0.0000000000
55579  19.750  -19.103  -0.127 0.0000000000
56486  20.246  -19.567  -0.849 0.0000000000
116532  23.546  -16.699  -0.504 0.0000000000
56484  22.319  -19.339  -1.569 0.0000000000
63327  19.502  -11.007  -4.660 0.0000000000
64307  18.798  -10.063  -4.916 0.0000000000
67950  19.205  -6.379  -6.823 0.0000000000
67070  19.982  -7.908  -6.635 0.0000000000
126383  20.057  -6.141  -7.431 0.0000000000
67948  21.685  -6.640  -7.576 0.0000000000
136167  20.848  -4.894  -8.164 0.0000000000
72246  16.536  -1.094  -5.891 0.0000000000
114577  17.119  0.195  -7.522 0.0000000000
74076  21.687  0.618  -10.475 0.0000000000
73185  19.583  -0.168  -9.383 0.0000000000
73183  21.508  -0.493  -9.588 0.0000000000
72284  22.672  -1.743  -8.852 0.0000000000
73181  23.177  -0.554  -9.034 0.0000000000
73179  25.124  -1.046  -8.720 0.0000000000
74944  24.049  1.492  -9.230 0.0000000000
80144  24.610  7.313  -10.442 0.0000000000
78484  24.889  5.809  -8.827 0.0000000000
84321  16.670  13.124  -21.238 0.0000000000
81813  16.179  10.912  -20.436 0.0000000000
83467  17.760  11.136  -21.787 0.0000000000
112956  19.189  12.078  -20.766 0.0000000000
128361  19.319  12.285  -21.340 0.0000000000
83461  23.260  12.889  -19.627 0.0000000000
83447  24.322  12.386  -18.318 0.0000000000
82566  24.326  10.956  -16.239 0.0000000000
62360  22.312  -12.088  -5.298 0.0000000000
61287  22.533  -13.203  -4.207 0.0000000000
62359  23.094  -12.288  -5.293 0.0000000000
62343  26.736  -12.040  -3.876 0.0000000000
61270  25.844  -13.204  -3.254 0.0000000000
59255  19.721  -15.285  0.003 0.0000000000
58248  20.789  -16.487  -0.024 0.0000000000
56474  20.775  -18.655  -0.691 0.0000000000
59253  21.802  -15.955  -0.412 0.0000000000
59252  22.964  -15.931  -0.694 0.0000000000
123478  23.322  -15.264  -1.275 0.0000000000
67057  17.926  -7.127  -5.184 0.0000000000
68775  17.876  -5.561  -5.540 0.0000000000
69667  18.026  -4.077  -6.473 0.0000000000
75846  19.131  2.629  -10.132 0.0000000000
74070  18.107  1.102  -8.918 0.0000000000
115370  19.319  1.682  -12.017 0.0000000000
75867  22.112  1.422  -12.778 0.0000000000
75854  23.184  2.365  -11.338 0.0000000000
76744  23.746  3.359  -9.829 0.0000000000
78510  23.797  4.952  -11.895 0.0000000000
79310  23.705  5.960  -12.037 0.0000000000
80930  24.419  8.534  -12.467 0.0000000000
86487  15.490  15.590  -17.922 0.0000000000
87181  15.530  15.935  -19.652 0.0000000000
133778  16.117  15.562  -20.788 0.0000000000
87191  17.244  15.851  -21.142 0.0000000000
126479  23.731  -9.716  -6.595 0.0000000000
131950  24.562  -11.541  -5.768 0.0000000000
64318  25.586  -10.299  -6.614 0.0000000000
64303  26.499  -10.604  -5.739 0.0000000000
75835  17.612  2.441  -8.624 0.0000000000
76768  18.749  3.927  -11.384 0.0000000000
77710  20.537  4.424  -15.606 0.0000000000
78582  21.485  5.655  -17.503 0.0000000000
56485  21.107  -19.497  -1.346 0.0000000000
69710  27.028  -5.082  -9.615 0.0000000000
67974  28.292  -6.720  -9.674 0.0000000000
133022  19.610  -12.112  -3.000 0.0000000000
61275  20.854  -13.169  -3.288 0.0000000000
62350  19.708  -11.871  -3.708 0.0000000000
62362  20.698  -11.740  -4.851 0.0000000000
63339  21.655  -10.783  -5.871 0.0000000000
65336  19.116  -8.937  -5.787 0.0000000000
128048  20.780  -9.160  -6.411 0.0000000000
65333  21.879  -9.686  -6.446 0.0000000000
117137  22.905  -8.487  -6.873 0.0000000000
67086  23.831  -7.336  -7.635 0.0000000000
67961  24.658  -5.867  -8.560 0.0000000000
70559  17.258  -2.749  -6.083 0.0000000000
70557  17.957  -2.882  -7.199 0.0000000000
73187  18.121  -0.109  -8.601 0.0000000000
71437  18.849  -1.462  -8.577 0.0000000000
70574  20.273  -3.330  -8.527 0.0000000000
70573  21.450  -3.683  -8.626 0.0000000000
69714  24.332  -3.949  -9.210 0.0000000000
69712  25.515  -4.301  -9.561 0.0000000000
71429  25.767  -3.310  -9.451 0.0000000000
72265  26.175  -1.930  -8.070 0.0000000000
76732  24.651  3.652  -8.567 0.0000000000
112879  19.629  10.748  -18.454 0.0000000000
112979  20.865  9.269  -19.535 0.0000000000
128342  23.840  8.739  -18.985 0.0000000000
120942  18.918  17.535  -20.254 0.0000000000
124205  19.280  15.579  -20.428 0.0000000000
87187  20.429  15.792  -20.257 0.0000000000
85112  19.313  13.991  -21.113 0.0000000000
115273  21.162  12.788  -20.350 0.0000000000
82594  23.685  11.518  -19.618 0.0000000000
80993  24.637  8.647  -17.237 0.0000000000
80968  24.231  9.364  -15.639 0.0000000000
80955  24.221  9.357  -14.277 0.0000000000
81736  25.297  9.968  -12.867 0.0000000000
61252  21.559  -13.609  -2.989 0.0000000000
60280  23.338  -14.315  -2.357 0.0000000000
60279  24.171  -14.512  -2.147 0.0000000000
62327  24.734  -12.907  -4.002 0.0000000000
61249  25.392  -13.684  -2.869 0.0000000000
134755  19.629  -12.953  -1.790 0.0000000000
118984  19.366  -13.032  -0.908 0.0000000000
60283  20.568  -13.902  -2.000 0.0000000000
78562  23.674  4.871  -16.687 0.0000000000
77708  23.679  3.955  -16.098 0.0000000000
78561  24.570  5.640  -15.839 0.0000000000
126603  24.670  6.353  -14.938 0.0000000000
79353  24.599  6.578  -15.464 0.0000000000
89903  16.694  20.168  -19.830 0.0000000000
67959  26.328  -6.641  -9.076 0.0000000000
66244  26.366  -7.971  -8.478 0.0000000000
67113  26.962  -6.758  -9.292 0.0000000000
58241  19.372  -17.012  0.578 0.0000000000
56466  19.664  -18.478  0.156 0.0000000000
56475  19.816  -19.011  -0.311 0.0000000000
55585  20.163  -19.577  -0.597 0.0000000000
132032  19.992  -18.682  -0.448 0.0000000000
57351  24.018  -17.634  -0.595 0.0000000000
57350  24.969  -17.583  -0.931 0.0000000000
64286  18.492  -10.061  -4.275 0.0000000000
65297  18.186  -9.472  -4.066 0.0000000000
68786  19.256  -5.528  -7.219 0.0000000000
68799  19.913  -5.340  -7.628 0.0000000000
68798  20.579  -5.426  -7.818 0.0000000000
69696  20.219  -4.802  -7.962 0.0000000000
74030  16.495  0.082  -6.698 0.0000000000
74920  16.927  0.703  -7.518 0.0000000000
74956  22.312  1.120  -10.812 0.0000000000
73194  22.006  0.197  -9.849 0.0000000000
73182  22.368  -0.475  -9.334 0.0000000000
74068  22.862  0.209  -9.497 0.0000000000
125485  23.683  0.025  -9.107 0.0000000000
74945  23.423  1.771  -9.831 0.0000000000
80151  25.063  8.138  -10.749 0.0000000000
79303  25.014  7.157  -9.658 0.0000000000
84327  17.273  12.964  -21.772 0.0000000000
125869  16.845  12.414  -21.413 0.0000000000
83469  17.764  12.028  -22.056 0.0000000000
112890  18.700  11.457  -21.457 0.0000000000
84328  19.046  12.958  -22.043 0.0000000000
84315  24.302  13.665  -19.678 0.0000000000
114012  24.813  13.134  -18.643 0.0000000000
84301  24.813  12.791  -17.985 0.0000000000
63324  21.983  -11.455  -5.623 0.0000000000
63323  22.825  -11.690  -5.804 0.0000000000
63286  27.525  -11.937  -3.755 0.0000000000
62324  27.102  -12.581  -3.424 0.0000000000
59267  20.099  -14.708  -0.805 0.0000000000
123004  19.500  -14.479  -0.233 0.0000000000
58249  19.986  -16.196  0.282 0.0000000000
60266  21.850  -14.599  -1.668 0.0000000000
59265  22.376  -15.254  -1.099 0.0000000000
69660  17.458  -4.238  -5.486 0.0000000000
68763  17.670  -5.166  -5.379 0.0000000000
114157  17.692  -4.767  -5.631 0.0000000000
68774  18.052  -4.936  -6.085 0.0000000000
69668  17.562  -3.916  -5.941 0.0000000000
76767  18.760  2.878  -11.660 0.0000000000
75857  19.052  2.482  -10.898 0.0000000000
75869  19.853  1.742  -13.032 0.0000000000
77675  23.920  3.077  -13.743 0.0000000000
76780  22.918  2.191  -13.208 0.0000000000
75855  22.607  1.689  -11.853 0.0000000000
76779  23.804  3.032  -12.518 0.0000000000
76765  23.572  3.106  -11.562 0.0000000000
127441  23.921  6.826  -13.918 0.0000000000
79316  23.884  6.081  -12.952 0.0000000000
80158  23.748  6.972  -13.171 0.0000000000
80157  23.824  7.072  -12.193 0.0000000000
88555  15.646  17.995  -17.942 0.0000000000
87879  15.445  17.168  -17.992 0.0000000000
87171  15.339  16.436  -18.364 0.0000000000
86496  15.119  15.380  -19.108 0.0000000000
87888  15.544  16.736  -19.556 0.0000000000
88571  16.180  17.961  -20.929 0.0000000000
87895  16.184  17.040  -20.793 0.0000000000
87185  16.661  16.492  -21.087 0.0000000000
86507  16.577  15.726  -21.052 0.0000000000
87184  17.388  16.647  -21.085 0.0000000000
65346  24.423  -9.074  -6.926 0.0000000000
65331  24.538  -9.797  -6.716 0.0000000000
135138  24.953  -9.411  -6.986 0.0000000000
65343  26.889  -9.092  -7.572 0.0000000000
65330  26.494  -9.537  -7.148 0.0000000000
65329  27.239  -9.533  -6.794 0.0000000000
136640  27.099  -10.616  -5.329 0.0000000000
131948  17.164  2.745  -8.336 0.0000000000
76745  18.144  3.152  -9.158 0.0000000000
114268  18.766  3.056  -9.750 0.0000000000
76769  19.030  4.252  -10.902 0.0000000000
78550  19.439  5.468  -15.208 0.0000000000
78534  19.786  4.621  -14.612 0.0000000000
78564  20.224  5.074  -16.218 0.0000000000
123637  20.661  5.282  -16.709 0.0000000000
78576  20.295  5.888  -16.897 0.0000000000
57353  21.828  -17.649  -0.206 0.0000000000
56473  22.101  -18.552  -0.719 0.0000000000
55604  22.209  -20.758  -2.291 0.0000000000
69691  27.372  -4.507  -9.186 0.0000000000
122241  19.232  -11.101  -2.517 0.0000000000
64306  19.467  -10.521  -5.084 0.0000000000
63309  19.898  -11.534  -4.464 0.0000000000
63326  20.223  -10.998  -5.107 0.0000000000
63325  21.128  -11.245  -5.412 0.0000000000
64322  20.827  -10.568  -5.684 0.0000000000
67056  18.286  -7.689  -5.456 0.0000000000
66197  18.366  -8.529  -5.351 0.0000000000
66217  18.909  -8.108  -5.866 0.0000000000
67089  20.612  -7.722  -6.970 0.0000000000
66215  20.468  -8.495  -6.572 0.0000000000
134581  21.012  -8.737  -6.608 0.0000000000
65334  21.201  -9.591  -6.347 0.0000000000
66214  21.510  -8.994  -6.586 0.0000000000
65348  22.401  -9.068  -6.645 0.0000000000
66233  22.125  -8.405  -6.874 0.0000000000
131844  23.081  -7.014  -7.592 0.0000000000
133404  23.274  -5.940  -8.097 0.0000000000
68795  23.822  -5.420  -8.455 0.0000000000
72257  17.065  -1.015  -6.985 0.0000000000
72245  16.754  -1.372  -6.228 0.0000000000
71406  17.127  -1.764  -6.527 0.0000000000
71405  17.521  -2.270  -7.010 0.0000000000
71421  17.868  -1.581  -7.634 0.0000000000
122793  19.293  1.376  -9.800 0.0000000000
74069  18.410  0.555  -8.953 0.0000000000
135953  18.973  0.381  -9.181 0.0000000000
72286  20.058  -1.081  -9.344 0.0000000000
72287  19.200  -0.886  -8.960 0.0000000000
71436  19.679  -1.656  -8.907 0.0000000000
71419  19.346  -2.445  -8.428 0.0000000000
71435  20.299  -2.379  -8.859 0.0000000000
130839  20.965  -2.942  -8.921 0.0000000000
120290  24.063  -2.566  -8.873 0.0000000000
70587  23.626  -3.248  -8.810 0.0000000000
70586  24.678  -3.346  -9.348 0.0000000000
69713  24.982  -4.068  -9.569 0.0000000000
70585  25.323  -3.701  -9.576 0.0000000000
71430  25.209  -2.936  -9.482 0.0000000000
74055  24.783  0.501  -8.331 0.0000000000
73163  25.782  -0.356  -7.688 0.0000000000
73162  26.361  -0.963  -7.482 0.0000000000
74054  25.444  0.457  -7.733 0.0000000000
77651  23.791  4.530  -10.093 0.0000000000
76743  24.098  3.122  -9.261 0.0000000000
77640  24.098  3.997  -9.410 0.0000000000
85094  15.153  13.556  -19.314 0.0000000000
128352  15.218  12.226  -18.992 0.0000000000
81803  17.125  10.381  -20.068 0.0000000000
82585  16.732  11.080  -19.206 0.0000000000
84311  18.148  12.454  -19.547 0.0000000000
83448  19.085  11.685  -18.584 0.0000000000
127238  18.772  10.933  -17.106 0.0000000000
128331  19.472  11.082  -18.531 0.0000000000
112876  20.858  11.144  -19.759 0.0000000000
112931  20.344  10.888  -19.284 0.0000000000
128332  21.450  10.932  -19.919 0.0000000000
112865  22.074  8.783  -19.941 0.0000000000
81011  21.992  10.916  -20.171 0.0000000000
88564  19.218  18.167  -19.904 0.0000000000
88567  19.763  17.300  -19.817 0.0000000000
87896  18.922  16.724  -20.317 0.0000000000
87891  19.653  16.769  -20.086 0.0000000000
121386  22.175  15.075  -20.082 0.0000000000
86505  21.537  15.373  -20.119 0.0000000000
85842  21.326  15.058  -20.443 0.0000000000
86509  20.134  15.216  -20.490 0.0000000000
85111  20.006  14.204  -20.621 0.0000000000
84323  20.266  13.686  -20.606 0.0000000000
84320  20.902  13.638  -20.527 0.0000000000
112873  23.938  11.756  -18.883 0.0000000000
83462  22.763  12.454  -19.826 0.0000000000
112870  24.310  11.048  -18.949 0.0000000000
128350  24.529  10.066  -18.511 0.0000000000
112869  24.622  10.544  -17.910 0.0000000000
135089  24.708  9.249  -16.839 0.0000000000
81784  24.441  10.441  -16.618 0.0000000000
112877  24.733  11.586  -15.840 0.0000000000
82556  24.371  10.779  -15.462 0.0000000000
121566  24.507  10.680  -14.802 0.0000000000
81753  24.803  10.119  -13.754 0.0000000000
82543  25.017  10.930  -14.228 0.0000000000
62328  20.820  -12.800  -3.913 0.0000000000
61274  21.599  -13.230  -3.922 0.0000000000
61272  23.406  -13.443  -3.687 0.0000000000
61251  23.108  -13.804  -2.920 0.0000000000
61250  23.991  -13.889  -2.883 0.0000000000
63307  25.191  -11.626  -5.359 0.0000000000
63308  24.468  -12.064  -5.222 0.0000000000
62345  25.168  -12.284  -4.590 0.0000000000
61248  26.185  -13.714  -2.759 0.0000000000
60278  25.699  -14.223  -2.331 0.0000000000
60263  25.099  -14.818  -1.747 0.0000000000
60256  19.549  -14.060  -0.875 0.0000000000
60267  20.838  -14.420  -1.542 0.0000000000
77691  21.586  3.002  -15.098 0.0000000000
77690  22.996  3.342  -15.581 0.0000000000
77707  24.379  4.003  -14.852 0.0000000000
77689  24.509  4.273  -13.574 0.0000000000
78533  24.655  5.266  -13.789 0.0000000000
79342  24.130  6.738  -14.424 0.0000000000
80178  23.829  7.413  -14.383 0.0000000000
89237  15.984  19.346  -18.642 0.0000000000
88558  15.760  18.451  -18.739 0.0000000000
87882  15.736  18.103  -19.560 0.0000000000
88561  15.854  18.970  -19.588 0.0000000000
89249  16.438  18.829  -20.888 0.0000000000
115318  16.902  18.949  -21.065 0.0000000000
66230  25.663  -8.186  -7.973 0.0000000000
65345  25.407  -9.044  -7.368 0.0000000000
66229  26.474  -8.581  -8.057 0.0000000000
66228  27.326  -8.534  -8.118 0.0000000000
78551  19.056  6.024  -13.870 0.0000000000
134292  18.944  7.051  -15.952 0.0000000000
59244  19.266  -15.821  1.071 0.0000000000
133688  19.100  -16.513  0.958 0.0000000000
58232  19.035  -17.012  0.958 0.0000000000
125920  19.923  -19.258  0.011 0.0000000000
132421  20.525  -20.551  -0.843 0.0000000000
56472  23.295  -18.527  -0.855 0.0000000000
116979  18.969  -10.781  -3.137 0.0000000000
63310  19.215  -11.153  -3.934 0.0000000000
64270  18.702  -10.460  -3.763 0.0000000000
64285  18.966  -10.593  -4.473 0.0000000000
67939  18.594  -6.532  -6.092 0.0000000000
67071  19.380  -7.670  -6.356 0.0000000000
67938  19.147  -7.027  -6.433 0.0000000000
67090  19.850  -7.142  -6.916 0.0000000000
67949  20.757  -6.888  -7.372 0.0000000000
67088  21.410  -7.453  -7.271 0.0000000000
67963  21.957  -5.844  -7.935 0.0000000000
68796  22.187  -5.066  -8.278 0.0000000000
73142  16.641  -0.533  -6.655 0.0000000000
72269  17.340  -0.494  -7.502 0.0000000000
74077  20.685  0.576  -10.577 0.0000000000
73196  20.191  0.343  -9.925 0.0000000000
73195  21.098  0.199  -9.997 0.0000000000
73184  20.567  -0.425  -9.630 0.0000000000
72285  21.083  -1.345  -9.339 0.0000000000
71433  22.041  -2.092  -8.943 0.0000000000
125572  22.050  -1.210  -9.173 0.0000000000
118938  22.834  -1.161  -8.915 0.0000000000
72282  24.281  -1.761  -8.933 0.0000000000
124454  24.645  -1.188  -8.975 0.0000000000
119754  23.986  -0.847  -8.882 0.0000000000
74066  24.192  0.651  -8.984 0.0000000000
74931  24.575  1.317  -8.607 0.0000000000
117531  24.194  6.466  -10.373 0.0000000000
134551  24.381  5.712  -9.393 0.0000000000
79295  24.570  6.369  -9.563 0.0000000000
79294  25.361  6.732  -8.977 0.0000000000
84322  16.034  13.171  -20.833 0.0000000000
83466  15.514  12.278  -20.162 0.0000000000
83465  16.162  12.150  -20.861 0.0000000000
117881  17.242  10.792  -21.268 0.0000000000
83464  17.817  10.895  -20.339 0.0000000000
112884  19.158  12.065  -19.972 0.0000000000
112883  18.852  11.641  -21.046 0.0000000000
112926  19.456  12.117  -20.955 0.0000000000
112886  20.409  12.392  -20.539 0.0000000000
85835  22.630  14.601  -20.194 0.0000000000
85103  22.384  13.987  -20.133 0.0000000000
84316  23.609  13.593  -19.797 0.0000000000
84310  23.772  12.980  -19.378 0.0000000000
82593  24.056  11.899  -18.386 0.0000000000
127858  24.400  11.225  -16.928 0.0000000000
132874  24.310  11.629  -17.203 0.0000000000
112881  24.410  11.625  -16.705 0.0000000000
115567  21.913  -12.408  -4.872 0.0000000000
61288  21.966  -12.865  -4.494 0.0000000000
62347  22.544  -12.651  -4.804 0.0000000000
61286  23.384  -12.860  -4.578 0.0000000000
61285  24.036  -13.103  -4.115 0.0000000000
135388  26.472  -11.686  -4.414 0.0000000000
62344  26.016  -12.183  -4.180 0.0000000000
62325  26.297  -12.643  -3.589 0.0000000000
61269  26.649  -13.195  -3.127 0.0000000000
124695  19.423  -15.070  0.479 0.0000000000
57343  20.087  -16.890  0.061 0.0000000000
57354  20.541  -17.633  -0.166 0.0000000000
125208  21.601  -16.820  -0.037 0.0000000000
58247  22.546  -16.727  -0.243 0.0000000000
59264  23.920  -15.857  -0.901 0.0000000000
67940  18.074  -6.397  -5.511 0.0000000000
123326  18.254  -5.813  -5.866 0.0000000000
68787  18.624  -5.665  -6.509 0.0000000000
69678  18.589  -4.672  -6.976 0.0000000000
74947  17.514  1.550  -8.398 0.0000000000
74946  17.958  1.510  -8.817 0.0000000000
74961  18.595  2.012  -9.397 0.0000000000
74960  19.193  2.009  -9.890 0.0000000000
74959  19.397  1.583  -10.796 0.0000000000
76781  21.133  1.781  -13.582 0.0000000000
75868  20.690  1.291  -12.675 0.0000000000
74970  20.273  0.909  -11.799 0.0000000000
74969  22.193  1.228  -11.471 0.0000000000
75844  22.803  1.706  -11.099 0.0000000000
75843  23.223  2.215  -10.522 0.0000000000
76755  23.485  3.086  -10.589 0.0000000000
77652  23.658  3.892  -10.875 0.0000000000
78499  23.646  4.798  -10.966 0.0000000000
78519  24.158  5.097  -12.838 0.0000000000
78509  23.763  5.769  -11.085 0.0000000000
79309  23.985  6.743  -11.221 0.0000000000
80152  24.407  7.643  -11.326 0.0000000000
80929  24.957  8.867  -11.893 0.0000000000
85837  15.323  14.211  -19.539 0.0000000000
87180  15.836  16.519  -20.264 0.0000000000
86501  15.850  15.718  -20.323 0.0000000000
85836  15.709  14.295  -20.213 0.0000000000
85845  16.167  14.330  -20.857 0.0000000000
85844  16.898  14.349  -21.253 0.0000000000
86513  17.670  14.530  -21.000 0.0000000000
127670  22.991  -10.538  -6.382 0.0000000000
63337  23.359  -11.169  -6.213 0.0000000000
63336  24.248  -11.127  -6.243 0.0000000000
63335  25.162  -11.005  -6.111 0.0000000000
134601  25.715  -9.427  -7.241 0.0000000000
64304  25.889  -10.634  -6.151 0.0000000000
63321  25.877  -11.122  -5.545 0.0000000000
64284  26.622  -11.138  -4.974 0.0000000000
114224  17.033  1.319  -7.820 0.0000000000
75858  18.992  3.388  -10.727 0.0000000000
76783  18.703  3.417  -12.532 0.0000000000
77677  18.786  4.467  -12.681 0.0000000000
77676  19.491  3.597  -13.491 0.0000000000
77692  20.148  3.690  -14.361 0.0000000000
77723  21.447  4.384  -16.214 0.0000000000
78563  21.901  4.730  -16.714 0.0000000000
78580  23.595  5.807  -17.125 0.0000000000
55594  20.754  -20.375  -1.369 0.0000000000
68809  26.511  -5.323  -9.555 0.0000000000
67975  27.491  -6.413  -9.681 0.0000000000
114212  27.296  -5.774  -9.817 0.0000000000
62309  19.735  -12.640  -2.405 0.0000000000
62308  20.283  -13.072  -2.753 0.0000000000
62329  20.157  -12.576  -3.355 0.0000000000
62349  20.378  -12.198  -4.186 0.0000000000
62361  21.526  -11.911  -5.135 0.0000000000
65311  18.569  -9.378  -5.209 0.0000000000
65310  19.481  -9.792  -5.556 0.0000000000
66216  19.625  -8.406  -6.268 0.0000000000
65335  19.993  -9.134  -6.131 0.0000000000
64323  20.543  -9.832  -5.970 0.0000000000
129202  21.367  -10.148  -6.128 0.0000000000
64321  22.181  -10.358  -6.273 0.0000000000
65332  22.820  -9.809  -6.503 0.0000000000
65347  23.357  -9.038  -6.710 0.0000000000
66232  23.872  -8.241  -7.156 0.0000000000
113779  22.853  -7.779  -7.223 0.0000000000
67085  24.736  -7.724  -7.721 0.0000000000
67102  24.638  -6.865  -8.171 0.0000000000
67960  25.488  -6.447  -8.721 0.0000000000
68793  25.332  -5.353  -9.117 0.0000000000
71373  16.791  -2.571  -5.395 0.0000000000
134033  17.016  -2.678  -5.615 0.0000000000
70558  17.700  -3.267  -6.621 0.0000000000
115154  18.265  -3.620  -7.078 0.0000000000
69698  19.012  -3.894  -7.581 0.0000000000
73188  17.547  0.392  -8.067 0.0000000000
73165  17.680  -0.125  -8.086 0.0000000000
72289  18.006  -0.567  -8.310 0.0000000000
73186  18.763  -0.161  -8.891 0.0000000000
72288  18.485  -0.718  -8.605 0.0000000000
72267  18.212  -1.151  -8.189 0.0000000000
71420  18.466  -1.944  -8.017 0.0000000000
70575  18.621  -2.903  -7.690 0.0000000000
136301  19.809  -4.106  -8.124 0.0000000000
113475  20.665  -4.250  -8.352 0.0000000000
69695  21.472  -4.582  -8.355 0.0000000000
69694  22.386  -4.267  -8.528 0.0000000000
120421  22.656  -2.834  -8.695 0.0000000000
70588  22.591  -3.486  -8.673 0.0000000000
69693  24.094  -4.571  -8.904 0.0000000000
68811  25.196  -4.609  -9.442 0.0000000000
68810  25.769  -4.921  -9.481 0.0000000000
69711  26.126  -4.639  -9.524 0.0000000000
70572  26.274  -3.659  -9.342 0.0000000000
71417  26.448  -2.941  -8.742 0.0000000000
72281  25.078  -1.941  -9.227 0.0000000000
71418  25.660  -2.494  -9.043 0.0000000000
75833  23.616  2.675  -9.847 0.0000000000
119104  24.410  1.972  -8.811 0.0000000000
77629  24.552  4.438  -8.767 0.0000000000
75810  25.578  2.064  -7.530 0.0000000000
116852  15.087  10.792  -18.913 0.0000000000
79379  18.277  9.099  -16.382 0.0000000000
79383  18.725  8.208  -17.542 0.0000000000
129812  19.766  9.740  -19.088 0.0000000000
78588  19.633  7.573  -17.822 0.0000000000
128359  21.063  6.924  -18.626 0.0000000000
112968  22.266  6.859  -18.880 0.0000000000
128149  23.941  6.693  -17.404 0.0000000000
89245  17.569  19.684  -20.534 0.0000000000
88565  17.874  18.867  -20.773 0.0000000000
129532  18.467  18.343  -20.387 0.0000000000
88568  18.077  18.048  -20.731 0.0000000000
87897  18.167  16.685  -20.612 0.0000000000
87190  18.016  15.906  -20.693 0.0000000000
126680  18.278  14.572  -20.708 0.0000000000
126984  20.602  16.225  -19.941 0.0000000000
124809  19.839  15.598  -20.404 0.0000000000
86510  19.334  15.137  -20.575 0.0000000000
119131  18.959  14.114  -21.443 0.0000000000
128985  19.418  13.280  -21.601 0.0000000000
113029  20.514  12.837  -20.533 0.0000000000
112887  21.161  11.797  -20.286 0.0000000000
121919  22.122  12.800  -20.107 0.0000000000
83463  22.062  12.063  -20.137 0.0000000000
112989  22.673  11.182  -20.104 0.0000000000
125383  23.715  10.989  -19.935 0.0000000000
112950  24.420  9.093  -18.221 0.0000000000
80209  24.538  7.609  -16.790 0.0000000000
80199  24.490  7.559  -15.606 0.0000000000
80188  23.963  7.937  -15.013 0.0000000000
80956  23.892  8.342  -14.381 0.0000000000
81775  24.249  10.139  -15.904 0.0000000000
80969  24.062  8.879  -15.063 0.0000000000
132012  24.054  8.716  -13.750 0.0000000000
81737  24.464  9.371  -13.369 0.0000000000
81723  24.709  9.193  -12.617 0.0000000000
81722  25.371  9.462  -12.231 0.0000000000
82542  26.026  11.208  -14.120 0.0000000000
82532  25.681  10.683  -13.498 0.0000000000
81735  26.451  10.391  -12.881 0.0000000000
81710  25.865  9.296  -11.644 0.0000000000
61253  20.754  -13.560  -2.583 0.0000000000
60281  22.347  -14.103  -2.489 0.0000000000
61273  22.424  -13.584  -3.390 0.0000000000
127768  23.570  -14.764  -1.795 0.0000000000
60264  24.168  -15.116  -1.456 0.0000000000
59263  24.842  -15.719  -1.097 0.0000000000
62358  23.791  -12.329  -5.096 0.0000000000
62346  24.270  -12.607  -4.604 0.0000000000
62326  25.514  -12.729  -3.807 0.0000000000
122554  25.088  -13.267  -3.406 0.0000000000
135455  24.725  -13.656  -3.020 0.0000000000
135338  24.841  -14.109  -2.491 0.0000000000
67112  27.493  -7.239  -9.131 0.0000000000
67084  27.769  -7.900  -8.626 0.0000000000
63322  23.748  -11.795  -5.754 0.0000000000
64316  27.172  -10.141  -5.941 0.0000000000
64317  26.392  -10.098  -6.548 0.0000000000
64319  24.801  -10.434  -6.554 0.0000000000
64320  23.864  -10.458  -6.470 0.0000000000
67087  22.270  -7.195  -7.434 0.0000000000
67100  26.702  -7.368  -8.861 0.0000000000
67101  25.975  -7.388  -8.618 0.0000000000
67947  23.734  -6.394  -8.016 0.0000000000
67962  22.688  -6.373  -7.804 0.0000000000
67976  26.770  -6.083  -9.594 0.0000000000
68785  21.057  -6.050  -7.707 0.0000000000
68794  24.702  -4.971  -8.985 0.0000000000
68797  21.339  -5.324  -8.077 0.0000000000
69692  24.733  -4.397  -9.342 0.0000000000
69715  23.413  -4.048  -8.779 0.0000000000
70571  26.937  -3.773  -8.847 0.0000000000
70583  26.531  -4.290  -9.416 0.0000000000
70584  25.852  -4.001  -9.600 0.0000000000
70589  21.796  -2.885  -8.824 0.0000000000
71404  18.047  -2.291  -7.510 0.0000000000
71432  23.112  -2.401  -8.713 0.0000000000
71434  21.093  -2.257  -9.106 0.0000000000
72266  25.506  -1.734  -8.689 0.0000000000
72268  17.739  -0.818  -7.828 0.0000000000
72283  23.439  -1.829  -8.753 0.0000000000
73154  16.952  -0.212  -7.268 0.0000000000
73164  25.117  -0.268  -8.173 0.0000000000
73166  17.321  0.110  -7.685 0.0000000000
73180  24.476  -0.330  -8.740 0.0000000000
73197  19.427  0.677  -9.635 0.0000000000
74043  16.714  0.165  -7.157 0.0000000000
74056  17.312  0.563  -7.804 0.0000000000
74067  23.466  0.893  -9.483 0.0000000000
74071  17.610  0.894  -8.364 0.0000000000
74079  18.883  0.907  -9.359 0.0000000000
74955  22.929  1.551  -10.452 0.0000000000
74957  21.300  0.826  -11.245 0.0000000000
74958  20.153  0.789  -11.068 0.0000000000
75820  16.692  2.679  -7.986 0.0000000000
75832  24.041  2.294  -9.306 0.0000000000
75834  18.139  2.252  -8.984 0.0000000000
75845  19.199  2.283  -10.390 0.0000000000
75856  21.587  1.094  -12.059 0.0000000000
75870  19.041  2.373  -12.625 0.0000000000
76756  19.022  4.024  -10.300 0.0000000000
76766  23.129  2.313  -12.205 0.0000000000
76782  19.688  2.486  -13.429 0.0000000000
77641  23.711  3.792  -10.159 0.0000000000
77661  23.816  3.972  -11.743 0.0000000000
77693  19.292  4.735  -13.444 0.0000000000
77709  21.903  3.783  -15.874 0.0000000000
78468  24.814  5.023  -8.599 0.0000000000
78485  24.259  5.036  -9.237 0.0000000000
78549  24.088  4.663  -16.302 0.0000000000
78565  19.518  5.941  -16.415 0.0000000000
78573  24.256  5.748  -16.469 0.0000000000
78574  23.111  5.073  -17.076 0.0000000000
78575  21.634  5.175  -17.093 0.0000000000
78581  22.523  5.390  -17.368 0.0000000000
78583  20.383  6.330  -17.376 0.0000000000
78584  19.567  7.177  -17.289 0.0000000000
78586  21.363  6.164  -18.208 0.0000000000
78587  20.355  6.923  -17.902 0.0000000000
79328  24.731  6.102  -14.325 0.0000000000
79343  18.976  6.912  -14.766 0.0000000000
79354  18.919  6.264  -15.739 0.0000000000
79368  18.782  8.002  -15.916 0.0000000000
79376  22.739  5.889  -18.027 0.0000000000
79377  19.638  6.703  -16.864 0.0000000000
79378  18.910  7.593  -16.721 0.0000000000
79384  18.029  9.468  -17.475 0.0000000000
79388  19.322  8.141  -18.298 0.0000000000
80167  23.982  7.858  -12.758 0.0000000000
80187  24.337  8.584  -15.651 0.0000000000
80210  18.295  10.496  -16.783 0.0000000000
80216  24.270  7.851  -18.048 0.0000000000
80217  18.700  9.194  -18.502 0.0000000000
80218  18.275  10.289  -18.074 0.0000000000
80221  18.856  9.881  -18.619 0.0000000000
80924  24.375  8.071  -12.005 0.0000000000
80941  24.180  8.608  -13.090 0.0000000000
80982  24.495  9.453  -16.285 0.0000000000
80983  24.669  8.506  -16.336 0.0000000000
81721  26.199  9.834  -12.226 0.0000000000
81765  24.241  9.903  -15.105 0.0000000000
81785  24.622  10.035  -17.063 0.0000000000
81795  16.694  10.535  -19.556 0.0000000000
81796  16.145  10.595  -19.176 0.0000000000
81802  23.436  10.261  -20.059 0.0000000000
81804  16.315  10.336  -19.751 0.0000000000
81805  15.750  10.755  -19.368 0.0000000000
81806  15.123  10.991  -19.254 0.0000000000
81811  16.064  10.295  -20.155 0.0000000000
81812  16.704  10.353  -20.739 0.0000000000
82544  24.509  10.194  -14.429 0.0000000000
82555  24.835  11.268  -14.974 0.0000000000
82586  16.116  11.103  -18.717 0.0000000000
82587  15.640  10.749  -18.883 0.0000000000
82595  17.302  11.036  -19.709 0.0000000000
82596  15.671  10.996  -19.981 0.0000000000
82597  15.268  11.646  -19.715 0.0000000000
82602  22.824  11.707  -19.843 0.0000000000
82603  17.667  10.251  -20.777 0.0000000000
82604  15.846  11.623  -20.347 0.0000000000
82605  16.471  11.247  -20.982 0.0000000000
83408  26.306  11.578  -14.822 0.0000000000
83450  17.315  12.037  -19.449 0.0000000000
83454  23.916  12.339  -18.907 0.0000000000
83455  23.415  12.206  -19.381 0.0000000000
83456  18.528  11.729  -20.506 0.0000000000
83457  17.849  11.926  -20.030 0.0000000000
83458  15.030  11.396  -18.972 0.0000000000
83468  20.402  13.264  -20.581 0.0000000000
84303  18.698  12.173  -18.651 0.0000000000
84309  24.287  13.046  -19.057 0.0000000000
84312  15.107  12.916  -19.076 0.0000000000
84317  22.749  13.329  -19.921 0.0000000000
84318  21.791  13.480  -20.248 0.0000000000
84319  15.200  12.582  -19.637 0.0000000000
84324  20.003  13.867  -20.655 0.0000000000
84325  18.645  13.202  -22.214 0.0000000000
84326  18.007  12.999  -22.268 0.0000000000
85102  23.245  14.167  -20.082 0.0000000000
85104  15.888  13.705  -20.559 0.0000000000
85105  15.416  13.669  -19.997 0.0000000000
85107  20.854  14.577  -20.608 0.0000000000
85108  17.059  13.668  -21.500 0.0000000000
85109  16.445  13.676  -21.052 0.0000000000
85110  20.519  14.076  -20.612 0.0000000000
85113  19.057  13.580  -21.819 0.0000000000
85115  17.660  13.815  -21.950 0.0000000000
85116  19.653  13.630  -20.963 0.0000000000
85843  20.486  14.858  -20.590 0.0000000000
85846  19.719  14.582  -20.632 0.0000000000
85847  19.040  14.519  -20.985 0.0000000000
85848  18.559  14.361  -21.127 0.0000000000
85849  18.081  14.211  -21.214 0.0000000000
85850  17.514  14.162  -21.431 0.0000000000
86492  15.168  15.630  -18.506 0.0000000000
86502  15.526  15.039  -19.773 0.0000000000
86506  20.863  15.411  -20.386 0.0000000000
86508  16.437  15.026  -21.001 0.0000000000
86511  18.650  15.246  -20.542 0.0000000000
86512  17.822  15.152  -20.713 0.0000000000
87176  15.196  16.184  -19.010 0.0000000000
87183  20.155  16.267  -20.145 0.0000000000
87186  16.139  16.198  -20.780 0.0000000000
87188  19.572  16.095  -20.284 0.0000000000
87189  18.790  16.008  -20.399 0.0000000000
87883  15.376  16.922  -18.836 0.0000000000
87890  20.283  16.720  -19.786 0.0000000000
87892  18.317  17.329  -20.561 0.0000000000
87893  17.574  17.552  -21.038 0.0000000000
87894  16.743  17.339  -21.113 0.0000000000
88566  15.952  18.513  -20.410 0.0000000000
88569  17.464  18.499  -21.049 0.0000000000
89234  15.999  19.252  -17.584 0.0000000000
89246  16.454  19.441  -20.327 0.0000000000
89247  17.272  19.348  -21.010 0.0000000000
89248  16.895  19.632  -20.999 0.0000000000
89905  18.024  20.264  -20.075 0.0000000000
89906  17.289  20.439  -20.269 0.0000000000
89907  16.987  20.315  -20.450 0.0000000000
112863  23.320  7.733  -18.946 0.0000000000
112866  21.616  9.891  -20.044 0.0000000000
112868  20.592  10.249  -19.517 0.0000000000
112871  22.300  10.392  -20.250 0.0000000000
112872  24.288  11.634  -17.715 0.0000000000
112882  24.535  12.134  -17.423 0.0000000000
112885  17.356  10.157  -21.029 0.0000000000
112888  19.801  11.336  -19.306 0.0000000000
112889  18.879  11.910  -21.799 0.0000000000
112928  19.216  12.600  -21.788 0.0000000000
112947  24.164  9.639  -19.319 0.0000000000
112958  21.246  7.893  -19.219 0.0000000000
112960  19.892  8.569  -18.994 0.0000000000
112964  19.613  13.021  -21.301 0.0000000000
112966  19.582  11.031  -18.596 0.0000000000
112972  24.504  10.910  -17.396 0.0000000000
112981  18.859  10.915  -18.022 0.0000000000
112999  23.010  9.488  -19.891 0.0000000000
113003  18.449  11.257  -22.080 0.0000000000
113005  25.479  11.735  -15.240 0.0000000000
113010  18.308  10.906  -20.982 0.0000000000
113017  18.035  10.564  -21.423 0.0000000000
113019  18.666  12.321  -22.216 0.0000000000
113222  21.146  15.793  -19.908 0.0000000000
113303  17.145  10.128  -20.648 0.0000000000
113519  20.475  16.889  -19.407 0.0000000000
113976  19.792  10.393  -19.040 0.0000000000
113993  19.295  11.142  -17.634 0.0000000000
115177  20.094  11.878  -20.249 0.0000000000
115306  22.159  15.402  -19.784 0.0000000000
117555  23.169  -4.804  -8.510 0.0000000000
118172  15.908  18.669  -17.987 0.0000000000
118351  23.010  8.572  -19.427 0.0000000000
120140  24.824  8.340  -11.403 0.0000000000
121372  17.841  0.434  -8.528 0.0000000000
122232  18.805  14.685  -20.722 0.0000000000
122680  16.995  11.670  -21.449 0.0000000000
123273  15.917  14.992  -20.541 0.0000000000
123368  25.684  -1.144  -8.103 0.0000000000
123779  20.240  10.839  -19.256 0.0000000000
124531  25.935  -9.726  -7.049 0.0000000000
125182  25.302  -9.729  -6.933 0.0000000000
125670  18.295  -9.637  -4.639 0.0000000000
126305  16.613  10.278  -20.321 0.0000000000
126867  15.689  13.269  -20.292 0.0000000000
126991  15.702  12.744  -20.349 0.0000000000
128079  21.981  14.813  -20.265 0.0000000000
128322  19.920  13.403  -20.765 0.0000000000
128326  20.034  12.836  -20.761 0.0000000000
128329  24.271  10.419  -19.469 0.0000000000
128337  15.432  11.151  -18.752 0.0000000000
128348  22.437  7.888  -19.407 0.0000000000
128358  20.170  7.563  -18.527 0.0000000000
128751  21.156  10.696  -19.889 0.0000000000
129457  16.220  12.712  -20.989 0.0000000000
129684  18.701  1.365  -9.364 0.0000000000
129724  21.403  14.753  -20.505 0.0000000000
130131  17.089  15.111  -21.169 0.0000000000
130709  17.102  2.016  -8.155 0.0000000000
130756  24.669  9.608  -17.570 0.0000000000
132064  18.983  11.000  -17.856 0.0000000000
132783  23.401  6.872  -18.376 0.0000000000
133117  20.045  15.925  -20.302 0.0000000000
133365  24.565  6.863  -9.978 0.0000000000
133835  25.405  -0.711  -8.156 0.0000000000
134185  18.728  4.432  -11.881 0.0000000000
134265  23.341  -10.151  -6.481 0.0000000000
134746  15.146  12.078  -19.499 0.0000000000
135173  20.714  3.817  -15.204 0.0000000000
135479  24.713  5.087  -14.599 0.0000000000
135628  19.416  -3.352  -8.100 0.0000000000
135655  18.578  3.793  -9.705 0.0000000000
136162  25.937  -8.780  -7.769 0.0000000000
136171  23.257  2.802  -14.955 0.0000000000
136201  18.276  -7.024  -5.597 0.0000000000
136279  15.596  17.374  -19.378 0.0000000000
136296  21.967  -7.829  -7.144 0.0000000000
136305  18.462  12.257  -19.988 0.0000000000
136574  23.546  -1.234  -8.817 0.0000000000
136604  22.801  10.794  -20.232 0.0000000000
