#!ascii label  , from subject sub-v2s10x30154_ses-1 vox2ras=TkReg
965
54659  20.162  -20.552  3.719 0.1428571492
53766  19.620  -21.143  4.032 0.1428571492
55551  20.062  -19.584  3.477 0.1428571492
118182  20.912  -20.817  3.679 0.1428571492
125746  20.742  -20.137  3.450 0.2857142985
54658  21.562  -20.183  3.373 0.1428571492
117360  20.498  -18.109  2.407 0.5714285970
55564  21.690  -19.353  3.018 0.1428571492
55571  22.350  -18.896  1.624 0.2857142985
55576  23.038  -19.929  0.079 0.1428571492
55577  22.333  -19.313  0.579 0.2857142985
53837  22.070  -21.389  -2.012 0.2857142985
53810  21.506  -21.273  -1.426 0.1428571492
54696  21.181  -21.258  -0.996 0.2857142985
55591  24.465  -19.474  -2.274 0.2857142985
54710  23.771  -20.961  -2.695 0.2857142985
56482  25.280  -18.475  -1.567 0.2857142985
59261  26.688  -15.608  -1.578 0.2857142985
62324  27.102  -12.581  -3.424 0.8571428657
60277  26.564  -14.279  -2.302 0.4285714328
133093  26.494  -17.575  -1.633 0.2857142985
64302  27.771  -10.360  -5.287 0.7142857313
63304  27.899  -11.364  -4.232 0.7142857313
63286  27.525  -11.937  -3.755 0.7142857313
61269  26.649  -13.195  -3.127 0.7142857313
65328  28.685  -9.229  -6.368 0.8571428657
65309  28.060  -9.664  -5.940 0.5714285970
64283  27.454  -10.931  -4.776 0.7142857313
62343  26.736  -12.040  -3.876 0.7142857313
67099  29.540  -7.410  -8.611 0.4285714328
123582  28.673  -8.664  -7.081 0.7142857313
119059  28.068  -9.212  -6.737 0.8571428657
68818  30.508  -5.531  -10.336 0.2857142985
68819  29.776  -5.754  -10.313 0.5714285970
67110  28.865  -7.164  -9.335 0.8571428657
67958  29.543  -6.877  -9.481 0.7142857313
67083  28.577  -7.714  -8.608 0.8571428657
69707  30.656  -4.765  -9.710 0.1428571492
69723  31.067  -5.087  -10.346 0.1428571492
69724  30.222  -5.307  -10.133 0.4285714328
67989  29.455  -6.136  -10.282 0.5714285970
67973  29.150  -6.604  -9.943 0.8571428657
120429  28.922  -1.480  -6.816 0.1428571492
69687  31.149  -4.262  -8.760 0.1428571492
70570  29.683  -3.992  -8.031 0.1428571492
69689  29.332  -4.514  -8.739 0.4285714328
67991  28.104  -6.104  -9.996 0.8571428657
115991  28.275  0.927  -6.767 0.1428571492
73150  28.710  -0.775  -6.743 0.1428571492
121632  28.267  0.027  -6.749 0.1428571492
118525  28.652  -2.256  -7.056 0.1428571492
71402  27.786  -2.462  -7.352 0.4285714328
117315  27.841  -3.950  -8.386 0.5714285970
69690  28.395  -4.629  -9.046 0.7142857313
114212  27.296  -5.774  -9.817 0.8571428657
74041  27.264  0.504  -6.837 0.1428571492
114624  26.886  2.961  -7.172 0.1428571492
73152  27.167  -0.524  -6.874 0.1428571492
72255  27.076  -1.515  -7.184 0.5714285970
129564  27.830  -5.058  -9.620 0.8571428657
69691  27.372  -4.507  -9.186 0.8571428657
119816  27.027  3.670  -7.229 0.1428571492
77612  26.549  4.208  -7.402 0.2857142985
74918  26.726  1.172  -7.032 0.1428571492
75810  25.578  2.064  -7.530 0.8571428657
71403  27.001  -2.360  -7.709 0.8571428657
71416  27.370  -3.139  -8.062 0.7142857313
72265  26.175  -1.930  -8.070 0.8571428657
79281  25.847  6.201  -8.350 0.1428571492
79293  26.342  6.969  -8.698 0.1428571492
77613  25.680  3.974  -7.674 0.4285714328
76732  24.651  3.652  -8.567 0.8571428657
73163  25.782  -0.356  -7.688 0.8571428657
73179  25.124  -1.046  -8.720 0.8571428657
118933  25.502  5.326  -8.216 0.4285714328
119483  24.877  2.063  -8.184 0.8571428657
74930  25.145  1.264  -7.903 0.8571428657
74931  24.575  1.317  -8.607 0.8571428657
80136  25.868  7.449  -9.332 0.1428571492
80915  25.934  8.486  -10.446 0.2857142985
79294  25.361  6.732  -8.977 0.5714285970
79295  24.570  6.369  -9.563 0.8571428657
78484  24.889  5.809  -8.827 0.8571428657
77629  24.552  4.438  -8.767 0.8571428657
77640  24.098  3.997  -9.410 0.8571428657
119104  24.410  1.972  -8.811 0.8571428657
80923  25.494  8.740  -11.158 0.2857142985
80151  25.063  8.138  -10.749 0.7142857313
79303  25.014  7.157  -9.658 0.5714285970
80144  24.610  7.313  -10.442 0.8571428657
122889  23.962  5.560  -10.058 0.8571428657
78499  23.646  4.798  -10.966 0.8571428657
76743  24.098  3.122  -9.261 0.8571428657
80152  24.407  7.643  -11.326 0.8571428657
80157  23.824  7.072  -12.193 0.8571428657
78509  23.763  5.769  -11.085 0.8571428657
79316  23.884  6.081  -12.952 0.7142857313
79310  23.705  5.960  -12.037 0.7142857313
80930  24.419  8.534  -12.467 0.8571428657
80168  23.813  7.818  -13.642 0.8571428657
80956  23.892  8.342  -14.381 0.8571428657
127441  23.921  6.826  -13.918 0.7142857313
82556  24.371  10.779  -15.462 0.7142857313
80969  24.062  8.879  -15.063 0.8571428657
81775  24.249  10.139  -15.904 0.8571428657
81784  24.441  10.441  -16.618 0.8571428657
112873  23.938  11.756  -18.883 0.7142857313
80158  23.748  6.972  -13.171 0.8571428657
80968  24.231  9.364  -15.639 0.8571428657
85086  26.200  13.623  -18.710 0.1428571492
127858  24.400  11.225  -16.928 0.8571428657
82593  24.056  11.899  -18.386 0.7142857313
84310  23.772  12.980  -19.378 0.7142857313
113158  24.357  11.383  -18.233 0.8571428657
85838  25.526  15.028  -20.385 0.1428571492
84315  24.302  13.665  -19.678 0.5714285970
85101  24.232  14.359  -20.312 0.5714285970
121386  22.175  15.075  -20.082 0.5714285970
131571  24.396  15.014  -20.789 0.1428571492
86491  25.634  15.686  -18.848 0.1428571492
86505  21.537  15.373  -20.119 0.5714285970
86485  24.251  15.548  -18.056 0.1428571492
86480  24.269  15.271  -17.176 0.1428571492
86500  23.861  15.617  -19.815 0.1428571492
86474  23.768  14.818  -16.223 0.1428571492
86504  23.088  15.185  -20.210 0.5714285970
130406  23.118  15.349  -17.465 0.1428571492
86467  23.516  14.668  -15.270 0.1428571492
86476  22.392  15.767  -16.688 0.1428571492
53744  20.198  -21.812  4.213 0.1428571492
55550  21.019  -19.366  3.198 0.2857142985
55563  22.920  -19.418  2.448 0.2857142985
56447  22.076  -19.034  2.468 0.2857142985
53808  22.901  -21.743  -1.013 0.2857142985
53809  21.989  -21.502  -1.127 0.2857142985
54695  22.492  -21.124  -0.647 0.1428571492
58258  26.418  -16.642  -1.379 0.2857142985
121646  25.425  -16.606  -1.039 0.2857142985
61247  27.016  -13.752  -2.686 0.4285714328
60262  26.153  -14.854  -1.803 0.5714285970
66226  29.671  -8.423  -7.151 0.2857142985
62325  26.297  -12.643  -3.589 0.7142857313
67957  30.287  -6.827  -9.078 0.1428571492
67084  27.769  -7.900  -8.626 0.8571428657
68807  28.585  -5.313  -9.734 0.7142857313
75808  27.525  2.485  -7.091 0.1428571492
74042  26.260  0.463  -7.301 0.8571428657
73162  26.361  -0.963  -7.482 0.8571428657
71418  25.660  -2.494  -9.043 0.8571428657
74055  24.783  0.501  -8.331 0.8571428657
80929  24.957  8.867  -11.893 0.8571428657
80955  24.221  9.357  -14.277 0.8571428657
82566  24.326  10.956  -16.239 0.8571428657
83447  24.322  12.386  -18.318 0.7142857313
86503  23.859  15.488  -20.405 0.1428571492
87165  24.790  15.691  -18.721 0.1428571492
134077  25.671  14.182  -15.143 0.1428571492
130875  19.154  -21.949  4.430 0.1428571492
56448  21.245  -18.631  2.552 0.4285714328
55572  21.572  -18.922  0.866 0.2857142985
56456  21.513  -18.594  1.652 0.4285714328
56457  20.564  -18.247  1.561 0.2857142985
55584  21.602  -20.329  -0.427 0.1428571492
53835  23.548  -21.583  -2.200 0.2857142985
55602  24.041  -20.263  -2.846 0.2857142985
126773  22.676  -19.958  -2.262 0.2857142985
55604  22.209  -20.758  -2.291 0.2857142985
55592  23.567  -19.913  -2.434 0.2857142985
61248  26.185  -13.714  -2.759 0.7142857313
71400  30.173  -2.385  -7.289 0.1428571492
74916  28.907  1.555  -7.122 0.1428571492
78449  26.980  4.972  -7.519 0.1428571492
78467  26.427  5.603  -7.877 0.2857142985
79280  26.895  6.365  -8.211 0.1428571492
75819  25.262  3.063  -7.821 0.8571428657
71417  26.448  -2.941  -8.742 0.8571428657
70572  26.274  -3.659  -9.342 1.0000000000
80142  26.395  8.056  -9.810 0.1428571492
80922  26.421  9.008  -10.982 0.1428571492
81722  25.371  9.462  -12.231 0.2857142985
78510  23.797  4.952  -11.895 0.8571428657
81723  24.709  9.193  -12.617 0.5714285970
121566  24.507  10.680  -14.802 0.5714285970
112877  24.733  11.586  -15.840 0.5714285970
132874  24.310  11.629  -17.203 0.7142857313
114012  24.813  13.134  -18.643 0.4285714328
83439  25.394  12.795  -17.414 0.2857142985
84300  25.402  13.265  -18.225 0.2857142985
84308  24.930  13.639  -19.365 0.1428571492
85833  25.045  14.818  -20.570 0.1428571492
85839  24.920  15.211  -20.682 0.1428571492
87884  21.877  15.933  -19.066 0.2857142985
87172  25.159  15.676  -19.306 0.1428571492
134117  23.004  15.535  -18.398 0.1428571492
87170  22.482  15.683  -18.444 0.1428571492
87166  21.917  15.891  -17.785 0.1428571492
125361  25.027  15.491  -17.747 0.1428571492
86475  22.736  15.278  -15.805 0.1428571492
87158  22.081  16.427  -15.718 0.1428571492
86461  23.502  14.708  -14.325 0.1428571492
81736  25.297  9.968  -12.867 0.4285714328
82543  25.017  10.930  -14.228 0.4285714328
83409  25.470  11.406  -14.638 0.4285714328
113116  25.026  12.161  -16.637 0.4285714328
112881  24.410  11.625  -16.705 0.5714285970
84301  24.813  12.791  -17.985 0.5714285970
124329  20.373  -21.192  3.916 0.1428571492
53767  18.663  -20.917  4.314 0.1428571492
55565  20.463  -18.616  2.998 0.4285714328
128084  19.069  -19.313  3.828 0.2857142985
54677  22.326  -19.728  3.066 0.1428571492
54711  22.917  -21.202  -2.335 0.2857142985
64284  26.622  -11.138  -4.974 0.7142857313
123485  29.087  -8.067  -7.856 0.8571428657
66227  28.156  -8.318  -7.990 0.8571428657
67988  30.047  -5.924  -10.368 0.5714285970
69709  29.095  -4.940  -9.431 0.5714285970
72254  28.027  -1.653  -6.866 0.2857142985
70554  29.962  -3.241  -7.595 0.1428571492
70556  28.399  -3.205  -7.601 0.1428571492
128853  26.049  2.722  -7.307 0.5714285970
74054  25.444  0.457  -7.733 0.8571428657
77628  25.178  4.428  -8.213 0.8571428657
117531  24.194  6.466  -10.373 0.8571428657
134551  24.381  5.712  -9.393 0.8571428657
77651  23.791  4.530  -10.093 0.8571428657
79309  23.985  6.743  -11.221 0.8571428657
81737  24.464  9.371  -13.369 0.8571428657
132012  24.054  8.716  -13.750 0.8571428657
85099  25.696  14.695  -20.101 0.1428571492
85841  22.933  14.978  -20.386 0.5714285970
85835  22.630  14.601  -20.194 0.5714285970
86483  26.503  15.485  -17.806 0.1428571492
87178  22.403  15.629  -19.445 0.4285714328
87168  23.913  15.658  -18.560 0.1428571492
128915  25.384  14.506  -15.626 0.1428571492
86472  25.875  14.937  -16.383 0.1428571492
115888  24.329  15.687  -19.694 0.1428571492
133596  23.134  15.763  -18.981 0.1428571492
115309  23.155  15.152  -16.789 0.1428571492
53807  23.897  -21.939  -0.952 0.1428571492
81753  24.803  10.119  -13.754 0.5714285970
119667  23.483  -19.309  -1.720 0.5714285970
87881  21.276  16.596  -18.768 0.1428571492
56473  22.101  -18.552  -0.719 0.5714285970
57353  21.828  -17.649  -0.206 0.5714285970
57354  20.541  -17.633  -0.166 0.2857142985
116532  23.546  -16.699  -0.504 0.5714285970
58247  22.546  -16.727  -0.243 0.5714285970
57355  19.625  -18.043  0.041 0.4285714328
57352  22.987  -17.644  -0.347 0.5714285970
58248  20.789  -16.487  -0.024 0.2857142985
59253  21.802  -15.955  -0.412 0.4285714328
59263  24.842  -15.719  -1.097 0.4285714328
59264  23.920  -15.857  -0.901 0.5714285970
59252  22.964  -15.931  -0.694 0.5714285970
59265  22.376  -15.254  -1.099 0.4285714328
60263  25.099  -14.818  -1.747 0.5714285970
60279  24.171  -14.512  -2.147 0.5714285970
123478  23.322  -15.264  -1.275 0.4285714328
135338  24.841  -14.109  -2.491 0.7142857313
61250  23.991  -13.889  -2.883 0.4285714328
61249  25.392  -13.684  -2.869 0.4285714328
59254  20.586  -15.601  -0.320 0.2857142985
60265  22.816  -14.700  -1.769 0.4285714328
62326  25.514  -12.729  -3.807 0.7142857313
62346  24.270  -12.607  -4.604 0.4285714328
63307  25.191  -11.626  -5.359 0.7142857313
131950  24.562  -11.541  -5.768 0.5714285970
63335  25.162  -11.005  -6.111 0.7142857313
63336  24.248  -11.127  -6.243 0.2857142985
61270  25.844  -13.204  -3.254 0.5714285970
62344  26.016  -12.183  -4.180 0.5714285970
62345  25.168  -12.284  -4.590 0.7142857313
64304  25.889  -10.634  -6.151 0.7142857313
135138  24.953  -9.411  -6.986 0.7142857313
65345  25.407  -9.044  -7.368 0.7142857313
66231  24.871  -8.440  -7.395 0.7142857313
65346  24.423  -9.074  -6.926 0.4285714328
67085  24.736  -7.724  -7.721 0.4285714328
136640  27.099  -10.616  -5.329 0.5714285970
63321  25.877  -11.122  -5.545 0.5714285970
65329  27.239  -9.533  -6.794 0.5714285970
65344  26.121  -9.202  -7.525 0.5714285970
66230  25.663  -8.186  -7.973 0.7142857313
123234  25.314  -7.348  -8.262 0.7142857313
68793  25.332  -5.353  -9.117 0.7142857313
67102  24.638  -6.865  -8.171 0.7142857313
67961  24.658  -5.867  -8.560 0.5714285970
69693  24.094  -4.571  -8.904 0.5714285970
67111  28.184  -7.372  -9.114 0.7142857313
66243  27.012  -8.003  -8.605 0.5714285970
66229  26.474  -8.581  -8.057 0.5714285970
67113  26.962  -6.758  -9.292 0.7142857313
66244  26.366  -7.971  -8.478 0.7142857313
68810  25.769  -4.921  -9.481 0.8571428657
67086  23.831  -7.336  -7.635 0.4285714328
69712  25.515  -4.301  -9.561 0.7142857313
69713  24.982  -4.068  -9.569 0.7142857313
70586  24.678  -3.346  -9.348 0.7142857313
69714  24.332  -3.949  -9.210 0.5714285970
67112  27.493  -7.239  -9.131 0.5714285970
67959  26.328  -6.641  -9.076 0.7142857313
69711  26.126  -4.639  -9.524 0.8571428657
70585  25.323  -3.701  -9.576 0.8571428657
71431  24.733  -2.546  -9.279 0.7142857313
120290  24.063  -2.566  -8.873 0.5714285970
73182  22.368  -0.475  -9.334 0.2857142985
69710  27.028  -5.082  -9.615 0.7142857313
71430  25.209  -2.936  -9.482 0.7142857313
74075  22.644  0.952  -10.035 0.7142857313
71429  25.767  -3.310  -9.451 0.7142857313
124454  24.645  -1.188  -8.975 0.8571428657
72282  24.281  -1.761  -8.933 0.8571428657
75833  23.616  2.675  -9.847 0.8571428657
119754  23.986  -0.847  -8.882 0.8571428657
74068  22.862  0.209  -9.497 0.5714285970
74945  23.423  1.771  -9.831 0.8571428657
75843  23.223  2.215  -10.522 0.8571428657
74944  24.049  1.492  -9.230 0.8571428657
76755  23.485  3.086  -10.589 0.8571428657
76744  23.746  3.359  -9.829 0.8571428657
77652  23.658  3.892  -10.875 0.8571428657
76765  23.572  3.106  -11.562 0.7142857313
80178  23.829  7.413  -14.383 0.7142857313
123666  24.109  7.079  -14.865 0.7142857313
80188  23.963  7.937  -15.013 0.5714285970
79353  24.599  6.578  -15.464 0.7142857313
80199  24.490  7.559  -15.606 0.7142857313
135089  24.708  9.249  -16.839 0.7142857313
112869  24.622  10.544  -17.910 0.8571428657
82594  23.685  11.518  -19.618 0.7142857313
112950  24.420  9.093  -18.221 0.7142857313
112887  21.161  11.797  -20.286 0.7142857313
113029  20.514  12.837  -20.533 0.7142857313
112886  20.409  12.392  -20.539 0.5714285970
83462  22.763  12.454  -19.826 0.7142857313
115273  21.162  12.788  -20.350 0.7142857313
128361  19.319  12.285  -21.340 0.5714285970
84323  20.266  13.686  -20.606 0.4285714328
128985  19.418  13.280  -21.601 0.5714285970
84328  19.046  12.958  -22.043 0.5714285970
121919  22.122  12.800  -20.107 0.5714285970
112890  18.700  11.457  -21.457 0.5714285970
85112  19.313  13.991  -21.113 0.5714285970
119131  18.959  14.114  -21.443 0.5714285970
85114  18.472  13.994  -22.039 0.5714285970
83469  17.764  12.028  -22.056 0.4285714328
125869  16.845  12.414  -21.413 0.5714285970
83467  17.760  11.136  -21.787 0.4285714328
85844  16.898  14.349  -21.253 0.5714285970
84327  17.273  12.964  -21.772 0.5714285970
86510  19.334  15.137  -20.575 0.5714285970
84322  16.034  13.171  -20.833 0.4285714328
81803  17.125  10.381  -20.068 0.4285714328
85845  16.167  14.330  -20.857 0.5714285970
84321  16.670  13.124  -21.238 0.5714285970
87180  15.836  16.519  -20.264 0.4285714328
61268  27.515  -13.215  -3.046 0.2857142985
66228  27.326  -8.534  -8.118 0.5714285970
87895  16.184  17.040  -20.793 0.2857142985
86501  15.850  15.718  -20.323 0.4285714328
87181  15.530  15.935  -19.652 0.2857142985
56474  20.775  -18.655  -0.691 0.5714285970
132032  19.992  -18.682  -0.448 0.5714285970
57350  24.969  -17.583  -0.931 0.2857142985
57351  24.018  -17.634  -0.595 0.4285714328
58259  24.494  -16.647  -0.748 0.5714285970
57343  20.087  -16.890  0.061 0.2857142985
127768  23.570  -14.764  -1.795 0.4285714328
59266  21.276  -15.109  -0.964 0.2857142985
60266  21.850  -14.599  -1.668 0.2857142985
61271  24.330  -13.391  -3.521 0.5714285970
63285  28.389  -11.901  -3.795 0.2857142985
63323  22.825  -11.690  -5.804 0.2857142985
65331  24.538  -9.797  -6.716 0.7142857313
72281  25.078  -1.941  -9.227 0.8571428657
73181  23.177  -0.554  -9.034 0.7142857313
128954  24.149  6.237  -13.622 0.7142857313
79342  24.130  6.738  -14.424 0.7142857313
78533  24.655  5.266  -13.789 0.7142857313
112989  22.673  11.182  -20.104 0.7142857313
112926  19.456  12.117  -20.955 0.5714285970
83465  16.162  12.150  -20.861 0.2857142985
83461  23.260  12.889  -19.627 0.5714285970
84320  20.902  13.638  -20.527 0.5714285970
85103  22.384  13.987  -20.133 0.5714285970
85111  20.006  14.204  -20.621 0.5714285970
86513  17.670  14.530  -21.000 0.5714285970
87191  17.244  15.851  -21.142 0.2857142985
60280  23.338  -14.315  -2.357 0.4285714328
56483  24.329  -18.536  -1.187 0.2857142985
66213  27.718  -8.955  -7.461 0.7142857313
135388  26.472  -11.686  -4.414 0.5714285970
67974  28.292  -6.720  -9.674 0.7142857313
68809  26.511  -5.323  -9.555 0.7142857313
67975  27.491  -6.413  -9.681 0.7142857313
74066  24.192  0.651  -8.984 0.7142857313
112870  24.310  11.048  -18.949 0.8571428657
60278  25.699  -14.223  -2.331 0.5714285970
77674  24.223  4.038  -12.676 0.7142857313
64303  26.499  -10.604  -5.739 0.5714285970
56472  23.295  -18.527  -0.855 0.5714285970
125208  21.601  -16.820  -0.037 0.5714285970
56475  19.816  -19.011  -0.311 0.5714285970
60264  24.168  -15.116  -1.456 0.5714285970
135455  24.725  -13.656  -3.020 0.5714285970
122554  25.088  -13.267  -3.406 0.5714285970
62327  24.734  -12.907  -4.002 0.7142857313
63308  24.468  -12.064  -5.222 0.5714285970
62358  23.791  -12.329  -5.096 0.4285714328
62359  23.094  -12.288  -5.293 0.4285714328
61285  24.036  -13.103  -4.115 0.4285714328
63306  25.885  -11.659  -4.827 0.7142857313
63337  23.359  -11.169  -6.213 0.2857142985
64318  25.586  -10.299  -6.614 0.7142857313
65330  26.494  -9.537  -7.148 0.7142857313
134601  25.715  -9.427  -7.241 0.7142857313
65343  26.889  -9.092  -7.572 0.5714285970
67960  25.488  -6.447  -8.721 0.7142857313
67977  26.036  -5.756  -9.283 0.5714285970
68811  25.196  -4.609  -9.442 0.7142857313
118938  22.834  -1.161  -8.915 0.5714285970
125572  22.050  -1.210  -9.173 0.2857142985
125485  23.683  0.025  -9.107 0.8571428657
80993  24.637  8.647  -17.237 0.7142857313
128350  24.529  10.066  -18.511 0.7142857313
83463  22.062  12.063  -20.137 0.8571428657
126680  18.278  14.572  -20.708 0.7142857313
86507  16.577  15.726  -21.052 0.5714285970
85836  15.709  14.295  -20.213 0.4285714328
60282  21.314  -14.067  -2.247 0.1428571492
60281  22.347  -14.103  -2.489 0.4285714328
136501  19.678  -18.689  3.412 0.4285714328
55601  25.048  -19.965  -3.335 0.1428571492
56494  25.482  -19.135  -2.579 0.1428571492
134726  27.339  -15.549  -1.851 0.1428571492
59272  27.751  -15.119  -2.185 0.1428571492
56481  26.087  -18.313  -1.888 0.1428571492
129946  25.733  -19.415  -3.422 0.1428571492
122127  27.896  -15.946  -2.117 0.1428571492
57361  27.114  -17.226  -1.809 0.1428571492
57370  26.755  -18.066  -2.223 0.1428571492
60275  28.203  -14.618  -2.570 0.1428571492
64281  29.101  -10.773  -4.699 0.2857142985
65327  29.615  -9.058  -6.387 0.1428571492
78519  24.158  5.097  -12.838 0.5714285970
128619  23.050  17.244  -13.049 0.1428571492
76779  23.804  3.032  -12.518 0.4285714328
87149  22.116  17.934  -13.942 0.1428571492
87873  21.741  16.882  -16.969 0.1428571492
78548  24.521  5.111  -15.336 0.4285714328
126603  24.670  6.353  -14.938 0.5714285970
79367  24.422  6.616  -16.387 0.4285714328
89899  19.713  19.506  -18.466 0.2857142985
120942  18.918  17.535  -20.254 0.2857142985
124205  19.280  15.579  -20.428 0.2857142985
88567  19.763  17.300  -19.817 0.2857142985
123637  20.661  5.282  -16.709 0.1428571492
128149  23.941  6.693  -17.404 0.5714285970
125383  23.715  10.989  -19.935 0.5714285970
88565  17.874  18.867  -20.773 0.2857142985
86509  20.134  15.216  -20.490 0.4285714328
128359  21.063  6.924  -18.626 0.4285714328
128332  21.450  10.932  -19.919 0.5714285970
88568  18.077  18.048  -20.731 0.2857142985
129812  19.766  9.740  -19.088 0.4285714328
112931  20.344  10.888  -19.284 0.2857142985
88571  16.180  17.961  -20.929 0.1428571492
87184  17.388  16.647  -21.085 0.1428571492
88570  16.836  18.204  -21.137 0.1428571492
128331  19.472  11.082  -18.531 0.1428571492
83464  17.817  10.895  -20.339 0.4285714328
87887  15.829  17.466  -20.209 0.1428571492
89249  16.438  18.829  -20.888 0.1428571492
89908  16.970  20.046  -20.920 0.1428571492
84302  19.038  12.029  -19.321 0.2857142985
87882  15.736  18.103  -19.560 0.2857142985
87879  15.445  17.168  -17.992 0.1428571492
88561  15.854  18.970  -19.588 0.1428571492
89903  16.694  20.168  -19.830 0.1428571492
88558  15.760  18.451  -18.739 0.1428571492
89237  15.984  19.346  -18.642 0.1428571492
89241  16.245  19.642  -19.480 0.1428571492
89889  15.989  19.943  -17.077 0.1428571492
57336  19.298  -17.285  1.195 0.2857142985
118821  24.478  -20.574  -2.935 0.1428571492
57369  27.462  -17.746  -2.556 0.1428571492
129778  28.575  -14.134  -2.900 0.1428571492
77689  24.509  4.273  -13.574 0.2857142985
84316  23.609  13.593  -19.797 0.4285714328
126984  20.602  16.225  -19.941 0.2857142985
89245  17.569  19.684  -20.534 0.2857142985
88564  19.218  18.167  -19.904 0.2857142985
90560  17.278  21.142  -19.771 0.2857142985
57326  19.481  -17.054  2.297 0.2857142985
54690  23.674  -20.525  -0.078 0.1428571492
65308  29.099  -9.642  -5.751 0.1428571492
62323  27.991  -12.554  -3.372 0.1428571492
112879  19.629  10.748  -18.454 0.1428571492
78576  20.295  5.888  -16.897 0.2857142985
112876  20.858  11.144  -19.759 0.5714285970
85842  21.326  15.058  -20.443 0.4285714328
89901  18.414  20.807  -19.419 0.2857142985
89243  19.041  18.869  -19.560 0.2857142985
87886  20.165  17.088  -19.552 0.2857142985
88563  20.015  17.502  -19.376 0.2857142985
89236  20.257  18.915  -18.012 0.2857142985
89235  21.201  18.513  -17.293 0.1428571492
89890  21.056  19.161  -16.966 0.1428571492
113441  21.891  16.776  -16.490 0.1428571492
89902  16.896  21.010  -19.628 0.2857142985
90559  17.789  21.190  -19.722 0.2857142985
88553  21.715  18.262  -17.037 0.1428571492
87871  21.977  17.854  -16.213 0.1428571492
87877  21.409  16.971  -18.218 0.1428571492
88556  21.498  17.618  -17.610 0.1428571492
66212  30.451  -8.757  -6.771 0.2857142985
87179  21.568  15.876  -19.442 0.4285714328
89896  19.484  20.410  -18.339 0.2857142985
88562  20.614  17.126  -19.026 0.2857142985
88559  20.952  17.508  -18.580 0.1428571492
57325  20.004  -17.523  1.889 0.4285714328
64282  28.257  -10.783  -4.697 0.4285714328
85106  21.527  14.283  -20.408 0.4285714328
87187  20.429  15.792  -20.257 0.2857142985
87885  21.051  16.495  -19.231 0.2857142985
78561  24.570  5.640  -15.839 0.4285714328
80209  24.538  7.609  -16.790 0.5714285970
128342  23.840  8.739  -18.985 0.5714285970
112880  21.924  11.260  -20.093 0.5714285970
124809  19.839  15.598  -20.404 0.2857142985
133778  16.117  15.562  -20.788 0.4285714328
87888  15.544  16.736  -19.556 0.2857142985
87185  16.661  16.492  -21.087 0.2857142985
81011  21.992  10.916  -20.171 0.5714285970
112956  19.189  12.078  -20.766 0.5714285970
87190  18.016  15.906  -20.693 0.2857142985
87897  18.167  16.685  -20.612 0.2857142985
56493  26.163  -18.790  -2.848 0.1428571492
59271  28.519  -15.506  -2.631 0.1428571492
77708  23.679  3.955  -16.098 0.2857142985
89244  18.384  19.126  -20.133 0.2857142985
129532  18.467  18.343  -20.387 0.2857142985
87896  18.922  16.724  -20.317 0.2857142985
87891  19.653  16.769  -20.086 0.2857142985
78582  21.485  5.655  -17.503 0.2857142985
112968  22.266  6.859  -18.880 0.4285714328
115318  16.902  18.949  -21.065 0.1428571492
112979  20.865  9.269  -19.535 0.4285714328
78588  19.633  7.573  -17.822 0.2857142985
112865  22.074  8.783  -19.941 0.5714285970
112884  19.158  12.065  -19.972 0.4285714328
60294  28.958  -14.789  -2.980 0.1428571492
77675  23.920  3.077  -13.743 0.2857142985
89242  19.639  18.326  -19.212 0.2857142985
89238  20.618  18.231  -18.322 0.2857142985
89229  21.898  18.668  -16.332 0.1428571492
68795  23.822  -5.420  -8.455 0.4285714328
72284  22.672  -1.743  -8.852 0.2857142985
120139  19.284  22.142  -17.227 0.1428571492
90555  18.848  21.170  -18.897 0.1428571492
91194  20.198  21.386  -16.104 0.1428571492
90541  16.924  20.989  -16.395 0.1428571492
91786  19.324  22.081  -15.906 0.1428571492
91200  18.136  22.337  -18.699 0.1428571492
90551  19.215  21.233  -18.180 0.1428571492
90548  17.343  21.996  -17.107 0.1428571492
90539  17.959  21.679  -15.483 0.1428571492
90553  17.751  21.833  -17.920 0.1428571492
91192  18.628  22.125  -15.772 0.1428571492
91193  20.561  21.293  -15.307 0.1428571492
91202  17.683  22.236  -18.758 0.1428571492
91196  17.935  22.234  -16.530 0.1428571492
122228  20.687  20.060  -12.998 0.1428571492
91784  19.838  21.889  -15.163 0.1428571492
70587  23.626  -3.248  -8.810 0.2857142985
90534  18.481  21.109  -14.592 0.1428571492
90532  21.380  20.235  -13.177 0.1428571492
90538  20.701  20.774  -15.607 0.1428571492
90556  18.226  21.924  -19.183 0.1428571492
90550  19.912  20.601  -17.648 0.1428571492
90547  19.585  21.434  -17.460 0.1428571492
90546  20.266  20.777  -17.010 0.1428571492
115601  19.304  20.915  -14.255 0.1428571492
90521  18.992  20.530  -14.019 0.1428571492
59262  25.799  -15.639  -1.310 0.4285714328
55585  20.163  -19.577  -0.597 0.4285714328
132421  20.525  -20.551  -0.843 0.2857142985
55594  20.754  -20.375  -1.369 0.2857142985
54697  20.754  -20.925  -1.221 0.1428571492
56485  21.107  -19.497  -1.346 0.2857142985
125920  19.923  -19.258  0.011 0.2857142985
112883  18.852  11.641  -21.046 0.4285714328
56484  22.319  -19.339  -1.569 0.2857142985
55579  19.750  -19.103  -0.127 0.4285714328
55593  21.611  -20.204  -1.895 0.1428571492
54702  21.338  -20.935  -1.749 0.1428571492
56486  20.246  -19.567  -0.849 0.2857142985
78580  23.595  5.807  -17.125 0.2857142985
56458  19.576  -18.165  0.962 0.2857142985
56465  19.881  -18.651  0.361 0.2857142985
57344  19.425  -17.660  0.595 0.2857142985
56466  19.664  -18.478  0.156 0.2857142985
61251  23.108  -13.804  -2.920 0.2857142985
61272  23.406  -13.443  -3.687 0.2857142985
61286  23.384  -12.860  -4.578 0.2857142985
126479  23.731  -9.716  -6.595 0.1428571492
65347  23.357  -9.038  -6.710 0.1428571492
66232  23.872  -8.241  -7.156 0.2857142985
133404  23.274  -5.940  -8.097 0.1428571492
71433  22.041  -2.092  -8.943 0.1428571492
73183  21.508  -0.493  -9.588 0.1428571492
74956  22.312  1.120  -10.812 0.1428571492
74076  21.687  0.618  -10.475 0.1428571492
75844  22.803  1.706  -11.099 0.1428571492
74969  22.193  1.228  -11.471 0.1428571492
77690  22.996  3.342  -15.581 0.1428571492
78562  23.674  4.871  -16.687 0.1428571492
77723  21.447  4.384  -16.214 0.1428571492
136375  22.801  4.300  -16.434 0.1428571492
117881  17.242  10.792  -21.268 0.1428571492
83466  15.514  12.278  -20.162 0.1428571492
82585  16.732  11.080  -19.206 0.1428571492
126527  15.287  13.104  -19.791 0.1428571492
85094  15.153  13.556  -19.314 0.1428571492
85837  15.323  14.211  -19.539 0.1428571492
56449  19.797  -17.815  2.927 0.2857142985
75854  23.184  2.365  -11.338 0.2857142985
75867  22.112  1.422  -12.778 0.1428571492
78563  21.901  4.730  -16.714 0.1428571492
56450  19.209  -17.564  3.441 0.2857142985
61287  22.533  -13.203  -4.207 0.2857142985
117137  22.905  -8.487  -6.873 0.1428571492
131976  22.849  -5.569  -8.167 0.1428571492
69694  22.386  -4.267  -8.528 0.1428571492
70588  22.591  -3.486  -8.673 0.1428571492
117582  20.447  -1.746  -9.181 0.1428571492
72285  21.083  -1.345  -9.339 0.1428571492
73184  20.567  -0.425  -9.630 0.1428571492
73195  21.098  0.199  -9.997 0.1428571492
76780  22.918  2.191  -13.208 0.1428571492
77691  21.586  3.002  -15.098 0.1428571492
116852  15.087  10.792  -18.913 0.1428571492
81813  16.179  10.912  -20.436 0.1428571492
61273  22.424  -13.584  -3.390 0.2857142985
73194  22.006  0.197  -9.849 0.1428571492
84311  18.148  12.454  -19.547 0.1428571492
75855  22.607  1.689  -11.853 0.1428571492
77707  24.379  4.003  -14.852 0.1428571492
62347  22.544  -12.651  -4.804 0.1428571492
72286  20.058  -1.081  -9.344 0.1428571492
57313  18.903  -17.585  3.897 0.1428571492
57327  19.462  -16.935  2.984 0.1428571492
119475  29.994  -7.911  -7.746 0.1428571492
67082  30.922  -8.124  -7.613 0.1428571492
82532  25.681  10.683  -13.498 0.1428571492
131764  19.368  -16.660  2.131 0.1428571492
58232  19.035  -17.012  0.958 0.1428571492
57337  19.163  -16.788  1.495 0.1428571492
58249  19.986  -16.196  0.282 0.1428571492
81735  26.451  10.391  -12.881 0.1428571492
82542  26.026  11.208  -14.120 0.1428571492
81710  25.865  9.296  -11.644 0.1428571492
56433  19.009  -18.372  3.712 0.1428571492
67098  30.585  -7.452  -8.245 0.1428571492
58241  19.372  -17.012  0.578 0.1428571492
53823  22.392  -21.601  -1.526 0.2857142985
53836  22.799  -21.657  -2.005 0.2857142985
54698  20.391  -20.357  -0.929 0.1428571492
55603  23.201  -20.509  -2.566 0.2857142985
58257  27.261  -16.298  -1.716 0.1428571492
59273  26.999  -14.909  -1.935 0.1428571492
60276  27.391  -14.393  -2.372 0.1428571492
61246  27.865  -13.884  -2.735 0.1428571492
63284  29.254  -11.910  -4.049 0.2857142985
63303  28.715  -11.335  -4.296 0.2857142985
63305  27.109  -11.482  -4.295 0.7142857313
63322  23.748  -11.795  -5.754 0.4285714328
64301  28.628  -10.206  -5.216 0.1428571492
64316  27.172  -10.141  -5.941 0.5714285970
64317  26.392  -10.098  -6.548 0.7142857313
64319  24.801  -10.434  -6.554 0.7142857313
64320  23.864  -10.458  -6.470 0.2857142985
66225  30.380  -8.344  -7.270 0.2857142985
67100  26.702  -7.368  -8.861 0.7142857313
67101  25.975  -7.388  -8.618 0.7142857313
67947  23.734  -6.394  -8.016 0.1428571492
67972  29.992  -6.400  -10.068 0.7142857313
67976  26.770  -6.083  -9.594 0.7142857313
67987  30.666  -5.788  -10.238 0.2857142985
67990  28.792  -6.252  -10.073 0.8571428657
68794  24.702  -4.971  -8.985 0.5714285970
68808  27.945  -5.630  -9.804 0.8571428657
68820  28.885  -5.862  -10.118 0.8571428657
69688  30.217  -4.424  -8.715 0.1428571492
69692  24.733  -4.397  -9.342 0.5714285970
69708  29.805  -4.874  -9.510 0.4285714328
69715  23.413  -4.048  -8.779 0.1428571492
69725  29.409  -5.430  -9.931 0.5714285970
70555  29.220  -3.477  -7.657 0.1428571492
70569  30.564  -3.791  -8.042 0.1428571492
70571  26.937  -3.773  -8.847 0.8571428657
70583  26.531  -4.290  -9.416 1.0000000000
70584  25.852  -4.001  -9.600 0.8571428657
71401  29.316  -2.749  -7.294 0.1428571492
71432  23.112  -2.401  -8.713 0.2857142985
71434  21.093  -2.257  -9.106 0.1428571492
72253  29.525  -1.878  -6.973 0.1428571492
72266  25.506  -1.734  -8.689 0.8571428657
72283  23.439  -1.829  -8.753 0.5714285970
73151  27.840  -0.888  -6.791 0.2857142985
73153  26.543  -0.180  -7.215 0.8571428657
73164  25.117  -0.268  -8.173 0.8571428657
73180  24.476  -0.330  -8.740 0.8571428657
74067  23.466  0.893  -9.483 0.8571428657
74917  27.697  1.612  -6.900 0.1428571492
74919  25.902  1.237  -7.362 0.8571428657
74955  22.929  1.551  -10.452 0.7142857313
75809  26.580  2.039  -7.086 0.1428571492
75832  24.041  2.294  -9.306 0.8571428657
76720  26.205  3.444  -7.368 0.5714285970
76766  23.129  2.313  -12.205 0.1428571492
77627  26.014  4.789  -7.705 0.2857142985
77641  23.711  3.792  -10.159 0.8571428657
77661  23.816  3.972  -11.743 0.8571428657
77709  21.903  3.783  -15.874 0.1428571492
78468  24.814  5.023  -8.599 0.8571428657
78485  24.259  5.036  -9.237 0.8571428657
78549  24.088  4.663  -16.302 0.2857142985
78573  24.256  5.748  -16.469 0.4285714328
78574  23.111  5.073  -17.076 0.2857142985
78575  21.634  5.175  -17.093 0.2857142985
78581  22.523  5.390  -17.368 0.2857142985
78583  20.383  6.330  -17.376 0.2857142985
78584  19.567  7.177  -17.289 0.2857142985
78586  21.363  6.164  -18.208 0.4285714328
78587  20.355  6.923  -17.902 0.2857142985
79328  24.731  6.102  -14.325 0.7142857313
79376  22.739  5.889  -18.027 0.4285714328
79388  19.322  8.141  -18.298 0.2857142985
80135  26.870  7.534  -9.245 0.1428571492
80143  25.446  7.826  -10.029 0.2857142985
80167  23.982  7.858  -12.758 0.8571428657
80187  24.337  8.584  -15.651 0.5714285970
80216  24.270  7.851  -18.048 0.5714285970
80218  18.275  10.289  -18.074 0.1428571492
80221  18.856  9.881  -18.619 0.1428571492
80924  24.375  8.071  -12.005 0.8571428657
80941  24.180  8.608  -13.090 0.8571428657
80982  24.495  9.453  -16.285 0.7142857313
80983  24.669  8.506  -16.336 0.7142857313
81721  26.199  9.834  -12.226 0.1428571492
81765  24.241  9.903  -15.105 0.7142857313
81785  24.622  10.035  -17.063 0.8571428657
81795  16.694  10.535  -19.556 0.1428571492
81796  16.145  10.595  -19.176 0.1428571492
81802  23.436  10.261  -20.059 0.5714285970
81804  16.315  10.336  -19.751 0.1428571492
81805  15.750  10.755  -19.368 0.1428571492
81806  15.123  10.991  -19.254 0.1428571492
81811  16.064  10.295  -20.155 0.1428571492
81812  16.704  10.353  -20.739 0.1428571492
82544  24.509  10.194  -14.429 0.5714285970
82555  24.835  11.268  -14.974 0.4285714328
82586  16.116  11.103  -18.717 0.1428571492
82587  15.640  10.749  -18.883 0.1428571492
82595  17.302  11.036  -19.709 0.4285714328
82596  15.671  10.996  -19.981 0.1428571492
82597  15.268  11.646  -19.715 0.1428571492
82602  22.824  11.707  -19.843 0.8571428657
82603  17.667  10.251  -20.777 0.4285714328
82604  15.846  11.623  -20.347 0.1428571492
82605  16.471  11.247  -20.982 0.1428571492
83408  26.306  11.578  -14.822 0.1428571492
83450  17.315  12.037  -19.449 0.1428571492
83454  23.916  12.339  -18.907 0.7142857313
83455  23.415  12.206  -19.381 0.7142857313
83456  18.528  11.729  -20.506 0.4285714328
83457  17.849  11.926  -20.030 0.4285714328
83458  15.030  11.396  -18.972 0.1428571492
83468  20.402  13.264  -20.581 0.7142857313
84303  18.698  12.173  -18.651 0.1428571492
84309  24.287  13.046  -19.057 0.5714285970
84312  15.107  12.916  -19.076 0.1428571492
84317  22.749  13.329  -19.921 0.5714285970
84318  21.791  13.480  -20.248 0.5714285970
84324  20.003  13.867  -20.655 0.4285714328
84325  18.645  13.202  -22.214 0.5714285970
84326  18.007  12.999  -22.268 0.4285714328
85093  25.793  14.104  -19.508 0.1428571492
85100  25.024  14.255  -20.005 0.1428571492
85102  23.245  14.167  -20.082 0.5714285970
85104  15.888  13.705  -20.559 0.4285714328
85105  15.416  13.669  -19.997 0.1428571492
85107  20.854  14.577  -20.608 0.5714285970
85108  17.059  13.668  -21.500 0.5714285970
85109  16.445  13.676  -21.052 0.5714285970
85110  20.519  14.076  -20.612 0.5714285970
85113  19.057  13.580  -21.819 0.5714285970
85115  17.660  13.815  -21.950 0.5714285970
85116  19.653  13.630  -20.963 0.4285714328
85834  23.601  14.821  -20.528 0.5714285970
85840  23.755  15.182  -20.697 0.5714285970
85843  20.486  14.858  -20.590 0.4285714328
85846  19.719  14.582  -20.632 0.4285714328
85847  19.040  14.519  -20.985 0.5714285970
85848  18.559  14.361  -21.127 0.7142857313
85849  18.081  14.211  -21.214 0.5714285970
85850  17.514  14.162  -21.431 0.5714285970
86468  22.937  15.167  -14.825 0.1428571492
86473  24.884  14.904  -16.356 0.1428571492
86478  26.272  15.295  -17.158 0.1428571492
86479  25.387  15.282  -17.117 0.1428571492
86484  25.287  15.624  -18.290 0.1428571492
86498  25.964  15.183  -19.936 0.1428571492
86499  24.550  15.557  -20.343 0.1428571492
86502  15.526  15.039  -19.773 0.2857142985
86506  20.863  15.411  -20.386 0.2857142985
86508  16.437  15.026  -21.001 0.5714285970
86511  18.650  15.246  -20.542 0.2857142985
86512  17.822  15.152  -20.713 0.2857142985
87161  22.102  15.875  -17.301 0.1428571492
87169  23.573  15.730  -18.835 0.1428571492
87173  24.384  15.752  -19.168 0.1428571492
87174  23.815  15.737  -19.289 0.1428571492
87175  23.018  15.691  -19.269 0.1428571492
87176  15.196  16.184  -19.010 0.2857142985
87177  24.859  15.639  -19.808 0.1428571492
87182  23.131  15.453  -19.802 0.5714285970
87183  20.155  16.267  -20.145 0.2857142985
87186  16.139  16.198  -20.780 0.4285714328
87188  19.572  16.095  -20.284 0.2857142985
87189  18.790  16.008  -20.399 0.2857142985
87865  22.744  18.002  -13.358 0.1428571492
87875  21.630  17.206  -17.345 0.1428571492
87880  21.997  15.889  -18.587 0.1428571492
87889  20.845  16.364  -19.600 0.4285714328
87890  20.283  16.720  -19.786 0.2857142985
87892  18.317  17.329  -20.561 0.2857142985
87893  17.574  17.552  -21.038 0.2857142985
87894  16.743  17.339  -21.113 0.2857142985
88550  21.961  18.032  -16.683 0.1428571492
88557  21.149  18.005  -18.044 0.2857142985
88560  20.317  17.865  -18.863 0.2857142985
88566  15.952  18.513  -20.410 0.1428571492
88569  17.464  18.499  -21.049 0.2857142985
89233  21.553  18.907  -16.732 0.1428571492
89234  15.999  19.252  -17.584 0.1428571492
89239  19.993  18.635  -18.646 0.2857142985
89240  19.375  19.200  -19.071 0.2857142985
89246  16.454  19.441  -20.327 0.1428571492
89247  17.272  19.348  -21.010 0.1428571492
89248  16.895  19.632  -20.999 0.1428571492
89898  16.515  20.335  -18.995 0.2857142985
89900  19.145  20.180  -19.025 0.2857142985
89904  18.690  19.733  -19.529 0.2857142985
89905  18.024  20.264  -20.075 0.2857142985
89906  17.289  20.439  -20.269 0.1428571492
89907  16.987  20.315  -20.450 0.1428571492
90520  19.724  20.157  -13.657 0.1428571492
90533  20.210  20.499  -13.850 0.1428571492
90543  20.010  21.689  -16.870 0.1428571492
90544  17.366  21.589  -16.356 0.1428571492
90545  16.828  21.344  -16.957 0.1428571492
90552  18.567  21.773  -18.648 0.1428571492
90554  17.505  21.945  -18.587 0.1428571492
90557  17.773  21.808  -19.343 0.1428571492
90558  17.377  21.812  -19.197 0.1428571492
91188  19.743  21.447  -14.531 0.1428571492
91189  18.829  21.696  -14.876 0.1428571492
91191  19.252  21.976  -15.214 0.1428571492
91195  19.679  22.190  -16.573 0.1428571492
91197  18.804  21.850  -17.995 0.1428571492
91198  18.385  22.089  -17.792 0.1428571492
91199  18.008  22.249  -17.434 0.1428571492
91201  17.980  22.354  -18.534 0.1428571492
91203  17.798  22.432  -18.949 0.1428571492
91782  20.276  21.503  -14.673 0.1428571492
91783  20.374  21.711  -15.079 0.1428571492
91785  20.013  21.816  -15.743 0.1428571492
112863  23.320  7.733  -18.946 0.4285714328
112866  21.616  9.891  -20.044 0.5714285970
112868  20.592  10.249  -19.517 0.4285714328
112871  22.300  10.392  -20.250 0.5714285970
112872  24.288  11.634  -17.715 0.7142857313
112882  24.535  12.134  -17.423 0.5714285970
112885  17.356  10.157  -21.029 0.1428571492
112888  19.801  11.336  -19.306 0.4285714328
112889  18.879  11.910  -21.799 0.5714285970
112928  19.216  12.600  -21.788 0.5714285970
112944  25.595  12.147  -15.933 0.4285714328
112947  24.164  9.639  -19.319 0.7142857313
112958  21.246  7.893  -19.219 0.4285714328
112960  19.892  8.569  -18.994 0.2857142985
112964  19.613  13.021  -21.301 0.5714285970
112966  19.582  11.031  -18.596 0.1428571492
112972  24.504  10.910  -17.396 0.8571428657
112981  18.859  10.915  -18.022 0.1428571492
112999  23.010  9.488  -19.891 0.5714285970
113003  18.449  11.257  -22.080 0.5714285970
113005  25.479  11.735  -15.240 0.4285714328
113010  18.308  10.906  -20.982 0.4285714328
113017  18.035  10.564  -21.423 0.4285714328
113019  18.666  12.321  -22.216 0.5714285970
113107  25.791  15.544  -17.780 0.1428571492
113222  21.146  15.793  -19.908 0.2857142985
113303  17.145  10.128  -20.648 0.1428571492
113519  20.475  16.889  -19.407 0.2857142985
113976  19.792  10.393  -19.040 0.4285714328
114871  21.669  16.425  -17.949 0.1428571492
115177  20.094  11.878  -20.249 0.5714285970
115306  22.159  15.402  -19.784 0.5714285970
116733  25.243  15.375  -20.318 0.1428571492
117555  23.169  -4.804  -8.510 0.1428571492
118075  31.008  -8.577  -7.116 0.1428571492
118351  23.010  8.572  -19.427 0.5714285970
119103  24.525  2.698  -8.639 0.8571428657
119232  26.152  15.630  -18.344 0.1428571492
120140  24.824  8.340  -11.403 0.7142857313
120638  21.800  17.622  -15.539 0.1428571492
122232  18.805  14.685  -20.722 0.7142857313
122680  16.995  11.670  -21.449 0.5714285970
122926  28.797  -4.030  -8.132 0.5714285970
123273  15.917  14.992  -20.541 0.4285714328
123368  25.684  -1.144  -8.103 0.8571428657
123779  20.240  10.839  -19.256 0.4285714328
124531  25.935  -9.726  -7.049 0.7142857313
125182  25.302  -9.729  -6.933 0.7142857313
126305  16.613  10.278  -20.321 0.1428571492
126867  15.689  13.269  -20.292 0.1428571492
126991  15.702  12.744  -20.349 0.1428571492
128079  21.981  14.813  -20.265 0.5714285970
128322  19.920  13.403  -20.765 0.4285714328
128326  20.034  12.836  -20.761 0.7142857313
128329  24.271  10.419  -19.469 0.5714285970
128337  15.432  11.151  -18.752 0.1428571492
128348  22.437  7.888  -19.407 0.4285714328
128358  20.170  7.563  -18.527 0.2857142985
128533  22.951  15.426  -17.953 0.1428571492
128751  21.156  10.696  -19.889 0.5714285970
129457  16.220  12.712  -20.989 0.2857142985
129724  21.403  14.753  -20.505 0.4285714328
130131  17.089  15.111  -21.169 0.5714285970
130210  25.415  13.562  -18.925 0.1428571492
130756  24.669  9.608  -17.570 0.7142857313
130813  25.420  15.502  -19.810 0.1428571492
131395  20.780  18.519  -17.770 0.2857142985
132783  23.401  6.872  -18.376 0.4285714328
132891  18.764  22.391  -16.795 0.1428571492
133117  20.045  15.925  -20.302 0.2857142985
133365  24.565  6.863  -9.978 0.8571428657
133579  29.442  -11.371  -4.462 0.2857142985
133835  25.405  -0.711  -8.156 0.8571428657
134265  23.341  -10.151  -6.481 0.1428571492
134288  27.436  -2.013  -7.224 0.4285714328
134653  24.361  15.345  -20.725 0.1428571492
135301  25.177  3.784  -8.070 0.8571428657
135479  24.713  5.087  -14.599 0.4285714328
136162  25.937  -8.780  -7.769 0.7142857313
136171  23.257  2.802  -14.955 0.1428571492
136279  15.596  17.374  -19.378 0.2857142985
136305  18.462  12.257  -19.988 0.2857142985
136574  23.546  -1.234  -8.817 0.8571428657
136604  22.801  10.794  -20.232 0.5714285970
