#!ascii label  , from subject sub-v2s10x28987_ses-1 vox2ras=TkReg
1364
66846  -51.807  -13.542  37.873 0.0000000000
66937  -61.147  -13.469  29.692 0.0000000000
68369  -55.061  -11.439  49.418 0.0000000000
65199  -59.049  -15.038  35.143 0.0000000000
61739  -55.223  -18.922  41.732 0.0000000000
124255  -57.855  -8.430  35.650 0.0000000000
72753  -54.292  -6.654  38.143 0.0000000000
81036  -49.014  3.681  31.800 0.0000000000
120269  -50.545  -24.081  40.526 0.0000000000
65194  -54.638  -15.451  34.486 0.0000000000
67687  -57.547  -12.330  32.966 0.0000000000
68491  -54.571  -11.374  37.442 0.0000000000
72683  -51.792  -5.846  46.984 0.0000000000
119017  -55.683  -8.307  44.816 0.0000000000
110800  -49.686  -6.554  41.079 0.0000000000
75328  -48.596  -3.284  35.395 0.0000000000
79475  -51.711  1.816  35.072 0.0000000000
70254  -59.040  -9.293  29.557 0.0000000000
67608  -48.736  -12.560  41.779 0.0000000000
68452  -52.826  -11.435  42.371 0.0000000000
65972  -60.709  -14.343  40.836 0.0000000000
63430  -56.969  -17.200  38.010 0.0000000000
62629  -53.407  -18.561  35.981 0.0000000000
59990  -52.000  -21.271  38.774 0.0000000000
70228  -61.124  -9.523  30.784 0.0000000000
73712  -61.090  -5.102  33.225 0.0000000000
69291  -57.142  -9.620  41.586 0.0000000000
112945  -60.397  -5.959  39.822 0.0000000000
75348  -57.761  -2.559  34.127 0.0000000000
75362  -52.026  -3.042  32.091 0.0000000000
76215  -47.839  -1.167  29.149 0.0000000000
66866  -52.991  -13.682  35.726 0.0000000000
123528  -54.044  -12.845  35.469 0.0000000000
67641  -53.410  -12.433  37.819 0.0000000000
74412  -53.260  -3.397  44.729 0.0000000000
72707  -50.475  -6.823  44.567 0.0000000000
75277  -51.738  -3.332  41.187 0.0000000000
76132  -50.687  -2.288  38.906 0.0000000000
114141  -60.519  -10.892  29.420 0.0000000000
67597  -46.836  -13.086  44.459 0.0000000000
67600  -48.985  -12.111  45.090 0.0000000000
63422  -55.741  -18.024  39.546 0.0000000000
63447  -55.846  -18.148  36.821 0.0000000000
62605  -54.771  -19.017  39.001 0.0000000000
124785  -51.577  -22.534  39.514 0.0000000000
62624  -48.363  -18.366  36.435 0.0000000000
64275  -49.020  -15.988  38.535 0.0000000000
63427  -47.907  -17.137  38.168 0.0000000000
66881  -60.827  -12.849  34.307 0.0000000000
69340  -57.353  -9.920  34.005 0.0000000000
69358  -58.821  -10.372  31.994 0.0000000000
71073  -58.720  -8.658  33.209 0.0000000000
71963  -61.315  -6.969  31.565 0.0000000000
71945  -59.762  -6.651  34.836 0.0000000000
106937  -53.499  -11.551  45.850 0.0000000000
68455  -55.364  -11.033  42.612 0.0000000000
68436  -56.480  -10.829  45.770 0.0000000000
71869  -55.788  -7.425  41.702 0.0000000000
72728  -59.079  -5.845  43.322 0.0000000000
73632  -57.921  -5.465  39.724 0.0000000000
74471  -58.944  -4.305  37.690 0.0000000000
73668  -55.990  -5.319  36.707 0.0000000000
75345  -54.229  -2.767  33.187 0.0000000000
73679  -52.965  -5.128  35.530 0.0000000000
78672  -49.155  0.462  32.608 0.0000000000
76998  -48.556  -1.239  31.638 0.0000000000
79492  -48.557  1.843  30.259 0.0000000000
77851  -46.737  0.036  33.129 0.0000000000
80251  -47.191  2.616  33.432 0.0000000000
64322  -57.258  -15.967  34.630 0.0000000000
108102  -58.023  -14.101  33.305 0.0000000000
66878  -55.746  -13.742  34.055 0.0000000000
68511  -55.494  -11.243  35.203 0.0000000000
124877  -56.401  -9.652  36.753 0.0000000000
70925  -53.241  -7.816  50.953 0.0000000000
70104  -56.421  -9.213  48.530 0.0000000000
70137  -52.985  -9.053  46.462 0.0000000000
70993  -52.086  -8.678  42.862 0.0000000000
71887  -52.560  -7.623  39.617 0.0000000000
72780  -51.200  -6.244  37.083 0.0000000000
73636  -49.340  -5.406  38.416 0.0000000000
76977  -48.976  -0.944  36.127 0.0000000000
80261  -50.531  2.931  31.773 0.0000000000
71980  -58.079  -6.707  29.361 0.0000000000
67619  -51.034  -12.861  39.639 0.0000000000
116722  -52.533  -12.302  39.859 0.0000000000
68458  -50.882  -11.570  41.846 0.0000000000
107870  -51.185  -11.620  45.257 0.0000000000
68366  -51.300  -12.107  49.042 0.0000000000
70923  -48.863  -8.534  48.897 0.0000000000
70048  -52.511  -8.480  51.592 0.0000000000
65986  -59.909  -13.771  38.435 0.0000000000
65141  -58.675  -15.028  40.148 0.0000000000
64284  -58.139  -16.274  36.774 0.0000000000
63461  -56.136  -17.424  35.617 0.0000000000
64306  -54.397  -17.152  34.943 0.0000000000
60846  -54.629  -20.542  42.440 0.0000000000
58178  -52.619  -23.497  42.313 0.0000000000
59097  -53.101  -21.598  40.777 0.0000000000
60872  -53.871  -20.081  39.971 0.0000000000
61768  -52.481  -19.659  37.151 0.0000000000
65171  -50.565  -15.006  36.340 0.0000000000
66912  -63.281  -12.666  30.824 0.0000000000
67701  -60.243  -12.396  32.442 0.0000000000
68554  -61.390  -11.259  31.359 0.0000000000
69384  -63.750  -10.601  29.949 0.0000000000
71113  -63.093  -7.955  29.457 0.0000000000
72859  -61.976  -6.330  30.007 0.0000000000
74561  -60.495  -4.400  30.793 0.0000000000
68470  -54.382  -11.411  40.010 0.0000000000
69293  -55.501  -10.391  39.417 0.0000000000
70169  -57.144  -8.869  38.839 0.0000000000
70147  -58.760  -8.977  44.517 0.0000000000
71005  -59.041  -8.018  41.653 0.0000000000
71899  -59.359  -7.184  38.382 0.0000000000
119893  -60.473  -5.354  36.153 0.0000000000
75350  -59.954  -2.721  34.191 0.0000000000
105946  -58.230  -2.980  32.445 0.0000000000
74509  -49.952  -3.952  34.615 0.0000000000
75376  -49.837  -3.460  30.653 0.0000000000
74552  -48.174  -3.894  30.954 0.0000000000
76200  -45.998  -2.369  31.561 0.0000000000
76981  -45.612  -1.345  34.415 0.0000000000
65998  -52.111  -13.757  36.651 0.0000000000
66858  -53.262  -12.985  36.266 0.0000000000
66847  -52.345  -13.365  37.394 0.0000000000
120318  -52.643  -3.464  42.875 0.0000000000
76122  -52.327  -1.976  39.794 0.0000000000
67739  -60.717  -12.665  29.555 0.0000000000
62591  -55.435  -18.306  41.094 0.0000000000
62606  -55.223  -18.602  39.454 0.0000000000
62598  -54.846  -19.022  39.897 0.0000000000
61776  -48.433  -19.440  36.536 0.0000000000
63443  -47.737  -17.879  36.859 0.0000000000
66023  -59.657  -14.369  35.630 0.0000000000
66037  -59.543  -14.386  34.761 0.0000000000
120339  -57.417  -9.291  34.681 0.0000000000
70208  -57.986  -9.021  34.088 0.0000000000
108629  -57.880  -8.600  34.924 0.0000000000
71067  -59.454  -7.573  33.493 0.0000000000
106925  -58.427  -7.932  35.351 0.0000000000
116928  -54.347  -11.710  48.430 0.0000000000
68424  -55.126  -11.344  45.484 0.0000000000
116466  -55.727  -11.247  47.697 0.0000000000
71889  -54.931  -7.123  39.539 0.0000000000
72739  -56.629  -6.574  40.686 0.0000000000
72754  -55.929  -6.350  38.742 0.0000000000
73638  -56.652  -5.796  38.318 0.0000000000
73652  -55.388  -5.848  37.271 0.0000000000
73681  -54.709  -4.975  35.705 0.0000000000
72783  -53.956  -5.981  36.843 0.0000000000
79493  -49.799  2.527  30.597 0.0000000000
78687  -49.589  1.854  30.364 0.0000000000
79486  -49.182  2.264  30.479 0.0000000000
79485  -48.436  2.278  31.424 0.0000000000
81035  -48.135  3.713  32.399 0.0000000000
65195  -55.475  -15.415  34.360 0.0000000000
66035  -56.235  -14.730  33.928 0.0000000000
66034  -55.439  -14.470  34.220 0.0000000000
67653  -54.231  -12.023  36.253 0.0000000000
67665  -55.023  -12.100  34.974 0.0000000000
110768  -55.226  -10.948  36.152 0.0000000000
69331  -55.794  -10.554  35.769 0.0000000000
68502  -55.095  -10.823  37.075 0.0000000000
70937  -51.801  -8.115  48.214 0.0000000000
70101  -53.018  -9.008  48.161 0.0000000000
70949  -51.203  -8.012  46.861 0.0000000000
71850  -50.079  -7.116  42.906 0.0000000000
70983  -50.651  -8.161  43.610 0.0000000000
71000  -50.730  -8.199  42.217 0.0000000000
71009  -52.292  -8.311  41.313 0.0000000000
71874  -50.319  -7.495  40.448 0.0000000000
72744  -49.993  -6.780  39.158 0.0000000000
107458  -49.352  -5.894  39.960 0.0000000000
77830  -51.185  -0.191  36.867 0.0000000000
77816  -49.855  -1.265  37.305 0.0000000000
78659  -50.410  0.596  35.686 0.0000000000
79473  -49.895  1.518  34.035 0.0000000000
80254  -51.499  3.111  33.613 0.0000000000
71109  -58.687  -8.276  29.447 0.0000000000
67614  -49.849  -12.727  40.646 0.0000000000
106401  -50.518  -12.067  41.091 0.0000000000
68449  -49.330  -11.898  42.309 0.0000000000
67578  -48.591  -12.972  47.218 0.0000000000
68419  -49.782  -11.913  45.368 0.0000000000
67580  -50.282  -12.440  47.326 0.0000000000
67581  -51.127  -12.294  47.505 0.0000000000
67556  -50.009  -12.290  48.606 0.0000000000
70907  -46.933  -7.922  50.933 0.0000000000
70064  -50.419  -8.819  49.691 0.0000000000
71796  -50.588  -7.028  51.422 0.0000000000
71785  -52.378  -7.137  51.510 0.0000000000
73524  -50.508  -5.554  50.913 0.0000000000
66820  -60.619  -13.378  39.361 0.0000000000
65977  -60.281  -13.786  40.117 0.0000000000
64265  -57.906  -15.738  40.362 0.0000000000
107976  -57.568  -16.378  38.922 0.0000000000
65148  -58.028  -15.976  38.544 0.0000000000
64283  -57.641  -16.721  37.140 0.0000000000
64294  -57.436  -16.872  35.967 0.0000000000
63449  -57.154  -17.175  36.593 0.0000000000
62630  -54.371  -18.454  36.180 0.0000000000
106700  -54.566  -17.765  35.466 0.0000000000
64305  -53.759  -17.448  35.113 0.0000000000
125848  -51.666  -23.732  41.313 0.0000000000
59105  -52.033  -22.365  39.875 0.0000000000
59976  -52.304  -21.629  39.487 0.0000000000
60863  -53.468  -20.755  40.390 0.0000000000
60870  -52.633  -20.925  39.164 0.0000000000
61760  -53.410  -19.824  38.503 0.0000000000
60893  -52.050  -20.243  37.652 0.0000000000
65983  -50.455  -14.420  38.096 0.0000000000
65158  -49.557  -15.348  37.315 0.0000000000
122590  -62.664  -13.821  31.711 0.0000000000
117091  -57.417  -12.995  33.082 0.0000000000
66903  -58.829  -13.240  32.763 0.0000000000
67699  -58.149  -12.777  32.705 0.0000000000
70227  -60.212  -9.607  31.336 0.0000000000
68553  -60.258  -11.200  31.525 0.0000000000
69369  -60.886  -10.412  31.010 0.0000000000
69371  -62.895  -10.863  30.660 0.0000000000
70240  -63.303  -9.332  30.206 0.0000000000
69399  -63.476  -9.811  29.713 0.0000000000
71095  -63.379  -8.378  30.109 0.0000000000
72838  -61.205  -5.959  32.206 0.0000000000
72846  -62.347  -6.606  30.643 0.0000000000
73733  -61.640  -5.193  31.051 0.0000000000
73739  -60.731  -5.011  30.356 0.0000000000
74557  -61.190  -4.410  31.454 0.0000000000
116162  -52.445  -11.576  41.554 0.0000000000
67617  -53.148  -11.936  40.161 0.0000000000
107598  -53.989  -11.477  41.446 0.0000000000
68462  -55.965  -10.737  42.217 0.0000000000
69284  -55.757  -10.563  41.319 0.0000000000
69290  -56.367  -9.985  40.956 0.0000000000
70168  -56.443  -9.425  38.991 0.0000000000
70158  -57.053  -9.372  40.635 0.0000000000
70951  -56.671  -8.532  46.915 0.0000000000
70126  -57.806  -9.513  46.856 0.0000000000
70966  -58.100  -8.265  45.718 0.0000000000
72734  -60.075  -5.745  42.390 0.0000000000
71862  -59.860  -6.780  43.243 0.0000000000
71871  -60.138  -6.733  41.081 0.0000000000
71017  -59.160  -7.570  39.489 0.0000000000
72755  -59.951  -6.611  38.561 0.0000000000
72770  -59.872  -6.410  37.137 0.0000000000
73641  -60.443  -5.233  38.496 0.0000000000
74502  -58.286  -3.752  35.858 0.0000000000
75320  -59.801  -3.758  36.180 0.0000000000
123226  -58.608  -2.438  34.166 0.0000000000
76193  -59.497  -1.900  32.695 0.0000000000
76179  -57.554  -1.686  32.861 0.0000000000
75384  -57.152  -2.331  32.544 0.0000000000
76178  -56.394  -1.998  32.981 0.0000000000
75344  -53.422  -2.842  32.924 0.0000000000
75364  -53.901  -2.736  32.398 0.0000000000
109125  -49.310  -4.794  36.477 0.0000000000
74495  -50.514  -4.523  35.252 0.0000000000
74508  -49.151  -3.731  35.083 0.0000000000
126645  -48.560  -1.022  29.702 0.0000000000
76188  -48.720  -2.070  31.402 0.0000000000
76203  -48.589  -2.420  30.114 0.0000000000
75394  -48.748  -3.267  30.290 0.0000000000
75401  -48.122  -2.327  29.785 0.0000000000
115471  -46.807  -2.968  30.991 0.0000000000
77006  -46.418  -1.521  30.752 0.0000000000
78665  -46.727  0.873  33.978 0.0000000000
77850  -46.169  -0.790  33.897 0.0000000000
78657  -45.560  0.444  35.153 0.0000000000
77836  -45.077  -0.408  35.445 0.0000000000
66032  -54.044  -14.852  34.612 0.0000000000
66022  -54.170  -13.922  34.782 0.0000000000
66867  -53.693  -13.308  35.443 0.0000000000
67663  -53.817  -12.596  35.924 0.0000000000
67642  -54.023  -11.900  37.693 0.0000000000
72682  -50.953  -6.723  46.100 0.0000000000
73594  -51.811  -4.910  44.369 0.0000000000
73608  -50.948  -5.110  42.900 0.0000000000
73619  -50.282  -5.157  41.415 0.0000000000
74447  -49.934  -4.271  40.003 0.0000000000
75290  -51.192  -2.575  39.740 0.0000000000
107243  -52.853  -0.630  37.747 0.0000000000
69396  -59.820  -10.146  29.500 0.0000000000
67605  -47.709  -12.543  43.055 0.0000000000
68439  -48.864  -11.819  43.055 0.0000000000
67598  -47.525  -12.747  44.851 0.0000000000
63423  -56.350  -17.487  39.242 0.0000000000
63437  -56.637  -17.640  37.330 0.0000000000
63428  -56.036  -17.991  38.718 0.0000000000
62619  -55.334  -18.586  37.513 0.0000000000
62618  -54.591  -18.832  37.116 0.0000000000
58204  -50.957  -23.624  40.222 0.0000000000
59122  -50.889  -22.130  38.603 0.0000000000
62635  -49.157  -17.961  35.966 0.0000000000
64282  -48.948  -15.870  37.529 0.0000000000
64291  -48.579  -16.568  36.894 0.0000000000
64281  -48.416  -16.494  37.849 0.0000000000
110787  -57.206  -10.815  33.565 0.0000000000
69356  -57.736  -11.018  32.859 0.0000000000
69347  -57.662  -10.344  33.289 0.0000000000
70220  -58.623  -9.587  32.507 0.0000000000
110811  -59.838  -8.779  31.741 0.0000000000
112182  -61.714  -7.822  30.972 0.0000000000
71087  -60.523  -7.825  31.667 0.0000000000
71951  -60.100  -6.659  33.844 0.0000000000
72830  -60.625  -6.066  33.833 0.0000000000
105306  -53.532  -11.464  43.916 0.0000000000
123070  -54.157  -11.370  42.788 0.0000000000
105305  -54.149  -11.447  44.247 0.0000000000
68435  -55.710  -11.139  44.369 0.0000000000
115987  -56.730  -10.525  43.556 0.0000000000
70996  -55.408  -7.912  42.892 0.0000000000
71852  -57.128  -7.290  44.176 0.0000000000
72726  -57.441  -6.544  42.851 0.0000000000
73609  -58.045  -5.771  41.887 0.0000000000
73626  -59.433  -4.791  40.584 0.0000000000
74458  -59.841  -4.504  38.793 0.0000000000
73640  -58.556  -4.901  39.066 0.0000000000
74470  -57.940  -4.705  37.336 0.0000000000
74501  -57.094  -4.120  35.589 0.0000000000
112742  -55.798  -2.523  33.416 0.0000000000
74500  -55.168  -4.284  35.096 0.0000000000
74499  -54.252  -4.341  34.945 0.0000000000
74512  -52.931  -3.599  33.898 0.0000000000
77837  -48.507  -1.019  34.614 0.0000000000
76175  -48.692  -2.588  33.783 0.0000000000
77852  -48.676  -0.539  32.350 0.0000000000
77858  -48.929  -0.153  30.561 0.0000000000
78692  -48.547  0.642  29.017 0.0000000000
77864  -46.911  -0.373  30.296 0.0000000000
78678  -47.930  1.193  30.310 0.0000000000
79478  -47.011  1.736  33.682 0.0000000000
80242  -45.905  2.663  34.295 0.0000000000
65197  -57.840  -15.622  34.478 0.0000000000
66036  -58.889  -14.865  34.365 0.0000000000
65208  -58.138  -15.151  34.053 0.0000000000
66889  -57.315  -13.810  33.349 0.0000000000
116785  -56.807  -13.159  33.454 0.0000000000
67674  -54.759  -12.791  34.825 0.0000000000
68520  -55.700  -11.997  34.484 0.0000000000
115619  -56.281  -11.953  34.036 0.0000000000
68512  -56.175  -10.534  35.055 0.0000000000
69332  -56.435  -9.881  35.872 0.0000000000
70192  -56.944  -9.156  36.486 0.0000000000
70067  -55.020  -9.807  51.022 0.0000000000
69228  -56.381  -10.229  49.115 0.0000000000
108717  -55.027  -9.156  49.218 0.0000000000
119928  -54.905  -8.910  47.349 0.0000000000
105453  -54.270  -8.816  45.384 0.0000000000
70960  -50.708  -8.140  45.231 0.0000000000
70977  -52.312  -8.883  44.883 0.0000000000
70986  -54.344  -8.473  43.506 0.0000000000
70994  -53.634  -8.394  42.395 0.0000000000
71867  -53.993  -7.965  41.006 0.0000000000
71897  -52.966  -7.300  38.938 0.0000000000
72766  -52.757  -6.615  37.546 0.0000000000
72750  -51.484  -7.060  38.414 0.0000000000
73650  -50.245  -6.051  37.342 0.0000000000
74468  -48.871  -4.469  36.998 0.0000000000
123646  -49.394  -3.639  38.671 0.0000000000
76149  -48.843  -2.391  37.111 0.0000000000
76967  -48.559  -1.772  35.957 0.0000000000
77846  -48.914  -0.034  34.550 0.0000000000
79480  -50.058  1.945  32.691 0.0000000000
81045  -49.717  3.560  31.487 0.0000000000
66831  -51.599  -13.464  38.485 0.0000000000
66832  -52.328  -13.108  38.339 0.0000000000
67620  -51.857  -12.743  39.451 0.0000000000
67610  -51.609  -11.830  41.174 0.0000000000
105454  -51.850  -11.439  42.062 0.0000000000
68440  -49.655  -11.586  43.335 0.0000000000
68432  -51.159  -11.494  44.194 0.0000000000
105488  -52.089  -11.501  43.851 0.0000000000
68421  -52.004  -11.653  45.883 0.0000000000
68384  -52.657  -12.072  47.679 0.0000000000
105795  -53.190  -11.762  49.533 0.0000000000
69243  -48.713  -10.695  47.868 0.0000000000
69226  -50.590  -11.247  49.135 0.0000000000
69207  -51.403  -10.262  49.814 0.0000000000
69195  -53.304  -9.972  51.316 0.0000000000
70898  -53.152  -7.831  52.236 0.0000000000
70911  -52.691  -6.995  51.448 0.0000000000
105574  -52.588  -5.023  48.978 0.0000000000
108949  -60.483  -13.299  37.507 0.0000000000
65162  -59.140  -15.037  36.890 0.0000000000
65127  -58.979  -14.922  41.873 0.0000000000
65970  -59.570  -14.278  40.477 0.0000000000
65149  -58.589  -15.270  39.095 0.0000000000
65161  -58.646  -15.657  37.259 0.0000000000
65173  -58.623  -15.744  36.362 0.0000000000
64310  -57.995  -16.331  35.898 0.0000000000
64321  -56.685  -16.319  34.804 0.0000000000
64320  -55.921  -16.328  34.670 0.0000000000
112524  -55.839  -17.856  36.046 0.0000000000
109468  -54.975  -17.235  35.084 0.0000000000
115095  -54.856  -16.428  34.668 0.0000000000
120041  -53.302  -15.130  34.784 0.0000000000
58179  -53.257  -23.122  42.688 0.0000000000
58206  -51.997  -22.881  40.478 0.0000000000
59080  -52.899  -22.884  42.036 0.0000000000
59081  -53.481  -22.320  42.326 0.0000000000
59964  -53.540  -21.627  41.704 0.0000000000
60857  -54.361  -20.353  41.651 0.0000000000
61746  -54.433  -19.559  40.384 0.0000000000
61754  -54.274  -19.496  39.496 0.0000000000
112175  -53.540  -19.577  37.991 0.0000000000
61781  -52.922  -19.073  36.593 0.0000000000
66009  -51.172  -14.464  36.511 0.0000000000
66830  -50.925  -13.830  38.652 0.0000000000
65976  -50.392  -14.364  39.010 0.0000000000
66811  -49.415  -13.599  40.366 0.0000000000
66807  -48.344  -13.268  41.487 0.0000000000
66060  -62.474  -14.487  31.203 0.0000000000
66080  -62.529  -14.056  30.597 0.0000000000
66939  -63.088  -12.946  29.897 0.0000000000
66048  -59.352  -14.125  33.902 0.0000000000
66893  -60.533  -12.816  33.270 0.0000000000
126637  -58.882  -11.673  32.193 0.0000000000
68541  -60.857  -11.871  31.884 0.0000000000
68542  -61.982  -11.778  31.968 0.0000000000
68556  -63.211  -11.539  30.806 0.0000000000
67726  -63.585  -11.916  30.009 0.0000000000
67741  -62.810  -12.464  29.630 0.0000000000
68577  -62.662  -11.050  29.304 0.0000000000
124795  -62.196  -9.859  29.180 0.0000000000
70256  -61.600  -9.207  29.266 0.0000000000
71970  -62.962  -7.344  30.171 0.0000000000
71983  -62.777  -7.408  29.580 0.0000000000
105479  -60.518  -7.699  29.495 0.0000000000
72857  -60.104  -6.090  29.724 0.0000000000
73743  -59.264  -5.507  29.960 0.0000000000
72844  -58.741  -5.435  31.332 0.0000000000
67632  -53.050  -12.553  38.547 0.0000000000
67621  -53.807  -11.960  38.646 0.0000000000
68481  -54.474  -11.422  38.310 0.0000000000
116311  -54.578  -11.251  41.365 0.0000000000
68471  -54.963  -10.936  39.775 0.0000000000
68492  -55.021  -10.874  37.986 0.0000000000
69315  -55.997  -9.835  38.304 0.0000000000
70182  -56.612  -9.288  38.150 0.0000000000
70193  -57.416  -8.621  37.156 0.0000000000
69262  -57.113  -10.360  47.273 0.0000000000
69275  -57.876  -9.987  45.309 0.0000000000
70152  -58.018  -9.511  43.115 0.0000000000
70981  -59.191  -7.627  44.545 0.0000000000
70987  -59.080  -8.534  43.408 0.0000000000
105955  -57.780  -9.009  41.284 0.0000000000
71012  -58.479  -8.232  40.029 0.0000000000
71021  -58.614  -7.834  38.557 0.0000000000
71051  -58.099  -8.022  37.001 0.0000000000
71918  -59.383  -6.821  36.544 0.0000000000
73683  -60.610  -5.335  35.308 0.0000000000
112312  -60.130  -4.480  37.403 0.0000000000
114501  -60.623  -4.434  35.106 0.0000000000
115022  -60.984  -4.240  33.397 0.0000000000
75387  -60.175  -2.697  32.323 0.0000000000
74547  -59.768  -3.098  31.853 0.0000000000
76177  -55.155  -2.560  32.617 0.0000000000
73665  -52.570  -5.719  36.211 0.0000000000
74496  -51.535  -4.484  34.992 0.0000000000
75342  -51.573  -3.264  32.960 0.0000000000
75359  -49.129  -3.007  33.501 0.0000000000
75360  -49.819  -3.138  32.457 0.0000000000
75377  -50.536  -3.462  31.190 0.0000000000
75396  -50.320  -3.820  30.664 0.0000000000
74537  -49.428  -4.506  30.849 0.0000000000
73717  -49.034  -5.109  31.680 0.0000000000
76997  -46.304  -1.171  31.604 0.0000000000
76174  -45.412  -2.281  33.301 0.0000000000
81816  -48.547  5.525  31.484 0.0000000000
82665  -46.535  6.442  31.355 0.0000000000
124812  -46.222  5.109  32.158 0.0000000000
81795  -44.766  4.892  32.574 0.0000000000
81013  -44.153  3.696  33.717 0.0000000000
67740  -61.746  -12.602  29.527 0.0000000000
61747  -54.923  -18.943  40.790 0.0000000000
62599  -55.312  -18.441  40.225 0.0000000000
60899  -47.646  -19.890  36.865 0.0000000000
70200  -57.251  -9.109  35.536 0.0000000000
68408  -54.733  -11.499  47.187 0.0000000000
68386  -55.358  -11.361  48.419 0.0000000000
72745  -54.975  -6.715  38.805 0.0000000000
72746  -55.558  -6.737  39.353 0.0000000000
73637  -55.919  -6.065  37.942 0.0000000000
72769  -55.173  -6.345  38.035 0.0000000000
73651  -54.658  -5.821  36.848 0.0000000000
72768  -54.530  -6.216  37.426 0.0000000000
80267  -49.502  2.972  31.043 0.0000000000
124376  -49.388  2.689  30.713 0.0000000000
80260  -48.813  2.971  31.391 0.0000000000
66033  -54.793  -14.636  34.444 0.0000000000
68501  -54.651  -11.409  36.593 0.0000000000
68510  -54.772  -11.635  35.730 0.0000000000
71816  -51.553  -7.148  48.014 0.0000000000
71815  -51.207  -6.959  46.932 0.0000000000
71857  -49.984  -7.195  42.252 0.0000000000
71858  -50.338  -7.799  42.782 0.0000000000
110609  -50.252  -7.709  41.920 0.0000000000
122448  -50.618  -8.024  41.569 0.0000000000
71866  -50.242  -7.606  41.186 0.0000000000
71884  -49.807  -7.032  39.949 0.0000000000
72737  -49.545  -6.491  40.315 0.0000000000
79464  -52.009  1.278  35.648 0.0000000000
78649  -50.860  0.193  36.371 0.0000000000
79463  -51.008  1.227  35.361 0.0000000000
79474  -50.650  1.718  34.626 0.0000000000
125984  -51.874  2.757  34.236 0.0000000000
69395  -58.728  -10.133  29.632 0.0000000000
124848  -58.268  -9.525  29.554 0.0000000000
70253  -57.749  -8.692  29.320 0.0000000000
67609  -49.550  -12.303  41.409 0.0000000000
67566  -48.763  -12.765  47.901 0.0000000000
67579  -49.401  -12.674  47.285 0.0000000000
67567  -49.626  -12.574  48.079 0.0000000000
67555  -49.180  -12.301  48.297 0.0000000000
71782  -48.828  -6.802  51.875 0.0000000000
71783  -50.118  -6.623  51.557 0.0000000000
66813  -60.709  -13.861  40.339 0.0000000000
64277  -57.492  -16.656  38.076 0.0000000000
63438  -57.186  -17.101  37.416 0.0000000000
62639  -53.820  -18.065  35.573 0.0000000000
63459  -52.942  -17.870  35.375 0.0000000000
57298  -51.093  -23.928  40.932 0.0000000000
60879  -52.360  -20.575  38.426 0.0000000000
64301  -49.814  -16.633  35.801 0.0000000000
65170  -49.912  -15.391  36.615 0.0000000000
64292  -49.329  -16.004  36.512 0.0000000000
67703  -62.292  -12.173  32.681 0.0000000000
70229  -62.108  -9.855  30.548 0.0000000000
71088  -62.200  -8.827  30.551 0.0000000000
72831  -60.966  -5.750  33.084 0.0000000000
72839  -61.726  -5.783  31.377 0.0000000000
73726  -61.262  -5.369  32.299 0.0000000000
73727  -61.448  -5.040  31.648 0.0000000000
74531  -61.158  -4.434  32.368 0.0000000000
68459  -53.210  -11.534  41.488 0.0000000000
69285  -56.534  -10.231  41.890 0.0000000000
70964  -56.157  -8.416  45.840 0.0000000000
70965  -57.341  -8.291  46.264 0.0000000000
70979  -56.735  -7.956  45.369 0.0000000000
73622  -60.142  -5.383  41.463 0.0000000000
72735  -60.317  -6.059  41.643 0.0000000000
71882  -60.094  -6.664  40.141 0.0000000000
115904  -59.749  -7.048  39.654 0.0000000000
71892  -60.064  -6.607  39.326 0.0000000000
109784  -60.392  -6.017  38.885 0.0000000000
73634  -60.379  -5.261  39.401 0.0000000000
75330  -57.493  -3.406  34.869 0.0000000000
110765  -58.489  -3.104  34.904 0.0000000000
76165  -58.150  -1.887  33.473 0.0000000000
76164  -57.247  -1.978  33.367 0.0000000000
75343  -52.575  -3.023  32.678 0.0000000000
112184  -53.164  -2.833  32.235 0.0000000000
75363  -52.552  -2.970  31.951 0.0000000000
75378  -51.657  -3.433  31.731 0.0000000000
74480  -48.786  -4.044  36.079 0.0000000000
74494  -49.563  -4.413  35.619 0.0000000000
77013  -48.325  -0.921  29.344 0.0000000000
115932  -48.533  -1.678  29.834 0.0000000000
109527  -48.321  -1.767  29.663 0.0000000000
76210  -47.645  -1.630  29.492 0.0000000000
76202  -47.290  -2.339  30.181 0.0000000000
76209  -46.975  -1.582  29.923 0.0000000000
78664  -46.148  0.900  34.668 0.0000000000
66021  -53.465  -14.217  35.064 0.0000000000
66848  -53.029  -12.896  37.152 0.0000000000
67652  -53.693  -12.366  36.882 0.0000000000
73578  -52.052  -4.967  45.163 0.0000000000
74411  -52.478  -4.168  44.096 0.0000000000
125915  -52.374  -3.217  41.750 0.0000000000
74423  -51.935  -4.225  43.025 0.0000000000
74437  -51.937  -3.731  42.080 0.0000000000
74422  -51.035  -4.675  42.143 0.0000000000
74436  -50.969  -4.219  41.363 0.0000000000
75285  -50.715  -3.799  40.635 0.0000000000
75286  -51.229  -3.086  40.436 0.0000000000
77803  -53.842  -0.643  38.221 0.0000000000
76937  -52.511  -1.562  39.068 0.0000000000
78636  -53.084  -0.124  37.231 0.0000000000
126579  -60.392  -12.200  29.538 0.0000000000
113506  -59.853  -11.752  29.576 0.0000000000
67602  -47.358  -12.629  43.904 0.0000000000
66797  -46.984  -13.382  45.479 0.0000000000
112094  -56.180  -17.457  40.025 0.0000000000
62612  -55.433  -18.518  38.588 0.0000000000
62611  -54.759  -19.018  38.036 0.0000000000
61777  -49.517  -19.469  36.351 0.0000000000
110213  -49.031  -18.801  36.229 0.0000000000
63444  -48.428  -17.448  36.527 0.0000000000
63435  -48.026  -17.149  37.278 0.0000000000
69348  -58.046  -9.644  33.310 0.0000000000
71079  -59.135  -8.925  32.326 0.0000000000
71080  -59.593  -8.079  32.490 0.0000000000
121963  -59.433  -7.188  34.340 0.0000000000
72815  -60.318  -6.200  34.613 0.0000000000
105489  -53.665  -11.480  44.929 0.0000000000
68425  -55.787  -11.177  46.025 0.0000000000
122477  -55.214  -11.311  44.775 0.0000000000
122800  -55.803  -11.159  45.195 0.0000000000
68447  -56.294  -10.848  43.951 0.0000000000
118501  -56.449  -10.837  44.863 0.0000000000
71860  -55.967  -7.536  42.558 0.0000000000
71861  -56.800  -7.141  43.146 0.0000000000
72732  -56.581  -7.028  42.228 0.0000000000
126011  -57.229  -6.143  40.599 0.0000000000
72733  -57.511  -6.006  41.150 0.0000000000
72740  -57.754  -5.699  40.584 0.0000000000
106131  -59.256  -4.970  41.407 0.0000000000
73625  -58.625  -5.118  40.627 0.0000000000
73633  -58.919  -4.783  39.913 0.0000000000
73653  -56.356  -5.587  37.510 0.0000000000
73654  -57.288  -5.285  37.831 0.0000000000
74469  -56.963  -5.109  36.979 0.0000000000
74483  -57.559  -4.449  36.482 0.0000000000
74482  -56.536  -4.730  36.178 0.0000000000
74481  -56.117  -4.276  35.313 0.0000000000
73682  -55.605  -4.907  35.895 0.0000000000
73680  -53.836  -5.034  35.590 0.0000000000
74498  -53.372  -4.388  34.851 0.0000000000
74497  -52.488  -4.433  34.851 0.0000000000
77845  -48.696  -0.346  33.663 0.0000000000
114269  -48.436  -1.171  33.628 0.0000000000
107850  -49.051  1.708  29.917 0.0000000000
78686  -49.098  1.049  29.681 0.0000000000
78685  -48.604  1.202  29.672 0.0000000000
77865  -47.856  0.589  29.472 0.0000000000
80259  -47.950  2.847  32.558 0.0000000000
79479  -47.699  1.974  32.728 0.0000000000
81015  -46.303  3.282  33.631 0.0000000000
65207  -57.201  -15.245  33.945 0.0000000000
66045  -56.962  -14.453  33.633 0.0000000000
66879  -56.506  -13.811  33.652 0.0000000000
67676  -56.138  -12.812  33.918 0.0000000000
66868  -54.304  -13.127  35.041 0.0000000000
66877  -54.941  -13.653  34.523 0.0000000000
68521  -56.140  -11.270  34.470 0.0000000000
69325  -55.801  -10.274  36.671 0.0000000000
70065  -53.900  -8.360  51.483 0.0000000000
70086  -55.279  -9.454  50.288 0.0000000000
70085  -54.425  -9.009  50.259 0.0000000000
70121  -52.762  -9.027  47.201 0.0000000000
70122  -53.713  -9.074  47.417 0.0000000000
70138  -54.068  -8.983  46.366 0.0000000000
70963  -53.189  -8.958  45.551 0.0000000000
71833  -50.573  -7.291  45.291 0.0000000000
71844  -50.481  -7.805  44.454 0.0000000000
70984  -51.367  -8.585  43.503 0.0000000000
108491  -51.621  -8.725  44.368 0.0000000000
106446  -52.437  -8.822  43.832 0.0000000000
70978  -53.365  -8.841  44.593 0.0000000000
70985  -53.568  -8.687  43.717 0.0000000000
105558  -53.820  -8.472  43.072 0.0000000000
105301  -53.024  -8.611  43.015 0.0000000000
71876  -52.337  -7.950  40.355 0.0000000000
71010  -53.128  -8.068  40.751 0.0000000000
123791  -53.025  -7.811  40.103 0.0000000000
71888  -53.407  -7.528  39.623 0.0000000000
71896  -52.048  -7.357  39.008 0.0000000000
72748  -49.587  -6.121  38.654 0.0000000000
72749  -50.170  -6.598  38.481 0.0000000000
73649  -49.489  -5.635  37.769 0.0000000000
123730  -49.196  -5.072  37.198 0.0000000000
124202  -49.062  -4.850  37.808 0.0000000000
75299  -50.137  -3.056  39.187 0.0000000000
75288  -49.705  -3.886  39.348 0.0000000000
76131  -49.646  -2.748  38.361 0.0000000000
77828  -49.751  -0.814  36.728 0.0000000000
76958  -49.521  -2.003  37.662 0.0000000000
76968  -49.071  -1.639  36.789 0.0000000000
76148  -48.529  -2.451  36.459 0.0000000000
109432  -48.609  -1.215  35.460 0.0000000000
77838  -48.935  -0.466  35.379 0.0000000000
80253  -50.582  2.694  33.016 0.0000000000
79488  -50.210  2.553  31.130 0.0000000000
81046  -50.389  3.560  31.610 0.0000000000
71108  -57.731  -7.471  29.156 0.0000000000
72855  -57.815  -6.545  29.553 0.0000000000
66818  -51.371  -13.299  39.085 0.0000000000
124008  -51.111  -12.163  40.692 0.0000000000
68451  -51.176  -11.424  42.666 0.0000000000
68429  -48.774  -11.874  43.958 0.0000000000
68420  -50.482  -11.786  45.595 0.0000000000
68431  -50.414  -11.614  44.776 0.0000000000
107294  -52.015  -11.564  44.816 0.0000000000
67557  -51.230  -12.322  48.358 0.0000000000
68383  -51.839  -12.273  47.843 0.0000000000
108464  -52.226  -12.138  48.660 0.0000000000
68367  -53.343  -12.002  48.576 0.0000000000
68348  -52.219  -11.624  49.569 0.0000000000
70922  -48.122  -8.312  49.207 0.0000000000
70100  -48.209  -9.514  47.751 0.0000000000
70081  -48.891  -9.466  48.223 0.0000000000
107225  -49.486  -10.296  48.437 0.0000000000
70082  -49.611  -9.174  48.846 0.0000000000
70047  -51.450  -8.360  50.796 0.0000000000
123894  -51.043  -9.367  49.897 0.0000000000
121658  -51.758  -9.218  50.604 0.0000000000
69208  -52.294  -10.716  50.267 0.0000000000
69194  -52.442  -9.590  50.941 0.0000000000
70049  -53.364  -8.818  51.967 0.0000000000
70897  -52.461  -7.594  51.909 0.0000000000
72653  -51.774  -5.805  51.034 0.0000000000
111049  -52.198  -6.443  51.014 0.0000000000
105788  -52.139  -6.008  50.832 0.0000000000
72661  -52.239  -5.574  49.948 0.0000000000
73537  -52.363  -4.940  49.924 0.0000000000
66836  -61.519  -13.163  38.524 0.0000000000
66834  -60.900  -12.989  38.569 0.0000000000
66000  -59.660  -14.282  37.432 0.0000000000
65134  -58.498  -15.157  40.945 0.0000000000
65963  -59.324  -14.552  41.105 0.0000000000
112063  -59.301  -14.459  39.664 0.0000000000
65160  -58.083  -16.153  37.649 0.0000000000
107548  -58.588  -15.464  38.162 0.0000000000
63462  -56.864  -17.164  35.800 0.0000000000
64309  -57.273  -16.548  35.341 0.0000000000
64308  -56.440  -16.843  35.193 0.0000000000
63460  -55.399  -17.601  35.536 0.0000000000
65193  -53.974  -15.785  34.585 0.0000000000
64319  -53.848  -16.675  34.741 0.0000000000
58177  -51.966  -23.871  41.985 0.0000000000
58170  -52.990  -23.752  43.081 0.0000000000
58205  -51.446  -22.988  39.906 0.0000000000
58191  -51.607  -23.411  40.679 0.0000000000
59096  -52.500  -22.381  40.668 0.0000000000
59092  -52.973  -22.341  41.464 0.0000000000
59953  -53.912  -21.638  42.364 0.0000000000
60856  -53.749  -20.911  41.244 0.0000000000
60864  -54.070  -20.200  40.829 0.0000000000
60894  -52.861  -19.926  37.999 0.0000000000
61769  -53.282  -19.403  37.357 0.0000000000
65181  -50.895  -15.648  35.600 0.0000000000
65996  -50.809  -14.364  37.188 0.0000000000
65984  -51.167  -13.881  37.911 0.0000000000
65147  -49.883  -14.935  37.919 0.0000000000
65146  -49.464  -15.390  38.222 0.0000000000
65139  -49.534  -15.497  39.183 0.0000000000
65968  -48.977  -14.280  40.508 0.0000000000
66810  -48.668  -13.736  40.913 0.0000000000
110023  -62.285  -14.663  32.073 0.0000000000
66905  -62.916  -12.905  31.785 0.0000000000
120309  -62.902  -13.493  31.029 0.0000000000
66927  -63.048  -13.205  30.379 0.0000000000
66047  -58.497  -14.528  33.695 0.0000000000
66891  -58.708  -13.893  33.245 0.0000000000
66904  -59.633  -12.939  32.746 0.0000000000
66892  -59.497  -13.456  33.231 0.0000000000
68539  -58.445  -11.078  32.307 0.0000000000
117093  -59.241  -11.121  31.811 0.0000000000
68543  -62.675  -11.897  31.711 0.0000000000
68555  -62.485  -11.407  31.210 0.0000000000
68565  -63.646  -10.789  30.198 0.0000000000
68566  -63.695  -11.243  30.145 0.0000000000
68579  -63.721  -11.292  29.922 0.0000000000
67742  -63.476  -12.101  29.856 0.0000000000
117846  -63.237  -11.579  29.568 0.0000000000
120002  -62.375  -11.891  29.456 0.0000000000
68578  -63.439  -10.703  29.603 0.0000000000
70258  -63.152  -9.149  29.279 0.0000000000
69398  -63.003  -10.028  29.138 0.0000000000
113922  -62.730  -9.349  29.138 0.0000000000
70257  -62.668  -8.600  29.188 0.0000000000
116009  -62.909  -7.841  30.356 0.0000000000
71964  -62.327  -7.070  30.798 0.0000000000
72850  -62.321  -6.468  30.322 0.0000000000
72860  -62.680  -6.975  29.849 0.0000000000
109630  -62.257  -6.864  29.703 0.0000000000
71982  -61.661  -7.320  29.500 0.0000000000
72858  -61.242  -6.508  29.739 0.0000000000
71981  -60.263  -6.896  29.596 0.0000000000
73744  -60.011  -5.403  29.910 0.0000000000
73738  -59.992  -4.894  30.268 0.0000000000
73737  -59.410  -5.125  30.531 0.0000000000
73732  -60.001  -4.488  30.763 0.0000000000
67631  -52.527  -12.670  39.092 0.0000000000
68469  -53.750  -11.733  40.090 0.0000000000
116611  -53.281  -12.162  39.419 0.0000000000
119410  -53.933  -11.742  39.475 0.0000000000
110670  -54.422  -11.412  39.186 0.0000000000
68460  -54.553  -11.271  42.164 0.0000000000
69289  -55.630  -10.458  40.357 0.0000000000
68482  -54.944  -10.884  38.872 0.0000000000
69303  -55.466  -10.368  38.546 0.0000000000
69304  -55.874  -9.918  39.034 0.0000000000
70183  -57.285  -8.743  37.993 0.0000000000
69229  -56.593  -9.743  48.699 0.0000000000
68388  -56.958  -10.162  48.231 0.0000000000
70105  -57.023  -9.453  48.034 0.0000000000
70139  -58.194  -9.224  45.966 0.0000000000
69272  -57.781  -10.008  46.229 0.0000000000
70146  -58.413  -9.479  44.993 0.0000000000
69279  -57.861  -9.952  44.487 0.0000000000
70149  -58.195  -9.552  44.048 0.0000000000
72721  -58.678  -6.557  44.124 0.0000000000
71853  -58.481  -7.171  44.795 0.0000000000
71854  -59.044  -7.110  44.450 0.0000000000
70998  -59.654  -7.533  42.420 0.0000000000
70988  -59.504  -7.769  43.329 0.0000000000
70997  -59.098  -8.306  42.579 0.0000000000
70157  -58.451  -8.664  41.914 0.0000000000
70159  -58.453  -8.440  40.974 0.0000000000
71035  -58.700  -7.566  37.681 0.0000000000
71052  -58.774  -7.401  36.811 0.0000000000
71901  -59.322  -6.978  37.417 0.0000000000
72771  -60.338  -5.744  36.808 0.0000000000
72784  -59.938  -6.277  36.243 0.0000000000
72785  -60.322  -5.837  35.847 0.0000000000
74472  -59.728  -4.338  37.985 0.0000000000
74473  -60.158  -4.625  38.231 0.0000000000
74485  -59.580  -4.091  37.058 0.0000000000
75332  -59.860  -3.391  35.246 0.0000000000
75321  -60.267  -3.945  35.736 0.0000000000
75333  -60.358  -3.565  34.826 0.0000000000
74516  -60.739  -3.952  34.227 0.0000000000
115271  -60.475  -3.142  34.082 0.0000000000
74530  -60.866  -3.583  32.766 0.0000000000
75351  -60.269  -2.557  33.453 0.0000000000
75385  -58.783  -2.409  32.258 0.0000000000
75386  -59.718  -2.370  32.390 0.0000000000
74546  -59.186  -3.642  32.060 0.0000000000
74545  -58.124  -4.296  32.545 0.0000000000
75346  -55.059  -2.720  33.404 0.0000000000
75366  -55.472  -2.356  32.864 0.0000000000
75365  -54.744  -2.592  32.692 0.0000000000
75380  -53.178  -2.987  32.034 0.0000000000
109392  -53.953  -2.931  32.196 0.0000000000
72781  -52.179  -6.266  36.908 0.0000000000
73664  -51.628  -5.729  36.341 0.0000000000
74510  -50.997  -3.923  34.205 0.0000000000
75341  -50.438  -3.482  33.350 0.0000000000
76990  -48.493  -1.814  32.866 0.0000000000
76189  -49.325  -2.809  30.739 0.0000000000
76176  -49.097  -2.613  32.303 0.0000000000
114604  -49.753  -3.054  31.222 0.0000000000
75361  -51.114  -3.240  32.096 0.0000000000
125175  -49.011  -4.067  30.560 0.0000000000
74536  -48.501  -4.648  31.475 0.0000000000
111391  -47.511  -4.407  31.899 0.0000000000
75392  -46.205  -2.797  31.483 0.0000000000
75375  -46.250  -3.410  31.827 0.0000000000
75374  -45.673  -3.073  32.105 0.0000000000
76187  -45.526  -2.578  32.465 0.0000000000
77856  -46.773  -0.263  31.693 0.0000000000
108735  -45.801  -1.570  33.504 0.0000000000
76162  -45.423  -1.974  34.064 0.0000000000
82664  -45.964  6.669  31.579 0.0000000000
82655  -46.864  5.447  31.820 0.0000000000
82653  -45.320  6.188  31.852 0.0000000000
81802  -44.687  5.612  32.492 0.0000000000
81027  -44.394  4.341  33.123 0.0000000000
66011  -52.323  -13.982  35.935 0.0000000000
66857  -52.656  -13.408  36.525 0.0000000000
74424  -52.896  -3.458  43.733 0.0000000000
75278  -52.977  -2.913  42.335 0.0000000000
76115  -52.278  -2.544  40.578 0.0000000000
76123  -53.233  -1.929  40.347 0.0000000000
76948  -53.697  -1.106  38.936 0.0000000000
77820  -54.605  -0.070  37.955 0.0000000000
113555  -61.258  -11.703  29.440 0.0000000000
66796  -46.244  -13.775  45.370 0.0000000000
62623  -47.670  -18.698  36.808 0.0000000000
112055  -60.490  -13.347  36.236 0.0000000000
66869  -60.125  -13.740  35.262 0.0000000000
66880  -60.111  -13.608  34.515 0.0000000000
71066  -58.679  -8.012  34.354 0.0000000000
71944  -59.102  -7.277  35.088 0.0000000000
68407  -53.804  -11.602  46.573 0.0000000000
68423  -54.343  -11.488  45.870 0.0000000000
109591  -55.124  -11.359  46.273 0.0000000000
68409  -55.734  -11.241  46.889 0.0000000000
71878  -55.000  -7.410  40.317 0.0000000000
71879  -55.742  -7.235  40.863 0.0000000000
71890  -55.704  -6.988  40.042 0.0000000000
72738  -56.305  -6.495  39.665 0.0000000000
73631  -56.922  -5.996  39.185 0.0000000000
117615  -55.113  -5.452  36.436 0.0000000000
73667  -54.288  -5.504  36.267 0.0000000000
73666  -53.455  -5.621  36.198 0.0000000000
78680  -49.736  1.463  31.656 0.0000000000
78679  -49.350  0.833  30.946 0.0000000000
81028  -47.250  3.551  33.103 0.0000000000
65196  -56.449  -15.688  34.345 0.0000000000
67664  -54.406  -12.429  35.456 0.0000000000
70924  -52.405  -7.717  49.942 0.0000000000
70084  -53.472  -8.743  49.655 0.0000000000
114559  -52.589  -8.512  48.954 0.0000000000
70938  -52.254  -8.730  47.601 0.0000000000
70950  -52.144  -8.893  46.691 0.0000000000
105206  -50.252  -7.291  43.655 0.0000000000
70991  -50.837  -8.339  42.923 0.0000000000
70992  -51.330  -8.476  42.542 0.0000000000
71002  -52.701  -8.496  42.210 0.0000000000
109335  -51.902  -8.536  42.103 0.0000000000
71008  -51.478  -8.063  40.703 0.0000000000
71875  -50.898  -7.790  40.279 0.0000000000
71895  -51.267  -7.348  39.091 0.0000000000
71885  -50.585  -7.364  39.616 0.0000000000
72743  -49.530  -6.322  39.553 0.0000000000
73630  -49.382  -5.537  39.204 0.0000000000
76959  -50.554  -1.370  37.863 0.0000000000
77817  -50.738  -0.712  37.266 0.0000000000
77829  -50.448  -0.326  36.669 0.0000000000
77839  -49.786  -0.176  36.050 0.0000000000
78658  -49.506  0.340  35.210 0.0000000000
78668  -50.062  1.087  34.947 0.0000000000
79481  -50.359  2.134  33.819 0.0000000000
80262  -50.972  3.250  32.686 0.0000000000
66812  -50.245  -13.208  39.973 0.0000000000
67615  -50.709  -12.527  40.349 0.0000000000
68457  -50.066  -11.774  41.790 0.0000000000
68450  -50.258  -11.538  42.510 0.0000000000
67594  -48.346  -12.783  46.026 0.0000000000
67595  -49.207  -12.488  46.217 0.0000000000
67596  -50.040  -12.200  46.334 0.0000000000
68404  -51.015  -11.918  46.387 0.0000000000
67568  -50.453  -12.457  48.173 0.0000000000
124850  -50.652  -12.286  48.697 0.0000000000
70908  -48.718  -7.863  50.090 0.0000000000
70909  -49.600  -8.190  49.743 0.0000000000
70910  -50.543  -7.759  50.619 0.0000000000
70896  -51.489  -7.303  51.444 0.0000000000
72645  -50.856  -6.044  51.343 0.0000000000
66821  -61.209  -13.199  39.182 0.0000000000
126628  -60.892  -13.435  39.891 0.0000000000
120016  -59.805  -13.907  39.306 0.0000000000
64271  -57.377  -16.376  39.702 0.0000000000
65140  -57.990  -15.815  39.444 0.0000000000
122979  -57.675  -16.704  36.440 0.0000000000
63448  -56.453  -17.636  36.335 0.0000000000
62631  -55.094  -18.487  36.714 0.0000000000
63446  -55.215  -18.139  36.064 0.0000000000
59975  -51.625  -22.032  39.120 0.0000000000
59970  -52.565  -21.851  40.138 0.0000000000
59977  -52.878  -21.219  39.921 0.0000000000
60871  -53.249  -20.536  39.570 0.0000000000
61753  -53.640  -19.920  39.158 0.0000000000
60880  -53.023  -20.290  38.804 0.0000000000
64302  -50.615  -16.489  35.527 0.0000000000
64293  -50.109  -15.814  35.934 0.0000000000
65159  -50.149  -14.849  37.222 0.0000000000
65982  -49.954  -14.917  38.686 0.0000000000
66055  -62.577  -13.665  32.588 0.0000000000
67712  -63.250  -12.097  31.158 0.0000000000
66890  -58.045  -13.501  32.979 0.0000000000
67700  -59.063  -12.452  32.404 0.0000000000
69368  -59.719  -10.415  31.539 0.0000000000
69370  -62.161  -10.714  30.785 0.0000000000
69383  -63.236  -10.280  30.353 0.0000000000
70241  -63.555  -9.791  29.937 0.0000000000
70242  -63.528  -8.977  29.827 0.0000000000
71096  -63.547  -8.478  29.902 0.0000000000
109526  -60.977  -6.402  32.115 0.0000000000
72845  -61.717  -6.385  31.427 0.0000000000
118574  -62.041  -5.955  30.793 0.0000000000
73740  -61.611  -5.605  30.508 0.0000000000
73745  -60.973  -5.740  29.984 0.0000000000
74562  -61.176  -4.638  30.845 0.0000000000
74556  -60.613  -4.001  31.427 0.0000000000
67611  -52.609  -11.859  40.735 0.0000000000
68465  -53.502  -11.662  40.759 0.0000000000
68466  -54.204  -11.463  40.741 0.0000000000
68461  -55.194  -10.983  41.730 0.0000000000
69294  -56.274  -9.823  39.876 0.0000000000
70161  -57.077  -9.135  39.701 0.0000000000
70939  -56.968  -8.864  47.704 0.0000000000
70125  -57.416  -9.161  47.350 0.0000000000
70952  -57.290  -8.696  47.062 0.0000000000
70953  -57.697  -8.859  46.598 0.0000000000
70140  -58.682  -8.617  45.299 0.0000000000
73611  -59.562  -5.538  42.670 0.0000000000
126449  -60.052  -6.249  42.825 0.0000000000
71870  -59.702  -7.398  41.391 0.0000000000
71013  -59.098  -7.829  40.644 0.0000000000
71881  -59.677  -7.244  40.378 0.0000000000
71891  -59.693  -7.031  39.067 0.0000000000
111387  -59.798  -6.661  37.878 0.0000000000
72756  -60.297  -6.024  37.892 0.0000000000
73655  -60.454  -5.097  37.609 0.0000000000
74484  -58.624  -4.146  36.829 0.0000000000
75319  -59.220  -3.738  36.386 0.0000000000
75331  -59.262  -3.365  35.625 0.0000000000
75349  -59.307  -2.841  34.639 0.0000000000
76167  -59.783  -2.088  33.368 0.0000000000
76166  -59.185  -2.023  33.620 0.0000000000
76999  -58.845  -1.657  32.800 0.0000000000
121808  -58.049  -2.087  32.499 0.0000000000
76191  -57.665  -1.795  32.743 0.0000000000
76190  -56.725  -2.046  32.760 0.0000000000
73663  -50.648  -5.652  36.564 0.0000000000
73676  -50.078  -5.098  36.053 0.0000000000
123019  -48.634  -1.273  30.415 0.0000000000
110413  -48.816  -2.325  30.308 0.0000000000
76204  -49.182  -3.109  30.412 0.0000000000
74551  -47.156  -3.690  31.416 0.0000000000
75393  -47.758  -3.133  30.458 0.0000000000
76201  -46.530  -2.282  30.776 0.0000000000
77844  -46.276  0.102  34.370 0.0000000000
77843  -45.711  -0.548  34.794 0.0000000000
76975  -45.292  -1.125  35.128 0.0000000000
78656  -44.701  0.422  35.612 0.0000000000
114268  -54.216  -11.812  36.979 0.0000000000
72691  -51.459  -5.964  46.094 0.0000000000
72690  -50.922  -6.370  45.368 0.0000000000
73577  -51.088  -5.797  44.649 0.0000000000
124627  -51.582  -4.806  43.577 0.0000000000
73593  -50.874  -5.615  43.641 0.0000000000
72725  -50.416  -5.871  42.903 0.0000000000
73607  -50.260  -5.691  42.172 0.0000000000
73618  -49.795  -5.963  41.453 0.0000000000
73624  -49.611  -5.751  40.696 0.0000000000
74443  -50.138  -4.720  40.700 0.0000000000
75289  -50.456  -3.408  39.916 0.0000000000
76133  -51.583  -1.958  39.219 0.0000000000
76947  -51.405  -1.547  38.542 0.0000000000
77818  -51.906  -0.383  37.294 0.0000000000
78650  -52.070  0.235  36.690 0.0000000000
70255  -60.295  -9.484  29.445 0.0000000000
67606  -48.475  -12.269  42.570 0.0000000000
113164  -48.352  -12.122  43.284 0.0000000000
67603  -47.973  -12.293  43.944 0.0000000000
67599  -48.245  -12.360  44.835 0.0000000000
67593  -47.501  -13.302  46.199 0.0000000000
64270  -56.699  -16.921  39.909 0.0000000000
63429  -56.519  -17.599  38.342 0.0000000000
63436  -56.036  -18.177  37.876 0.0000000000
62617  -53.782  -18.951  36.787 0.0000000000
58217  -50.667  -23.290  39.506 0.0000000000
59104  -51.107  -22.658  39.209 0.0000000000
63445  -49.084  -16.961  36.131 0.0000000000
68530  -57.326  -11.627  33.204 0.0000000000
69357  -58.164  -10.343  32.691 0.0000000000
70221  -59.290  -9.620  31.816 0.0000000000
71086  -60.837  -8.741  31.113 0.0000000000
71958  -60.374  -7.036  32.634 0.0000000000
71952  -60.735  -6.299  33.005 0.0000000000
122741  -60.846  -5.572  33.797 0.0000000000
68443  -52.832  -11.455  43.413 0.0000000000
105304  -53.543  -11.416  43.026 0.0000000000
68444  -54.170  -11.403  43.508 0.0000000000
68454  -54.785  -11.258  43.086 0.0000000000
68434  -54.546  -11.410  44.878 0.0000000000
68445  -54.879  -11.331  44.036 0.0000000000
68446  -55.531  -11.092  43.503 0.0000000000
68456  -56.089  -10.779  43.091 0.0000000000
69281  -56.659  -10.369  42.798 0.0000000000
69286  -57.271  -9.851  42.523 0.0000000000
71845  -56.332  -7.841  44.398 0.0000000000
71846  -57.156  -7.581  44.934 0.0000000000
71851  -56.128  -7.670  43.451 0.0000000000
72719  -57.713  -6.693  43.762 0.0000000000
123972  -58.280  -6.232  43.437 0.0000000000
71880  -56.382  -6.969  41.435 0.0000000000
72727  -58.201  -5.917  42.681 0.0000000000
73610  -58.963  -5.316  42.308 0.0000000000
73627  -59.843  -4.932  41.085 0.0000000000
74445  -59.882  -4.776  40.245 0.0000000000
74450  -60.094  -4.827  39.732 0.0000000000
74444  -59.583  -4.674  39.946 0.0000000000
74457  -59.202  -4.473  38.536 0.0000000000
73639  -57.590  -5.418  38.709 0.0000000000
74456  -58.267  -4.877  38.183 0.0000000000
75347  -56.672  -2.731  33.947 0.0000000000
75329  -56.613  -3.673  34.814 0.0000000000
74515  -55.707  -3.401  34.338 0.0000000000
74514  -54.676  -3.490  34.200 0.0000000000
74513  -53.790  -3.531  34.025 0.0000000000
76976  -48.399  -1.870  35.135 0.0000000000
76163  -48.491  -2.605  34.808 0.0000000000
76982  -48.368  -1.901  34.190 0.0000000000
77866  -48.794  -0.110  29.351 0.0000000000
77017  -47.945  -0.220  28.835 0.0000000000
77873  -47.546  -0.175  29.234 0.0000000000
77857  -47.340  0.409  30.603 0.0000000000
78677  -47.360  0.648  31.762 0.0000000000
78671  -47.919  1.526  31.538 0.0000000000
115831  -47.345  1.061  32.950 0.0000000000
79472  -46.280  1.730  34.422 0.0000000000
115310  -45.569  2.151  34.671 0.0000000000
65198  -58.464  -15.467  34.757 0.0000000000
66046  -57.671  -14.572  33.609 0.0000000000
67686  -56.856  -12.327  33.475 0.0000000000
67675  -55.379  -12.830  34.461 0.0000000000
68529  -56.702  -11.420  33.816 0.0000000000
69346  -56.698  -10.617  34.288 0.0000000000
69339  -56.811  -9.852  34.878 0.0000000000
70201  -57.604  -8.535  36.329 0.0000000000
69197  -54.789  -10.380  51.114 0.0000000000
68351  -55.532  -10.929  50.049 0.0000000000
70068  -55.555  -9.943  50.351 0.0000000000
70087  -56.039  -9.733  49.504 0.0000000000
112714  -55.800  -9.290  49.257 0.0000000000
70102  -53.951  -9.066  48.744 0.0000000000
126042  -54.611  -9.021  48.172 0.0000000000
70124  -56.107  -8.730  47.640 0.0000000000
70123  -55.345  -8.708  46.374 0.0000000000
105487  -55.183  -8.583  45.324 0.0000000000
71826  -50.788  -7.646  46.034 0.0000000000
70961  -50.961  -8.285  45.915 0.0000000000
70962  -52.177  -8.913  45.826 0.0000000000
70975  -50.955  -8.438  44.403 0.0000000000
70976  -51.369  -8.619  45.257 0.0000000000
105302  -54.517  -8.618  44.394 0.0000000000
123726  -55.280  -8.220  43.706 0.0000000000
70995  -54.574  -8.229  42.759 0.0000000000
71859  -55.176  -7.885  42.113 0.0000000000
71003  -53.349  -8.267  41.567 0.0000000000
71004  -54.303  -8.126  41.808 0.0000000000
71868  -54.918  -7.690  41.176 0.0000000000
123866  -54.378  -7.654  40.538 0.0000000000
119022  -54.239  -7.451  39.876 0.0000000000
71898  -54.032  -7.148  38.989 0.0000000000
72767  -53.673  -6.449  37.488 0.0000000000
72752  -53.360  -6.900  38.206 0.0000000000
72751  -52.405  -7.031  38.264 0.0000000000
72765  -51.797  -6.691  37.661 0.0000000000
117031  -50.677  -7.029  38.744 0.0000000000
72764  -50.769  -6.620  37.931 0.0000000000
73662  -49.761  -5.432  36.888 0.0000000000
75318  -48.464  -3.239  36.224 0.0000000000
74442  -49.514  -5.182  39.974 0.0000000000
74446  -49.440  -4.708  39.320 0.0000000000
74455  -49.231  -4.888  38.599 0.0000000000
75298  -48.966  -3.527  37.987 0.0000000000
75297  -48.793  -4.113  37.520 0.0000000000
76141  -48.596  -3.064  36.924 0.0000000000
76154  -48.423  -2.571  35.668 0.0000000000
78666  -49.093  0.363  33.749 0.0000000000
78667  -49.453  0.728  34.340 0.0000000000
78673  -49.512  1.092  33.242 0.0000000000
79487  -50.101  2.147  31.163 0.0000000000
80268  -50.054  2.919  31.094 0.0000000000
66819  -51.961  -13.075  38.901 0.0000000000
67616  -51.647  -12.336  40.266 0.0000000000
105468  -52.061  -11.426  42.948 0.0000000000
68430  -49.628  -11.684  44.391 0.0000000000
123658  -50.289  -11.505  43.990 0.0000000000
68441  -50.656  -11.449  43.335 0.0000000000
68442  -51.425  -11.443  43.397 0.0000000000
68433  -52.839  -11.503  44.384 0.0000000000
68422  -52.829  -11.562  45.392 0.0000000000
68406  -52.910  -11.713  46.533 0.0000000000
68405  -51.949  -11.972  46.948 0.0000000000
68385  -53.614  -11.781  47.487 0.0000000000
68368  -54.120  -11.741  49.533 0.0000000000
69224  -49.316  -11.476  48.430 0.0000000000
68364  -49.921  -11.881  48.787 0.0000000000
70083  -50.375  -10.017  49.073 0.0000000000
69227  -51.368  -11.423  49.406 0.0000000000
69209  -53.166  -11.059  50.488 0.0000000000
68349  -53.994  -11.313  50.480 0.0000000000
70050  -54.049  -9.354  51.953 0.0000000000
70899  -53.732  -8.422  52.057 0.0000000000
71786  -52.943  -7.358  52.127 0.0000000000
70912  -53.343  -7.594  52.094 0.0000000000
71803  -51.984  -6.943  49.660 0.0000000000
107474  -52.051  -6.135  48.902 0.0000000000
72673  -51.869  -6.063  47.920 0.0000000000
74372  -52.401  -4.497  49.018 0.0000000000
66849  -61.321  -12.755  37.894 0.0000000000
66012  -59.732  -14.273  36.596 0.0000000000
65174  -59.092  -15.055  36.004 0.0000000000
65985  -59.195  -14.663  38.734 0.0000000000
65999  -59.146  -14.838  37.806 0.0000000000
65185  -58.559  -15.677  35.513 0.0000000000
65184  -57.969  -16.029  35.076 0.0000000000
64307  -55.629  -17.025  35.065 0.0000000000
66020  -52.759  -14.506  35.311 0.0000000000
66010  -51.716  -14.248  36.224 0.0000000000
61729  -54.892  -19.781  42.098 0.0000000000
57265  -53.274  -23.898  43.746 0.0000000000
59070  -53.642  -23.295  43.522 0.0000000000
120258  -53.736  -22.673  43.017 0.0000000000
58192  -52.311  -23.165  41.339 0.0000000000
59082  -54.086  -22.028  42.932 0.0000000000
59965  -54.125  -21.061  42.021 0.0000000000
61738  -54.631  -19.612  41.260 0.0000000000
61761  -54.060  -19.431  38.542 0.0000000000
61770  -54.030  -19.235  37.618 0.0000000000
61780  -52.070  -19.250  36.411 0.0000000000
62628  -52.487  -18.601  35.862 0.0000000000
65997  -51.570  -13.905  37.116 0.0000000000
66817  -50.647  -13.613  39.316 0.0000000000
66808  -49.031  -12.989  41.044 0.0000000000
66804  -47.976  -12.862  42.140 0.0000000000
66800  -46.938  -13.033  43.417 0.0000000000
65959  -47.011  -14.120  42.112 0.0000000000
66802  -46.507  -13.721  42.878 0.0000000000
66799  -46.203  -13.521  43.956 0.0000000000
65249  -62.120  -15.106  30.806 0.0000000000
66088  -62.481  -13.658  30.096 0.0000000000
66938  -62.227  -13.244  29.722 0.0000000000
109525  -60.024  -13.420  33.798 0.0000000000
68538  -58.106  -11.859  32.593 0.0000000000
68540  -59.741  -11.843  31.949 0.0000000000
67702  -61.574  -12.146  32.909 0.0000000000
123736  -63.016  -11.935  31.456 0.0000000000
67713  -63.488  -11.707  30.511 0.0000000000
119425  -63.475  -12.081  30.530 0.0000000000
66928  -63.422  -12.432  30.228 0.0000000000
114140  -61.892  -10.592  29.279 0.0000000000
69397  -61.089  -10.069  29.350 0.0000000000
71971  -63.440  -8.109  29.792 0.0000000000
71984  -63.152  -7.568  29.776 0.0000000000
71112  -62.578  -7.884  29.331 0.0000000000
71111  -61.573  -8.228  29.334 0.0000000000
71110  -60.106  -8.544  29.510 0.0000000000
105299  -59.148  -7.384  29.473 0.0000000000
105919  -59.123  -6.402  29.554 0.0000000000
119202  -59.315  -5.847  29.732 0.0000000000
72856  -58.597  -6.097  29.658 0.0000000000
72849  -58.537  -5.831  30.100 0.0000000000
66833  -52.843  -12.885  37.875 0.0000000000
68453  -53.731  -11.414  42.201 0.0000000000
68467  -54.949  -11.007  40.761 0.0000000000
69314  -55.585  -10.327  37.668 0.0000000000
69326  -56.173  -9.760  37.467 0.0000000000
110101  -56.770  -9.187  37.324 0.0000000000
68387  -56.240  -10.816  48.463 0.0000000000
68410  -56.451  -10.809  47.578 0.0000000000
68426  -56.486  -10.850  46.663 0.0000000000
69244  -57.441  -9.777  47.511 0.0000000000
69271  -57.168  -10.446  46.419 0.0000000000
69274  -57.203  -10.457  45.518 0.0000000000
69278  -57.164  -10.440  44.456 0.0000000000
69282  -57.433  -10.071  43.559 0.0000000000
71847  -57.849  -7.290  44.996 0.0000000000
71848  -58.742  -7.744  45.046 0.0000000000
70980  -59.070  -8.233  44.725 0.0000000000
71855  -59.466  -7.247  44.010 0.0000000000
120903  -59.299  -8.027  44.064 0.0000000000
125284  -58.975  -8.601  44.074 0.0000000000
70150  -58.622  -9.079  43.648 0.0000000000
70156  -57.875  -9.280  42.202 0.0000000000
71011  -57.771  -8.776  40.357 0.0000000000
71015  -57.812  -8.585  39.478 0.0000000000
71016  -58.438  -8.149  39.242 0.0000000000
71020  -57.900  -8.412  38.654 0.0000000000
71034  -57.999  -8.198  37.842 0.0000000000
71060  -58.271  -7.950  36.181 0.0000000000
71933  -58.897  -7.330  35.944 0.0000000000
71934  -59.522  -6.723  35.682 0.0000000000
72816  -60.634  -5.722  34.506 0.0000000000
74459  -60.140  -4.745  39.038 0.0000000000
73669  -60.464  -4.890  36.788 0.0000000000
74486  -60.160  -4.260  36.576 0.0000000000
117349  -60.501  -4.700  35.985 0.0000000000
73693  -60.900  -4.969  34.265 0.0000000000
74548  -60.623  -3.512  32.076 0.0000000000
75397  -60.179  -3.149  31.937 0.0000000000
76194  -59.979  -2.239  32.565 0.0000000000
74555  -60.125  -3.781  31.407 0.0000000000
73731  -59.416  -4.538  31.362 0.0000000000
75381  -54.570  -2.788  32.460 0.0000000000
72782  -53.104  -6.168  36.836 0.0000000000
73677  -51.067  -5.161  35.783 0.0000000000
73678  -52.052  -5.151  35.611 0.0000000000
74511  -52.022  -3.737  33.949 0.0000000000
75339  -48.859  -3.156  34.479 0.0000000000
75340  -49.483  -3.383  33.980 0.0000000000
74554  -50.881  -3.811  31.139 0.0000000000
74553  -50.565  -4.099  30.787 0.0000000000
75395  -49.638  -3.794  30.485 0.0000000000
73730  -50.117  -4.294  30.653 0.0000000000
73718  -49.756  -4.938  31.267 0.0000000000
74535  -46.522  -4.175  32.260 0.0000000000
112370  -46.938  -0.876  29.709 0.0000000000
76996  -45.965  -1.910  31.772 0.0000000000
76989  -46.286  -0.982  32.759 0.0000000000
76988  -45.836  -1.795  32.536 0.0000000000
76974  -44.569  -1.241  35.630 0.0000000000
80255  -52.643  3.054  34.194 0.0000000000
81038  -51.031  3.663  32.049 0.0000000000
81806  -51.004  4.530  31.633 0.0000000000
105512  -50.024  4.429  31.541 0.0000000000
81817  -49.398  5.208  31.480 0.0000000000
81037  -49.161  4.518  31.736 0.0000000000
82666  -47.146  6.931  30.944 0.0000000000
82656  -47.487  5.990  31.354 0.0000000000
81805  -48.095  4.756  32.016 0.0000000000
81804  -47.150  4.452  32.487 0.0000000000
81796  -46.060  4.381  32.775 0.0000000000
81803  -45.343  5.442  32.148 0.0000000000
118323  -45.359  4.079  33.198 0.0000000000
81014  -45.237  3.465  33.793 0.0000000000
68339  -54.447  -10.833  50.882 0.0000000000
68350  -54.826  -11.166  50.424 0.0000000000
68365  -50.556  -11.981  49.037 0.0000000000
68370  -55.862  -10.875  49.326 0.0000000000
69196  -54.124  -10.376  51.319 0.0000000000
69210  -55.354  -10.412  50.578 0.0000000000
69211  -55.869  -10.328  49.909 0.0000000000
69225  -49.950  -11.034  48.738 0.0000000000
69263  -57.605  -10.074  46.922 0.0000000000
70051  -54.508  -9.726  51.506 0.0000000000
70066  -54.465  -9.170  51.496 0.0000000000
70103  -55.590  -8.977  48.403 0.0000000000
70153  -58.591  -8.983  42.789 0.0000000000
71001  -51.260  -8.302  41.618 0.0000000000
71007  -50.765  -7.958  40.948 0.0000000000
71097  -63.474  -8.451  29.751 0.0000000000
71784  -51.289  -6.541  51.408 0.0000000000
71834  -57.665  -7.756  45.528 0.0000000000
71835  -58.233  -7.589  45.281 0.0000000000
71863  -60.169  -6.645  42.212 0.0000000000
71865  -49.866  -7.166  41.508 0.0000000000
71873  -49.802  -7.111  40.739 0.0000000000
71877  -53.700  -7.745  40.313 0.0000000000
71886  -51.579  -7.689  39.785 0.0000000000
72644  -49.773  -6.231  51.444 0.0000000000
72718  -50.275  -6.477  43.269 0.0000000000
72720  -58.024  -6.901  44.490 0.0000000000
72722  -59.324  -6.548  43.753 0.0000000000
72724  -50.048  -6.528  42.556 0.0000000000
72729  -59.700  -6.057  43.086 0.0000000000
72731  -49.818  -6.570  41.842 0.0000000000
72741  -60.335  -5.971  40.778 0.0000000000
72763  -49.974  -6.279  38.006 0.0000000000
72851  -62.815  -7.012  30.099 0.0000000000
73564  -51.710  -5.489  45.620 0.0000000000
73620  -58.354  -5.415  41.356 0.0000000000
73621  -59.722  -5.166  41.975 0.0000000000
73628  -60.204  -5.165  40.410 0.0000000000
74448  -59.413  -4.595  39.322 0.0000000000
74449  -59.882  -4.636  39.530 0.0000000000
75309  -48.649  -3.767  36.842 0.0000000000
75310  -48.722  -3.493  37.366 0.0000000000
75367  -60.405  -2.724  32.728 0.0000000000
76142  -48.959  -2.864  37.592 0.0000000000
76180  -58.613  -1.535  33.024 0.0000000000
76181  -59.351  -1.675  33.026 0.0000000000
76182  -60.132  -1.916  33.107 0.0000000000
76192  -58.466  -1.755  32.659 0.0000000000
76211  -48.072  -1.447  29.299 0.0000000000
76938  -53.466  -1.509  39.723 0.0000000000
76946  -50.316  -1.958  38.313 0.0000000000
76960  -51.679  -0.933  37.866 0.0000000000
76991  -58.221  -1.632  32.812 0.0000000000
77012  -47.558  -0.870  29.224 0.0000000000
77018  -48.019  -0.737  28.946 0.0000000000
77802  -52.682  -1.098  38.370 0.0000000000
77874  -48.085  0.263  28.861 0.0000000000
77875  -48.354  -0.066  28.800 0.0000000000
78660  -51.482  0.753  36.009 0.0000000000
80243  -51.212  2.426  34.247 0.0000000000
80250  -46.580  2.400  34.000 0.0000000000
80252  -50.321  2.441  31.831 0.0000000000
82654  -45.889  5.934  31.665 0.0000000000
82667  -48.028  6.519  31.059 0.0000000000
106580  -57.245  -6.431  41.824 0.0000000000
108659  -59.122  -1.874  32.568 0.0000000000
108748  -52.387  2.375  34.725 0.0000000000
109410  -51.494  -8.580  46.236 0.0000000000
110218  -60.704  -3.304  33.449 0.0000000000
111851  -50.492  -6.393  43.949 0.0000000000
112856  -49.021  -4.269  38.221 0.0000000000
113605  -57.133  -6.145  40.046 0.0000000000
117813  -55.805  -2.321  32.706 0.0000000000
119117  -63.619  -9.095  29.989 0.0000000000
121810  -63.465  -7.959  29.931 0.0000000000
121878  -46.098  6.909  31.452 0.0000000000
122337  -47.892  -12.757  45.449 0.0000000000
122906  -52.153  -5.405  50.542 0.0000000000
124455  -49.303  -4.309  38.822 0.0000000000
125314  -51.679  -8.526  47.052 0.0000000000
