#!ascii label  , from subject sub-v2s10x28987_ses-1 vox2ras=TkReg
1178
126052  45.293  12.530  41.479 0.0000000000
91098  49.628  16.017  43.118 0.0000000000
80785  46.569  2.344  47.614 0.0000000000
86884  40.344  10.184  41.372 0.0000000000
84589  41.647  7.326  39.515 0.0000000000
90460  47.422  14.724  35.071 0.0000000000
91708  44.584  18.380  45.389 0.0000000000
92382  43.646  18.560  41.516 0.0000000000
75323  43.304  -4.511  46.285 0.0000000000
123808  43.317  -1.227  41.285 0.0000000000
88331  51.532  12.568  39.436 0.0000000000
84562  47.687  7.572  42.396 0.0000000000
85273  50.186  7.828  45.717 0.0000000000
80771  45.246  2.081  49.228 0.0000000000
94994  43.404  22.437  37.485 0.0000000000
91773  49.570  18.227  36.317 0.0000000000
80817  41.933  2.699  43.896 0.0000000000
87614  42.604  11.467  41.459 0.0000000000
86124  41.762  9.156  38.630 0.0000000000
86115  44.202  9.321  38.695 0.0000000000
90411  46.154  15.270  39.118 0.0000000000
89671  43.235  14.681  41.242 0.0000000000
93714  43.472  20.768  47.800 0.0000000000
72966  41.876  -7.618  44.056 0.0000000000
74539  42.633  -5.888  42.799 0.0000000000
71374  44.981  -9.875  44.136 0.0000000000
96241  47.574  24.787  34.702 0.0000000000
88977  51.403  13.787  41.397 0.0000000000
113631  51.549  9.856  41.302 0.0000000000
108995  49.256  11.771  43.560 0.0000000000
120091  42.662  6.720  46.388 0.0000000000
83015  45.397  5.976  47.055 0.0000000000
80786  42.854  2.405  47.651 0.0000000000
117867  42.884  -1.067  48.965 0.0000000000
93074  47.325  19.710  42.866 0.0000000000
92416  46.534  18.620  39.150 0.0000000000
91131  48.757  17.365  39.787 0.0000000000
90423  51.094  14.453  37.765 0.0000000000
83038  47.048  5.308  45.752 0.0000000000
83046  43.749  5.214  44.375 0.0000000000
81563  44.218  3.147  45.761 0.0000000000
83847  39.236  6.824  38.246 0.0000000000
82380  38.954  4.619  40.843 0.0000000000
90504  47.666  15.732  31.678 0.0000000000
90489  44.262  15.991  33.408 0.0000000000
91720  47.273  17.769  44.130 0.0000000000
88943  46.720  13.585  43.651 0.0000000000
93745  37.462  20.682  42.400 0.0000000000
93747  39.931  19.950  41.022 0.0000000000
93729  45.994  21.504  45.756 0.0000000000
78519  47.126  -1.199  48.333 0.0000000000
78547  46.351  -0.232  44.730 0.0000000000
76973  43.215  -2.284  44.116 0.0000000000
75370  44.483  -4.868  41.194 0.0000000000
88327  48.026  12.837  40.845 0.0000000000
85335  46.842  8.983  39.447 0.0000000000
86109  50.414  9.062  40.492 0.0000000000
83801  50.242  6.732  44.188 0.0000000000
82311  49.896  4.737  48.285 0.0000000000
85276  47.201  8.848  45.633 0.0000000000
83001  47.985  5.424  48.440 0.0000000000
80027  48.629  1.395  50.449 0.0000000000
77726  45.293  -1.952  50.007 0.0000000000
76095  42.165  -3.929  46.437 0.0000000000
96205  45.925  25.536  37.559 0.0000000000
94419  45.727  21.429  34.662 0.0000000000
93150  45.267  19.215  36.311 0.0000000000
91802  48.417  17.632  33.161 0.0000000000
90470  49.979  14.797  34.066 0.0000000000
89707  49.091  13.860  37.298 0.0000000000
84579  43.733  7.541  41.256 0.0000000000
83058  41.451  5.405  42.497 0.0000000000
80828  40.213  2.389  41.736 0.0000000000
79317  45.503  0.890  42.430 0.0000000000
87612  44.403  11.555  41.309 0.0000000000
86896  43.650  10.071  40.007 0.0000000000
86879  44.961  10.795  40.856 0.0000000000
88990  45.748  13.909  40.969 0.0000000000
90395  45.012  15.212  40.106 0.0000000000
88980  44.847  13.647  41.345 0.0000000000
113242  43.486  13.050  41.606 0.0000000000
71377  42.385  -9.379  44.136 0.0000000000
72224  43.005  -9.113  43.612 0.0000000000
70483  44.055  -10.685  44.936 0.0000000000
80852  38.125  2.791  38.287 0.0000000000
120931  50.509  15.181  42.580 0.0000000000
88939  50.575  13.583  42.735 0.0000000000
89646  49.671  14.725  43.254 0.0000000000
115042  41.227  4.939  46.495 0.0000000000
82332  42.648  4.407  46.893 0.0000000000
91730  48.137  17.737  42.626 0.0000000000
92377  48.184  19.071  40.721 0.0000000000
91115  48.651  16.784  42.060 0.0000000000
90394  49.671  15.695  40.284 0.0000000000
81530  46.932  3.664  47.236 0.0000000000
82350  45.605  4.352  46.056 0.0000000000
80799  45.661  2.396  47.058 0.0000000000
86885  39.365  10.061  41.820 0.0000000000
121144  39.725  8.994  40.263 0.0000000000
84605  41.992  8.412  38.282 0.0000000000
84607  40.516  7.805  38.105 0.0000000000
116225  40.253  6.619  39.127 0.0000000000
83084  39.088  5.778  39.334 0.0000000000
83076  39.968  5.606  40.855 0.0000000000
89736  47.652  14.403  33.152 0.0000000000
126286  45.731  15.704  32.397 0.0000000000
90462  45.722  15.333  34.180 0.0000000000
87599  40.885  11.749  42.144 0.0000000000
87601  39.209  11.505  42.624 0.0000000000
91713  45.213  18.034  44.716 0.0000000000
91086  45.230  16.460  43.945 0.0000000000
91087  43.635  16.693  44.700 0.0000000000
93005  44.965  21.088  48.597 0.0000000000
93720  44.766  21.355  46.988 0.0000000000
93033  46.786  20.977  46.671 0.0000000000
93049  47.238  20.559  45.350 0.0000000000
76941  44.966  -3.263  47.083 0.0000000000
77770  45.225  -1.634  45.501 0.0000000000
76970  43.430  -2.774  44.980 0.0000000000
72985  44.495  -7.155  42.386 0.0000000000
74548  43.675  -5.124  41.599 0.0000000000
73766  45.355  -6.193  41.764 0.0000000000
88986  50.018  12.590  39.733 0.0000000000
87622  49.115  11.115  40.732 0.0000000000
116360  50.597  10.802  40.403 0.0000000000
86082  50.536  8.769  43.413 0.0000000000
114582  51.113  7.769  42.299 0.0000000000
84540  50.966  6.936  44.806 0.0000000000
83790  50.185  5.980  45.929 0.0000000000
83768  50.799  6.169  47.035 0.0000000000
87571  45.742  11.574  44.475 0.0000000000
87570  46.794  11.312  44.473 0.0000000000
86831  46.009  10.071  45.081 0.0000000000
82306  45.387  3.598  48.538 0.0000000000
83002  46.429  5.503  47.732 0.0000000000
81523  46.867  3.702  49.335 0.0000000000
82297  49.255  3.663  49.925 0.0000000000
80769  47.556  1.957  50.619 0.0000000000
79256  47.250  -0.232  51.008 0.0000000000
79262  45.622  0.475  50.255 0.0000000000
76930  41.548  -2.011  47.318 0.0000000000
77738  42.382  -2.432  47.689 0.0000000000
95594  44.305  23.904  37.328 0.0000000000
95614  45.711  23.649  35.528 0.0000000000
95016  44.858  22.177  35.716 0.0000000000
92405  42.019  18.740  40.893 0.0000000000
93121  41.851  19.651  39.695 0.0000000000
92419  43.250  18.716  39.889 0.0000000000
92431  48.180  18.834  38.248 0.0000000000
92446  45.971  18.484  37.759 0.0000000000
92459  47.667  18.284  36.156 0.0000000000
92483  46.858  18.543  34.566 0.0000000000
91784  48.902  17.868  34.889 0.0000000000
91800  49.616  16.505  33.516 0.0000000000
91782  50.052  17.222  35.067 0.0000000000
89699  51.416  13.598  38.183 0.0000000000
89005  50.918  13.475  36.976 0.0000000000
88999  50.764  13.030  38.038 0.0000000000
89694  48.728  13.676  39.024 0.0000000000
85312  47.534  8.385  40.697 0.0000000000
85326  46.031  8.487  39.919 0.0000000000
105765  45.397  7.582  42.031 0.0000000000
82356  42.729  4.115  44.380 0.0000000000
83050  42.495  5.278  43.504 0.0000000000
82359  41.413  4.247  43.394 0.0000000000
81573  40.090  3.473  42.355 0.0000000000
80081  40.869  1.973  42.222 0.0000000000
78554  45.521  0.082  42.700 0.0000000000
79313  45.667  0.415  43.083 0.0000000000
78557  45.391  0.568  41.869 0.0000000000
86883  41.299  10.559  41.300 0.0000000000
86101  40.454  9.385  40.238 0.0000000000
86898  41.804  10.109  40.434 0.0000000000
86123  42.649  9.228  38.295 0.0000000000
85340  43.104  8.578  38.383 0.0000000000
110027  47.013  15.372  37.282 0.0000000000
88320  42.167  12.263  41.829 0.0000000000
75340  42.450  -5.127  45.253 0.0000000000
75351  42.347  -5.256  44.313 0.0000000000
72987  42.566  -7.099  43.043 0.0000000000
72229  43.906  -8.015  42.757 0.0000000000
88985  51.847  12.767  40.044 0.0000000000
87619  51.577  11.537  40.387 0.0000000000
88303  51.463  12.346  41.726 0.0000000000
87585  50.520  11.508  42.801 0.0000000000
86840  49.265  10.095  44.264 0.0000000000
84534  43.735  7.902  45.913 0.0000000000
84533  44.494  7.883  45.954 0.0000000000
83773  43.876  6.549  46.495 0.0000000000
114995  44.345  4.472  47.502 0.0000000000
80778  44.403  2.215  48.608 0.0000000000
79269  43.954  0.676  49.147 0.0000000000
113516  43.100  0.807  48.596 0.0000000000
125308  41.058  -0.199  48.092 0.0000000000
77757  39.775  -1.570  46.913 0.0000000000
124315  42.654  23.138  38.634 0.0000000000
125230  46.053  19.490  42.040 0.0000000000
92402  44.977  18.594  40.647 0.0000000000
92400  47.335  19.289  40.519 0.0000000000
126459  48.432  19.082  39.546 0.0000000000
91760  49.173  18.739  38.404 0.0000000000
91144  50.068  16.741  37.375 0.0000000000
91137  49.764  16.364  38.350 0.0000000000
90409  50.975  14.581  38.786 0.0000000000
111242  46.958  6.243  44.626 0.0000000000
83804  45.961  6.727  43.651 0.0000000000
83044  45.587  5.705  44.728 0.0000000000
82352  44.197  4.019  45.448 0.0000000000
80814  43.186  2.507  44.968 0.0000000000
77016  43.315  -2.078  39.974 0.0000000000
77794  43.389  -1.079  39.949 0.0000000000
84609  38.170  6.751  38.538 0.0000000000
108551  40.122  8.715  39.353 0.0000000000
84599  39.452  7.563  38.386 0.0000000000
83848  38.366  6.378  38.457 0.0000000000
83085  38.310  5.388  38.846 0.0000000000
82386  38.106  4.457  39.506 0.0000000000
80838  38.671  2.798  40.074 0.0000000000
91815  46.880  17.071  30.924 0.0000000000
91809  45.399  16.843  32.033 0.0000000000
91100  48.107  16.935  43.574 0.0000000000
108920  48.361  14.559  43.420 0.0000000000
90365  46.859  15.708  43.543 0.0000000000
88945  44.940  13.738  43.883 0.0000000000
119405  44.215  12.114  44.438 0.0000000000
86834  43.071  10.131  45.011 0.0000000000
85280  42.390  8.630  45.607 0.0000000000
93748  38.600  20.697  41.550 0.0000000000
93091  40.390  19.141  41.591 0.0000000000
92363  42.471  18.608  42.466 0.0000000000
93065  45.097  20.160  43.850 0.0000000000
93063  46.923  20.614  43.591 0.0000000000
92350  47.548  18.947  43.828 0.0000000000
117865  47.441  0.386  48.573 0.0000000000
79293  45.708  0.778  46.695 0.0000000000
78535  46.771  -0.867  46.143 0.0000000000
77772  45.249  -0.856  44.130 0.0000000000
111166  43.475  -1.301  42.726 0.0000000000
75359  42.488  -4.430  42.727 0.0000000000
76144  42.679  -3.490  41.794 0.0000000000
76998  43.176  -2.755  40.602 0.0000000000
88315  46.738  12.486  41.288 0.0000000000
87624  46.810  10.887  40.952 0.0000000000
87623  47.810  10.961  40.932 0.0000000000
123855  48.408  9.004  40.210 0.0000000000
84574  49.358  7.747  41.391 0.0000000000
85320  51.461  9.000  40.861 0.0000000000
84573  50.396  7.598  41.451 0.0000000000
84548  48.325  7.234  43.127 0.0000000000
83791  48.930  5.877  45.581 0.0000000000
83014  47.914  4.834  46.554 0.0000000000
82313  48.029  3.748  47.749 0.0000000000
88288  48.178  12.693  43.659 0.0000000000
86841  48.493  10.547  44.445 0.0000000000
86064  48.752  9.157  45.243 0.0000000000
85262  46.049  7.834  46.140 0.0000000000
84512  48.165  7.497  46.671 0.0000000000
84511  49.658  7.239  46.979 0.0000000000
82994  49.712  4.671  48.707 0.0000000000
81522  49.384  3.566  49.210 0.0000000000
80776  48.237  1.891  49.104 0.0000000000
78511  47.571  -0.470  49.173 0.0000000000
76925  46.349  -2.486  48.876 0.0000000000
76077  44.492  -3.881  47.800 0.0000000000
78507  43.888  -1.057  49.540 0.0000000000
76919  44.192  -3.360  48.355 0.0000000000
75315  43.054  -4.556  46.526 0.0000000000
74500  41.819  -5.412  45.123 0.0000000000
96233  46.266  24.667  35.890 0.0000000000
95027  46.501  22.717  34.241 0.0000000000
93819  46.760  20.658  33.402 0.0000000000
92434  44.878  18.560  38.829 0.0000000000
118933  44.524  20.802  36.031 0.0000000000
93162  45.744  19.861  34.811 0.0000000000
93170  46.799  19.637  33.514 0.0000000000
92496  48.288  18.310  32.000 0.0000000000
91807  48.805  16.842  31.786 0.0000000000
90485  48.783  14.657  32.803 0.0000000000
89727  48.870  13.933  34.064 0.0000000000
90446  50.767  14.681  36.260 0.0000000000
89719  50.149  13.896  35.339 0.0000000000
89714  48.454  14.409  36.248 0.0000000000
89702  48.078  14.492  38.108 0.0000000000
89686  47.249  14.283  39.926 0.0000000000
86113  46.002  9.267  39.292 0.0000000000
85328  44.573  8.434  39.474 0.0000000000
84588  42.539  7.495  40.053 0.0000000000
83813  44.029  6.674  42.932 0.0000000000
110303  42.564  6.390  42.338 0.0000000000
83823  41.444  6.436  41.199 0.0000000000
82372  40.048  4.676  41.889 0.0000000000
122286  39.091  3.548  41.367 0.0000000000
79307  45.260  0.686  45.735 0.0000000000
79311  44.034  0.911  44.384 0.0000000000
80074  43.426  1.053  43.712 0.0000000000
79327  45.193  0.934  40.432 0.0000000000
110022  42.424  1.393  42.213 0.0000000000
70473  45.616  -10.630  45.743 0.0000000000
71373  46.487  -9.826  44.788 0.0000000000
88317  44.690  12.326  41.495 0.0000000000
118580  45.524  13.150  41.397 0.0000000000
124354  44.935  12.937  41.512 0.0000000000
115896  44.301  12.989  41.536 0.0000000000
70485  42.475  -10.124  44.469 0.0000000000
90369  50.182  15.632  42.908 0.0000000000
89654  50.426  15.153  42.959 0.0000000000
91108  48.926  16.606  42.988 0.0000000000
91107  49.657  16.072  42.656 0.0000000000
90377  50.233  15.537  42.252 0.0000000000
113641  47.232  3.118  47.720 0.0000000000
81531  46.220  3.120  47.148 0.0000000000
86102  39.624  9.492  41.029 0.0000000000
84598  41.253  7.737  38.424 0.0000000000
83838  40.858  6.985  39.180 0.0000000000
121806  40.557  6.505  39.915 0.0000000000
89722  47.334  14.584  34.135 0.0000000000
90471  46.483  14.971  33.648 0.0000000000
90461  46.523  15.086  34.585 0.0000000000
87616  40.721  11.009  41.954 0.0000000000
87600  40.157  11.631  42.373 0.0000000000
86869  39.834  10.781  42.193 0.0000000000
92349  45.579  19.000  45.514 0.0000000000
117110  44.590  16.978  44.379 0.0000000000
91714  44.225  17.531  44.842 0.0000000000
92331  45.265  20.217  47.464 0.0000000000
93017  45.664  21.064  47.958 0.0000000000
92343  45.347  19.534  46.312 0.0000000000
92342  46.436  20.094  46.244 0.0000000000
76092  44.394  -3.764  46.771 0.0000000000
76958  44.595  -2.686  46.232 0.0000000000
76105  43.143  -4.093  45.378 0.0000000000
117522  45.139  -6.713  42.135 0.0000000000
88325  50.990  12.067  39.626 0.0000000000
87621  50.216  11.764  40.278 0.0000000000
122094  51.137  11.620  39.958 0.0000000000
85295  50.383  8.446  44.137 0.0000000000
85285  50.760  7.453  44.445 0.0000000000
84531  50.821  7.168  45.491 0.0000000000
83788  50.785  6.597  46.305 0.0000000000
84532  50.628  7.183  46.226 0.0000000000
86844  45.226  10.722  44.732 0.0000000000
86832  45.137  10.014  45.097 0.0000000000
82305  46.264  4.338  48.555 0.0000000000
80777  45.950  2.838  49.304 0.0000000000
81517  47.235  2.783  50.053 0.0000000000
80770  46.391  1.868  50.034 0.0000000000
80029  46.316  0.883  50.520 0.0000000000
80030  45.449  1.233  49.764 0.0000000000
123570  40.332  -2.087  46.454 0.0000000000
95595  43.603  23.362  37.717 0.0000000000
96207  43.995  24.244  38.044 0.0000000000
95606  43.928  22.989  36.967 0.0000000000
95004  44.416  22.561  36.349 0.0000000000
92383  42.671  18.541  41.580 0.0000000000
93106  42.329  19.017  40.148 0.0000000000
92403  43.909  18.503  40.681 0.0000000000
92443  48.922  18.843  37.669 0.0000000000
92444  47.947  18.506  37.197 0.0000000000
92458  48.826  18.491  36.744 0.0000000000
92471  48.802  18.167  35.753 0.0000000000
91783  49.633  17.829  35.381 0.0000000000
109537  50.124  17.570  35.905 0.0000000000
88993  51.597  12.836  38.895 0.0000000000
88998  51.335  13.052  38.357 0.0000000000
88332  51.123  12.662  38.853 0.0000000000
112132  50.222  12.875  38.839 0.0000000000
84576  47.102  7.920  41.653 0.0000000000
85313  46.530  8.266  40.852 0.0000000000
84563  46.709  7.506  42.569 0.0000000000
81567  42.286  3.486  44.216 0.0000000000
82358  42.168  4.398  43.825 0.0000000000
81569  41.671  3.568  43.738 0.0000000000
80819  40.807  2.958  43.101 0.0000000000
80818  41.319  2.839  43.456 0.0000000000
78555  44.396  -0.463  42.285 0.0000000000
78558  44.154  -0.394  41.483 0.0000000000
86882  42.205  10.703  41.138 0.0000000000
86116  43.162  9.596  39.011 0.0000000000
86122  43.429  9.101  38.088 0.0000000000
86128  42.911  9.026  37.936 0.0000000000
85348  43.377  8.976  38.032 0.0000000000
90426  46.576  15.488  38.237 0.0000000000
90438  45.954  15.898  37.477 0.0000000000
90427  45.659  15.784  38.541 0.0000000000
89690  43.831  14.943  40.886 0.0000000000
90396  44.273  15.414  40.309 0.0000000000
88319  43.038  12.248  41.594 0.0000000000
112893  42.610  13.110  41.753 0.0000000000
87615  41.610  11.423  41.741 0.0000000000
109788  41.906  -6.325  44.308 0.0000000000
74529  42.223  -6.036  43.802 0.0000000000
73737  42.125  -6.917  43.764 0.0000000000
71386  43.655  -9.485  43.718 0.0000000000
72223  43.764  -8.856  43.316 0.0000000000
72222  44.629  -8.710  43.152 0.0000000000
71384  45.263  -9.253  43.583 0.0000000000
96231  48.406  25.734  35.287 0.0000000000
89684  51.767  13.231  40.242 0.0000000000
88976  51.779  12.854  40.692 0.0000000000
88958  51.526  13.025  41.604 0.0000000000
88286  50.156  12.872  42.937 0.0000000000
124451  50.524  12.276  42.741 0.0000000000
87586  49.796  11.242  43.385 0.0000000000
86859  49.816  10.372  43.626 0.0000000000
87587  49.030  11.040  43.919 0.0000000000
84516  43.258  7.182  46.260 0.0000000000
83774  43.167  6.468  46.457 0.0000000000
82317  43.056  3.766  47.284 0.0000000000
82316  43.479  4.470  47.210 0.0000000000
81533  43.399  3.077  47.640 0.0000000000
81524  44.269  3.129  48.189 0.0000000000
80046  43.590  2.358  48.140 0.0000000000
80037  43.756  1.530  48.591 0.0000000000
119932  42.972  1.668  48.099 0.0000000000
80039  41.343  0.868  47.743 0.0000000000
78514  40.672  -0.526  47.857 0.0000000000
114976  40.138  -1.074  47.546 0.0000000000
93075  47.092  20.156  42.719 0.0000000000
92379  46.944  19.489  41.276 0.0000000000
93088  47.325  19.693  41.953 0.0000000000
91747  48.438  18.287  40.231 0.0000000000
92398  48.458  19.044  39.772 0.0000000000
91754  48.881  18.638  39.301 0.0000000000
92413  48.834  19.121  39.077 0.0000000000
91753  49.232  17.651  38.821 0.0000000000
91759  49.552  17.695  37.898 0.0000000000
91130  49.322  16.446  39.442 0.0000000000
90376  50.820  14.751  41.624 0.0000000000
90393  50.671  14.788  40.134 0.0000000000
89685  51.437  13.982  40.416 0.0000000000
89692  51.747  13.363  39.597 0.0000000000
83042  47.550  5.842  45.244 0.0000000000
83797  46.170  6.270  44.358 0.0000000000
83039  45.857  5.124  45.488 0.0000000000
81562  44.872  3.769  46.040 0.0000000000
82351  44.971  4.568  45.510 0.0000000000
81564  43.583  3.326  45.254 0.0000000000
80812  43.776  2.457  45.493 0.0000000000
84601  37.836  7.144  39.197 0.0000000000
84600  38.641  7.320  38.700 0.0000000000
86118  41.361  9.548  39.709 0.0000000000
115212  40.908  8.935  39.029 0.0000000000
125342  39.716  6.959  38.171 0.0000000000
83846  39.793  7.291  38.194 0.0000000000
84608  38.973  7.036  38.188 0.0000000000
83092  38.091  5.684  38.418 0.0000000000
83091  38.778  6.191  38.545 0.0000000000
83078  38.628  4.987  39.972 0.0000000000
82381  38.480  4.302  40.386 0.0000000000
81589  38.286  3.650  40.123 0.0000000000
81580  38.665  3.951  40.983 0.0000000000
91814  48.471  17.175  30.985 0.0000000000
91198  47.635  16.289  31.194 0.0000000000
90488  44.942  15.696  33.122 0.0000000000
91192  45.575  16.180  32.111 0.0000000000
91185  44.485  16.050  33.004 0.0000000000
91186  43.768  16.391  33.558 0.0000000000
126455  47.764  17.393  43.802 0.0000000000
123627  47.648  16.142  43.529 0.0000000000
91101  47.131  16.697  43.717 0.0000000000
89649  45.216  14.544  43.682 0.0000000000
120940  44.510  12.684  44.288 0.0000000000
87574  42.961  11.153  44.666 0.0000000000
86068  42.740  9.364  45.370 0.0000000000
94358  37.920  21.109  41.788 0.0000000000
93744  38.179  20.401  42.148 0.0000000000
93079  39.921  19.052  42.488 0.0000000000
92365  40.769  18.712  42.522 0.0000000000
92364  41.606  18.605  42.534 0.0000000000
93730  44.854  21.106  45.889 0.0000000000
93050  44.957  20.725  44.830 0.0000000000
93066  43.999  19.729  43.980 0.0000000000
93064  46.256  20.547  43.702 0.0000000000
93739  46.152  21.205  44.679 0.0000000000
123102  47.091  18.677  44.567 0.0000000000
92346  47.308  19.751  44.631 0.0000000000
91712  47.438  18.815  44.311 0.0000000000
107437  47.912  17.903  43.906 0.0000000000
79268  47.059  -0.416  47.816 0.0000000000
78544  46.644  -0.271  46.533 0.0000000000
78534  46.855  -1.048  47.133 0.0000000000
120800  44.027  -1.676  44.396 0.0000000000
126743  44.922  -1.420  44.794 0.0000000000
77774  44.526  -1.043  43.684 0.0000000000
127764  43.026  -1.816  43.031 0.0000000000
117498  42.463  -4.376  43.480 0.0000000000
75358  42.746  -5.003  42.247 0.0000000000
75371  43.009  -4.274  41.581 0.0000000000
76143  43.099  -3.507  41.091 0.0000000000
75380  43.790  -4.240  40.942 0.0000000000
76156  43.555  -3.472  40.556 0.0000000000
75379  44.821  -4.429  40.683 0.0000000000
88314  47.435  12.472  41.129 0.0000000000
87609  47.187  11.765  41.185 0.0000000000
87608  48.076  11.950  40.996 0.0000000000
86890  49.821  9.959  40.583 0.0000000000
86891  48.467  9.878  40.581 0.0000000000
86110  49.341  9.097  40.401 0.0000000000
85323  48.999  8.649  40.487 0.0000000000
85310  49.932  8.131  40.805 0.0000000000
86867  51.729  10.651  41.018 0.0000000000
119576  51.517  10.661  40.680 0.0000000000
86100  51.583  9.136  41.062 0.0000000000
84546  50.906  7.358  42.775 0.0000000000
84559  51.066  7.700  41.694 0.0000000000
84560  50.584  7.297  42.351 0.0000000000
118894  49.889  7.297  42.017 0.0000000000
110426  49.745  7.093  43.029 0.0000000000
83802  48.947  6.814  43.951 0.0000000000
83795  49.560  6.346  44.945 0.0000000000
83036  49.895  5.477  46.658 0.0000000000
83013  49.395  5.006  47.168 0.0000000000
82329  48.795  4.563  47.379 0.0000000000
82312  48.819  4.241  47.816 0.0000000000
89647  47.230  14.395  43.493 0.0000000000
88942  47.725  13.588  43.552 0.0000000000
88289  47.189  12.762  43.826 0.0000000000
86843  46.965  10.478  44.798 0.0000000000
86842  47.702  10.916  44.485 0.0000000000
109052  47.951  10.004  44.912 0.0000000000
86065  47.845  9.308  45.377 0.0000000000
119314  44.780  6.596  46.552 0.0000000000
84514  45.185  7.410  46.272 0.0000000000
83772  45.697  6.639  46.692 0.0000000000
83762  47.634  6.058  47.747 0.0000000000
83770  47.883  6.770  47.243 0.0000000000
83761  48.985  6.192  47.934 0.0000000000
83760  50.138  5.907  48.084 0.0000000000
118277  49.460  5.441  48.502 0.0000000000
80761  49.056  2.654  50.324 0.0000000000
81514  49.376  3.224  50.087 0.0000000000
80775  49.282  2.758  50.118 0.0000000000
80783  48.805  2.803  49.145 0.0000000000
80034  48.614  1.368  49.908 0.0000000000
79267  48.107  0.413  49.624 0.0000000000
79261  48.347  0.648  50.408 0.0000000000
127717  46.640  -1.311  50.780 0.0000000000
77725  47.149  -1.578  50.051 0.0000000000
76917  45.868  -2.811  49.220 0.0000000000
76926  45.749  -2.891  48.421 0.0000000000
76918  45.104  -3.314  48.619 0.0000000000
79270  43.372  -0.131  49.163 0.0000000000
79264  44.353  -0.256  49.662 0.0000000000
76942  42.189  -3.039  47.032 0.0000000000
76920  43.243  -2.959  48.080 0.0000000000
76929  42.991  -3.553  47.471 0.0000000000
76083  43.502  -4.343  47.121 0.0000000000
74499  42.290  -5.142  45.385 0.0000000000
96771  45.672  25.771  38.324 0.0000000000
121202  45.412  25.997  39.008 0.0000000000
126603  46.426  26.568  38.978 0.0000000000
96222  46.070  25.148  36.699 0.0000000000
95028  45.832  22.274  34.717 0.0000000000
95625  46.065  23.207  34.835 0.0000000000
116870  46.280  21.835  34.221 0.0000000000
94418  46.596  21.442  33.708 0.0000000000
121138  46.466  18.778  39.822 0.0000000000
92417  45.234  18.530  39.772 0.0000000000
127851  45.757  18.526  39.234 0.0000000000
92461  46.090  18.557  36.791 0.0000000000
93141  45.172  18.893  37.150 0.0000000000
93151  44.568  19.563  36.734 0.0000000000
93157  44.756  19.970  36.017 0.0000000000
93802  45.179  20.469  35.388 0.0000000000
93156  45.450  19.574  35.546 0.0000000000
92482  47.690  18.137  33.931 0.0000000000
93161  46.376  19.325  34.290 0.0000000000
92490  47.085  18.767  33.719 0.0000000000
93169  47.518  18.999  32.788 0.0000000000
92489  47.837  18.198  32.997 0.0000000000
91808  48.570  17.615  32.257 0.0000000000
91183  49.676  15.622  33.475 0.0000000000
125918  49.507  16.016  33.047 0.0000000000
90484  49.317  14.702  33.315 0.0000000000
89735  48.577  14.215  33.329 0.0000000000
89734  49.317  14.121  33.806 0.0000000000
90435  50.530  15.525  37.551 0.0000000000
91143  50.565  15.744  36.749 0.0000000000
90434  50.968  14.540  36.955 0.0000000000
89706  50.268  13.449  36.950 0.0000000000
89712  50.431  13.700  36.301 0.0000000000
109463  49.684  13.688  36.551 0.0000000000
89713  49.450  13.933  35.851 0.0000000000
89708  48.936  14.084  36.592 0.0000000000
90436  48.043  14.671  37.114 0.0000000000
88987  48.705  13.137  40.231 0.0000000000
88995  48.228  13.716  39.744 0.0000000000
88988  47.686  13.529  40.478 0.0000000000
88978  47.204  13.143  41.075 0.0000000000
86893  46.381  9.965  40.269 0.0000000000
86121  46.225  8.944  39.132 0.0000000000
84587  45.135  8.243  40.279 0.0000000000
85327  45.475  8.781  39.226 0.0000000000
105593  44.338  7.981  40.546 0.0000000000
109177  43.610  7.913  39.996 0.0000000000
83799  44.667  6.268  43.784 0.0000000000
83805  45.188  6.722  43.396 0.0000000000
83806  44.158  6.344  43.450 0.0000000000
83057  42.166  5.685  42.780 0.0000000000
83056  42.872  5.961  43.072 0.0000000000
83815  41.804  6.128  42.051 0.0000000000
83822  42.306  6.832  41.351 0.0000000000
83068  41.081  5.759  41.749 0.0000000000
83059  40.720  5.086  42.237 0.0000000000
81574  39.567  3.493  41.843 0.0000000000
80829  39.435  2.840  41.397 0.0000000000
123249  39.166  2.580  40.668 0.0000000000
80836  39.950  2.084  40.820 0.0000000000
79306  46.292  0.033  45.497 0.0000000000
105732  45.902  0.205  44.714 0.0000000000
79310  45.360  0.440  44.058 0.0000000000
79314  44.867  0.702  43.378 0.0000000000
80078  44.359  1.004  42.716 0.0000000000
77809  43.683  -0.466  39.234 0.0000000000
122251  44.490  0.265  40.495 0.0000000000
79335  44.691  0.846  39.406 0.0000000000
87613  43.512  11.488  41.329 0.0000000000
86881  43.125  10.733  40.965 0.0000000000
86880  44.047  10.731  40.854 0.0000000000
86895  44.596  10.008  39.957 0.0000000000
89687  46.246  14.433  40.319 0.0000000000
89697  45.758  14.961  39.851 0.0000000000
89688  45.406  14.602  40.493 0.0000000000
89669  45.018  14.292  40.976 0.0000000000
113063  43.713  14.370  41.303 0.0000000000
88982  43.110  14.000  41.591 0.0000000000
88318  43.895  12.256  41.505 0.0000000000
72211  42.264  -8.486  43.845 0.0000000000
71376  43.123  -9.808  44.064 0.0000000000
71375  44.021  -10.096  44.159 0.0000000000
88959  51.104  13.811  42.306 0.0000000000
89645  50.525  14.370  42.840 0.0000000000
88940  49.849  13.663  43.105 0.0000000000
88287  49.219  12.641  43.387 0.0000000000
83019  41.599  5.796  46.458 0.0000000000
83018  42.574  5.964  46.536 0.0000000000
116158  42.147  5.084  46.592 0.0000000000
81534  42.647  3.086  47.296 0.0000000000
92359  47.656  18.795  42.726 0.0000000000
93087  47.534  19.441  41.793 0.0000000000
91740  48.139  17.960  41.349 0.0000000000
91123  48.527  17.053  40.834 0.0000000000
91122  49.008  16.449  40.322 0.0000000000
91114  49.380  16.075  41.445 0.0000000000
82349  46.611  4.658  46.228 0.0000000000
81546  46.179  3.903  46.641 0.0000000000
81547  45.393  3.208  46.560 0.0000000000
81548  44.689  2.983  46.248 0.0000000000
85341  41.241  8.541  38.314 0.0000000000
85351  40.709  8.157  38.023 0.0000000000
84606  41.283  8.284  38.191 0.0000000000
83839  40.234  7.159  38.335 0.0000000000
83840  39.589  6.556  38.688 0.0000000000
83832  39.886  6.129  39.961 0.0000000000
83077  39.342  5.363  40.436 0.0000000000
90497  47.738  15.183  32.244 0.0000000000
122440  46.970  15.408  32.076 0.0000000000
90498  46.257  15.382  32.490 0.0000000000
127247  45.510  15.432  33.158 0.0000000000
90473  44.420  15.805  33.716 0.0000000000
88306  40.506  12.461  42.368 0.0000000000
88307  39.656  12.436  42.587 0.0000000000
86870  38.961  10.616  42.398 0.0000000000
86093  38.547  9.952  42.112 0.0000000000
109150  46.288  17.953  44.406 0.0000000000
91102  46.196  17.011  43.950 0.0000000000
91085  45.440  17.250  44.232 0.0000000000
105715  44.268  15.977  44.138 0.0000000000
93713  44.554  21.272  47.931 0.0000000000
93721  43.600  20.777  46.858 0.0000000000
93712  45.495  21.309  47.741 0.0000000000
93719  45.812  21.521  46.852 0.0000000000
93718  46.591  21.388  46.425 0.0000000000
93728  46.831  21.446  45.495 0.0000000000
92341  47.058  20.419  45.849 0.0000000000
92348  46.590  19.154  45.206 0.0000000000
76940  45.662  -2.580  47.450 0.0000000000
77755  46.330  -1.540  46.728 0.0000000000
77756  45.496  -2.088  46.414 0.0000000000
120461  44.238  -2.226  45.341 0.0000000000
73758  43.830  -6.518  42.255 0.0000000000
74538  43.301  -5.844  42.219 0.0000000000
73757  44.603  -6.341  41.971 0.0000000000
74547  44.740  -5.580  41.537 0.0000000000
88326  49.020  12.306  40.590 0.0000000000
86889  50.927  9.963  40.528 0.0000000000
86868  51.105  9.769  42.263 0.0000000000
86091  51.413  9.024  41.559 0.0000000000
85294  50.802  7.751  43.295 0.0000000000
115489  50.822  7.129  43.880 0.0000000000
84541  50.832  6.860  44.551 0.0000000000
83794  50.596  6.519  45.329 0.0000000000
83793  50.881  6.661  45.529 0.0000000000
83789  50.818  6.260  46.309 0.0000000000
83012  50.327  5.452  47.678 0.0000000000
88290  46.242  12.887  43.933 0.0000000000
88274  46.597  12.139  44.209 0.0000000000
125365  46.119  10.838  44.707 0.0000000000
86066  46.324  9.316  45.411 0.0000000000
83003  45.037  5.196  47.479 0.0000000000
82314  45.939  4.865  47.999 0.0000000000
82996  47.139  4.930  48.500 0.0000000000
113959  47.602  4.415  49.177 0.0000000000
82995  48.907  4.815  49.141 0.0000000000
125261  47.855  4.033  49.595 0.0000000000
80768  48.416  2.499  50.542 0.0000000000
80762  48.066  1.473  50.871 0.0000000000
80019  48.292  0.970  50.739 0.0000000000
80020  47.719  0.573  50.943 0.0000000000
79257  46.398  0.014  50.783 0.0000000000
115406  45.923  -1.444  50.523 0.0000000000
77739  41.794  -1.507  48.044 0.0000000000
77732  42.623  -1.856  48.338 0.0000000000
96191  43.715  24.550  38.701 0.0000000000
96190  44.582  25.105  38.447 0.0000000000
96223  45.126  24.496  37.009 0.0000000000
95604  45.389  24.090  36.246 0.0000000000
95605  44.633  23.522  36.605 0.0000000000
95615  45.007  23.103  35.923 0.0000000000
116871  45.354  21.808  35.202 0.0000000000
93108  40.691  19.572  40.679 0.0000000000
93756  41.140  20.006  40.020 0.0000000000
93107  41.516  19.290  40.413 0.0000000000
93120  42.596  19.298  39.401 0.0000000000
125585  47.970  18.987  38.887 0.0000000000
92432  47.032  18.596  38.552 0.0000000000
92445  47.026  18.444  37.569 0.0000000000
108159  47.042  18.386  36.784 0.0000000000
92460  46.673  18.482  36.220 0.0000000000
93155  46.109  19.060  35.055 0.0000000000
92473  46.784  18.472  35.466 0.0000000000
92472  47.817  18.080  34.992 0.0000000000
91794  48.623  17.772  34.073 0.0000000000
91801  49.211  17.158  33.348 0.0000000000
91793  49.599  17.331  34.336 0.0000000000
91172  50.123  16.254  34.334 0.0000000000
89705  51.200  13.735  37.279 0.0000000000
89001  51.090  13.302  37.634 0.0000000000
89002  50.744  13.272  37.368 0.0000000000
89700  49.940  13.344  37.680 0.0000000000
89701  48.853  13.807  38.277 0.0000000000
89000  49.604  13.308  38.540 0.0000000000
88994  49.227  13.261  39.418 0.0000000000
85324  47.795  8.835  40.122 0.0000000000
85325  46.842  8.689  39.834 0.0000000000
84577  45.631  8.069  41.140 0.0000000000
84578  44.690  7.678  41.490 0.0000000000
83049  43.259  5.567  43.726 0.0000000000
82357  42.928  4.859  44.169 0.0000000000
83051  41.760  5.004  43.210 0.0000000000
82363  40.440  4.248  42.530 0.0000000000
82360  40.848  4.091  43.100 0.0000000000
80822  40.457  2.746  42.490 0.0000000000
80087  40.849  1.790  41.382 0.0000000000
78549  46.058  -0.167  43.964 0.0000000000
79309  46.029  0.047  43.846 0.0000000000
78553  45.841  0.215  43.222 0.0000000000
79316  45.557  0.678  42.500 0.0000000000
116873  45.651  1.042  41.820 0.0000000000
86899  41.049  9.971  40.649 0.0000000000
86897  42.702  10.139  40.209 0.0000000000
86117  42.243  9.654  39.325 0.0000000000
85350  42.150  8.796  38.154 0.0000000000
84597  42.371  8.039  38.668 0.0000000000
90448  46.560  15.355  35.644 0.0000000000
90439  44.923  16.154  37.177 0.0000000000
90412  45.327  15.513  39.379 0.0000000000
116174  41.750  13.162  42.007 0.0000000000
88305  41.327  12.362  42.111 0.0000000000
93706  43.416  20.632  48.639 0.0000000000
92994  44.423  20.866  49.037 0.0000000000
93018  44.997  20.562  48.457 0.0000000000
76106  42.828  -4.786  45.604 0.0000000000
73748  42.460  -6.551  43.124 0.0000000000
73759  43.014  -6.674  42.614 0.0000000000
72977  43.057  -8.309  43.228 0.0000000000
72986  43.060  -7.523  42.830 0.0000000000
127160  43.629  -7.183  42.528 0.0000000000
72228  44.950  -7.995  42.692 0.0000000000
88330  51.716  12.462  39.746 0.0000000000
88324  51.576  11.934  39.954 0.0000000000
88323  51.754  12.259  40.170 0.0000000000
88313  51.761  12.120  40.899 0.0000000000
87597  51.581  11.557  41.399 0.0000000000
88304  51.008  12.884  42.394 0.0000000000
116083  51.100  11.938  42.212 0.0000000000
87598  51.233  10.849  41.977 0.0000000000
111300  50.499  9.612  43.143 0.0000000000
86083  49.971  9.430  43.901 0.0000000000
86072  49.562  9.093  44.643 0.0000000000
86067  44.027  9.201  45.384 0.0000000000
119409  44.668  8.995  45.449 0.0000000000
85278  44.229  8.500  45.630 0.0000000000
84515  44.215  7.272  46.263 0.0000000000
83016  44.415  5.866  46.846 0.0000000000
82331  43.055  5.150  46.792 0.0000000000
83004  43.946  5.182  47.099 0.0000000000
124960  44.600  3.866  47.888 0.0000000000
125538  45.028  2.770  48.699 0.0000000000
80036  44.567  1.406  49.148 0.0000000000
79271  42.473  0.048  48.651 0.0000000000
79272  41.543  0.132  48.268 0.0000000000
78512  42.056  -0.527  48.530 0.0000000000
78520  41.000  -1.226  47.755 0.0000000000
77740  40.669  -1.704  47.075 0.0000000000
76945  39.533  -2.137  46.069 0.0000000000
94985  43.014  22.851  38.129 0.0000000000
92360  45.383  19.279  42.104 0.0000000000
92381  44.671  18.719  41.451 0.0000000000
92380  45.822  19.153  41.428 0.0000000000
92401  46.143  18.930  40.589 0.0000000000
92378  47.856  19.433  41.090 0.0000000000
92399  48.089  19.346  40.377 0.0000000000
92415  47.683  19.090  39.520 0.0000000000
92414  48.533  19.125  39.004 0.0000000000
127273  49.165  18.803  37.868 0.0000000000
92429  49.452  18.387  37.515 0.0000000000
91772  49.829  18.057  36.768 0.0000000000
91766  49.866  17.742  37.181 0.0000000000
90424  50.515  15.267  38.293 0.0000000000
90410  50.093  15.489  39.201 0.0000000000
89693  51.518  13.900  39.277 0.0000000000
88997  51.736  13.128  38.842 0.0000000000
84549  47.272  7.245  43.210 0.0000000000
84550  46.490  7.121  43.260 0.0000000000
115444  46.906  6.721  43.921 0.0000000000
83798  45.359  6.258  44.097 0.0000000000
83045  44.682  5.638  44.429 0.0000000000
83040  45.069  5.208  45.047 0.0000000000
82354  44.345  4.843  44.960 0.0000000000
82355  43.484  4.278  44.788 0.0000000000
81566  42.947  3.394  44.705 0.0000000000
80815  42.532  2.560  44.444 0.0000000000
77780  43.123  -1.769  40.772 0.0000000000
78568  43.733  -0.552  40.655 0.0000000000
83841  37.421  6.581  38.873 0.0000000000
85342  39.769  8.167  38.690 0.0000000000
85352  40.148  7.883  38.095 0.0000000000
83093  37.412  5.409  38.370 0.0000000000
80845  38.207  3.091  39.265 0.0000000000
91200  46.167  16.529  31.597 0.0000000000
91816  46.098  17.396  31.430 0.0000000000
107226  45.610  15.557  35.160 0.0000000000
120331  44.685  15.689  34.519 0.0000000000
91099  48.799  16.423  43.232 0.0000000000
90363  49.047  15.598  43.333 0.0000000000
111199  48.347  16.115  43.437 0.0000000000
106483  46.782  14.981  43.493 0.0000000000
89648  46.259  14.378  43.576 0.0000000000
90366  46.047  16.083  43.661 0.0000000000
112634  46.008  15.190  43.535 0.0000000000
88944  45.762  13.656  43.746 0.0000000000
88933  45.237  12.967  44.066 0.0000000000
88276  45.036  12.191  44.363 0.0000000000
119685  43.906  9.878  45.081 0.0000000000
125046  43.422  9.454  45.287 0.0000000000
84535  42.844  7.930  45.872 0.0000000000
84517  42.370  7.289  46.200 0.0000000000
118474  39.286  20.364  41.390 0.0000000000
93080  39.151  19.452  42.492 0.0000000000
93092  39.522  19.604  41.738 0.0000000000
93090  41.198  18.912  41.146 0.0000000000
92384  41.795  18.608  41.707 0.0000000000
92362  43.423  18.693  42.377 0.0000000000
93036  42.655  20.033  45.866 0.0000000000
93067  43.014  19.360  44.082 0.0000000000
92351  43.207  18.974  43.238 0.0000000000
92361  44.400  18.904  42.259 0.0000000000
93077  45.240  19.620  42.930 0.0000000000
93076  46.362  19.995  42.689 0.0000000000
127946  47.075  20.359  43.482 0.0000000000
93727  47.137  21.160  45.252 0.0000000000
93062  47.267  19.920  43.897 0.0000000000
107958  47.948  18.097  43.494 0.0000000000
91719  48.236  17.237  43.394 0.0000000000
80044  47.137  1.474  48.222 0.0000000000
80045  46.058  1.571  47.377 0.0000000000
79277  46.604  0.550  47.585 0.0000000000
78545  46.565  -0.463  45.576 0.0000000000
77769  46.362  -1.021  45.559 0.0000000000
77771  45.923  -0.761  44.709 0.0000000000
78550  45.510  -0.337  43.422 0.0000000000
78551  44.427  -0.725  43.065 0.0000000000
77777  43.341  -1.219  41.976 0.0000000000
76121  42.630  -4.432  44.575 0.0000000000
76971  42.864  -3.218  44.309 0.0000000000
76130  42.551  -3.442  43.501 0.0000000000
76135  42.490  -3.609  42.639 0.0000000000
76979  42.563  -2.834  42.817 0.0000000000
76986  42.663  -2.764  42.120 0.0000000000
77781  42.895  -1.955  41.651 0.0000000000
88316  45.932  12.483  41.411 0.0000000000
87610  46.313  11.703  41.308 0.0000000000
86892  47.300  9.952  40.466 0.0000000000
86111  47.539  9.130  39.910 0.0000000000
85311  48.677  8.324  40.769 0.0000000000
84575  48.202  7.941  41.486 0.0000000000
87620  51.436  10.897  40.417 0.0000000000
86888  51.429  9.827  40.748 0.0000000000
86108  51.183  9.022  40.640 0.0000000000
85303  51.345  8.239  41.579 0.0000000000
85309  51.346  8.299  41.035 0.0000000000
84572  50.917  8.002  40.925 0.0000000000
84561  48.831  7.458  42.232 0.0000000000
83803  47.829  6.907  43.756 0.0000000000
83796  48.015  6.413  44.566 0.0000000000
83037  48.388  5.406  46.143 0.0000000000
82330  47.522  4.259  47.055 0.0000000000
88941  48.827  13.647  43.399 0.0000000000
87569  48.576  11.866  43.814 0.0000000000
88273  47.636  11.861  44.138 0.0000000000
87568  48.285  11.258  44.192 0.0000000000
110858  48.776  9.790  44.704 0.0000000000
85274  49.263  8.346  45.791 0.0000000000
85277  45.144  8.363  45.750 0.0000000000
106327  46.148  8.606  45.670 0.0000000000
85261  47.030  8.062  46.098 0.0000000000
83771  46.698  6.655  46.920 0.0000000000
84513  46.931  7.328  46.572 0.0000000000
85260  47.863  8.232  46.074 0.0000000000
85259  48.839  7.988  46.293 0.0000000000
85258  49.922  7.589  46.347 0.0000000000
84505  50.416  6.361  47.478 0.0000000000
83759  50.473  5.760  47.626 0.0000000000
83000  50.168  5.319  48.182 0.0000000000
82303  49.474  4.153  49.402 0.0000000000
82302  49.646  4.199  49.088 0.0000000000
80784  47.658  2.492  48.374 0.0000000000
78504  47.605  -0.820  50.190 0.0000000000
116569  47.340  -1.238  49.360 0.0000000000
77737  46.487  -1.991  47.968 0.0000000000
76927  45.080  -3.534  47.845 0.0000000000
76093  44.009  -4.388  46.836 0.0000000000
79263  44.852  0.541  49.694 0.0000000000
78506  44.864  -1.200  50.030 0.0000000000
77727  44.559  -1.929  49.615 0.0000000000
108938  43.481  -2.329  48.737 0.0000000000
76914  44.453  -2.703  49.059 0.0000000000
76082  44.059  -4.337  47.231 0.0000000000
75324  42.683  -4.839  45.851 0.0000000000
74516  42.080  -5.636  44.795 0.0000000000
73738  41.621  -6.891  44.340 0.0000000000
95613  46.546  24.202  35.113 0.0000000000
95624  46.924  23.711  34.370 0.0000000000
95039  46.851  22.205  33.608 0.0000000000
94430  47.184  21.558  33.101 0.0000000000
110846  47.579  20.887  32.449 0.0000000000
94995  42.894  21.978  38.019 0.0000000000
94391  43.384  21.431  37.401 0.0000000000
113914  44.221  18.514  39.942 0.0000000000
92418  43.805  18.680  39.414 0.0000000000
92447  45.042  18.696  37.980 0.0000000000
93786  43.687  20.585  37.166 0.0000000000
95005  43.854  22.029  36.798 0.0000000000
94400  44.391  21.648  36.171 0.0000000000
93803  44.888  21.321  35.564 0.0000000000
93811  45.687  20.666  34.705 0.0000000000
93810  46.238  20.197  34.182 0.0000000000
93818  47.403  19.949  32.618 0.0000000000
93177  48.132  19.236  31.753 0.0000000000
92503  48.581  18.558  30.959 0.0000000000
91197  48.292  16.361  31.452 0.0000000000
91184  49.262  16.426  32.648 0.0000000000
91191  48.828  15.955  32.065 0.0000000000
90496  48.520  15.186  32.380 0.0000000000
89745  48.053  14.570  32.716 0.0000000000
89728  48.021  14.224  33.726 0.0000000000
89721  48.259  14.173  34.486 0.0000000000
125842  50.339  16.871  35.936 0.0000000000
91160  50.505  15.615  35.399 0.0000000000
90469  50.405  15.341  34.873 0.0000000000
89711  50.968  13.908  36.604 0.0000000000
89718  50.586  14.088  36.050 0.0000000000
90459  50.240  14.410  34.818 0.0000000000
89720  49.207  13.889  34.858 0.0000000000
111221  48.403  14.290  35.443 0.0000000000
90447  47.512  15.016  36.205 0.0000000000
90425  47.389  15.086  37.952 0.0000000000
89703  47.125  14.834  38.878 0.0000000000
89695  48.003  14.160  39.011 0.0000000000
88989  46.766  13.806  40.730 0.0000000000
88979  46.343  13.220  41.238 0.0000000000
87625  45.880  10.836  40.940 0.0000000000
86894  45.505  9.994  40.094 0.0000000000
118161  44.864  8.939  38.389 0.0000000000
85336  46.224  9.082  39.263 0.0000000000
85338  44.890  8.952  38.418 0.0000000000
85347  44.102  9.076  38.311 0.0000000000
85339  43.862  8.660  38.652 0.0000000000
84596  43.118  8.134  39.079 0.0000000000
84564  45.788  7.263  42.819 0.0000000000
83812  44.780  7.144  42.639 0.0000000000
84565  43.904  7.143  42.193 0.0000000000
83807  43.579  6.190  43.310 0.0000000000
83814  43.318  6.557  42.635 0.0000000000
83821  43.094  7.027  41.867 0.0000000000
84580  42.997  7.440  41.012 0.0000000000
83830  41.800  6.958  40.541 0.0000000000
83824  40.614  6.115  40.853 0.0000000000
83070  39.610  5.019  41.265 0.0000000000
82364  39.810  4.049  42.124 0.0000000000
82373  39.334  4.217  41.532 0.0000000000
81588  38.775  3.234  40.857 0.0000000000
80058  45.390  1.734  46.826 0.0000000000
80059  44.925  1.506  46.330 0.0000000000
80067  44.550  1.366  45.796 0.0000000000
80070  44.587  0.876  45.115 0.0000000000
80071  43.651  1.620  45.088 0.0000000000
80072  43.049  1.632  44.501 0.0000000000
80075  42.391  1.729  43.903 0.0000000000
78567  44.969  0.475  41.019 0.0000000000
79319  45.531  1.106  41.247 0.0000000000
80104  44.988  1.508  39.934 0.0000000000
80083  45.460  1.223  41.311 0.0000000000
117618  45.198  1.241  41.831 0.0000000000
112440  43.716  1.259  42.044 0.0000000000
80079  42.669  1.248  42.979 0.0000000000
80076  41.713  1.982  43.360 0.0000000000
80080  41.655  1.667  42.597 0.0000000000
80086  41.659  1.554  41.845 0.0000000000
70474  44.861  -10.716  45.344 0.0000000000
115704  44.704  -10.360  44.650 0.0000000000
70472  46.321  -10.284  45.498 0.0000000000
107554  45.880  -9.639  44.128 0.0000000000
70463  45.637  -10.832  46.446 0.0000000000
70482  45.583  -10.284  44.834 0.0000000000
70484  43.251  -10.451  44.598 0.0000000000
71385  44.391  -9.409  43.646 0.0000000000
72978  42.466  -7.690  43.413 0.0000000000
74537  44.017  -5.903  41.856 0.0000000000
75306  43.698  -4.428  46.812 0.0000000000
75372  42.574  -4.154  42.157 0.0000000000
76081  44.421  -4.016  47.320 0.0000000000
76094  42.811  -4.056  46.969 0.0000000000
76155  44.239  -3.746  40.272 0.0000000000
76911  46.510  -2.202  49.623 0.0000000000
76912  45.909  -2.259  50.001 0.0000000000
76913  45.260  -2.621  49.461 0.0000000000
76928  43.826  -3.916  47.679 0.0000000000
76944  40.443  -2.645  45.879 0.0000000000
76959  43.826  -3.561  46.062 0.0000000000
76974  42.802  -2.430  43.384 0.0000000000
76985  42.840  -2.687  41.333 0.0000000000
77721  46.615  -1.716  50.422 0.0000000000
77730  46.908  -1.854  49.019 0.0000000000
77731  43.804  -1.817  49.244 0.0000000000
77733  42.094  -1.090  48.505 0.0000000000
77775  42.828  -2.036  42.517 0.0000000000
78499  47.180  -1.011  50.775 0.0000000000
78500  46.586  -0.853  50.911 0.0000000000
78505  45.463  -0.411  50.377 0.0000000000
78510  48.020  -0.112  50.158 0.0000000000
78513  41.409  -0.691  48.234 0.0000000000
78576  43.980  -0.023  39.971 0.0000000000
79255  47.832  -0.016  50.725 0.0000000000
80018  48.631  1.845  50.535 0.0000000000
80021  47.059  0.430  50.984 0.0000000000
80026  48.942  2.113  50.270 0.0000000000
80028  47.237  1.178  50.798 0.0000000000
80033  49.027  2.367  49.815 0.0000000000
80035  47.925  1.071  49.084 0.0000000000
80068  44.077  1.697  45.574 0.0000000000
80093  45.246  1.267  40.727 0.0000000000
80787  42.138  2.471  47.313 0.0000000000
80800  45.010  2.371  46.520 0.0000000000
80811  44.376  2.232  46.016 0.0000000000
80821  41.081  2.332  42.899 0.0000000000
80823  39.895  2.946  42.008 0.0000000000
81515  49.052  3.174  50.303 0.0000000000
81516  48.311  3.528  50.067 0.0000000000
81528  49.352  3.978  48.573 0.0000000000
81529  48.448  3.299  48.457 0.0000000000
81532  43.865  3.787  47.578 0.0000000000
81570  41.070  3.553  43.331 0.0000000000
81571  40.569  3.498  42.870 0.0000000000
82296  49.383  3.685  49.635 0.0000000000
82304  48.740  4.158  49.651 0.0000000000
82315  45.210  4.389  47.955 0.0000000000
82362  41.122  4.691  42.836 0.0000000000
83017  43.494  5.863  46.668 0.0000000000
83035  50.729  5.822  47.014 0.0000000000
83043  46.477  5.762  45.013 0.0000000000
83048  44.015  5.886  43.875 0.0000000000
83069  40.345  5.393  41.515 0.0000000000
83763  46.299  6.181  47.223 0.0000000000
83769  49.276  6.698  47.491 0.0000000000
83831  41.165  6.691  40.235 0.0000000000
84510  50.472  6.881  46.932 0.0000000000
84547  50.668  7.110  43.449 0.0000000000
85275  48.261  8.670  45.726 0.0000000000
85279  43.344  8.704  45.561 0.0000000000
85286  50.334  8.070  44.969 0.0000000000
85287  49.639  8.520  45.274 0.0000000000
85302  51.502  8.682  41.072 0.0000000000
85321  51.208  8.515  40.774 0.0000000000
85322  50.698  8.478  40.640 0.0000000000
85337  45.547  9.123  38.946 0.0000000000
85349  42.691  8.737  38.102 0.0000000000
86073  47.067  9.694  45.221 0.0000000000
86092  51.047  8.631  42.485 0.0000000000
86112  46.755  9.196  39.515 0.0000000000
86114  45.201  9.292  38.978 0.0000000000
86846  43.800  10.607  44.760 0.0000000000
86858  50.508  10.582  42.923 0.0000000000
86878  51.554  9.806  40.870 0.0000000000
87572  44.758  11.473  44.531 0.0000000000
87607  51.738  11.243  41.001 0.0000000000
87611  45.349  11.746  41.371 0.0000000000
88275  45.782  12.360  44.238 0.0000000000
88981  43.975  13.745  41.453 0.0000000000
88992  51.825  12.825  39.427 0.0000000000
89653  50.814  14.579  42.385 0.0000000000
89670  44.359  14.340  41.172 0.0000000000
89689  44.648  14.798  40.659 0.0000000000
89696  46.489  14.769  39.633 0.0000000000
89726  49.668  13.996  34.466 0.0000000000
89729  47.301  14.552  33.504 0.0000000000
89737  46.924  14.736  33.178 0.0000000000
89746  47.080  14.915  32.720 0.0000000000
90362  49.956  15.545  43.136 0.0000000000
90364  47.743  15.341  43.464 0.0000000000
90367  45.158  15.544  43.725 0.0000000000
90413  44.573  15.740  39.650 0.0000000000
90458  50.535  14.713  35.482 0.0000000000
90472  45.398  15.438  33.529 0.0000000000
90486  46.145  15.160  33.039 0.0000000000
90487  45.589  15.521  32.804 0.0000000000
90495  49.214  15.460  32.738 0.0000000000
90499  45.158  15.855  32.658 0.0000000000
90503  48.253  15.658  31.931 0.0000000000
90505  46.311  15.810  31.874 0.0000000000
91151  50.528  15.902  35.946 0.0000000000
91152  50.259  17.075  36.549 0.0000000000
91161  50.360  16.495  35.346 0.0000000000
91193  44.866  16.364  32.551 0.0000000000
91199  46.919  16.334  31.258 0.0000000000
91204  48.106  16.819  30.878 0.0000000000
91741  47.884  18.877  41.695 0.0000000000
92347  47.265  19.631  45.036 0.0000000000
92385  41.105  18.705  41.864 0.0000000000
92404  42.922  18.609  40.743 0.0000000000
92430  48.960  19.068  38.448 0.0000000000
92433  45.832  18.508  38.581 0.0000000000
92457  49.354  18.534  37.190 0.0000000000
92474  45.997  18.833  35.884 0.0000000000
93006  44.549  20.496  49.029 0.0000000000
93016  46.142  21.185  47.242 0.0000000000
93032  47.131  21.120  45.987 0.0000000000
93034  46.217  20.771  47.283 0.0000000000
93048  47.162  20.673  44.446 0.0000000000
93078  44.188  19.262  43.101 0.0000000000
93089  46.729  19.724  42.002 0.0000000000
93093  38.801  19.984  41.888 0.0000000000
93105  47.693  19.515  41.190 0.0000000000
93705  44.259  21.061  48.687 0.0000000000
93738  46.919  21.185  44.524 0.0000000000
93795  43.983  21.136  36.674 0.0000000000
95015  45.434  22.685  35.315 0.0000000000
96206  44.858  24.837  37.753 0.0000000000
96797  48.547  26.323  35.701 0.0000000000
105948  46.161  7.773  41.883 0.0000000000
111410  50.127  15.336  41.200 0.0000000000
111600  43.524  -1.588  43.494 0.0000000000
112094  48.998  17.127  32.557 0.0000000000
112307  40.490  8.364  38.404 0.0000000000
113557  42.454  -5.172  43.215 0.0000000000
113785  45.407  9.303  45.407 0.0000000000
115737  46.202  21.016  34.180 0.0000000000
116388  49.341  3.124  49.749 0.0000000000
116997  49.897  12.070  43.226 0.0000000000
117294  44.571  6.637  43.260 0.0000000000
118054  45.326  21.120  35.083 0.0000000000
118353  46.079  7.156  46.485 0.0000000000
124832  49.888  8.617  40.554 0.0000000000
126192  45.460  3.839  46.338 0.0000000000
127471  43.949  15.870  39.878 0.0000000000
127515  47.066  15.839  31.556 0.0000000000
127865  44.392  18.571  39.346 0.0000000000
