#!ascii label  , from subject sub-v2s10x30165_ses-1 vox2ras=TkReg
1627
50620  -40.498  -19.151  69.934 0.0000000000
115454  -30.103  -26.137  76.821 0.0000000000
54656  -45.559  -14.405  55.415 0.0000000000
44099  -39.829  -26.145  57.511 0.0000000000
51605  -40.627  -17.465  63.525 0.0000000000
123234  -35.839  -18.127  75.352 0.0000000000
46935  -28.778  -22.808  65.258 0.0000000000
51658  -34.211  -17.564  60.812 0.0000000000
113860  -21.006  -28.902  78.254 0.0000000000
120080  -51.045  -8.829  59.986 0.0000000000
43009  -20.549  -26.880  66.552 0.0000000000
44005  -38.730  -25.264  64.028 0.0000000000
46990  -39.739  -22.515  60.361 0.0000000000
47969  -42.436  -22.563  67.287 0.0000000000
55521  -37.036  -13.950  71.650 0.0000000000
51520  -35.202  -17.204  68.402 0.0000000000
127589  -38.181  -18.852  64.618 0.0000000000
46997  -35.535  -22.790  59.618 0.0000000000
62384  -49.897  -6.863  55.121 0.0000000000
126176  -25.662  -28.446  76.855 0.0000000000
40144  -21.532  -29.701  71.486 0.0000000000
42978  -24.881  -25.965  71.589 0.0000000000
51685  -43.039  -17.152  58.971 0.0000000000
45874  -34.560  -23.314  76.386 0.0000000000
43946  -30.620  -24.950  71.088 0.0000000000
130429  -33.482  -22.167  69.630 0.0000000000
49785  -31.403  -19.197  63.655 0.0000000000
41029  -17.133  -29.164  79.457 0.0000000000
50684  -47.248  -18.303  65.013 0.0000000000
52625  -49.066  -16.792  60.522 0.0000000000
55638  -52.627  -12.876  62.066 0.0000000000
55712  -51.041  -13.888  57.588 0.0000000000
57713  -52.765  -11.119  55.259 0.0000000000
41136  -17.847  -28.720  72.099 0.0000000000
44981  -24.345  -24.640  66.204 0.0000000000
46931  -39.353  -23.351  67.060 0.0000000000
45003  -41.972  -25.140  65.209 0.0000000000
45937  -41.681  -23.427  69.634 0.0000000000
54461  -40.077  -14.664  70.327 0.0000000000
53505  -38.942  -15.347  67.979 0.0000000000
50642  -39.481  -18.593  67.563 0.0000000000
46937  -37.939  -22.395  65.081 0.0000000000
54707  -44.960  -13.892  52.852 0.0000000000
133873  -47.247  -13.487  53.694 0.0000000000
42018  -28.224  -27.388  77.195 0.0000000000
42039  -25.499  -27.948  74.650 0.0000000000
43877  -28.053  -26.166  74.458 0.0000000000
45109  -40.759  -25.604  56.357 0.0000000000
48936  -39.332  -20.359  62.523 0.0000000000
48960  -37.883  -20.276  59.696 0.0000000000
50726  -39.002  -18.477  60.855 0.0000000000
116672  -40.881  -17.451  58.733 0.0000000000
51642  -41.562  -17.487  61.498 0.0000000000
48743  -36.163  -20.607  76.155 0.0000000000
112658  -34.242  -23.171  73.069 0.0000000000
48796  -35.035  -20.225  72.967 0.0000000000
51586  -34.782  -17.121  64.227 0.0000000000
115400  -33.609  -18.591  66.167 0.0000000000
51618  -32.690  -17.584  62.627 0.0000000000
45082  -36.375  -24.478  58.292 0.0000000000
51630  -47.677  -18.254  62.773 0.0000000000
54608  -52.979  -13.903  59.248 0.0000000000
57684  -52.886  -12.122  58.682 0.0000000000
55744  -52.655  -12.423  56.292 0.0000000000
58604  -50.089  -10.829  57.678 0.0000000000
59660  -48.120  -9.490  53.806 0.0000000000
41049  -19.188  -29.118  78.727 0.0000000000
41101  -17.396  -29.113  75.362 0.0000000000
40107  -19.613  -29.380  75.497 0.0000000000
42060  -20.857  -27.948  68.916 0.0000000000
40185  -19.452  -29.428  68.428 0.0000000000
40221  -19.951  -29.380  65.425 0.0000000000
44975  -29.152  -24.001  67.990 0.0000000000
43981  -27.426  -24.971  68.843 0.0000000000
125962  -26.666  -24.346  65.604 0.0000000000
44062  -38.803  -25.412  60.333 0.0000000000
45068  -41.372  -26.034  58.872 0.0000000000
45047  -42.079  -25.132  61.554 0.0000000000
46963  -41.895  -23.225  63.634 0.0000000000
49770  -40.542  -19.373  65.241 0.0000000000
53439  -35.301  -15.489  73.247 0.0000000000
51473  -35.334  -17.495  71.760 0.0000000000
53463  -36.239  -15.652  70.495 0.0000000000
52551  -37.123  -15.863  66.206 0.0000000000
50703  -36.645  -18.654  62.306 0.0000000000
48952  -34.416  -20.687  60.631 0.0000000000
48009  -35.971  -21.649  62.663 0.0000000000
45045  -36.982  -24.262  61.685 0.0000000000
61449  -49.865  -8.086  57.323 0.0000000000
63250  -52.878  -4.809  57.548 0.0000000000
41088  -23.083  -28.710  76.875 0.0000000000
40118  -21.408  -29.408  74.579 0.0000000000
41118  -23.673  -29.193  74.381 0.0000000000
42052  -23.394  -27.662  71.753 0.0000000000
42987  -22.719  -26.137  69.167 0.0000000000
47004  -38.942  -22.255  58.111 0.0000000000
52661  -41.719  -16.360  56.738 0.0000000000
53612  -43.852  -15.818  57.201 0.0000000000
43847  -32.562  -25.295  76.127 0.0000000000
43906  -30.581  -25.641  73.739 0.0000000000
127616  -33.030  -24.657  73.342 0.0000000000
44946  -32.061  -23.597  70.357 0.0000000000
46919  -31.382  -22.646  67.760 0.0000000000
49721  -34.326  -19.268  69.247 0.0000000000
48892  -32.377  -20.436  66.575 0.0000000000
47984  -30.321  -21.350  64.684 0.0000000000
50597  -41.880  -19.212  73.260 0.0000000000
44857  -30.539  -24.151  78.459 0.0000000000
48731  -35.258  -20.779  77.733 0.0000000000
50563  -35.646  -18.116  77.763 0.0000000000
48831  -43.211  -20.362  71.585 0.0000000000
50630  -41.858  -18.072  68.402 0.0000000000
53519  -41.953  -15.929  66.725 0.0000000000
53522  -45.823  -16.126  67.033 0.0000000000
52589  -43.633  -16.502  64.339 0.0000000000
112153  -44.772  -17.650  61.919 0.0000000000
52623  -45.815  -17.023  60.382 0.0000000000
53600  -46.785  -15.311  58.437 0.0000000000
52628  -52.564  -16.813  61.410 0.0000000000
53602  -49.034  -15.054  58.679 0.0000000000
54641  -48.297  -13.928  56.794 0.0000000000
55760  -49.443  -13.382  54.741 0.0000000000
58630  -48.790  -10.114  55.519 0.0000000000
41082  -15.657  -28.836  76.790 0.0000000000
127200  -16.255  -30.032  68.915 0.0000000000
40133  -19.628  -29.441  72.151 0.0000000000
133896  -17.826  -29.233  68.324 0.0000000000
43944  -27.556  -25.136  72.073 0.0000000000
43971  -25.081  -25.412  69.347 0.0000000000
43991  -21.702  -25.361  66.470 0.0000000000
114083  -22.033  -25.361  63.932 0.0000000000
47937  -40.174  -21.627  68.537 0.0000000000
46922  -40.498  -23.539  68.358 0.0000000000
48846  -40.727  -21.146  70.130 0.0000000000
116085  -40.680  -17.223  70.261 0.0000000000
51522  -40.120  -17.186  68.707 0.0000000000
48861  -39.910  -19.967  68.473 0.0000000000
48895  -39.320  -21.139  67.007 0.0000000000
54655  -44.766  -14.577  55.178 0.0000000000
54693  -45.171  -14.032  53.686 0.0000000000
55776  -45.779  -13.697  53.133 0.0000000000
54675  -46.140  -14.022  54.801 0.0000000000
42916  -28.933  -27.037  76.920 0.0000000000
130028  -28.392  -27.099  75.919 0.0000000000
42934  -29.753  -26.727  75.858 0.0000000000
45107  -39.416  -26.003  55.831 0.0000000000
44108  -40.612  -26.277  56.438 0.0000000000
49788  -39.792  -18.666  62.963 0.0000000000
114612  -39.134  -18.906  61.530 0.0000000000
50706  -39.995  -18.018  62.343 0.0000000000
51660  -40.574  -17.669  60.694 0.0000000000
112061  -40.717  -17.551  61.971 0.0000000000
50576  -36.141  -19.056  75.740 0.0000000000
48766  -35.789  -20.151  74.622 0.0000000000
50588  -35.618  -18.727  73.918 0.0000000000
112235  -34.892  -17.240  62.103 0.0000000000
129401  -33.627  -17.294  62.783 0.0000000000
51638  -33.645  -17.355  61.348 0.0000000000
111938  -32.067  -17.428  60.159 0.0000000000
45084  -38.468  -25.141  58.023 0.0000000000
45105  -36.754  -24.388  56.976 0.0000000000
45106  -38.006  -24.828  56.516 0.0000000000
57676  -52.321  -11.605  59.762 0.0000000000
57675  -51.377  -10.945  59.601 0.0000000000
57682  -50.981  -11.241  58.243 0.0000000000
58594  -50.385  -10.413  58.625 0.0000000000
41050  -20.156  -29.026  78.466 0.0000000000
40089  -19.027  -29.398  77.140 0.0000000000
40100  -20.195  -29.283  76.131 0.0000000000
132030  -20.584  -27.166  67.477 0.0000000000
41185  -20.219  -28.312  67.504 0.0000000000
131584  -20.262  -28.153  65.858 0.0000000000
40235  -20.389  -29.392  64.797 0.0000000000
42093  -20.568  -27.612  65.465 0.0000000000
45963  -29.356  -23.302  66.784 0.0000000000
44985  -28.151  -24.118  66.958 0.0000000000
45971  -27.691  -23.719  65.447 0.0000000000
44038  -38.735  -25.486  62.180 0.0000000000
116956  -40.779  -25.797  60.626 0.0000000000
120338  -40.550  -25.517  62.907 0.0000000000
46940  -42.479  -23.510  66.136 0.0000000000
45983  -42.660  -24.072  64.433 0.0000000000
47989  -41.519  -22.326  64.915 0.0000000000
47988  -40.691  -21.696  64.277 0.0000000000
48907  -41.244  -21.106  65.931 0.0000000000
54429  -35.444  -14.467  73.132 0.0000000000
53455  -35.637  -15.862  71.777 0.0000000000
54448  -36.586  -14.652  71.377 0.0000000000
52553  -38.707  -16.575  66.500 0.0000000000
53517  -37.782  -15.605  66.835 0.0000000000
51566  -38.004  -16.981  65.009 0.0000000000
51588  -37.020  -16.777  64.145 0.0000000000
50693  -37.526  -18.588  63.445 0.0000000000
49795  -36.590  -19.826  62.491 0.0000000000
123400  -37.512  -20.194  63.840 0.0000000000
45982  -37.991  -23.988  64.932 0.0000000000
45992  -37.096  -23.550  63.652 0.0000000000
45035  -37.885  -25.007  62.666 0.0000000000
44052  -37.885  -25.355  60.832 0.0000000000
41071  -24.847  -28.595  77.968 0.0000000000
41105  -23.846  -28.890  75.688 0.0000000000
130117  -24.502  -28.726  75.892 0.0000000000
42965  -25.547  -26.625  73.212 0.0000000000
42046  -24.649  -27.884  73.512 0.0000000000
42977  -24.280  -26.544  71.678 0.0000000000
42981  -22.893  -26.823  70.390 0.0000000000
42983  -24.186  -26.231  71.045 0.0000000000
127327  -41.152  -24.258  59.382 0.0000000000
46037  -40.719  -24.553  57.982 0.0000000000
46998  -39.645  -22.593  59.530 0.0000000000
49829  -37.501  -19.308  58.666 0.0000000000
48965  -37.437  -20.055  58.197 0.0000000000
49839  -37.226  -19.204  57.802 0.0000000000
51684  -41.765  -17.386  58.821 0.0000000000
52648  -41.681  -16.752  57.422 0.0000000000
52649  -42.328  -16.715  57.672 0.0000000000
52663  -43.065  -16.047  56.985 0.0000000000
52641  -43.539  -16.696  58.475 0.0000000000
44875  -33.650  -24.400  76.276 0.0000000000
43864  -33.450  -25.167  75.160 0.0000000000
44892  -33.921  -24.708  74.798 0.0000000000
123841  -34.109  -22.374  71.912 0.0000000000
45918  -33.371  -23.389  71.957 0.0000000000
45936  -32.787  -23.092  70.375 0.0000000000
45934  -31.894  -23.309  69.457 0.0000000000
46907  -32.399  -22.722  68.937 0.0000000000
50619  -35.037  -17.815  69.790 0.0000000000
50609  -34.885  -18.442  70.850 0.0000000000
50627  -34.484  -18.583  68.736 0.0000000000
49778  -32.210  -19.227  64.792 0.0000000000
49753  -32.679  -19.711  66.244 0.0000000000
49767  -31.791  -20.045  65.279 0.0000000000
47972  -31.111  -21.282  65.751 0.0000000000
121582  -34.594  -21.540  60.280 0.0000000000
48722  -35.710  -19.959  77.550 0.0000000000
54398  -34.685  -13.990  76.282 0.0000000000
48798  -42.613  -20.635  72.544 0.0000000000
127783  -42.979  -17.213  70.357 0.0000000000
53478  -42.948  -15.833  68.958 0.0000000000
51523  -41.896  -16.936  68.104 0.0000000000
111867  -43.663  -15.302  68.063 0.0000000000
52573  -46.002  -17.166  65.770 0.0000000000
52572  -44.891  -16.520  65.486 0.0000000000
52591  -45.277  -17.144  64.887 0.0000000000
111309  -44.199  -17.440  62.955 0.0000000000
51610  -45.635  -17.829  63.361 0.0000000000
51648  -48.108  -17.804  61.936 0.0000000000
51666  -46.355  -17.440  61.069 0.0000000000
126868  -47.286  -16.630  60.209 0.0000000000
53585  -46.434  -15.920  59.108 0.0000000000
52636  -47.614  -16.213  59.732 0.0000000000
129682  -53.196  -14.858  61.859 0.0000000000
55696  -51.772  -14.058  58.283 0.0000000000
123797  -51.538  -14.542  58.843 0.0000000000
54624  -50.043  -14.241  57.843 0.0000000000
54623  -48.649  -14.226  57.460 0.0000000000
55710  -49.160  -13.832  56.925 0.0000000000
55741  -48.688  -13.509  55.394 0.0000000000
55725  -49.880  -13.601  56.426 0.0000000000
56756  -52.809  -11.737  56.108 0.0000000000
55743  -51.747  -12.971  55.440 0.0000000000
116799  -52.921  -11.438  55.258 0.0000000000
61465  -50.558  -7.159  56.870 0.0000000000
116986  -49.193  -8.963  57.075 0.0000000000
60578  -48.952  -8.355  55.861 0.0000000000
126591  -17.372  -28.858  74.397 0.0000000000
41116  -16.442  -28.686  74.696 0.0000000000
41125  -16.494  -28.495  73.216 0.0000000000
41150  -15.737  -28.789  70.971 0.0000000000
41151  -16.470  -28.607  70.595 0.0000000000
115209  -21.707  -29.761  72.664 0.0000000000
40134  -20.876  -29.724  72.786 0.0000000000
40143  -20.913  -29.892  71.286 0.0000000000
134561  -18.796  -29.378  68.587 0.0000000000
37635  -18.865  -32.075  63.827 0.0000000000
43930  -30.675  -25.381  72.715 0.0000000000
112596  -28.959  -25.208  72.677 0.0000000000
112125  -29.011  -25.152  71.809 0.0000000000
44972  -26.208  -24.789  67.502 0.0000000000
117204  -26.504  -25.072  68.808 0.0000000000
43986  -24.575  -25.040  67.794 0.0000000000
43978  -23.797  -25.383  68.355 0.0000000000
44969  -23.707  -24.805  66.698 0.0000000000
42111  -21.622  -26.731  63.797 0.0000000000
45975  -39.009  -24.456  66.269 0.0000000000
44007  -40.365  -25.528  64.471 0.0000000000
44987  -39.816  -24.942  66.719 0.0000000000
44977  -41.989  -24.475  67.479 0.0000000000
46923  -42.518  -23.363  68.108 0.0000000000
54450  -38.452  -13.849  71.078 0.0000000000
54459  -38.172  -14.322  70.308 0.0000000000
54469  -39.549  -14.699  69.545 0.0000000000
52538  -39.445  -16.600  67.530 0.0000000000
50654  -38.851  -18.539  66.178 0.0000000000
48917  -38.225  -20.658  64.953 0.0000000000
48894  -38.918  -20.560  66.276 0.0000000000
46930  -38.878  -22.647  66.342 0.0000000000
112668  -48.222  -13.420  53.486 0.0000000000
42023  -26.968  -28.079  77.049 0.0000000000
41106  -25.630  -28.274  75.499 0.0000000000
120002  -26.847  -27.655  75.729 0.0000000000
42950  -26.534  -27.028  74.456 0.0000000000
43903  -26.641  -25.813  73.240 0.0000000000
118866  -39.264  -21.735  61.649 0.0000000000
48024  -38.973  -21.909  60.098 0.0000000000
48945  -38.543  -20.382  61.132 0.0000000000
50725  -38.400  -18.959  60.299 0.0000000000
133057  -38.330  -18.152  59.081 0.0000000000
127792  -39.484  -17.448  58.029 0.0000000000
126972  -39.792  -17.721  59.616 0.0000000000
111619  -41.005  -17.625  59.941 0.0000000000
51662  -42.430  -17.513  60.195 0.0000000000
46840  -35.515  -22.376  75.610 0.0000000000
45889  -34.742  -23.471  74.557 0.0000000000
46857  -35.290  -22.045  74.267 0.0000000000
47871  -34.763  -21.608  72.999 0.0000000000
47886  -34.322  -21.516  71.537 0.0000000000
51551  -35.100  -17.057  66.448 0.0000000000
51536  -34.299  -18.294  67.394 0.0000000000
51563  -33.981  -17.635  64.864 0.0000000000
50682  -33.237  -17.974  64.415 0.0000000000
50691  -31.919  -18.350  63.225 0.0000000000
49803  -30.134  -18.693  61.857 0.0000000000
51636  -31.429  -17.709  61.555 0.0000000000
46026  -36.110  -23.702  59.451 0.0000000000
45081  -35.924  -24.338  57.786 0.0000000000
50671  -48.861  -18.531  65.355 0.0000000000
50695  -47.324  -18.482  64.269 0.0000000000
133608  -49.073  -18.821  64.289 0.0000000000
51631  -48.906  -18.390  62.843 0.0000000000
52617  -49.851  -17.486  61.334 0.0000000000
56704  -52.635  -11.732  61.777 0.0000000000
55658  -53.338  -13.487  60.990 0.0000000000
56716  -53.252  -12.835  60.108 0.0000000000
56725  -53.136  -12.599  58.919 0.0000000000
55714  -52.924  -12.895  57.770 0.0000000000
55727  -52.408  -13.057  56.955 0.0000000000
56746  -52.913  -12.201  57.122 0.0000000000
57703  -52.763  -11.830  56.781 0.0000000000
57702  -52.232  -11.433  56.571 0.0000000000
62396  -49.546  -6.638  54.328 0.0000000000
61491  -49.102  -7.412  54.629 0.0000000000
61501  -48.159  -7.861  53.186 0.0000000000
41030  -17.922  -29.157  79.377 0.0000000000
40087  -17.593  -29.420  77.436 0.0000000000
40088  -18.230  -29.448  77.307 0.0000000000
40106  -18.265  -29.367  75.578 0.0000000000
132714  -18.611  -29.105  73.544 0.0000000000
41155  -21.530  -28.782  70.385 0.0000000000
40159  -20.385  -29.530  69.974 0.0000000000
41176  -20.382  -28.750  68.553 0.0000000000
41184  -19.772  -29.144  66.917 0.0000000000
39375  -19.136  -30.267  65.096 0.0000000000
38517  -19.605  -31.671  63.575 0.0000000000
39386  -20.223  -30.221  64.269 0.0000000000
44944  -29.880  -24.617  69.767 0.0000000000
43975  -29.141  -24.918  69.858 0.0000000000
112219  -28.795  -24.475  68.470 0.0000000000
112476  -26.955  -24.599  67.011 0.0000000000
44997  -26.014  -24.540  65.784 0.0000000000
44090  -39.310  -25.584  58.525 0.0000000000
44091  -40.606  -26.251  58.057 0.0000000000
128593  -40.856  -26.197  59.291 0.0000000000
44079  -41.497  -25.755  59.824 0.0000000000
46013  -41.613  -23.951  60.971 0.0000000000
44024  -42.031  -25.221  63.378 0.0000000000
45036  -42.314  -24.639  62.205 0.0000000000
46983  -40.776  -23.014  61.546 0.0000000000
48011  -39.975  -21.957  62.761 0.0000000000
48927  -40.102  -20.652  63.977 0.0000000000
121744  -40.493  -18.411  64.835 0.0000000000
52456  -35.440  -16.868  74.183 0.0000000000
51460  -35.471  -18.032  73.323 0.0000000000
132674  -35.458  -16.774  72.865 0.0000000000
52483  -35.525  -16.696  71.348 0.0000000000
52507  -35.660  -16.689  69.540 0.0000000000
53475  -37.293  -15.145  69.506 0.0000000000
53502  -36.980  -15.497  68.002 0.0000000000
52535  -35.798  -16.443  67.730 0.0000000000
52565  -35.939  -16.470  65.192 0.0000000000
111568  -35.880  -16.947  62.997 0.0000000000
134635  -35.496  -18.045  61.348 0.0000000000
49813  -34.244  -19.292  60.131 0.0000000000
49804  -35.523  -19.791  61.395 0.0000000000
48943  -35.351  -20.830  61.698 0.0000000000
46980  -35.494  -22.344  61.384 0.0000000000
48000  -37.120  -21.962  64.053 0.0000000000
127489  -36.172  -22.808  62.550 0.0000000000
46011  -35.941  -23.034  60.955 0.0000000000
45066  -36.680  -24.476  59.929 0.0000000000
132362  -37.844  -25.171  59.566 0.0000000000
60533  -50.342  -8.902  58.949 0.0000000000
61434  -51.300  -7.093  59.063 0.0000000000
62365  -51.598  -6.367  57.470 0.0000000000
62374  -51.132  -6.477  56.442 0.0000000000
63263  -51.350  -5.776  55.423 0.0000000000
64246  -51.385  -4.758  54.531 0.0000000000
114408  -22.168  -28.771  77.347 0.0000000000
41103  -21.048  -29.165  76.024 0.0000000000
115197  -22.427  -29.131  75.478 0.0000000000
41117  -22.830  -29.379  74.618 0.0000000000
40129  -23.012  -29.457  73.026 0.0000000000
134679  -25.047  -28.454  74.841 0.0000000000
41138  -23.521  -28.769  72.859 0.0000000000
41147  -22.520  -28.837  71.608 0.0000000000
42056  -21.845  -27.748  70.116 0.0000000000
42061  -21.525  -27.252  69.229 0.0000000000
42991  -21.086  -26.477  67.734 0.0000000000
45098  -40.821  -25.338  57.162 0.0000000000
46051  -40.114  -24.000  57.268 0.0000000000
48038  -38.611  -21.706  58.820 0.0000000000
53630  -43.633  -15.504  56.428 0.0000000000
126600  -44.983  -14.813  56.028 0.0000000000
43845  -30.895  -25.878  76.531 0.0000000000
42935  -30.527  -26.407  75.511 0.0000000000
43862  -32.080  -25.719  75.508 0.0000000000
115208  -32.194  -25.462  74.077 0.0000000000
43931  -31.520  -25.129  72.542 0.0000000000
44902  -33.778  -24.036  73.563 0.0000000000
44934  -32.552  -24.021  71.850 0.0000000000
44932  -31.241  -24.575  71.029 0.0000000000
115729  -31.021  -23.638  69.156 0.0000000000
45954  -30.213  -23.317  67.682 0.0000000000
46927  -29.806  -22.803  66.459 0.0000000000
49696  -35.016  -18.943  72.218 0.0000000000
119014  -34.459  -19.993  71.061 0.0000000000
48845  -33.904  -20.683  69.578 0.0000000000
50641  -34.011  -19.104  67.709 0.0000000000
48879  -33.278  -20.320  67.700 0.0000000000
47953  -33.137  -21.176  68.196 0.0000000000
47951  -31.765  -21.975  67.321 0.0000000000
47963  -30.766  -21.918  66.185 0.0000000000
48958  -33.652  -20.309  59.478 0.0000000000
111993  -40.999  -17.365  71.395 0.0000000000
49707  -41.222  -19.315  71.752 0.0000000000
112674  -18.465  -28.984  79.960 0.0000000000
41051  -21.752  -28.827  78.924 0.0000000000
41052  -23.189  -28.697  78.746 0.0000000000
111744  -24.005  -28.643  78.367 0.0000000000
42012  -27.250  -27.582  78.225 0.0000000000
42886  -28.157  -26.370  78.118 0.0000000000
43830  -29.670  -25.435  77.543 0.0000000000
44864  -30.257  -24.715  77.795 0.0000000000
44866  -31.753  -24.432  77.493 0.0000000000
45865  -32.821  -23.612  77.664 0.0000000000
45867  -34.220  -23.073  77.072 0.0000000000
46799  -33.922  -22.145  78.092 0.0000000000
46812  -35.100  -22.059  77.160 0.0000000000
48732  -35.816  -20.745  77.177 0.0000000000
128026  -36.151  -19.470  76.982 0.0000000000
113064  -35.996  -18.202  76.343 0.0000000000
114530  -35.522  -16.789  75.681 0.0000000000
53430  -35.050  -15.414  74.958 0.0000000000
114818  -35.087  -13.904  74.030 0.0000000000
129940  -40.101  -14.375  71.961 0.0000000000
48829  -41.724  -21.379  71.662 0.0000000000
47921  -42.646  -22.247  70.380 0.0000000000
48864  -42.536  -21.027  69.118 0.0000000000
51486  -43.606  -17.958  72.044 0.0000000000
50621  -42.563  -18.644  69.821 0.0000000000
48863  -42.051  -20.274  68.322 0.0000000000
49758  -41.225  -19.149  66.904 0.0000000000
51554  -40.964  -17.747  66.025 0.0000000000
116529  -41.258  -16.686  64.859 0.0000000000
53521  -43.629  -15.509  66.683 0.0000000000
52570  -42.749  -15.986  65.034 0.0000000000
52587  -41.620  -16.604  64.090 0.0000000000
51607  -42.316  -17.124  62.625 0.0000000000
51644  -43.286  -17.541  61.448 0.0000000000
51664  -43.771  -17.552  60.770 0.0000000000
51628  -45.671  -17.846  62.505 0.0000000000
51665  -45.466  -17.555  61.068 0.0000000000
52633  -44.596  -16.878  59.532 0.0000000000
52643  -45.155  -16.294  58.965 0.0000000000
53614  -45.497  -15.295  57.657 0.0000000000
54621  -46.022  -14.727  57.108 0.0000000000
52619  -52.181  -17.512  61.880 0.0000000000
52626  -50.265  -16.895  60.691 0.0000000000
53591  -52.925  -15.418  60.534 0.0000000000
53590  -51.075  -15.585  59.650 0.0000000000
53578  -49.494  -16.211  59.921 0.0000000000
130343  -48.308  -15.272  58.792 0.0000000000
111421  -46.880  -14.553  57.365 0.0000000000
54639  -46.586  -14.316  56.498 0.0000000000
112249  -47.770  -13.611  55.207 0.0000000000
55759  -48.455  -13.417  54.526 0.0000000000
111616  -49.191  -13.330  53.983 0.0000000000
113505  -50.696  -13.366  55.908 0.0000000000
111511  -50.191  -13.335  54.365 0.0000000000
127031  -50.425  -13.474  53.052 0.0000000000
59605  -49.405  -9.660  57.477 0.0000000000
114469  -49.471  -10.365  57.007 0.0000000000
58632  -50.254  -10.747  55.479 0.0000000000
59644  -48.443  -9.933  54.370 0.0000000000
58651  -50.613  -10.649  54.719 0.0000000000
58634  -52.473  -10.764  55.066 0.0000000000
41083  -16.467  -29.056  76.552 0.0000000000
40108  -20.597  -29.341  75.209 0.0000000000
40125  -19.372  -29.309  73.590 0.0000000000
40141  -18.891  -29.172  71.737 0.0000000000
116448  -19.741  -29.546  69.746 0.0000000000
41153  -18.304  -28.857  70.392 0.0000000000
41152  -17.392  -28.581  70.276 0.0000000000
40182  -16.833  -29.656  68.401 0.0000000000
43878  -28.843  -25.892  74.361 0.0000000000
43927  -27.311  -25.359  72.991 0.0000000000
111725  -26.694  -25.270  71.947 0.0000000000
43960  -27.276  -25.133  70.345 0.0000000000
43959  -26.297  -25.271  70.465 0.0000000000
43957  -24.746  -25.758  70.663 0.0000000000
43969  -23.474  -25.754  69.135 0.0000000000
122965  -22.406  -25.716  68.011 0.0000000000
43010  -20.907  -26.048  66.201 0.0000000000
45008  -25.450  -24.374  64.560 0.0000000000
115294  -23.976  -24.548  64.636 0.0000000000
44004  -22.865  -24.742  64.389 0.0000000000
44003  -22.021  -25.030  64.860 0.0000000000
43019  -20.945  -26.159  65.156 0.0000000000
42094  -20.841  -26.962  64.949 0.0000000000
117302  -40.321  -20.457  69.259 0.0000000000
48862  -40.463  -21.429  69.341 0.0000000000
49722  -40.582  -20.120  70.011 0.0000000000
123524  -40.545  -18.252  70.033 0.0000000000
51506  -40.391  -17.577  69.484 0.0000000000
49731  -40.223  -19.494  69.143 0.0000000000
54673  -44.549  -14.378  54.277 0.0000000000
54674  -45.365  -14.219  54.554 0.0000000000
55756  -45.963  -13.872  53.965 0.0000000000
42902  -29.339  -26.491  77.152 0.0000000000
42933  -29.034  -26.958  76.263 0.0000000000
42917  -29.619  -26.684  76.557 0.0000000000
45097  -38.952  -25.525  57.013 0.0000000000
44107  -40.107  -26.385  56.588 0.0000000000
50694  -40.244  -18.006  63.233 0.0000000000
51623  -40.652  -17.489  62.791 0.0000000000
49680  -35.764  -19.334  74.415 0.0000000000
50583  -35.856  -18.757  74.814 0.0000000000
51639  -34.232  -17.332  61.676 0.0000000000
45096  -37.623  -24.683  57.487 0.0000000000
59580  -51.438  -9.304  60.679 0.0000000000
58585  -51.800  -10.018  61.044 0.0000000000
126988  -51.083  -10.118  59.809 0.0000000000
59591  -50.608  -9.599  59.337 0.0000000000
41067  -20.424  -29.074  77.613 0.0000000000
41085  -19.877  -29.271  76.966 0.0000000000
41086  -20.716  -29.102  76.797 0.0000000000
131975  -20.346  -27.610  66.823 0.0000000000
42085  -20.365  -27.524  66.133 0.0000000000
45972  -28.399  -23.361  65.718 0.0000000000
45962  -28.637  -23.583  66.488 0.0000000000
44021  -38.729  -25.399  63.175 0.0000000000
44039  -39.725  -25.541  62.593 0.0000000000
44022  -39.699  -25.543  63.679 0.0000000000
46932  -42.249  -22.699  66.355 0.0000000000
46939  -42.244  -23.015  65.518 0.0000000000
47975  -41.660  -22.049  65.745 0.0000000000
47968  -41.864  -21.768  66.577 0.0000000000
55507  -36.055  -13.839  72.668 0.0000000000
54438  -35.870  -14.560  72.422 0.0000000000
54439  -36.378  -14.238  72.015 0.0000000000
51567  -38.492  -17.743  65.499 0.0000000000
52568  -38.311  -16.773  65.746 0.0000000000
51590  -38.201  -17.935  64.763 0.0000000000
50683  -37.882  -18.205  64.086 0.0000000000
49779  -37.836  -19.394  64.097 0.0000000000
121076  -37.461  -19.574  63.503 0.0000000000
45012  -38.303  -24.744  64.566 0.0000000000
45011  -37.669  -24.131  64.133 0.0000000000
45025  -38.074  -24.854  63.679 0.0000000000
41072  -25.622  -28.475  77.600 0.0000000000
41090  -24.843  -28.590  76.874 0.0000000000
41091  -25.290  -28.528  76.131 0.0000000000
42973  -25.242  -26.246  72.452 0.0000000000
42964  -24.763  -27.106  72.914 0.0000000000
112759  -24.621  -26.580  72.170 0.0000000000
46999  -40.504  -23.303  59.796 0.0000000000
46027  -40.426  -23.591  58.864 0.0000000000
50744  -37.516  -18.615  58.233 0.0000000000
126865  -42.430  -17.204  58.680 0.0000000000
51692  -42.062  -17.063  58.135 0.0000000000
52640  -42.780  -16.834  58.170 0.0000000000
44876  -34.328  -24.029  75.965 0.0000000000
44883  -33.933  -24.643  75.521 0.0000000000
44884  -34.580  -24.108  75.183 0.0000000000
46887  -33.938  -22.254  71.099 0.0000000000
46886  -33.463  -22.597  70.810 0.0000000000
46898  -33.219  -22.673  70.139 0.0000000000
46897  -32.625  -22.932  69.752 0.0000000000
46908  -33.054  -22.444  69.303 0.0000000000
51505  -35.304  -17.226  69.291 0.0000000000
51519  -34.668  -17.928  68.069 0.0000000000
49777  -31.593  -19.637  64.431 0.0000000000
48915  -31.211  -20.408  64.733 0.0000000000
48924  -31.008  -20.047  64.019 0.0000000000
46988  -34.971  -22.085  60.014 0.0000000000
46996  -35.006  -22.273  59.077 0.0000000000
53491  -43.560  -15.469  68.840 0.0000000000
51571  -47.080  -17.868  65.739 0.0000000000
52574  -46.899  -17.427  66.342 0.0000000000
51570  -46.247  -17.727  64.953 0.0000000000
51592  -45.496  -17.561  64.146 0.0000000000
51593  -46.418  -18.058  64.179 0.0000000000
52616  -48.597  -17.342  61.150 0.0000000000
51667  -47.398  -17.237  60.970 0.0000000000
125782  -48.036  -16.707  60.395 0.0000000000
52635  -46.874  -16.294  59.685 0.0000000000
56688  -51.283  -12.497  61.835 0.0000000000
116718  -52.151  -13.312  62.196 0.0000000000
54552  -52.682  -14.539  62.291 0.0000000000
113550  -52.966  -13.718  62.036 0.0000000000
54606  -50.829  -14.418  58.335 0.0000000000
124457  -49.385  -14.114  57.470 0.0000000000
55711  -50.043  -13.832  57.164 0.0000000000
55726  -51.052  -13.545  56.749 0.0000000000
115483  -52.620  -11.542  56.061 0.0000000000
61482  -50.224  -7.036  55.945 0.0000000000
61464  -49.655  -7.761  56.331 0.0000000000
61481  -49.396  -7.591  55.469 0.0000000000
111747  -16.689  -29.206  78.763 0.0000000000
41127  -17.985  -28.836  73.123 0.0000000000
41126  -17.318  -28.686  73.575 0.0000000000
114022  -17.118  -28.537  72.715 0.0000000000
41135  -16.875  -28.448  71.936 0.0000000000
41144  -17.119  -28.467  71.216 0.0000000000
134136  -21.835  -29.789  72.066 0.0000000000
40135  -21.265  -29.849  72.015 0.0000000000
38491  -18.120  -31.738  64.978 0.0000000000
112851  -30.541  -25.201  71.860 0.0000000000
43929  -29.795  -25.288  72.238 0.0000000000
43945  -29.815  -25.148  71.352 0.0000000000
44982  -25.258  -24.656  66.417 0.0000000000
44971  -25.359  -24.801  67.236 0.0000000000
44970  -24.484  -24.810  66.987 0.0000000000
44980  -23.326  -24.682  65.924 0.0000000000
45966  -39.454  -24.232  67.018 0.0000000000
45946  -41.309  -23.793  68.788 0.0000000000
45956  -40.795  -24.194  68.093 0.0000000000
45957  -41.774  -24.198  68.197 0.0000000000
45958  -42.294  -24.005  67.533 0.0000000000
45948  -42.346  -23.550  68.874 0.0000000000
54460  -39.230  -14.222  70.458 0.0000000000
50628  -39.782  -18.022  68.177 0.0000000000
51521  -39.750  -17.181  67.972 0.0000000000
50655  -39.210  -18.153  66.809 0.0000000000
120292  -39.221  -19.092  66.905 0.0000000000
49755  -38.880  -19.548  66.224 0.0000000000
49756  -39.272  -20.081  66.986 0.0000000000
47967  -39.360  -22.248  67.000 0.0000000000
45965  -38.854  -23.646  66.387 0.0000000000
55777  -46.572  -13.582  53.422 0.0000000000
42017  -27.508  -27.717  77.471 0.0000000000
113183  -26.942  -27.873  76.360 0.0000000000
42024  -27.662  -27.711  76.822 0.0000000000
42932  -27.898  -26.874  75.248 0.0000000000
42041  -27.086  -27.239  75.174 0.0000000000
42951  -27.266  -26.573  74.482 0.0000000000
42966  -26.642  -26.390  73.857 0.0000000000
42967  -27.326  -25.883  73.787 0.0000000000
45120  -40.545  -25.604  55.537 0.0000000000
48946  -38.999  -20.898  61.992 0.0000000000
48019  -38.759  -21.208  61.315 0.0000000000
49806  -38.656  -19.358  61.053 0.0000000000
50734  -38.292  -18.539  59.627 0.0000000000
132748  -38.769  -18.335  60.124 0.0000000000
120119  -38.967  -17.905  59.498 0.0000000000
50735  -39.369  -17.967  60.208 0.0000000000
123353  -40.880  -17.579  61.252 0.0000000000
51661  -41.536  -17.572  60.603 0.0000000000
51674  -41.764  -17.519  59.678 0.0000000000
51643  -42.401  -17.552  61.040 0.0000000000
47826  -35.911  -21.507  75.909 0.0000000000
126590  -35.725  -21.847  75.084 0.0000000000
48753  -35.954  -20.900  75.334 0.0000000000
48778  -35.364  -20.587  73.763 0.0000000000
47872  -35.178  -21.402  73.708 0.0000000000
132643  -35.022  -20.941  73.158 0.0000000000
48813  -34.481  -20.628  71.572 0.0000000000
51565  -35.181  -16.954  65.633 0.0000000000
51550  -34.612  -17.543  66.090 0.0000000000
51564  -34.638  -17.349  65.256 0.0000000000
51600  -33.395  -17.514  63.465 0.0000000000
50692  -32.628  -18.066  63.692 0.0000000000
50702  -31.686  -17.977  62.385 0.0000000000
126582  -32.148  -17.581  61.805 0.0000000000
113349  -36.552  -24.490  59.020 0.0000000000
46036  -36.009  -24.113  58.493 0.0000000000
50686  -49.034  -18.751  64.835 0.0000000000
50697  -50.620  -18.388  63.999 0.0000000000
50708  -49.605  -18.690  63.779 0.0000000000
117018  -50.332  -18.469  63.084 0.0000000000
51649  -49.407  -17.993  62.054 0.0000000000
51650  -50.854  -18.125  62.300 0.0000000000
58575  -52.059  -10.130  61.879 0.0000000000
59564  -51.643  -9.751  62.138 0.0000000000
58567  -51.966  -10.358  62.231 0.0000000000
56705  -53.091  -12.581  61.321 0.0000000000
57670  -53.016  -12.112  60.859 0.0000000000
57677  -52.919  -12.130  59.822 0.0000000000
123140  -53.115  -12.953  58.373 0.0000000000
56734  -53.053  -12.431  58.042 0.0000000000
57693  -52.892  -12.004  57.677 0.0000000000
57692  -52.284  -11.631  57.468 0.0000000000
57691  -51.004  -11.260  57.246 0.0000000000
63276  -49.976  -5.887  54.023 0.0000000000
61502  -48.784  -7.200  53.783 0.0000000000
113135  -18.588  -29.083  79.261 0.0000000000
41048  -18.285  -29.261  78.675 0.0000000000
41065  -18.687  -29.362  77.959 0.0000000000
40099  -19.348  -29.400  76.322 0.0000000000
122044  -18.915  -29.435  75.775 0.0000000000
40115  -18.904  -29.364  75.062 0.0000000000
41102  -18.133  -29.201  74.773 0.0000000000
126744  -18.799  -29.231  74.245 0.0000000000
41165  -21.228  -28.308  69.638 0.0000000000
41164  -20.720  -28.742  69.270 0.0000000000
40207  -19.544  -29.524  66.087 0.0000000000
131430  -19.467  -29.834  65.498 0.0000000000
113701  -19.504  -30.402  64.526 0.0000000000
40220  -19.764  -29.906  64.903 0.0000000000
39387  -20.986  -29.528  64.300 0.0000000000
39394  -21.023  -30.348  63.795 0.0000000000
44965  -29.498  -24.171  68.669 0.0000000000
44954  -29.266  -24.584  69.169 0.0000000000
44984  -27.452  -24.327  66.615 0.0000000000
44983  -26.779  -24.458  66.232 0.0000000000
125471  -26.156  -24.631  66.656 0.0000000000
127725  -38.767  -25.357  59.467 0.0000000000
44077  -40.243  -26.015  58.948 0.0000000000
124957  -39.793  -25.677  59.709 0.0000000000
44055  -41.251  -25.671  61.058 0.0000000000
44064  -41.338  -25.853  60.155 0.0000000000
44065  -41.719  -25.406  60.782 0.0000000000
45056  -41.916  -25.076  60.503 0.0000000000
133204  -42.038  -25.162  61.025 0.0000000000
43996  -40.935  -25.413  65.048 0.0000000000
44008  -41.539  -25.348  64.291 0.0000000000
45014  -42.332  -25.011  64.091 0.0000000000
46004  -42.414  -23.948  62.972 0.0000000000
46974  -41.595  -23.238  62.895 0.0000000000
46003  -41.834  -23.771  62.014 0.0000000000
46973  -40.797  -22.747  62.451 0.0000000000
46962  -40.840  -22.410  63.407 0.0000000000
48918  -40.684  -20.495  65.276 0.0000000000
118372  -40.508  -20.861  64.652 0.0000000000
120189  -40.279  -19.942  64.509 0.0000000000
49781  -40.222  -18.913  64.315 0.0000000000
117440  -35.147  -15.912  74.061 0.0000000000
128397  -35.370  -16.408  73.390 0.0000000000
53456  -36.087  -15.384  71.184 0.0000000000
53462  -35.759  -16.099  70.927 0.0000000000
52495  -35.582  -16.713  70.672 0.0000000000
125491  -35.862  -16.317  70.129 0.0000000000
116177  -37.945  -14.628  69.696 0.0000000000
54458  -37.376  -14.801  70.241 0.0000000000
54467  -38.224  -14.788  68.985 0.0000000000
53516  -37.101  -15.572  67.115 0.0000000000
52536  -36.488  -15.842  67.610 0.0000000000
111892  -36.390  -15.963  66.844 0.0000000000
52550  -36.268  -16.204  65.998 0.0000000000
128023  -36.595  -17.260  63.091 0.0000000000
51603  -36.361  -16.816  63.719 0.0000000000
51622  -36.282  -17.591  62.463 0.0000000000
51621  -35.544  -17.234  62.416 0.0000000000
50716  -36.027  -18.168  61.793 0.0000000000
50715  -35.634  -18.772  61.245 0.0000000000
49805  -36.172  -19.256  61.786 0.0000000000
48935  -36.318  -20.831  62.708 0.0000000000
48944  -36.001  -20.302  62.037 0.0000000000
48934  -35.812  -21.073  62.270 0.0000000000
48018  -35.254  -21.671  61.607 0.0000000000
46970  -35.717  -22.204  62.233 0.0000000000
47987  -38.122  -21.529  65.039 0.0000000000
133349  -37.831  -21.107  64.551 0.0000000000
47986  -37.602  -21.799  64.535 0.0000000000
46002  -36.940  -23.755  62.996 0.0000000000
45991  -36.550  -23.124  63.110 0.0000000000
46001  -36.581  -23.541  62.308 0.0000000000
46981  -35.983  -22.907  61.867 0.0000000000
46012  -36.444  -23.643  61.340 0.0000000000
46020  -36.341  -23.731  60.432 0.0000000000
45054  -36.829  -24.391  60.822 0.0000000000
44061  -37.829  -25.290  60.042 0.0000000000
122332  -38.065  -25.060  58.957 0.0000000000
62358  -52.007  -6.100  58.702 0.0000000000
62366  -52.484  -5.380  58.065 0.0000000000
62375  -52.089  -5.750  56.960 0.0000000000
63264  -52.410  -5.215  56.307 0.0000000000
63278  -51.921  -5.022  55.307 0.0000000000
63277  -50.917  -5.509  54.651 0.0000000000
41069  -23.101  -28.649  77.821 0.0000000000
118166  -22.333  -28.867  76.373 0.0000000000
115473  -23.362  -29.116  75.193 0.0000000000
40120  -23.022  -29.499  73.792 0.0000000000
42038  -24.861  -28.238  74.171 0.0000000000
42049  -23.639  -28.012  72.366 0.0000000000
41139  -24.134  -27.944  72.924 0.0000000000
41148  -23.125  -28.460  72.063 0.0000000000
41137  -22.776  -29.168  72.323 0.0000000000
128964  -22.849  -28.103  71.476 0.0000000000
113924  -22.295  -28.229  70.883 0.0000000000
42062  -22.361  -26.819  69.795 0.0000000000
42986  -22.089  -26.539  69.051 0.0000000000
42992  -21.592  -26.554  68.478 0.0000000000
44092  -41.044  -26.167  57.936 0.0000000000
44101  -40.856  -26.109  56.918 0.0000000000
45085  -41.199  -25.859  57.928 0.0000000000
112334  -39.736  -23.247  58.059 0.0000000000
48031  -38.364  -21.224  59.701 0.0000000000
48032  -38.959  -21.987  59.375 0.0000000000
48973  -37.534  -20.577  57.412 0.0000000000
51683  -39.847  -17.580  58.853 0.0000000000
51690  -40.418  -17.326  58.074 0.0000000000
53628  -42.157  -15.927  56.234 0.0000000000
54637  -44.411  -15.295  56.629 0.0000000000
43846  -31.713  -25.552  76.314 0.0000000000
43883  -33.371  -25.053  74.554 0.0000000000
43882  -32.794  -25.494  74.795 0.0000000000
43907  -32.917  -25.059  73.977 0.0000000000
43932  -32.367  -25.019  73.134 0.0000000000
46856  -34.773  -22.829  73.832 0.0000000000
45896  -34.248  -23.577  73.681 0.0000000000
45917  -32.911  -23.538  71.463 0.0000000000
44917  -33.111  -23.828  72.295 0.0000000000
123326  -32.330  -23.795  71.083 0.0000000000
44933  -31.888  -24.308  71.421 0.0000000000
44945  -31.600  -24.066  70.702 0.0000000000
44956  -31.290  -23.847  69.944 0.0000000000
45945  -31.684  -22.967  68.559 0.0000000000
45944  -30.823  -23.310  68.294 0.0000000000
46918  -30.661  -22.851  67.397 0.0000000000
45964  -30.010  -23.056  67.077 0.0000000000
46928  -30.410  -22.531  66.641 0.0000000000
114973  -35.420  -17.404  72.681 0.0000000000
115349  -35.278  -18.160  72.451 0.0000000000
50602  -35.068  -18.333  71.625 0.0000000000
124705  -34.521  -19.228  70.267 0.0000000000
130424  -34.203  -19.930  69.628 0.0000000000
117033  -34.222  -20.333  70.260 0.0000000000
50653  -34.139  -18.150  66.550 0.0000000000
50652  -33.754  -18.799  66.967 0.0000000000
48893  -32.919  -19.993  66.980 0.0000000000
48878  -32.680  -20.786  67.361 0.0000000000
47952  -32.442  -21.622  67.726 0.0000000000
47965  -32.034  -21.183  66.950 0.0000000000
47985  -30.869  -21.042  65.030 0.0000000000
47971  -30.526  -21.618  65.414 0.0000000000
132861  -29.999  -21.846  65.079 0.0000000000
47983  -29.574  -21.667  64.396 0.0000000000
115867  -34.412  -20.003  60.563 0.0000000000
48951  -33.996  -20.194  60.133 0.0000000000
41011  -18.411  -28.814  80.866 0.0000000000
111611  -23.210  -28.755  79.691 0.0000000000
44865  -30.944  -24.557  77.635 0.0000000000
44858  -31.296  -23.933  78.252 0.0000000000
45866  -33.525  -23.400  77.340 0.0000000000
46810  -33.742  -22.805  77.690 0.0000000000
48721  -34.468  -20.812  78.374 0.0000000000
47768  -34.025  -21.460  78.392 0.0000000000
47785  -34.714  -21.609  77.769 0.0000000000
47786  -35.494  -21.418  77.179 0.0000000000
129925  -35.723  -18.988  77.609 0.0000000000
50570  -36.022  -18.609  77.045 0.0000000000
134346  -36.183  -19.048  76.518 0.0000000000
51426  -35.802  -17.737  77.184 0.0000000000
52432  -35.367  -16.264  76.303 0.0000000000
128681  -35.275  -16.095  75.550 0.0000000000
53420  -35.068  -15.509  75.986 0.0000000000
54409  -34.745  -13.950  75.460 0.0000000000
54421  -34.942  -13.501  74.921 0.0000000000
53457  -40.896  -15.662  71.528 0.0000000000
50604  -41.491  -18.793  72.759 0.0000000000
49714  -41.390  -20.483  71.700 0.0000000000
49708  -41.731  -20.279  72.490 0.0000000000
48814  -43.004  -20.854  72.261 0.0000000000
47903  -42.538  -21.970  71.212 0.0000000000
48847  -42.859  -21.567  70.716 0.0000000000
113417  -42.818  -21.695  69.964 0.0000000000
121509  -42.724  -20.753  69.871 0.0000000000
51507  -42.590  -17.622  69.738 0.0000000000
50631  -42.234  -18.932  69.070 0.0000000000
49733  -42.349  -19.956  69.036 0.0000000000
49732  -41.855  -19.236  68.350 0.0000000000
49745  -41.613  -19.635  67.640 0.0000000000
50643  -41.525  -18.621  67.600 0.0000000000
52539  -41.739  -16.501  67.222 0.0000000000
51555  -41.354  -17.178  66.598 0.0000000000
52555  -41.644  -16.409  66.327 0.0000000000
51569  -41.234  -16.914  65.719 0.0000000000
52569  -41.789  -16.167  65.494 0.0000000000
52541  -46.757  -16.412  67.420 0.0000000000
53507  -43.887  -15.338  67.415 0.0000000000
129159  -44.751  -15.632  67.029 0.0000000000
132804  -44.464  -16.645  64.801 0.0000000000
52571  -43.874  -16.145  65.236 0.0000000000
123624  -41.910  -16.259  64.709 0.0000000000
52588  -42.546  -16.419  64.199 0.0000000000
52601  -42.365  -16.749  63.425 0.0000000000
130753  -43.178  -16.717  63.656 0.0000000000
51627  -44.855  -17.652  62.710 0.0000000000
51626  -43.970  -17.536  62.221 0.0000000000
51645  -44.119  -17.613  61.460 0.0000000000
51612  -47.429  -18.466  63.547 0.0000000000
51611  -46.509  -18.169  63.425 0.0000000000
51629  -46.651  -18.098  62.689 0.0000000000
51677  -44.958  -17.239  60.336 0.0000000000
52634  -45.413  -16.667  59.684 0.0000000000
53599  -45.835  -15.657  58.498 0.0000000000
53615  -46.309  -15.049  57.823 0.0000000000
52629  -53.047  -16.349  61.801 0.0000000000
52620  -52.702  -17.005  62.148 0.0000000000
52618  -51.167  -17.619  61.571 0.0000000000
52627  -51.556  -16.972  60.959 0.0000000000
55678  -53.261  -13.800  60.024 0.0000000000
114178  -53.334  -14.548  60.957 0.0000000000
54585  -52.964  -14.535  59.866 0.0000000000
54583  -50.843  -14.953  59.045 0.0000000000
53589  -49.929  -15.469  59.318 0.0000000000
53579  -50.694  -16.224  60.115 0.0000000000
53588  -48.822  -15.616  59.312 0.0000000000
54622  -47.779  -14.352  57.419 0.0000000000
54640  -47.428  -14.094  56.672 0.0000000000
54658  -47.151  -13.911  55.859 0.0000000000
55724  -48.017  -13.736  56.032 0.0000000000
128365  -51.762  -13.156  56.220 0.0000000000
55761  -51.103  -13.156  54.558 0.0000000000
55780  -49.942  -13.387  53.773 0.0000000000
60546  -50.476  -8.068  58.488 0.0000000000
59590  -49.871  -9.666  58.329 0.0000000000
60545  -49.695  -8.911  57.963 0.0000000000
59617  -49.007  -9.687  56.637 0.0000000000
125213  -49.042  -10.212  56.136 0.0000000000
58616  -49.779  -10.731  56.203 0.0000000000
61490  -48.384  -8.097  54.121 0.0000000000
125872  -48.236  -9.059  54.522 0.0000000000
127047  -49.799  -10.540  54.231 0.0000000000
40097  -17.718  -29.413  76.768 0.0000000000
41064  -17.063  -29.330  77.059 0.0000000000
41084  -17.165  -29.233  76.257 0.0000000000
41124  -15.991  -28.475  73.777 0.0000000000
41133  -15.198  -28.669  72.243 0.0000000000
40156  -16.126  -28.961  70.131 0.0000000000
40155  -15.603  -29.356  70.515 0.0000000000
40170  -15.967  -29.565  69.741 0.0000000000
40109  -21.537  -29.255  75.364 0.0000000000
40117  -20.688  -29.416  74.312 0.0000000000
114206  -19.934  -29.479  72.832 0.0000000000
40132  -18.883  -29.178  72.741 0.0000000000
40174  -19.913  -29.522  69.191 0.0000000000
40184  -18.083  -29.039  68.787 0.0000000000
40173  -19.083  -29.390  69.176 0.0000000000
41163  -18.143  -28.858  69.648 0.0000000000
41162  -17.337  -28.811  69.375 0.0000000000
40172  -17.323  -29.237  68.574 0.0000000000
38518  -20.586  -31.726  63.408 0.0000000000
43880  -30.548  -26.027  74.646 0.0000000000
42953  -29.744  -26.361  75.011 0.0000000000
43879  -29.680  -25.727  74.114 0.0000000000
126771  -28.366  -25.128  72.227 0.0000000000
43928  -28.146  -25.197  72.922 0.0000000000
132230  -27.026  -25.260  72.404 0.0000000000
124114  -28.411  -24.843  69.105 0.0000000000
120406  -28.201  -25.018  70.112 0.0000000000
43974  -27.623  -25.043  69.591 0.0000000000
43980  -25.636  -25.181  68.758 0.0000000000
43972  -25.929  -25.248  69.531 0.0000000000
117554  -25.354  -25.464  70.151 0.0000000000
117057  -24.561  -25.648  69.877 0.0000000000
112089  -24.268  -25.557  69.158 0.0000000000
119315  -22.777  -25.028  66.803 0.0000000000
114039  -22.936  -25.374  67.761 0.0000000000
43984  -22.110  -25.519  67.355 0.0000000000
43000  -21.291  -25.905  67.119 0.0000000000
45021  -24.359  -24.445  63.383 0.0000000000
45007  -24.625  -24.447  64.180 0.0000000000
45006  -23.687  -24.619  63.791 0.0000000000
44019  -22.278  -25.819  62.994 0.0000000000
44993  -22.730  -24.731  65.222 0.0000000000
131984  -21.687  -27.215  63.915 0.0000000000
43028  -21.251  -26.425  64.409 0.0000000000
42104  -21.327  -27.255  64.356 0.0000000000
46921  -39.842  -22.997  67.747 0.0000000000
45955  -39.931  -23.931  67.719 0.0000000000
46909  -40.300  -22.639  68.466 0.0000000000
47938  -40.655  -22.424  69.302 0.0000000000
125655  -41.195  -23.003  69.847 0.0000000000
53465  -40.624  -15.404  70.506 0.0000000000
53477  -40.221  -15.231  69.600 0.0000000000
52509  -40.426  -16.763  69.414 0.0000000000
50629  -40.194  -18.395  69.089 0.0000000000
49730  -39.767  -19.008  68.370 0.0000000000
49744  -39.523  -19.562  67.697 0.0000000000
48880  -39.681  -20.687  67.864 0.0000000000
47954  -39.763  -21.868  67.743 0.0000000000
54654  -43.928  -14.711  54.931 0.0000000000
55757  -46.717  -13.679  54.213 0.0000000000
42025  -28.360  -27.313  76.586 0.0000000000
42952  -28.840  -26.633  75.330 0.0000000000
44109  -40.729  -26.143  56.032 0.0000000000
49797  -39.512  -19.549  62.737 0.0000000000
49807  -39.045  -19.739  61.912 0.0000000000
50705  -39.496  -18.822  62.179 0.0000000000
50717  -39.567  -18.317  61.553 0.0000000000
51659  -39.730  -17.932  60.852 0.0000000000
51641  -40.161  -17.787  61.477 0.0000000000
49673  -36.154  -19.989  75.573 0.0000000000
49687  -35.436  -19.613  73.645 0.0000000000
133328  -34.913  -16.979  63.480 0.0000000000
51601  -34.279  -17.127  63.314 0.0000000000
51620  -34.260  -17.188  62.476 0.0000000000
51619  -33.536  -17.325  62.070 0.0000000000
51637  -32.867  -17.375  61.462 0.0000000000
111644  -32.072  -17.405  61.036 0.0000000000
51656  -32.688  -17.412  60.641 0.0000000000
45083  -37.162  -24.745  58.470 0.0000000000
45095  -36.457  -24.491  57.749 0.0000000000
57669  -52.636  -11.517  60.961 0.0000000000
58586  -52.215  -10.808  61.045 0.0000000000
57683  -52.199  -11.668  58.561 0.0000000000
41066  -19.555  -29.233  77.812 0.0000000000
127466  -20.574  -27.811  68.200 0.0000000000
41193  -20.153  -28.290  66.518 0.0000000000
40208  -19.993  -28.865  65.993 0.0000000000
41202  -20.435  -28.553  65.286 0.0000000000
41210  -20.940  -28.665  64.665 0.0000000000
44986  -28.869  -23.823  67.253 0.0000000000
44999  -27.907  -23.904  66.203 0.0000000000
44998  -27.243  -24.189  65.880 0.0000000000
44053  -38.729  -25.471  61.240 0.0000000000
118160  -39.732  -25.560  60.663 0.0000000000
44054  -39.975  -25.555  61.497 0.0000000000
44040  -40.913  -25.556  62.047 0.0000000000
44056  -41.765  -25.375  61.706 0.0000000000
45004  -42.350  -24.588  65.984 0.0000000000
45015  -42.544  -24.583  64.789 0.0000000000
45976  -42.692  -23.984  65.400 0.0000000000
46950  -42.253  -23.297  64.555 0.0000000000
46949  -41.430  -22.554  64.163 0.0000000000
47974  -40.995  -21.444  65.153 0.0000000000
48906  -40.917  -20.155  66.026 0.0000000000
53448  -35.604  -15.229  72.508 0.0000000000
54447  -35.957  -14.982  71.856 0.0000000000
52537  -38.940  -16.040  67.166 0.0000000000
53504  -38.415  -15.520  67.430 0.0000000000
53518  -38.327  -15.814  66.781 0.0000000000
52552  -37.961  -16.000  66.193 0.0000000000
52567  -37.552  -16.337  65.514 0.0000000000
52566  -36.791  -16.262  65.337 0.0000000000
52586  -37.242  -16.570  64.775 0.0000000000
51604  -37.240  -17.433  63.587 0.0000000000
50704  -37.059  -18.023  62.845 0.0000000000
49796  -37.170  -19.148  62.889 0.0000000000
49787  -37.039  -20.354  63.241 0.0000000000
46948  -37.864  -23.216  65.072 0.0000000000
46947  -37.418  -22.588  64.491 0.0000000000
45981  -37.428  -23.349  64.379 0.0000000000
45024  -37.444  -24.285  63.293 0.0000000000
45034  -37.208  -24.275  62.488 0.0000000000
45046  -37.373  -24.906  61.226 0.0000000000
129928  -37.466  -24.777  61.957 0.0000000000
44037  -37.937  -25.290  61.702 0.0000000000
41070  -23.965  -28.626  77.376 0.0000000000
41104  -23.174  -28.887  75.982 0.0000000000
41089  -23.918  -28.725  76.420 0.0000000000
117244  -24.130  -28.931  75.136 0.0000000000
42047  -25.317  -27.457  73.812 0.0000000000
42053  -24.062  -27.228  72.181 0.0000000000
42051  -22.988  -27.344  71.029 0.0000000000
42976  -23.710  -26.883  71.410 0.0000000000
42982  -23.504  -26.545  70.675 0.0000000000
42988  -23.268  -26.233  69.875 0.0000000000
46028  -41.332  -25.137  58.740 0.0000000000
47005  -39.388  -22.517  58.782 0.0000000000
48959  -37.567  -19.961  59.039 0.0000000000
48966  -37.880  -20.807  58.837 0.0000000000
51691  -41.294  -17.190  58.079 0.0000000000
52662  -42.339  -16.350  57.045 0.0000000000
118025  -42.771  -16.488  57.521 0.0000000000
52650  -43.345  -16.374  57.711 0.0000000000
52651  -44.092  -16.170  57.953 0.0000000000
44874  -32.939  -24.700  76.570 0.0000000000
43863  -32.895  -25.412  75.487 0.0000000000
44882  -33.307  -25.036  75.869 0.0000000000
44901  -33.512  -24.558  73.949 0.0000000000
45906  -33.885  -23.042  72.324 0.0000000000
46876  -33.530  -22.888  71.501 0.0000000000
45929  -33.054  -23.066  70.951 0.0000000000
45928  -32.623  -23.396  70.740 0.0000000000
46920  -32.134  -22.383  68.094 0.0000000000
134273  -35.170  -17.882  71.129 0.0000000000
126085  -34.846  -18.355  70.199 0.0000000000
50618  -34.655  -18.504  69.552 0.0000000000
50681  -32.808  -18.728  65.063 0.0000000000
49768  -33.016  -19.017  65.838 0.0000000000
129820  -32.443  -19.477  65.531 0.0000000000
48904  -32.195  -20.085  65.938 0.0000000000
48903  -31.738  -20.767  66.055 0.0000000000
116194  -31.335  -20.726  65.362 0.0000000000
126635  -34.557  -21.257  60.634 0.0000000000
45856  -31.540  -23.331  78.724 0.0000000000
120944  -34.893  -20.037  78.346 0.0000000000
49655  -35.162  -19.232  78.308 0.0000000000
54399  -34.865  -14.821  76.613 0.0000000000
50589  -42.015  -18.657  73.652 0.0000000000
49688  -42.259  -19.514  73.270 0.0000000000
50590  -42.583  -18.926  73.451 0.0000000000
50598  -43.168  -19.043  73.140 0.0000000000
50605  -43.411  -18.919  72.412 0.0000000000
52510  -42.799  -16.572  69.541 0.0000000000
51524  -42.273  -17.258  68.913 0.0000000000
52526  -42.438  -16.341  68.588 0.0000000000
52540  -42.170  -16.184  67.884 0.0000000000
53506  -42.326  -15.750  67.309 0.0000000000
52558  -47.367  -17.139  66.944 0.0000000000
52557  -46.360  -16.772  66.630 0.0000000000
52556  -45.357  -16.315  66.306 0.0000000000
52590  -44.622  -17.047  64.164 0.0000000000
52602  -43.977  -17.040  63.543 0.0000000000
51609  -44.799  -17.467  63.453 0.0000000000
51647  -46.971  -17.805  61.900 0.0000000000
52624  -46.631  -16.809  60.337 0.0000000000
115434  -46.160  -16.459  59.723 0.0000000000
53586  -47.196  -15.758  59.142 0.0000000000
53565  -53.024  -15.579  62.246 0.0000000000
53574  -53.196  -15.803  61.997 0.0000000000
53582  -53.205  -15.584  61.461 0.0000000000
54607  -52.363  -14.299  59.006 0.0000000000
54605  -49.933  -14.767  58.535 0.0000000000
112196  -49.182  -14.510  58.019 0.0000000000
112060  -48.920  -13.630  56.209 0.0000000000
55742  -49.641  -13.460  55.625 0.0000000000
127194  -52.757  -12.127  55.638 0.0000000000
56768  -52.400  -12.532  54.773 0.0000000000
127615  -49.244  -8.445  56.564 0.0000000000
60559  -48.815  -9.065  56.260 0.0000000000
59616  -48.727  -9.668  55.849 0.0000000000
119557  -48.631  -10.240  52.651 0.0000000000
58672  -48.535  -10.147  53.568 0.0000000000
41062  -15.714  -28.948  77.576 0.0000000000
122068  -16.748  -28.608  73.944 0.0000000000
41134  -16.141  -28.440  72.285 0.0000000000
112135  -15.679  -28.627  71.661 0.0000000000
41143  -16.271  -28.495  71.402 0.0000000000
40127  -21.378  -29.585  73.614 0.0000000000
114205  -20.468  -29.724  72.051 0.0000000000
40142  -19.923  -29.584  71.318 0.0000000000
40196  -19.295  -29.503  67.543 0.0000000000
124285  -18.473  -29.403  68.069 0.0000000000
134539  -17.175  -29.585  68.120 0.0000000000
37597  -17.715  -31.796  65.679 0.0000000000
37598  -18.123  -32.442  65.182 0.0000000000
37617  -18.964  -32.812  63.972 0.0000000000
36720  -19.679  -33.134  63.681 0.0000000000
43905  -29.745  -25.426  73.185 0.0000000000
128319  -28.312  -25.094  71.601 0.0000000000
130925  -27.062  -24.816  67.941 0.0000000000
43988  -26.168  -24.957  68.209 0.0000000000
43987  -25.441  -24.984  68.030 0.0000000000
43979  -24.786  -25.274  68.584 0.0000000000
43985  -23.692  -25.063  67.424 0.0000000000
43038  -21.988  -26.568  63.067 0.0000000000
44018  -21.639  -26.040  63.726 0.0000000000
44006  -39.209  -25.335  64.834 0.0000000000
45001  -39.429  -25.141  65.852 0.0000000000
45002  -40.695  -25.294  65.933 0.0000000000
115227  -41.718  -25.047  66.228 0.0000000000
45967  -40.269  -24.600  67.458 0.0000000000
44988  -40.954  -25.016  66.890 0.0000000000
44989  -41.865  -24.749  66.893 0.0000000000
44990  -42.243  -24.379  66.900 0.0000000000
46933  -42.503  -23.433  66.992 0.0000000000
132838  -37.356  -13.544  71.931 0.0000000000
54449  -37.423  -14.317  70.967 0.0000000000
54468  -38.738  -14.492  69.569 0.0000000000
54481  -39.078  -14.864  68.728 0.0000000000
53490  -40.206  -15.961  68.919 0.0000000000
53489  -39.527  -15.499  68.377 0.0000000000
129318  -39.300  -15.834  67.741 0.0000000000
52554  -39.205  -16.806  67.018 0.0000000000
51552  -38.833  -17.554  66.215 0.0000000000
49769  -38.500  -18.934  65.384 0.0000000000
49780  -38.230  -19.729  64.811 0.0000000000
48905  -38.562  -20.078  65.541 0.0000000000
117297  -38.544  -21.068  65.615 0.0000000000
47973  -38.457  -22.039  65.669 0.0000000000
47966  -38.926  -21.594  66.292 0.0000000000
46938  -38.364  -22.983  65.713 0.0000000000
45974  -38.402  -23.844  65.674 0.0000000000
45000  -38.615  -24.639  65.443 0.0000000000
55797  -46.495  -13.619  52.564 0.0000000000
41073  -26.290  -28.317  77.291 0.0000000000
41092  -26.175  -28.248  76.449 0.0000000000
42030  -26.368  -27.997  75.851 0.0000000000
42040  -26.262  -27.680  75.119 0.0000000000
42031  -27.619  -27.436  75.994 0.0000000000
130783  -25.907  -27.375  74.383 0.0000000000
42949  -26.003  -26.857  73.847 0.0000000000
43902  -26.140  -26.299  73.393 0.0000000000
43925  -25.974  -25.940  72.809 0.0000000000
46982  -39.830  -22.429  61.212 0.0000000000
113597  -39.075  -21.867  60.910 0.0000000000
48023  -38.542  -21.209  60.623 0.0000000000
48954  -38.243  -20.546  60.337 0.0000000000
49815  -38.206  -19.791  60.367 0.0000000000
49822  -37.859  -19.352  59.552 0.0000000000
50733  -37.800  -18.663  58.985 0.0000000000
113882  -38.789  -17.740  58.658 0.0000000000
111957  -40.525  -17.603  59.407 0.0000000000
111244  -40.186  -17.725  60.109 0.0000000000
131869  -41.221  -17.526  59.293 0.0000000000
112648  -42.464  -17.384  59.351 0.0000000000
46839  -35.104  -22.865  76.064 0.0000000000
45881  -35.065  -23.219  75.325 0.0000000000
46848  -35.273  -22.673  74.793 0.0000000000
121862  -35.589  -21.169  74.474 0.0000000000
47858  -34.876  -22.074  73.554 0.0000000000
46867  -34.419  -22.434  72.860 0.0000000000
114261  -34.465  -21.793  72.319 0.0000000000
47900  -34.091  -21.676  70.772 0.0000000000
51537  -35.056  -17.196  67.396 0.0000000000
134218  -34.632  -17.766  67.452 0.0000000000
127824  -34.598  -17.661  66.902 0.0000000000
50669  -34.071  -17.941  65.726 0.0000000000
50668  -33.446  -18.303  65.356 0.0000000000
51585  -33.925  -17.438  64.060 0.0000000000
118174  -32.581  -18.532  64.395 0.0000000000
49786  -32.037  -18.803  64.039 0.0000000000
49793  -30.455  -19.163  62.585 0.0000000000
49794  -31.168  -18.744  62.892 0.0000000000
50701  -30.885  -18.299  62.120 0.0000000000
50714  -30.606  -17.927  61.313 0.0000000000
51655  -31.253  -17.524  60.641 0.0000000000
115217  -35.543  -23.173  58.606 0.0000000000
118428  -35.654  -23.896  57.942 0.0000000000
46050  -35.503  -24.034  57.249 0.0000000000
45104  -35.840  -24.319  57.105 0.0000000000
51572  -48.152  -18.317  65.739 0.0000000000
50685  -48.186  -18.660  64.979 0.0000000000
50696  -48.264  -18.750  64.313 0.0000000000
50707  -48.459  -18.672  63.616 0.0000000000
50687  -49.765  -18.594  64.515 0.0000000000
56689  -52.268  -12.087  62.225 0.0000000000
127531  -53.051  -13.153  61.743 0.0000000000
56690  -52.702  -12.469  61.916 0.0000000000
55698  -53.149  -13.307  59.102 0.0000000000
55697  -52.757  -13.575  58.438 0.0000000000
55713  -52.165  -13.527  57.666 0.0000000000
132762  -51.641  -13.534  57.214 0.0000000000
57712  -52.293  -11.090  55.770 0.0000000000
60605  -47.988  -8.760  53.552 0.0000000000
111195  -17.502  -29.297  78.712 0.0000000000
40082  -17.893  -29.422  78.022 0.0000000000
40098  -18.471  -29.446  76.426 0.0000000000
40105  -17.798  -29.366  76.074 0.0000000000
40124  -18.047  -28.970  73.956 0.0000000000
41146  -21.870  -29.229  71.125 0.0000000000
40160  -21.136  -29.599  70.650 0.0000000000
41154  -20.897  -29.181  69.857 0.0000000000
40175  -20.338  -29.275  69.271 0.0000000000
131098  -20.036  -29.369  68.665 0.0000000000
41175  -19.886  -29.158  67.954 0.0000000000
111813  -19.125  -29.721  66.726 0.0000000000
39385  -19.516  -30.858  63.959 0.0000000000
43962  -29.906  -24.954  70.483 0.0000000000
44964  -28.024  -24.681  68.192 0.0000000000
44974  -28.435  -24.300  67.716 0.0000000000
44973  -27.708  -24.503  67.377 0.0000000000
119331  -41.116  -26.236  58.738 0.0000000000
44063  -40.688  -25.924  59.962 0.0000000000
44078  -41.269  -26.098  59.364 0.0000000000
45069  -41.618  -25.202  59.547 0.0000000000
46021  -41.387  -24.126  60.094 0.0000000000
46991  -40.645  -23.167  60.648 0.0000000000
44023  -40.975  -25.471  63.563 0.0000000000
129991  -41.529  -25.391  62.657 0.0000000000
44041  -42.203  -25.069  62.514 0.0000000000
45026  -42.615  -24.457  63.729 0.0000000000
45037  -42.490  -24.661  62.918 0.0000000000
46014  -42.125  -24.736  61.348 0.0000000000
46972  -39.904  -22.269  62.021 0.0000000000
130076  -39.474  -21.597  62.254 0.0000000000
48010  -39.509  -21.134  62.719 0.0000000000
48001  -40.035  -21.418  63.431 0.0000000000
48926  -39.660  -20.425  63.196 0.0000000000
49789  -39.876  -19.495  63.629 0.0000000000
121946  -40.073  -18.564  63.637 0.0000000000
129704  -40.417  -17.923  64.092 0.0000000000
119971  -35.604  -17.267  75.031 0.0000000000
51451  -35.650  -17.860  74.299 0.0000000000
121568  -35.479  -17.238  73.463 0.0000000000
52471  -35.471  -16.051  72.632 0.0000000000
121334  -35.469  -16.712  72.164 0.0000000000
51484  -35.374  -17.298  70.915 0.0000000000
51494  -35.412  -17.128  70.124 0.0000000000
54457  -36.717  -15.020  70.720 0.0000000000
53464  -36.825  -15.306  70.175 0.0000000000
53487  -37.562  -15.196  68.541 0.0000000000
53486  -36.764  -15.612  68.953 0.0000000000
53474  -36.488  -15.702  69.790 0.0000000000
52508  -36.087  -16.156  69.299 0.0000000000
52523  -35.697  -16.621  68.798 0.0000000000
119488  -35.671  -16.505  66.710 0.0000000000
134297  -35.617  -16.577  65.975 0.0000000000
51587  -35.264  -16.898  64.908 0.0000000000
52585  -36.535  -16.557  64.556 0.0000000000
52584  -35.753  -16.718  64.324 0.0000000000
51602  -35.480  -16.872  63.574 0.0000000000
111536  -35.041  -16.962  62.887 0.0000000000
134480  -34.733  -17.859  60.769 0.0000000000
50723  -34.489  -18.326  60.340 0.0000000000
50724  -35.135  -18.264  60.855 0.0000000000
49814  -35.008  -19.245  60.677 0.0000000000
48953  -34.846  -20.326  61.055 0.0000000000
48942  -34.761  -21.146  61.169 0.0000000000
128109  -34.937  -21.810  60.848 0.0000000000
46989  -35.454  -22.528  60.509 0.0000000000
48916  -37.828  -20.380  64.361 0.0000000000
48925  -37.377  -21.081  63.974 0.0000000000
47999  -36.621  -21.574  63.399 0.0000000000
46961  -36.827  -22.662  63.784 0.0000000000
46971  -36.242  -22.363  62.994 0.0000000000
46019  -35.896  -23.143  60.183 0.0000000000
45055  -37.285  -24.976  60.378 0.0000000000
45067  -37.269  -24.943  59.507 0.0000000000
113792  -51.048  -7.944  59.772 0.0000000000
61450  -50.958  -7.174  57.951 0.0000000000
62385  -50.756  -6.403  55.613 0.0000000000
131164  -51.565  -5.973  56.101 0.0000000000
62397  -50.425  -6.213  54.828 0.0000000000
63287  -50.485  -5.206  53.959 0.0000000000
64252  -50.773  -4.451  53.799 0.0000000000
63286  -49.901  -4.997  53.222 0.0000000000
41068  -21.692  -28.807  78.039 0.0000000000
114482  -21.245  -28.914  77.440 0.0000000000
41087  -21.528  -28.957  76.653 0.0000000000
131943  -21.754  -29.027  75.975 0.0000000000
40110  -22.077  -29.369  74.838 0.0000000000
40119  -22.198  -29.492  74.102 0.0000000000
40128  -22.337  -29.627  73.241 0.0000000000
40136  -22.331  -29.605  72.501 0.0000000000
40145  -22.178  -29.513  71.820 0.0000000000
41120  -24.834  -28.650  75.323 0.0000000000
41119  -24.407  -28.788  74.500 0.0000000000
41129  -24.198  -28.620  73.662 0.0000000000
41128  -23.618  -29.163  73.612 0.0000000000
42057  -22.465  -27.376  70.457 0.0000000000
42068  -20.957  -27.128  68.378 0.0000000000
42999  -20.805  -26.433  67.016 0.0000000000
45980  -28.180  -23.134  64.956 0.0000000000
44100  -40.616  -26.280  57.135 0.0000000000
131137  -40.434  -24.672  56.664 0.0000000000
46060  -39.624  -23.773  56.430 0.0000000000
115087  -38.307  -21.482  58.135 0.0000000000
133047  -38.545  -21.953  57.587 0.0000000000
52647  -40.744  -16.929  57.348 0.0000000000
53629  -42.912  -15.685  56.242 0.0000000000
53648  -43.395  -15.187  55.596 0.0000000000
53649  -44.190  -15.002  55.803 0.0000000000
42918  -30.385  -26.447  76.230 0.0000000000
43861  -31.184  -26.136  75.911 0.0000000000
42936  -31.324  -26.058  75.152 0.0000000000
43881  -32.008  -25.789  74.786 0.0000000000
111573  -31.385  -25.759  74.318 0.0000000000
111643  -31.491  -25.447  73.404 0.0000000000
132405  -31.039  -25.204  72.182 0.0000000000
43947  -31.300  -24.891  71.736 0.0000000000
44893  -34.155  -24.122  74.302 0.0000000000
119469  -33.344  -24.187  73.091 0.0000000000
45905  -33.715  -23.644  72.822 0.0000000000
44916  -32.791  -24.372  72.645 0.0000000000
44915  -32.103  -24.612  72.209 0.0000000000
126598  -30.715  -24.501  70.355 0.0000000000
44955  -30.468  -24.128  69.568 0.0000000000
44966  -30.228  -23.861  68.867 0.0000000000
116929  -29.916  -23.718  68.164 0.0000000000
45953  -29.585  -23.543  67.494 0.0000000000
45973  -29.196  -22.910  65.958 0.0000000000
50596  -35.317  -18.816  73.059 0.0000000000
128085  -35.099  -19.479  72.786 0.0000000000
49706  -34.743  -19.114  71.345 0.0000000000
49695  -34.746  -19.876  72.044 0.0000000000
48827  -34.235  -20.893  70.899 0.0000000000
47919  -33.966  -21.236  70.222 0.0000000000
47918  -33.687  -21.543  69.585 0.0000000000
120112  -34.352  -18.673  68.063 0.0000000000
49729  -34.170  -19.287  68.436 0.0000000000
49743  -33.488  -19.552  67.333 0.0000000000
49728  -33.767  -19.831  68.057 0.0000000000
48860  -33.938  -20.081  68.875 0.0000000000
115311  -33.555  -20.491  68.339 0.0000000000
48859  -33.607  -20.977  68.908 0.0000000000
47936  -33.371  -21.788  68.980 0.0000000000
47935  -32.797  -22.052  68.518 0.0000000000
47964  -31.415  -21.573  66.532 0.0000000000
46929  -31.093  -22.270  66.952 0.0000000000
46936  -30.041  -22.288  65.821 0.0000000000
46946  -29.388  -22.297  65.167 0.0000000000
47003  -34.921  -22.501  58.134 0.0000000000
50603  -40.875  -18.213  70.950 0.0000000000
116300  -40.879  -19.812  70.839 0.0000000000
51485  -41.173  -18.271  71.880 0.0000000000
52485  -41.256  -17.676  72.720 0.0000000000
51474  -41.690  -18.270  73.540 0.0000000000
41031  -19.197  -28.956  79.646 0.0000000000
113861  -19.976  -28.925  79.339 0.0000000000
41033  -21.498  -28.843  79.917 0.0000000000
111910  -22.383  -28.730  78.306 0.0000000000
114991  -24.015  -28.683  79.345 0.0000000000
113927  -25.687  -28.414  78.619 0.0000000000
41054  -26.253  -28.334  78.006 0.0000000000
42016  -26.847  -28.074  77.782 0.0000000000
42900  -27.915  -27.200  77.818 0.0000000000
42901  -28.605  -26.851  77.458 0.0000000000
43831  -30.544  -25.327  77.160 0.0000000000
43832  -31.343  -25.117  76.946 0.0000000000
44873  -32.166  -24.926  76.794 0.0000000000
45864  -32.088  -23.787  78.017 0.0000000000
44867  -32.517  -24.251  77.264 0.0000000000
44868  -33.234  -24.009  76.965 0.0000000000
45873  -33.943  -23.721  76.679 0.0000000000
46811  -34.460  -22.409  77.440 0.0000000000
46826  -34.861  -22.623  76.766 0.0000000000
46827  -35.533  -22.028  76.500 0.0000000000
47806  -35.942  -21.115  76.650 0.0000000000
114796  -36.137  -20.309  76.840 0.0000000000
49669  -36.254  -19.763  76.353 0.0000000000
51440  -35.743  -17.521  75.801 0.0000000000
130698  -35.590  -16.996  77.403 0.0000000000
120772  -35.670  -17.143  76.565 0.0000000000
52446  -35.360  -16.400  74.902 0.0000000000
54410  -34.835  -14.685  75.650 0.0000000000
54422  -34.855  -14.377  74.781 0.0000000000
112404  -34.938  -14.903  73.954 0.0000000000
56543  -36.046  -12.577  73.859 0.0000000000
55497  -36.419  -13.054  73.063 0.0000000000
55508  -36.878  -13.464  72.313 0.0000000000
55509  -37.819  -13.172  72.334 0.0000000000
55523  -38.606  -13.453  71.937 0.0000000000
122430  -40.443  -14.843  71.213 0.0000000000
52496  -40.936  -16.346  70.864 0.0000000000
48828  -41.045  -20.837  70.947 0.0000000000
47901  -41.372  -21.777  70.941 0.0000000000
46899  -41.712  -22.962  70.302 0.0000000000
47887  -42.342  -21.255  71.982 0.0000000000
47902  -42.045  -22.049  71.306 0.0000000000
46900  -42.101  -23.207  70.122 0.0000000000
46911  -42.580  -23.100  69.082 0.0000000000
47956  -42.586  -22.427  68.293 0.0000000000
48882  -42.352  -21.317  68.331 0.0000000000
51475  -43.484  -18.088  72.729 0.0000000000
50613  -43.291  -19.210  71.498 0.0000000000
115694  -43.507  -17.375  71.281 0.0000000000
51495  -42.970  -18.239  70.692 0.0000000000
50612  -42.935  -19.453  70.655 0.0000000000
49723  -42.610  -19.696  69.815 0.0000000000
47955  -42.124  -21.562  67.460 0.0000000000
48896  -41.497  -20.719  66.751 0.0000000000
126597  -41.163  -19.863  66.599 0.0000000000
49757  -40.871  -19.262  66.136 0.0000000000
51539  -41.549  -17.543  67.467 0.0000000000
50657  -41.225  -18.121  66.832 0.0000000000
50670  -40.707  -18.455  65.592 0.0000000000
51568  -40.762  -17.536  65.028 0.0000000000
51591  -40.863  -17.093  64.151 0.0000000000
53508  -44.557  -15.249  67.997 0.0000000000
53520  -42.656  -15.595  66.526 0.0000000000
53532  -44.283  -15.872  66.064 0.0000000000
53531  -43.264  -15.721  65.856 0.0000000000
53530  -42.476  -15.796  65.786 0.0000000000
51606  -41.306  -16.994  63.263 0.0000000000
51624  -41.455  -17.307  62.329 0.0000000000
51625  -42.373  -17.435  61.844 0.0000000000
51608  -43.324  -17.152  62.916 0.0000000000
132374  -43.080  -17.394  62.199 0.0000000000
51663  -43.051  -17.528  60.668 0.0000000000
51675  -43.250  -17.397  59.905 0.0000000000
51646  -46.023  -17.775  61.829 0.0000000000
131278  -45.297  -17.671  61.675 0.0000000000
115124  -44.635  -17.607  61.041 0.0000000000
51676  -44.136  -17.351  60.161 0.0000000000
52632  -43.792  -17.043  59.295 0.0000000000
52642  -44.327  -16.525  58.730 0.0000000000
130856  -45.804  -16.182  59.187 0.0000000000
53598  -44.924  -15.888  58.217 0.0000000000
53613  -44.668  -15.566  57.424 0.0000000000
53631  -45.209  -15.004  56.867 0.0000000000
54638  -45.772  -14.569  56.267 0.0000000000
55639  -53.236  -13.938  61.577 0.0000000000
53581  -52.906  -16.152  61.125 0.0000000000
54584  -52.013  -15.069  59.605 0.0000000000
53580  -52.051  -16.118  60.421 0.0000000000
52637  -48.466  -16.206  59.831 0.0000000000
53587  -47.973  -15.695  59.250 0.0000000000
53601  -47.618  -15.255  58.621 0.0000000000
54604  -48.233  -14.724  58.164 0.0000000000
54603  -47.330  -14.797  57.998 0.0000000000
132815  -46.823  -14.894  57.904 0.0000000000
54657  -46.344  -14.179  55.643 0.0000000000
55740  -46.918  -13.781  55.023 0.0000000000
55758  -47.528  -13.505  54.368 0.0000000000
111146  -50.402  -13.303  55.098 0.0000000000
131350  -49.692  -13.365  54.207 0.0000000000
58603  -49.714  -10.227  57.819 0.0000000000
125506  -50.149  -10.997  56.884 0.0000000000
57701  -51.027  -11.082  56.229 0.0000000000
61480  -48.641  -8.267  55.025 0.0000000000
60577  -48.531  -9.056  55.458 0.0000000000
59628  -48.538  -9.699  55.118 0.0000000000
115144  -49.001  -10.420  54.237 0.0000000000
58649  -48.843  -10.286  54.937 0.0000000000
58650  -49.569  -10.522  54.849 0.0000000000
58633  -51.533  -10.800  55.327 0.0000000000
41047  -17.050  -29.346  77.938 0.0000000000
41063  -16.373  -29.141  77.351 0.0000000000
131239  -15.911  -28.799  76.095 0.0000000000
41100  -16.509  -28.907  75.720 0.0000000000
40140  -15.220  -29.272  71.269 0.0000000000
41142  -15.304  -28.869  71.593 0.0000000000
40116  -19.752  -29.355  74.506 0.0000000000
40126  -20.335  -29.455  73.614 0.0000000000
114811  -20.530  -29.704  70.694 0.0000000000
40158  -19.817  -29.579  70.434 0.0000000000
115688  -19.043  -29.295  70.051 0.0000000000
40157  -19.008  -29.235  70.865 0.0000000000
41145  -18.073  -28.744  71.101 0.0000000000
41161  -16.701  -28.740  69.882 0.0000000000
40171  -16.604  -29.210  69.269 0.0000000000
39343  -16.679  -30.280  68.080 0.0000000000
38506  -19.006  -31.383  63.940 0.0000000000
43904  -28.855  -25.405  73.542 0.0000000000
116771  -28.064  -25.530  73.701 0.0000000000
43926  -26.587  -25.493  72.555 0.0000000000
43943  -25.850  -25.589  71.975 0.0000000000
43961  -28.890  -25.050  70.870 0.0000000000
121014  -27.849  -25.096  71.038 0.0000000000
43973  -26.826  -25.143  69.600 0.0000000000
112748  -26.974  -25.183  71.218 0.0000000000
129101  -26.270  -25.332  71.329 0.0000000000
43958  -25.543  -25.518  71.035 0.0000000000
43956  -24.026  -25.989  70.295 0.0000000000
43977  -22.927  -25.693  68.512 0.0000000000
42993  -22.264  -26.090  68.519 0.0000000000
43001  -21.761  -26.002  67.883 0.0000000000
45978  -26.698  -23.835  64.442 0.0000000000
45009  -26.231  -24.343  64.974 0.0000000000
45023  -25.939  -24.098  64.168 0.0000000000
114626  -25.583  -24.492  65.167 0.0000000000
113700  -24.868  -24.517  64.933 0.0000000000
44995  -24.193  -24.568  65.427 0.0000000000
44994  -23.420  -24.603  65.132 0.0000000000
43995  -22.254  -24.914  65.793 0.0000000000
44002  -21.461  -25.677  64.549 0.0000000000
43994  -21.446  -25.432  65.480 0.0000000000
43018  -20.628  -26.817  65.708 0.0000000000
42103  -20.890  -27.812  64.861 0.0000000000
37616  -18.480  -32.328  64.443 0.0000000000
43970  -23.916  -25.804  69.665 0.0000000000
44025  -42.399  -24.929  63.298 0.0000000000
44976  -41.304  -24.607  67.568 0.0000000000
44996  -25.073  -24.565  65.651 0.0000000000
45010  -27.006  -24.066  65.174 0.0000000000
45013  -40.051  -25.451  65.280 0.0000000000
45880  -34.759  -23.527  75.757 0.0000000000
45935  -32.420  -23.260  70.162 0.0000000000
45938  -42.252  -23.439  69.529 0.0000000000
45947  -41.972  -23.852  69.023 0.0000000000
45968  -42.506  -24.068  66.487 0.0000000000
45993  -42.487  -23.822  63.830 0.0000000000
46888  -41.702  -22.418  70.761 0.0000000000
46889  -42.205  -22.600  70.613 0.0000000000
46901  -42.481  -22.963  69.945 0.0000000000
46910  -40.913  -23.275  69.173 0.0000000000
47899  -33.771  -22.094  70.284 0.0000000000
47920  -41.088  -22.268  70.195 0.0000000000
47939  -42.722  -22.236  69.374 0.0000000000
48008  -35.584  -21.527  62.116 0.0000000000
48795  -34.688  -20.927  72.362 0.0000000000
48797  -42.174  -20.606  72.602 0.0000000000
48830  -42.902  -21.283  71.555 0.0000000000
48881  -41.795  -20.578  67.592 0.0000000000
49689  -42.857  -19.714  73.155 0.0000000000
49697  -41.956  -19.939  73.031 0.0000000000
49698  -42.470  -20.188  72.951 0.0000000000
49699  -42.957  -20.282  72.827 0.0000000000
49709  -43.288  -19.983  72.363 0.0000000000
49715  -42.970  -20.617  70.734 0.0000000000
49754  -33.240  -19.286  66.579 0.0000000000
50610  -35.130  -17.823  70.503 0.0000000000
50611  -40.751  -18.936  70.670 0.0000000000
50656  -40.965  -18.542  66.314 0.0000000000
50745  -37.988  -18.068  58.497 0.0000000000
51496  -43.381  -18.323  71.540 0.0000000000
51504  -34.821  -17.846  69.000 0.0000000000
51538  -39.465  -17.562  67.383 0.0000000000
51553  -39.156  -17.360  66.740 0.0000000000
51589  -37.622  -17.232  64.355 0.0000000000
51640  -35.477  -17.595  61.825 0.0000000000
52497  -43.521  -16.500  70.491 0.0000000000
52524  -36.275  -16.016  68.420 0.0000000000
52525  -39.772  -16.348  68.163 0.0000000000
53476  -39.755  -15.127  68.968 0.0000000000
53488  -38.384  -15.155  68.190 0.0000000000
53503  -37.726  -15.366  67.629 0.0000000000
53529  -42.013  -15.889  66.169 0.0000000000
55522  -37.767  -13.643  71.580 0.0000000000
58631  -49.303  -10.462  55.521 0.0000000000
111461  -42.836  -15.592  68.135 0.0000000000
112994  -40.604  -16.101  69.857 0.0000000000
114079  -41.664  -19.606  72.773 0.0000000000
116155  -43.124  -15.380  67.335 0.0000000000
116186  -36.016  -19.451  75.050 0.0000000000
116786  -41.428  -19.998  67.102 0.0000000000
119412  -34.924  -17.600  61.282 0.0000000000
122715  -42.277  -18.095  69.168 0.0000000000
124100  -42.216  -23.821  68.400 0.0000000000
125190  -43.172  -19.693  72.921 0.0000000000
125906  -41.904  -20.955  72.246 0.0000000000
127161  -29.832  -24.306  69.229 0.0000000000
131893  -33.199  -23.258  71.460 0.0000000000
132392  -40.093  -20.791  68.666 0.0000000000
132733  -39.901  -14.357  71.077 0.0000000000
133358  -49.947  -5.463  53.619 0.0000000000
133593  -31.377  -23.326  68.854 0.0000000000
133643  -39.679  -25.576  60.184 0.0000000000
133802  -38.906  -15.641  67.561 0.0000000000
134186  -24.036  -29.047  74.012 0.0000000000
134282  -35.861  -17.609  62.110 0.0000000000
134516  -42.622  -16.020  56.646 0.0000000000
