#!ascii label  , from subject sub-v2s10x30165_ses-1 vox2ras=TkReg
947
82867  42.295  18.084  40.918 0.0000000000
83715  48.510  18.042  32.409 0.0000000000
86678  56.432  22.424  33.182 0.0000000000
81582  50.350  15.305  22.253 0.0000000000
79148  44.020  12.736  37.253 0.0000000000
83643  57.941  18.623  41.509 0.0000000000
83775  51.670  18.455  24.480 0.0000000000
86781  43.921  22.282  28.522 0.0000000000
82871  51.680  17.642  39.883 0.0000000000
81475  47.676  15.132  38.805 0.0000000000
80012  45.900  14.269  30.821 0.0000000000
113167  50.323  21.351  34.251 0.0000000000
110420  48.941  22.606  27.854 0.0000000000
125798  53.596  19.797  32.943 0.0000000000
86035  52.852  22.450  24.524 0.0000000000
87435  45.384  23.068  31.932 0.0000000000
117477  47.269  18.526  41.423 0.0000000000
82148  44.987  16.805  39.871 0.0000000000
80764  44.290  14.091  33.462 0.0000000000
85906  55.535  21.254  37.885 0.0000000000
85919  52.319  21.434  37.498 0.0000000000
85957  52.733  21.723  34.137 0.0000000000
117053  50.326  22.243  31.322 0.0000000000
126328  52.497  22.897  30.650 0.0000000000
124063  49.786  18.403  36.246 0.0000000000
84454  52.796  19.319  36.460 0.0000000000
84481  51.102  19.117  32.880 0.0000000000
83798  54.899  18.780  21.769 0.0000000000
84552  53.162  20.878  24.520 0.0000000000
84587  52.126  19.958  21.744 0.0000000000
84570  49.989  19.495  23.442 0.0000000000
81584  48.222  16.002  22.479 0.0000000000
79260  46.505  12.731  25.252 0.0000000000
82160  40.626  16.681  39.869 0.0000000000
130584  43.601  14.803  39.169 0.0000000000
85192  58.396  20.188  37.347 0.0000000000
82223  48.149  16.492  28.133 0.0000000000
122000  49.507  18.404  28.067 0.0000000000
81563  50.965  15.757  24.633 0.0000000000
81569  55.767  16.316  22.674 0.0000000000
83611  51.186  18.665  44.134 0.0000000000
83631  49.404  18.486  42.421 0.0000000000
82163  49.399  16.369  39.034 0.0000000000
82894  47.685  17.359  35.220 0.0000000000
80752  45.497  13.938  38.089 0.0000000000
82178  45.872  16.116  34.927 0.0000000000
82202  46.609  16.425  31.297 0.0000000000
80041  47.929  14.063  28.354 0.0000000000
131826  38.690  15.834  40.948 0.0000000000
85911  49.448  21.468  38.351 0.0000000000
85950  47.633  21.287  35.520 0.0000000000
86730  47.770  22.460  31.450 0.0000000000
86780  46.740  22.612  28.334 0.0000000000
124013  46.666  19.281  27.661 0.0000000000
83664  54.036  18.149  40.757 0.0000000000
84452  55.493  19.359  36.669 0.0000000000
122285  57.061  20.536  32.655 0.0000000000
84527  51.604  19.694  28.779 0.0000000000
113060  53.926  21.262  28.303 0.0000000000
87455  54.974  23.014  28.592 0.0000000000
125407  50.406  22.569  26.356 0.0000000000
84555  48.478  19.707  25.431 0.0000000000
86711  44.650  23.052  32.569 0.0000000000
86684  45.628  22.792  33.817 0.0000000000
83668  44.982  18.153  40.657 0.0000000000
82866  43.605  17.670  40.199 0.0000000000
85943  55.417  21.865  35.537 0.0000000000
110843  54.274  21.690  35.823 0.0000000000
86662  54.354  22.213  33.918 0.0000000000
86703  52.988  22.451  32.026 0.0000000000
86724  53.760  22.870  31.362 0.0000000000
124101  49.288  18.359  34.146 0.0000000000
83699  50.796  18.929  34.312 0.0000000000
83714  49.792  18.643  32.418 0.0000000000
82275  52.415  16.835  21.539 0.0000000000
83799  53.904  19.415  21.549 0.0000000000
82276  51.192  16.855  21.643 0.0000000000
82990  50.118  18.114  22.137 0.0000000000
125987  49.719  15.952  22.093 0.0000000000
80862  48.211  14.629  23.012 0.0000000000
80114  49.517  13.696  22.816 0.0000000000
81477  41.672  15.069  38.812 0.0000000000
85181  58.266  19.571  39.647 0.0000000000
83672  58.692  18.950  39.519 0.0000000000
80829  49.075  14.882  26.750 0.0000000000
82233  49.083  16.134  26.500 0.0000000000
81552  51.075  14.876  25.109 0.0000000000
80861  55.407  15.648  23.326 0.0000000000
122536  56.005  14.337  22.388 0.0000000000
81579  55.126  15.548  21.784 0.0000000000
82145  47.803  15.677  40.349 0.0000000000
82861  48.475  16.342  40.657 0.0000000000
82164  48.780  15.987  38.765 0.0000000000
82885  48.742  17.290  37.324 0.0000000000
82172  47.375  16.543  36.633 0.0000000000
79947  44.114  13.224  38.436 0.0000000000
80744  44.729  13.821  38.847 0.0000000000
80753  44.893  13.716  37.471 0.0000000000
80769  45.107  14.521  32.065 0.0000000000
81494  44.758  15.111  34.429 0.0000000000
81504  45.276  15.375  32.650 0.0000000000
129673  46.219  16.515  33.251 0.0000000000
81511  46.078  15.865  31.539 0.0000000000
81526  46.794  15.565  29.881 0.0000000000
80800  46.681  14.057  29.713 0.0000000000
80026  50.226  12.918  28.818 0.0000000000
85933  51.185  21.377  36.325 0.0000000000
110587  50.822  21.383  37.920 0.0000000000
85934  50.054  21.293  36.654 0.0000000000
110585  48.586  21.278  37.059 0.0000000000
85961  48.846  21.246  34.448 0.0000000000
85972  47.682  21.663  33.415 0.0000000000
85987  49.120  21.610  32.793 0.0000000000
86764  49.482  22.815  29.213 0.0000000000
112333  48.139  22.796  29.839 0.0000000000
86779  47.693  22.565  28.134 0.0000000000
85268  46.458  21.295  26.835 0.0000000000
85267  47.331  21.248  26.323 0.0000000000
82833  51.720  17.626  42.418 0.0000000000
82832  52.555  17.525  42.521 0.0000000000
82870  52.276  17.719  40.479 0.0000000000
84470  53.437  19.554  34.968 0.0000000000
84453  53.711  19.388  36.764 0.0000000000
84469  55.185  19.646  34.655 0.0000000000
84459  56.455  19.542  35.056 0.0000000000
84492  54.625  20.037  32.722 0.0000000000
82954  50.050  18.179  26.380 0.0000000000
84535  50.702  19.356  28.304 0.0000000000
84548  51.139  19.302  26.500 0.0000000000
85272  53.383  21.839  24.639 0.0000000000
85258  53.055  21.286  26.704 0.0000000000
127607  53.563  22.354  26.379 0.0000000000
86008  55.399  22.135  29.173 0.0000000000
86786  54.360  22.906  27.186 0.0000000000
87475  53.075  23.251  27.370 0.0000000000
86808  52.092  22.515  25.147 0.0000000000
82972  48.359  17.554  23.772 0.0000000000
84563  49.037  19.369  24.587 0.0000000000
83779  48.273  17.926  24.659 0.0000000000
82964  46.870  17.028  25.716 0.0000000000
83607  55.483  17.809  44.226 0.0000000000
129003  44.250  23.211  30.829 0.0000000000
86752  44.484  23.095  30.069 0.0000000000
84416  46.903  19.401  43.029 0.0000000000
84425  45.784  19.122  41.768 0.0000000000
82863  46.399  17.175  40.418 0.0000000000
121959  46.841  14.817  39.522 0.0000000000
79963  43.799  13.179  35.461 0.0000000000
85918  53.704  21.440  37.554 0.0000000000
110584  52.776  21.549  35.703 0.0000000000
85958  51.809  21.494  34.644 0.0000000000
85986  50.021  21.611  32.746 0.0000000000
85985  51.349  21.821  32.542 0.0000000000
86727  51.008  22.529  30.808 0.0000000000
87460  50.062  22.897  28.618 0.0000000000
83685  50.690  18.254  37.739 0.0000000000
110588  51.816  18.497  38.209 0.0000000000
83691  51.302  19.007  35.869 0.0000000000
84463  51.866  19.266  35.109 0.0000000000
84495  51.871  19.424  32.282 0.0000000000
118823  53.945  18.737  22.973 0.0000000000
83774  52.649  19.645  24.301 0.0000000000
84568  54.143  20.332  22.659 0.0000000000
85293  53.461  20.954  22.223 0.0000000000
86048  52.321  21.498  22.975 0.0000000000
86049  51.597  21.758  23.600 0.0000000000
84579  50.880  19.627  22.515 0.0000000000
82983  49.246  17.800  22.849 0.0000000000
81571  47.090  15.800  23.027 0.0000000000
79272  47.597  12.786  24.272 0.0000000000
119410  41.878  17.610  40.400 0.0000000000
82875  43.121  17.129  39.727 0.0000000000
81468  42.197  15.766  39.077 0.0000000000
120961  42.838  13.806  38.747 0.0000000000
79140  43.505  12.594  38.214 0.0000000000
130668  55.478  20.683  39.150 0.0000000000
85916  56.739  21.226  37.491 0.0000000000
85941  57.595  21.565  35.399 0.0000000000
82924  48.139  17.575  29.907 0.0000000000
83734  48.764  18.145  30.192 0.0000000000
82939  48.485  17.452  28.518 0.0000000000
82955  49.487  17.564  26.607 0.0000000000
82971  51.025  17.535  24.604 0.0000000000
80851  52.960  14.740  24.514 0.0000000000
81570  52.885  16.197  23.726 0.0000000000
82982  53.003  17.695  23.439 0.0000000000
82979  55.548  17.494  21.988 0.0000000000
81590  54.429  16.255  21.587 0.0000000000
123362  51.867  14.266  22.406 0.0000000000
79296  50.121  12.991  22.876 0.0000000000
125612  50.623  18.559  43.326 0.0000000000
82848  50.585  17.048  41.387 0.0000000000
83648  48.229  18.267  41.572 0.0000000000
82860  49.425  16.486  40.847 0.0000000000
82872  50.438  16.818  39.823 0.0000000000
82884  49.461  17.569  37.617 0.0000000000
82892  49.000  18.111  35.908 0.0000000000
82896  48.441  17.989  33.999 0.0000000000
82156  44.502  16.125  39.595 0.0000000000
80736  46.166  14.341  39.140 0.0000000000
113692  46.544  14.656  38.164 0.0000000000
121347  44.486  14.310  35.707 0.0000000000
81486  45.783  15.253  36.535 0.0000000000
81485  46.402  15.747  36.567 0.0000000000
82180  47.026  16.995  34.776 0.0000000000
82193  46.960  17.090  32.828 0.0000000000
82919  47.633  17.400  31.374 0.0000000000
81520  47.261  16.321  29.694 0.0000000000
81534  47.736  15.591  28.338 0.0000000000
80818  49.249  14.290  27.096 0.0000000000
80027  48.703  12.976  28.886 0.0000000000
80040  49.418  13.281  28.194 0.0000000000
82149  40.524  17.034  40.536 0.0000000000
82161  39.852  16.449  40.180 0.0000000000
81460  37.699  15.133  40.677 0.0000000000
85895  50.729  21.821  39.755 0.0000000000
125509  48.129  21.768  38.328 0.0000000000
86682  46.921  22.116  33.290 0.0000000000
86731  46.831  22.712  31.803 0.0000000000
87461  45.858  22.989  29.854 0.0000000000
86729  48.669  22.255  31.411 0.0000000000
86751  47.298  22.891  30.008 0.0000000000
86014  45.224  22.319  27.944 0.0000000000
112054  55.272  18.203  41.313 0.0000000000
83682  53.449  18.889  38.226 0.0000000000
84442  54.774  18.944  38.219 0.0000000000
83680  57.137  18.594  39.135 0.0000000000
84450  58.043  19.437  36.445 0.0000000000
85200  58.194  20.352  34.618 0.0000000000
85965  57.475  21.227  32.585 0.0000000000
83732  50.162  18.928  30.707 0.0000000000
84517  51.694  19.552  30.479 0.0000000000
84516  52.543  19.914  30.362 0.0000000000
84547  51.965  19.901  26.061 0.0000000000
85251  52.461  20.133  28.743 0.0000000000
85223  54.404  20.486  30.917 0.0000000000
85233  55.341  20.986  30.254 0.0000000000
85995  56.660  21.497  31.098 0.0000000000
124932  55.747  22.738  30.770 0.0000000000
87447  53.966  23.331  29.793 0.0000000000
125084  51.533  23.213  28.217 0.0000000000
111015  50.113  22.665  27.076 0.0000000000
86043  49.759  21.644  24.575 0.0000000000
86037  48.965  21.367  24.969 0.0000000000
127250  47.904  21.261  25.880 0.0000000000
84556  47.805  19.387  26.246 0.0000000000
79253  45.130  12.567  26.207 0.0000000000
86685  44.774  23.040  33.619 0.0000000000
86664  45.677  22.527  34.716 0.0000000000
83653  42.728  18.426  41.600 0.0000000000
83669  44.082  18.190  40.690 0.0000000000
83670  43.165  18.205  40.754 0.0000000000
85955  55.931  22.183  34.707 0.0000000000
85956  54.608  21.990  34.836 0.0000000000
86661  55.462  22.359  33.991 0.0000000000
86680  53.997  22.347  33.066 0.0000000000
86701  55.037  22.758  32.272 0.0000000000
116091  49.062  18.326  32.805 0.0000000000
83704  49.737  18.574  33.383 0.0000000000
117566  49.024  18.326  32.022 0.0000000000
81592  51.708  16.100  21.792 0.0000000000
82998  51.925  17.636  21.507 0.0000000000
81593  50.532  16.170  21.900 0.0000000000
82277  50.263  16.902  21.766 0.0000000000
80877  48.982  14.389  22.781 0.0000000000
80876  49.692  14.616  22.555 0.0000000000
83624  57.663  18.554  42.463 0.0000000000
84422  58.064  18.993  41.800 0.0000000000
83642  58.477  18.992  40.914 0.0000000000
83661  58.203  18.666  40.582 0.0000000000
80828  49.745  14.587  26.421 0.0000000000
80840  49.840  15.154  25.882 0.0000000000
80839  50.432  14.682  25.794 0.0000000000
80110  56.374  13.825  22.754 0.0000000000
131728  55.835  13.635  22.515 0.0000000000
124518  55.004  13.554  22.393 0.0000000000
86015  44.522  21.980  27.925 0.0000000000
81463  47.652  15.015  39.644 0.0000000000
81456  48.264  15.209  39.900 0.0000000000
81462  48.286  15.324  39.337 0.0000000000
82165  48.187  15.769  38.488 0.0000000000
82168  47.664  16.017  37.695 0.0000000000
79956  44.443  13.149  37.785 0.0000000000
79958  44.383  13.382  36.902 0.0000000000
79995  45.471  13.874  31.376 0.0000000000
80781  45.577  14.622  31.399 0.0000000000
81512  45.581  15.275  31.805 0.0000000000
80780  45.919  15.105  31.033 0.0000000000
81527  46.391  14.750  30.222 0.0000000000
80011  46.359  13.790  30.251 0.0000000000
85959  50.857  21.357  34.841 0.0000000000
85947  50.498  21.320  35.679 0.0000000000
110581  50.011  21.253  35.044 0.0000000000
110583  49.632  21.246  35.802 0.0000000000
85960  49.581  21.264  34.525 0.0000000000
85971  48.531  21.435  33.590 0.0000000000
85970  49.589  21.391  33.664 0.0000000000
86777  49.209  22.735  28.502 0.0000000000
86778  48.534  22.635  28.231 0.0000000000
86790  48.271  22.430  27.500 0.0000000000
86030  47.025  21.738  26.695 0.0000000000
86802  48.019  22.062  26.497 0.0000000000
82858  51.472  17.202  40.762 0.0000000000
82857  52.091  17.423  41.184 0.0000000000
131107  53.380  19.598  34.221 0.0000000000
111512  54.247  19.588  35.126 0.0000000000
84478  53.927  19.735  33.573 0.0000000000
84477  55.201  19.836  33.596 0.0000000000
83776  50.876  18.278  25.197 0.0000000000
83767  50.763  18.751  25.941 0.0000000000
83766  51.539  19.074  25.176 0.0000000000
86034  53.201  22.225  24.852 0.0000000000
85265  53.325  21.851  25.593 0.0000000000
124383  53.251  22.288  25.567 0.0000000000
86027  53.963  22.784  26.752 0.0000000000
86798  53.352  22.495  26.163 0.0000000000
86799  52.449  22.707  25.876 0.0000000000
82985  47.758  16.857  23.376 0.0000000000
82248  47.014  16.544  23.790 0.0000000000
82974  46.963  16.783  24.698 0.0000000000
87436  44.464  23.131  31.621 0.0000000000
87444  44.959  23.190  31.024 0.0000000000
84417  45.586  19.365  42.591 0.0000000000
84426  45.027  19.133  41.838 0.0000000000
82864  45.449  17.429  40.276 0.0000000000
83667  45.892  18.062  40.691 0.0000000000
82147  45.957  16.451  40.076 0.0000000000
82146  46.907  16.015  40.328 0.0000000000
82154  46.480  15.357  39.941 0.0000000000
131457  55.039  21.119  38.382 0.0000000000
85907  54.333  21.257  38.173 0.0000000000
85917  54.685  21.463  37.313 0.0000000000
119493  53.565  21.856  34.507 0.0000000000
85931  53.312  21.562  36.174 0.0000000000
110877  52.734  21.622  34.980 0.0000000000
85968  51.862  21.651  33.540 0.0000000000
85984  52.386  22.014  32.661 0.0000000000
86725  52.745  22.694  31.276 0.0000000000
86726  51.855  22.559  31.076 0.0000000000
86746  51.744  22.905  30.240 0.0000000000
86763  50.369  22.892  29.345 0.0000000000
86762  51.299  23.023  29.461 0.0000000000
83692  50.738  18.641  36.657 0.0000000000
111295  51.269  18.648  37.249 0.0000000000
121679  50.571  18.879  33.582 0.0000000000
127430  51.389  19.152  34.458 0.0000000000
84473  51.301  19.155  33.749 0.0000000000
84480  51.983  19.402  33.192 0.0000000000
131656  55.181  18.586  22.141 0.0000000000
83782  54.539  19.592  22.386 0.0000000000
116400  54.690  19.645  21.903 0.0000000000
83800  52.522  19.349  21.522 0.0000000000
84577  53.624  20.636  21.880 0.0000000000
85301  52.818  20.645  21.883 0.0000000000
86052  53.267  21.376  22.770 0.0000000000
84578  51.823  20.337  22.136 0.0000000000
85295  51.543  20.611  22.672 0.0000000000
84588  51.319  19.648  22.095 0.0000000000
82266  48.994  16.820  22.275 0.0000000000
82991  49.437  17.653  22.449 0.0000000000
82992  48.764  17.113  22.609 0.0000000000
82259  48.030  16.652  22.890 0.0000000000
81585  47.721  16.168  22.742 0.0000000000
80878  47.809  15.584  22.752 0.0000000000
79284  48.121  12.818  23.769 0.0000000000
80100  47.627  13.590  23.871 0.0000000000
82159  41.294  17.100  39.960 0.0000000000
118662  41.777  16.540  39.425 0.0000000000
128037  41.079  16.496  39.522 0.0000000000
79948  43.279  13.161  38.580 0.0000000000
85186  58.415  19.839  38.233 0.0000000000
85187  57.629  20.335  38.731 0.0000000000
85915  57.776  20.951  37.047 0.0000000000
85928  57.684  21.301  36.313 0.0000000000
85927  58.198  20.922  35.850 0.0000000000
82216  47.985  16.945  28.836 0.0000000000
82948  48.656  17.118  27.589 0.0000000000
130257  50.285  16.096  25.213 0.0000000000
82240  49.463  16.800  26.141 0.0000000000
82239  49.993  16.750  25.494 0.0000000000
82962  50.419  17.484  25.304 0.0000000000
82247  50.585  16.692  24.849 0.0000000000
80850  54.094  14.480  24.523 0.0000000000
123327  54.242  16.124  23.481 0.0000000000
82257  53.579  16.913  23.381 0.0000000000
82256  55.150  17.038  22.704 0.0000000000
82981  54.441  17.854  22.777 0.0000000000
82255  55.844  16.844  22.133 0.0000000000
123631  53.932  14.674  22.069 0.0000000000
81580  53.570  15.418  21.832 0.0000000000
130431  52.881  14.734  22.164 0.0000000000
84413  48.851  19.048  43.048 0.0000000000
83612  49.727  18.859  43.261 0.0000000000
113992  50.246  18.255  42.588 0.0000000000
82835  49.985  17.761  41.925 0.0000000000
83633  47.703  18.995  42.092 0.0000000000
82851  47.852  17.550  40.994 0.0000000000
119836  49.216  15.901  40.285 0.0000000000
82152  49.631  16.204  39.834 0.0000000000
82143  49.904  16.428  40.441 0.0000000000
82873  49.939  16.814  39.191 0.0000000000
82880  49.723  17.196  38.422 0.0000000000
82889  47.798  17.205  36.117 0.0000000000
82888  48.474  17.582  36.469 0.0000000000
82893  48.328  17.703  35.618 0.0000000000
83701  48.895  18.159  34.646 0.0000000000
120343  48.314  17.811  34.820 0.0000000000
82157  43.558  16.355  39.471 0.0000000000
81467  44.020  15.406  39.379 0.0000000000
80743  45.479  13.992  38.788 0.0000000000
80737  45.379  14.256  39.197 0.0000000000
80742  46.105  14.249  38.630 0.0000000000
80751  45.982  14.571  37.618 0.0000000000
119154  44.014  13.802  34.209 0.0000000000
79969  44.121  13.947  35.057 0.0000000000
80761  44.344  14.461  34.335 0.0000000000
81493  45.310  15.623  34.599 0.0000000000
81491  44.987  15.219  35.106 0.0000000000
81490  45.495  15.543  35.494 0.0000000000
81489  46.105  15.958  35.830 0.0000000000
82177  46.525  16.491  35.284 0.0000000000
82181  46.369  16.568  34.338 0.0000000000
118542  46.415  16.525  32.183 0.0000000000
82910  47.766  17.585  32.390 0.0000000000
113222  47.102  16.882  31.083 0.0000000000
82925  47.505  17.092  30.396 0.0000000000
82209  46.896  16.352  30.492 0.0000000000
80810  47.515  14.788  28.624 0.0000000000
81535  47.277  15.548  29.106 0.0000000000
80809  48.012  14.772  27.911 0.0000000000
116721  48.618  14.797  27.285 0.0000000000
80053  48.657  13.993  27.734 0.0000000000
79225  48.122  12.744  29.463 0.0000000000
80039  50.500  13.256  28.106 0.0000000000
82853  40.526  17.242  41.494 0.0000000000
82141  38.673  15.810  41.877 0.0000000000
82150  39.190  16.250  41.081 0.0000000000
81458  39.066  15.923  40.221 0.0000000000
81459  38.418  15.492  40.380 0.0000000000
85910  50.236  21.431  38.416 0.0000000000
130819  50.766  21.580  39.293 0.0000000000
85902  50.152  21.571  39.076 0.0000000000
86637  49.899  21.982  39.521 0.0000000000
85903  49.451  21.711  39.005 0.0000000000
85904  48.793  21.732  38.645 0.0000000000
85936  48.266  21.188  36.267 0.0000000000
85963  47.019  21.573  34.858 0.0000000000
86683  46.405  22.164  34.153 0.0000000000
85973  47.167  21.716  34.023 0.0000000000
86708  47.478  22.186  32.476 0.0000000000
87442  46.397  22.876  31.074 0.0000000000
87441  47.131  22.771  30.881 0.0000000000
125175  50.508  21.851  32.127 0.0000000000
86706  49.557  21.905  31.893 0.0000000000
86728  49.495  22.419  30.869 0.0000000000
86766  47.499  22.853  29.116 0.0000000000
86767  46.529  22.881  29.304 0.0000000000
122393  46.008  22.606  28.436 0.0000000000
86022  45.353  21.913  27.463 0.0000000000
84544  46.603  20.290  27.228 0.0000000000
83610  52.131  18.242  44.082 0.0000000000
82831  53.192  17.516  42.204 0.0000000000
83628  53.253  17.541  43.104 0.0000000000
83645  54.114  17.862  41.775 0.0000000000
112747  55.386  17.962  42.354 0.0000000000
83663  55.056  18.397  40.320 0.0000000000
125985  52.328  19.076  37.039 0.0000000000
83683  52.485  18.530  38.669 0.0000000000
83687  53.099  19.193  37.304 0.0000000000
126822  54.538  19.363  36.978 0.0000000000
84446  55.358  19.165  37.480 0.0000000000
83681  55.488  18.658  38.955 0.0000000000
84441  56.355  18.800  38.198 0.0000000000
84440  57.899  18.784  38.314 0.0000000000
84445  57.129  19.085  37.263 0.0000000000
84476  56.513  19.985  33.235 0.0000000000
84467  57.466  19.751  34.543 0.0000000000
84475  57.368  20.127  33.683 0.0000000000
127283  57.796  21.085  33.430 0.0000000000
85203  57.528  20.669  33.254 0.0000000000
83742  49.287  18.455  29.544 0.0000000000
83733  49.469  18.578  30.414 0.0000000000
83741  50.017  18.906  29.822 0.0000000000
84528  50.693  19.265  29.266 0.0000000000
122818  51.399  19.511  29.665 0.0000000000
84526  52.291  19.913  29.576 0.0000000000
84553  52.289  19.930  25.253 0.0000000000
85273  52.822  20.885  25.415 0.0000000000
85249  53.654  21.572  27.344 0.0000000000
130626  52.839  20.758  27.517 0.0000000000
120241  53.190  20.470  28.996 0.0000000000
85242  53.283  20.331  29.858 0.0000000000
85234  54.301  20.664  30.057 0.0000000000
85241  55.099  21.415  29.473 0.0000000000
86013  55.086  22.626  28.442 0.0000000000
125820  55.659  21.690  29.976 0.0000000000
86007  55.667  22.270  29.739 0.0000000000
86722  56.595  22.222  31.184 0.0000000000
86743  55.583  22.739  29.943 0.0000000000
86744  54.686  23.123  30.480 0.0000000000
87456  54.370  23.312  29.022 0.0000000000
86800  51.386  22.794  26.749 0.0000000000
87469  52.292  23.362  28.010 0.0000000000
86776  50.767  22.987  27.864 0.0000000000
85288  50.219  20.436  23.683 0.0000000000
85281  50.456  21.336  23.914 0.0000000000
83768  48.611  18.791  24.931 0.0000000000
124765  49.019  20.427  24.827 0.0000000000
85274  48.372  20.913  25.407 0.0000000000
117951  48.370  21.657  25.679 0.0000000000
85275  47.881  20.535  25.993 0.0000000000
82234  46.153  16.628  26.052 0.0000000000
82956  47.282  17.821  26.307 0.0000000000
80092  46.094  14.108  24.403 0.0000000000
79261  45.848  12.713  25.717 0.0000000000
119963  43.774  23.004  32.110 0.0000000000
86710  45.486  22.975  32.929 0.0000000000
83651  44.557  18.657  41.246 0.0000000000
82865  44.523  17.580  40.210 0.0000000000
110269  55.831  21.470  37.028 0.0000000000
85930  55.036  21.620  36.439 0.0000000000
85966  53.506  21.988  33.807 0.0000000000
85967  52.932  21.953  33.323 0.0000000000
86702  53.947  22.599  32.161 0.0000000000
83696  49.581  18.444  35.109 0.0000000000
115634  50.392  18.754  34.861 0.0000000000
83700  50.065  18.664  34.231 0.0000000000
83703  50.360  18.837  32.942 0.0000000000
83713  50.522  18.941  32.387 0.0000000000
82997  53.264  17.696  21.407 0.0000000000
122383  54.002  18.487  21.459 0.0000000000
124331  51.616  18.471  21.593 0.0000000000
124258  50.815  18.484  21.874 0.0000000000
82999  50.684  17.689  21.727 0.0000000000
82278  49.604  16.559  21.993 0.0000000000
81583  48.928  16.137  22.255 0.0000000000
110132  48.707  15.310  22.543 0.0000000000
79283  48.691  12.822  23.381 0.0000000000
81470  40.445  16.051  39.372 0.0000000000
81469  41.319  15.897  39.124 0.0000000000
81478  40.769  15.277  38.880 0.0000000000
85173  57.759  19.545  40.463 0.0000000000
84438  58.639  18.975  40.369 0.0000000000
84437  58.731  19.032  39.623 0.0000000000
84439  58.609  19.120  38.707 0.0000000000
81548  48.749  15.502  26.891 0.0000000000
82230  48.588  16.297  27.215 0.0000000000
81547  49.340  15.352  26.349 0.0000000000
81553  50.352  15.386  25.387 0.0000000000
80849  55.688  14.703  23.869 0.0000000000
80859  56.490  14.421  23.302 0.0000000000
80860  56.115  15.517  22.699 0.0000000000
81568  56.093  15.899  22.225 0.0000000000
82254  56.064  16.409  22.083 0.0000000000
80872  56.052  15.319  22.145 0.0000000000
80873  55.143  14.559  22.098 0.0000000000
82862  47.384  16.799  40.602 0.0000000000
82144  48.497  15.457  40.171 0.0000000000
82153  48.912  15.614  39.705 0.0000000000
82881  49.099  16.835  38.142 0.0000000000
82167  48.422  16.491  37.880 0.0000000000
82171  48.038  16.917  37.029 0.0000000000
80745  43.715  13.929  38.903 0.0000000000
80738  44.439  14.456  39.228 0.0000000000
79946  44.865  13.586  38.333 0.0000000000
80770  44.611  14.062  32.641 0.0000000000
81497  44.584  14.830  33.768 0.0000000000
80763  44.731  14.777  33.008 0.0000000000
81496  45.089  15.450  33.651 0.0000000000
82185  45.591  15.936  33.193 0.0000000000
82182  45.702  16.098  33.992 0.0000000000
82194  45.802  15.974  32.399 0.0000000000
81521  46.398  15.696  30.712 0.0000000000
80799  46.990  14.660  29.353 0.0000000000
125663  47.440  14.122  28.865 0.0000000000
79224  49.006  12.499  29.595 0.0000000000
124371  50.824  12.868  29.346 0.0000000000
85920  51.487  21.393  37.262 0.0000000000
111106  51.640  21.399  38.122 0.0000000000
110586  50.705  21.354  37.171 0.0000000000
85921  50.058  21.338  37.676 0.0000000000
85922  49.261  21.298  37.386 0.0000000000
85935  49.107  21.241  36.500 0.0000000000
110582  48.920  21.194  35.802 0.0000000000
85949  48.438  21.189  35.280 0.0000000000
85962  47.872  21.347  34.444 0.0000000000
85988  48.267  21.735  32.744 0.0000000000
109991  48.185  22.082  32.028 0.0000000000
86748  49.792  22.700  30.007 0.0000000000
132993  49.222  22.589  30.305 0.0000000000
86765  48.510  22.805  28.991 0.0000000000
110774  46.736  22.198  27.403 0.0000000000
114248  46.080  21.831  27.086 0.0000000000
84549  47.242  20.415  26.597 0.0000000000
83630  51.493  18.153  43.250 0.0000000000
83629  52.384  17.757  43.184 0.0000000000
82846  52.316  17.403  41.856 0.0000000000
83646  52.986  17.734  41.220 0.0000000000
83665  53.116  18.193  40.182 0.0000000000
84462  52.725  19.418  35.530 0.0000000000
84461  53.713  19.506  35.870 0.0000000000
131020  54.430  19.464  36.411 0.0000000000
84460  55.103  19.537  35.712 0.0000000000
84451  56.732  19.423  36.093 0.0000000000
84468  56.382  19.757  34.084 0.0000000000
85204  55.962  20.196  32.618 0.0000000000
128683  49.628  18.204  27.248 0.0000000000
83748  49.879  18.816  28.792 0.0000000000
83762  50.401  18.775  26.879 0.0000000000
84543  50.867  19.340  27.365 0.0000000000
84534  51.502  19.777  27.776 0.0000000000
132393  53.454  21.616  23.935 0.0000000000
126049  54.883  21.911  28.476 0.0000000000
126679  54.488  22.053  27.663 0.0000000000
86020  54.695  22.659  27.718 0.0000000000
86775  54.797  23.002  27.775 0.0000000000
87467  54.250  23.327  28.270 0.0000000000
86787  53.885  22.988  26.763 0.0000000000
86788  52.822  22.972  26.650 0.0000000000
114006  51.183  22.614  25.785 0.0000000000
83786  49.039  18.023  23.426 0.0000000000
84562  49.592  19.909  24.143 0.0000000000
83778  48.833  18.377  24.185 0.0000000000
83769  48.177  18.601  25.527 0.0000000000
128261  47.610  17.594  25.322 0.0000000000
82241  46.248  16.507  25.113 0.0000000000
83625  56.745  18.069  42.984 0.0000000000
86769  44.364  22.740  29.176 0.0000000000
84424  46.665  19.253  42.190 0.0000000000
83649  46.304  18.662  41.288 0.0000000000
83650  45.411  18.666  41.201 0.0000000000
83666  46.843  17.865  40.819 0.0000000000
81464  47.349  15.184  40.056 0.0000000000
79959  43.911  12.981  36.332 0.0000000000
79970  43.762  13.204  34.610 0.0000000000
79976  43.926  13.132  33.688 0.0000000000
79983  44.388  13.319  32.838 0.0000000000
79982  44.967  13.412  32.011 0.0000000000
79994  45.975  13.331  30.832 0.0000000000
110015  53.295  21.326  38.292 0.0000000000
133235  52.965  21.436  37.740 0.0000000000
112893  53.981  21.557  36.736 0.0000000000
129890  53.085  21.495  37.043 0.0000000000
85932  52.300  21.463  36.519 0.0000000000
85945  52.018  21.463  35.578 0.0000000000
85946  51.286  21.395  35.395 0.0000000000
113168  51.122  21.461  34.121 0.0000000000
85969  50.710  21.531  33.358 0.0000000000
130417  50.649  21.671  32.692 0.0000000000
86705  51.169  22.191  31.629 0.0000000000
126560  50.274  22.542  30.588 0.0000000000
86747  50.732  22.777  30.058 0.0000000000
82878  51.095  17.571  39.338 0.0000000000
83677  51.744  18.140  39.030 0.0000000000
124247  51.342  18.469  37.832 0.0000000000
83688  51.829  18.759  37.438 0.0000000000
132150  52.200  19.168  36.569 0.0000000000
83694  51.034  18.978  35.040 0.0000000000
84455  52.068  19.243  36.054 0.0000000000
84471  52.683  19.481  34.604 0.0000000000
84479  52.883  19.585  33.596 0.0000000000
84494  52.880  19.671  32.516 0.0000000000
83784  52.683  18.625  23.693 0.0000000000
83783  53.694  19.727  23.247 0.0000000000
84561  53.640  20.810  23.474 0.0000000000
84576  54.151  20.243  21.826 0.0000000000
123235  53.889  20.881  22.623 0.0000000000
85280  53.441  21.491  23.332 0.0000000000
86047  53.169  21.858  23.280 0.0000000000
119158  52.683  22.064  23.495 0.0000000000
86041  52.276  22.334  23.964 0.0000000000
85287  51.117  20.938  23.302 0.0000000000
84580  50.278  19.214  22.943 0.0000000000
83793  50.695  18.941  22.202 0.0000000000
83794  50.027  18.534  22.605 0.0000000000
83785  49.694  18.604  23.145 0.0000000000
82984  48.519  17.268  23.074 0.0000000000
80864  46.532  15.332  23.430 0.0000000000
121359  46.509  13.308  24.813 0.0000000000
130317  47.671  14.289  23.461 0.0000000000
80091  47.007  13.509  24.375 0.0000000000
79273  47.054  12.727  24.775 0.0000000000
122156  42.707  17.684  40.244 0.0000000000
82876  42.220  17.164  39.777 0.0000000000
82158  42.647  16.476  39.408 0.0000000000
112080  43.108  15.618  39.216 0.0000000000
80739  42.719  14.743  38.928 0.0000000000
79139  44.006  12.697  37.943 0.0000000000
85183  55.139  20.593  39.662 0.0000000000
85188  55.878  20.811  38.649 0.0000000000
85182  56.590  20.318  39.523 0.0000000000
85194  56.692  20.935  38.120 0.0000000000
85929  56.440  21.710  36.141 0.0000000000
85942  56.537  21.977  35.274 0.0000000000
86660  57.101  22.001  34.525 0.0000000000
82918  48.223  17.750  30.795 0.0000000000
83726  48.983  18.310  31.124 0.0000000000
83743  48.632  17.901  29.344 0.0000000000
82938  49.045  17.844  27.878 0.0000000000
82229  48.979  16.936  26.828 0.0000000000
82947  49.141  17.550  27.225 0.0000000000
129206  50.361  18.079  25.751 0.0000000000
82970  51.866  17.587  23.940 0.0000000000
80838  52.041  14.419  25.103 0.0000000000
80852  51.908  15.157  24.521 0.0000000000
81560  54.140  15.160  23.950 0.0000000000
81561  52.922  15.510  24.033 0.0000000000
81562  51.966  15.945  24.068 0.0000000000
82246  51.374  16.674  24.262 0.0000000000
121591  55.073  18.750  22.236 0.0000000000
82995  55.272  17.992  21.800 0.0000000000
82265  55.894  16.724  21.982 0.0000000000
82273  55.267  17.175  21.693 0.0000000000
82274  53.824  16.963  21.459 0.0000000000
81591  52.962  16.100  21.669 0.0000000000
81581  52.181  15.301  22.059 0.0000000000
123361  51.248  14.960  22.269 0.0000000000
80875  50.721  14.362  22.478 0.0000000000
122245  51.059  13.354  22.691 0.0000000000
133600  50.976  18.056  42.701 0.0000000000
82834  50.835  17.602  42.082 0.0000000000
132811  51.071  16.932  41.140 0.0000000000
124737  47.475  19.374  43.405 0.0000000000
84414  48.039  19.204  42.825 0.0000000000
83632  48.556  18.743  42.236 0.0000000000
82850  48.825  17.263  41.233 0.0000000000
83647  49.117  18.033  41.762 0.0000000000
111964  50.105  16.632  40.983 0.0000000000
82859  50.678  16.790  40.738 0.0000000000
127417  51.070  17.161  40.140 0.0000000000
82879  50.446  17.526  38.694 0.0000000000
82883  50.066  17.763  37.918 0.0000000000
83689  49.947  18.201  37.193 0.0000000000
82887  49.189  17.966  36.794 0.0000000000
83705  48.982  18.268  33.498 0.0000000000
82899  48.387  17.998  33.104 0.0000000000
82874  44.046  17.018  39.757 0.0000000000
81466  44.987  15.048  39.503 0.0000000000
82155  45.493  15.745  39.759 0.0000000000
81476  46.907  14.586  38.999 0.0000000000
81481  47.066  15.167  38.027 0.0000000000
79962  44.191  13.692  35.989 0.0000000000
80756  44.678  14.113  36.495 0.0000000000
115876  45.310  14.413  37.000 0.0000000000
80759  44.573  14.711  35.096 0.0000000000
80755  45.017  14.842  35.914 0.0000000000
81482  46.457  15.229  37.312 0.0000000000
82169  46.946  15.860  37.059 0.0000000000
82176  47.175  16.826  35.690 0.0000000000
82184  46.938  17.070  33.828 0.0000000000
82897  47.639  17.490  34.342 0.0000000000
82900  47.652  17.559  33.422 0.0000000000
82909  48.363  17.897  31.696 0.0000000000
82931  47.724  16.975  29.481 0.0000000000
82217  47.637  16.327  28.907 0.0000000000
81540  48.262  15.575  27.604 0.0000000000
80067  49.907  13.918  26.913 0.0000000000
80010  46.896  13.358  29.785 0.0000000000
80029  47.185  13.786  29.308 0.0000000000
80028  47.870  13.395  28.903 0.0000000000
127868  49.465  12.794  29.004 0.0000000000
124722  48.488  13.502  28.385 0.0000000000
80052  49.441  13.771  27.470 0.0000000000
80066  50.629  13.695  26.936 0.0000000000
127644  41.831  18.132  41.788 0.0000000000
82868  41.131  17.520  40.801 0.0000000000
111209  39.845  16.739  41.300 0.0000000000
81471  39.589  15.748  39.517 0.0000000000
81454  38.170  15.481  41.362 0.0000000000
80732  38.107  14.969  39.783 0.0000000000
125532  48.514  21.420  37.862 0.0000000000
85912  47.712  21.618  37.804 0.0000000000
85924  47.258  21.556  37.170 0.0000000000
111328  46.215  22.640  33.193 0.0000000000
114078  46.130  22.850  32.374 0.0000000000
86709  46.700  22.537  32.615 0.0000000000
86732  46.115  22.919  31.690 0.0000000000
87443  45.710  23.023  31.139 0.0000000000
87451  45.358  23.081  30.387 0.0000000000
87462  45.062  22.921  29.502 0.0000000000
86707  48.763  21.870  32.159 0.0000000000
130757  48.242  22.507  31.009 0.0000000000
86749  48.661  22.570  30.551 0.0000000000
86750  47.875  22.668  30.620 0.0000000000
87450  46.549  22.939  30.294 0.0000000000
86768  45.577  22.750  28.940 0.0000000000
109969  44.694  22.492  28.538 0.0000000000
131429  45.712  21.595  27.207 0.0000000000
83609  53.136  17.770  44.096 0.0000000000
83626  55.409  17.789  43.359 0.0000000000
83644  56.793  18.252  41.970 0.0000000000
83676  52.392  18.181  39.579 0.0000000000
110312  53.230  18.523  39.233 0.0000000000
110313  54.023  18.435  39.815 0.0000000000
84447  54.091  19.220  37.502 0.0000000000
109995  54.242  18.672  38.964 0.0000000000
83674  56.003  18.489  39.768 0.0000000000
117338  57.306  18.506  40.004 0.0000000000
83679  58.353  18.775  39.102 0.0000000000
84444  58.275  19.264  37.598 0.0000000000
84449  58.471  19.766  36.731 0.0000000000
84458  57.729  19.593  35.416 0.0000000000
84457  58.284  19.837  35.714 0.0000000000
85196  58.419  20.214  35.811 0.0000000000
85940  58.254  20.777  35.212 0.0000000000
85954  57.913  21.274  34.342 0.0000000000
86659  57.371  21.877  33.450 0.0000000000
83725  49.534  18.567  31.659 0.0000000000
83724  50.240  18.886  31.633 0.0000000000
84518  50.780  19.233  30.176 0.0000000000
84496  51.060  19.181  31.969 0.0000000000
84508  51.724  19.462  31.420 0.0000000000
84507  52.583  19.694  31.622 0.0000000000
84506  53.566  20.045  31.650 0.0000000000
84554  51.475  19.362  25.803 0.0000000000
84542  51.701  19.791  26.901 0.0000000000
85266  52.541  20.647  26.324 0.0000000000
124604  52.244  20.199  28.058 0.0000000000
85224  53.271  20.112  30.800 0.0000000000
85215  54.531  20.334  31.672 0.0000000000
85214  55.464  20.425  31.887 0.0000000000
85221  56.480  20.908  31.224 0.0000000000
85232  56.111  21.275  30.610 0.0000000000
85212  57.056  21.143  31.728 0.0000000000
85994  57.035  21.668  31.461 0.0000000000
86721  57.031  22.087  31.734 0.0000000000
86700  56.307  22.582  32.182 0.0000000000
86723  54.863  22.934  31.439 0.0000000000
87448  52.826  23.248  30.026 0.0000000000
87468  53.165  23.432  28.139 0.0000000000
87457  53.245  23.408  29.112 0.0000000000
87449  52.182  23.209  29.554 0.0000000000
87459  50.964  23.069  28.734 0.0000000000
86789  49.678  22.727  27.867 0.0000000000
110050  49.033  22.493  27.019 0.0000000000
86815  51.807  22.406  24.550 0.0000000000
86809  50.919  22.348  25.022 0.0000000000
132622  49.997  22.068  24.834 0.0000000000
85282  49.630  20.928  24.340 0.0000000000
86036  49.960  22.306  25.652 0.0000000000
86028  48.931  22.169  26.015 0.0000000000
86029  47.720  21.574  26.194 0.0000000000
83757  47.193  19.399  27.002 0.0000000000
126150  47.715  18.403  26.053 0.0000000000
83763  47.437  18.664  26.615 0.0000000000
79297  49.338  12.864  23.076 0.0000000000
80099  48.224  13.645  23.437 0.0000000000
80113  50.204  13.782  22.670 0.0000000000
80115  48.840  13.668  23.075 0.0000000000
80826  51.255  14.237  25.764 0.0000000000
80863  47.317  15.075  23.176 0.0000000000
80871  56.279  14.813  22.669 0.0000000000
81457  47.983  15.142  40.068 0.0000000000
81465  45.971  14.748  39.541 0.0000000000
81554  49.670  15.940  25.772 0.0000000000
81578  56.058  16.140  21.951 0.0000000000
81589  55.569  16.410  21.758 0.0000000000
82173  46.728  16.286  36.180 0.0000000000
82201  47.028  17.030  31.855 0.0000000000
82258  52.320  16.770  23.740 0.0000000000
82267  48.393  16.492  22.541 0.0000000000
82847  51.436  17.258  41.552 0.0000000000
82849  49.702  17.129  41.366 0.0000000000
82930  48.176  17.386  29.224 0.0000000000
82963  49.878  17.516  25.896 0.0000000000
82973  47.656  17.175  24.207 0.0000000000
82980  55.421  17.894  22.101 0.0000000000
82996  54.607  17.900  21.515 0.0000000000
83000  49.644  17.290  22.029 0.0000000000
83660  58.675  18.945  40.149 0.0000000000
83662  56.700  18.394  40.798 0.0000000000
83673  58.301  18.677  39.768 0.0000000000
83675  54.866  18.543  39.542 0.0000000000
83684  51.164  18.124  38.484 0.0000000000
83690  51.680  18.954  36.686 0.0000000000
83695  50.474  18.721  35.628 0.0000000000
83749  49.092  18.186  28.680 0.0000000000
83756  50.126  18.842  27.780 0.0000000000
83777  49.431  18.915  23.818 0.0000000000
83791  55.296  18.393  22.114 0.0000000000
83792  55.018  19.171  22.027 0.0000000000
83801  51.431  19.163  21.792 0.0000000000
84415  47.361  19.285  42.687 0.0000000000
84443  58.454  19.584  37.784 0.0000000000
84466  58.114  19.877  34.953 0.0000000000
84472  51.997  19.358  34.117 0.0000000000
84493  53.917  20.036  32.289 0.0000000000
84509  50.922  19.226  31.082 0.0000000000
84567  54.508  20.157  22.132 0.0000000000
84569  50.672  20.028  23.081 0.0000000000
84586  53.247  20.173  21.619 0.0000000000
85180  58.488  19.458  39.026 0.0000000000
85189  54.712  20.927  38.914 0.0000000000
85193  57.722  20.632  37.827 0.0000000000
85198  58.384  20.105  35.225 0.0000000000
85201  57.816  20.506  33.924 0.0000000000
85213  56.578  20.648  31.930 0.0000000000
85222  55.482  20.716  31.031 0.0000000000
85250  53.064  20.657  28.175 0.0000000000
85259  52.272  20.334  27.231 0.0000000000
85260  45.765  21.025  27.254 0.0000000000
85286  54.021  20.621  22.126 0.0000000000
85294  52.566  21.035  22.339 0.0000000000
85914  58.298  20.519  36.492 0.0000000000
85944  53.529  21.697  35.328 0.0000000000
85948  49.225  21.198  35.151 0.0000000000
85983  57.269  21.611  31.889 0.0000000000
86021  54.247  22.586  27.084 0.0000000000
86040  53.281  22.146  23.937 0.0000000000
86042  50.873  22.046  24.240 0.0000000000
86638  49.123  22.244  39.274 0.0000000000
86679  55.216  22.541  33.143 0.0000000000
86681  53.215  22.260  32.664 0.0000000000
86699  57.182  22.077  32.424 0.0000000000
86704  52.066  22.277  31.874 0.0000000000
86742  56.116  22.054  30.421 0.0000000000
86745  53.410  23.107  30.620 0.0000000000
86760  55.386  22.672  29.169 0.0000000000
86761  54.972  23.092  29.447 0.0000000000
86791  47.481  22.197  27.182 0.0000000000
86792  45.914  22.248  27.615 0.0000000000
86801  49.644  22.428  26.438 0.0000000000
86807  53.055  22.444  25.242 0.0000000000
87458  52.038  23.284  28.772 0.0000000000
87474  54.116  23.204  27.433 0.0000000000
87476  51.944  23.120  27.498 0.0000000000
112175  48.970  22.715  29.795 0.0000000000
118438  52.338  19.719  30.961 0.0000000000
118513  49.140  17.213  22.366 0.0000000000
118837  54.184  20.946  29.164 0.0000000000
120316  56.926  21.427  36.820 0.0000000000
120466  52.838  18.505  21.407 0.0000000000
120507  52.488  18.837  37.787 0.0000000000
121636  49.443  15.492  22.316 0.0000000000
121918  49.172  21.903  25.172 0.0000000000
123498  51.188  15.560  22.064 0.0000000000
124858  46.999  12.131  25.125 0.0000000000
125047  49.667  18.657  31.105 0.0000000000
128267  55.805  22.744  31.526 0.0000000000
128277  54.171  19.642  34.357 0.0000000000
128983  57.887  20.047  34.331 0.0000000000
130181  48.825  18.077  35.205 0.0000000000
131468  56.496  22.294  33.980 0.0000000000
131779  54.589  20.221  32.156 0.0000000000
132655  56.076  16.277  22.254 0.0000000000
132975  45.983  22.984  30.571 0.0000000000
133011  41.636  17.869  41.085 0.0000000000
