#!ascii label  , from subject sub-v2s10x30165_ses-1 vox2ras=TkReg
1699
6020  11.696  -71.007  1.126 0.6999999881
5436  11.516  -71.650  1.455 0.8000000119
4857  12.643  -72.492  2.456 0.8000000119
4312  12.327  -73.228  2.747 0.6999999881
112541  10.746  -70.332  0.455 0.6000000238
5446  10.833  -71.118  0.921 0.6000000238
4870  11.362  -72.441  1.703 0.6000000238
6039  10.201  -69.844  -0.389 0.6000000238
5410  13.184  -72.171  2.744 0.8000000119
4841  13.040  -72.731  3.272 0.6999999881
4826  13.120  -73.005  4.159 0.6999999881
3809  12.324  -74.204  4.067 0.6999999881
6030  11.691  -70.320  0.683 0.6000000238
5435  12.327  -71.464  1.587 0.6999999881
4296  12.616  -73.464  3.663 0.6999999881
6047  10.238  -70.903  -1.771 0.6000000238
5473  11.552  -71.808  -2.309 0.6000000238
4928  12.164  -72.427  -3.273 0.6000000238
4916  11.538  -72.389  -2.653 0.6000000238
5392  13.817  -71.930  4.167 0.8000000119
132136  13.991  -71.885  4.891 0.8000000119
4812  13.414  -72.880  5.556 0.6999999881
4254  13.295  -73.314  6.348 0.6999999881
4255  13.109  -73.802  7.262 0.6999999881
5409  13.533  -72.032  3.368 0.8000000119
4825  13.534  -72.475  4.738 0.6999999881
127296  12.850  -73.905  6.272 0.6999999881
5434  13.112  -71.272  1.771 0.6999999881
4840  13.431  -72.435  3.936 0.8000000119
4813  13.127  -73.125  4.896 0.6999999881
6019  12.508  -70.826  1.204 0.6999999881
6038  10.997  -69.728  0.131 0.6999999881
6058  10.219  -69.579  -1.889 0.6000000238
6601  10.203  -69.268  -1.400 0.6000000238
4915  12.530  -72.198  -2.705 0.6000000238
124465  13.253  -71.434  -4.637 0.6000000238
6076  13.426  -69.896  -6.556 0.6999999881
110971  12.313  -69.661  -6.383 0.6000000238
5525  14.360  -70.794  -8.003 0.5000000000
6096  13.691  -70.224  -7.490 0.6000000238
130951  15.077  -72.331  -8.216 0.5000000000
5377  14.411  -71.481  5.520 0.8999999762
4796  13.784  -72.578  6.419 0.8000000119
118976  14.105  -72.252  7.495 0.6999999881
5408  14.136  -71.456  3.513 0.6999999881
5391  14.339  -71.471  4.516 0.8999999762
4245  13.466  -73.330  8.139 0.6999999881
6018  13.392  -70.655  1.311 0.8000000119
5424  14.195  -71.179  2.691 0.8000000119
6029  12.713  -70.187  0.730 0.8000000119
6599  12.176  -68.976  -0.377 0.6999999881
6600  10.879  -69.090  -0.620 0.8000000119
6611  10.470  -68.828  -2.091 0.8000000119
6056  11.886  -70.818  -2.440 0.6999999881
5472  12.811  -71.736  -2.511 0.6999999881
4927  13.178  -72.369  -3.157 0.6000000238
5502  14.049  -70.509  -5.739 0.6999999881
6095  14.449  -70.153  -7.754 0.6999999881
5968  14.860  -70.992  4.971 0.8999999762
5364  14.278  -71.847  6.490 0.8000000119
4784  13.757  -72.663  8.308 0.6999999881
5997  14.724  -70.910  3.139 0.8000000119
5982  14.801  -71.017  4.034 0.8000000119
6008  14.609  -70.726  2.283 0.6999999881
6598  13.321  -68.952  -0.221 0.6999999881
115902  13.934  -69.488  0.348 0.6000000238
6589  12.978  -69.546  0.269 0.8000000119
7217  11.401  -68.483  -1.235 0.8000000119
6623  11.262  -69.169  -2.855 0.8000000119
6055  13.097  -70.984  -2.423 0.6999999881
4926  14.020  -72.168  -3.191 0.8000000119
132451  13.281  -72.077  -2.718 0.6999999881
5489  14.924  -71.742  -4.136 0.8000000119
6084  15.344  -70.308  -7.031 0.6999999881
4936  14.299  -72.012  -3.786 0.6999999881
6094  15.193  -70.210  -7.764 0.6999999881
6075  14.519  -70.237  -6.514 0.6999999881
7810  7.770  -67.720  1.087 0.6000000238
7822  8.054  -67.055  0.701 0.6000000238
7839  6.798  -67.365  -1.070 0.6000000238
8518  6.393  -66.826  -2.343 0.6999999881
115841  14.946  -70.865  5.954 0.8999999762
5352  14.573  -71.369  7.727 0.6999999881
110039  14.996  -69.863  1.135 0.6000000238
6597  14.351  -68.914  -0.103 0.6000000238
6588  14.774  -69.424  0.517 0.6000000238
124590  12.572  -68.367  -0.923 0.6999999881
7867  11.694  -67.852  -3.312 0.6999999881
7240  11.520  -67.779  -2.709 0.6999999881
7116  13.134  -68.833  8.805 0.6999999881
6516  12.452  -69.000  8.282 0.6999999881
6633  11.516  -68.305  -3.278 0.8000000119
7241  10.989  -68.402  -2.743 0.8000000119
7739  13.303  -67.441  8.180 0.6000000238
7132  12.588  -68.100  7.901 0.6000000238
7133  11.969  -68.891  7.437 0.6999999881
6622  12.261  -69.815  -2.980 0.6999999881
7144  11.953  -68.251  6.802 0.5000000000
6541  11.148  -69.282  6.081 0.6999999881
116443  15.252  -71.366  -2.891 0.8000000119
133484  13.964  -70.963  -2.445 0.8000000119
7747  12.373  -67.589  6.807 0.5000000000
7152  11.952  -67.720  6.115 0.5000000000
5500  15.655  -71.019  -5.835 0.6999999881
7758  12.302  -67.207  5.552 0.5000000000
8425  12.689  -66.787  4.615 0.6000000238
7782  12.042  -66.951  4.117 0.5000000000
7771  11.505  -67.498  4.522 0.6000000238
7171  10.231  -68.183  3.818 0.6999999881
7182  9.143  -68.233  2.804 0.6999999881
7783  11.368  -67.152  3.746 0.5000000000
7784  10.576  -67.400  3.314 0.6000000238
7785  9.814  -67.887  3.129 0.6000000238
7809  8.409  -67.391  1.479 0.6000000238
8435  12.708  -66.577  3.644 0.6000000238
7796  10.007  -67.293  2.751 0.6000000238
8470  9.515  -66.511  1.471 0.6000000238
8449  11.911  -66.403  2.635 0.5000000000
8436  11.274  -66.752  2.950 0.5000000000
127522  9.299  -66.139  0.766 0.6000000238
8503  7.438  -66.806  -1.007 0.6000000238
8517  7.637  -66.220  -2.162 0.6999999881
10051  6.441  -65.353  -2.415 0.6000000238
9238  5.677  -65.847  -2.171 0.6999999881
8469  10.324  -66.375  1.774 0.6000000238
8485  9.926  -65.866  1.038 0.6000000238
8486  8.778  -66.080  0.115 0.6000000238
9237  8.359  -65.786  -1.883 0.6999999881
133567  7.422  -65.193  -2.869 0.5000000000
5363  14.675  -71.236  6.524 0.8999999762
6007  15.262  -70.409  2.697 0.6000000238
5996  15.334  -70.536  3.572 0.6999999881
5938  14.710  -70.444  8.380 0.8000000119
132228  13.308  -72.043  9.256 0.6999999881
5921  14.151  -70.208  9.008 0.6999999881
7216  13.728  -68.350  -0.730 0.6999999881
7115  13.969  -68.661  9.014 0.8000000119
7726  14.133  -67.678  8.729 0.6999999881
7738  13.856  -66.837  8.115 0.6000000238
6620  14.622  -70.443  -2.704 0.8000000119
6630  13.937  -69.502  -3.333 0.8000000119
5469  16.083  -71.021  -2.963 0.8000000119
131260  13.318  -66.992  7.742 0.5000000000
5479  15.886  -71.451  -3.420 0.8000000119
7757  12.737  -66.971  6.361 0.5000000000
8400  14.120  -66.107  6.435 0.5000000000
8411  14.051  -66.067  5.310 0.6000000238
116903  13.425  -66.453  5.911 0.6000000238
8424  13.362  -66.383  3.986 0.6000000238
8434  13.201  -66.206  3.197 0.6000000238
10021  6.369  -64.545  -1.062 0.5000000000
8468  11.288  -66.274  2.092 0.5000000000
10032  6.700  -64.402  -1.855 0.5000000000
10033  6.015  -65.209  -1.616 0.6000000238
9207  10.840  -65.800  1.252 0.6000000238
9220  9.539  -65.584  -0.016 0.6999999881
8501  8.852  -65.636  -0.957 0.6999999881
8534  7.451  -65.727  -2.735 0.6999999881
9206  11.721  -65.661  1.460 0.6000000238
9232  8.934  -65.189  -2.279 0.6000000238
9218  11.249  -65.232  0.684 0.6999999881
9231  10.118  -64.954  -0.567 0.6000000238
10020  9.813  -64.564  -1.916 0.5000000000
5981  15.369  -70.566  4.464 0.6999999881
5967  15.400  -70.498  5.383 0.6999999881
5950  15.455  -70.375  6.354 0.6999999881
5951  15.085  -70.671  7.160 0.8000000119
5937  15.386  -69.927  7.876 0.6999999881
7114  14.849  -68.458  8.807 0.6999999881
114879  14.632  -69.469  8.815 0.6999999881
10705  7.571  -64.296  0.754 0.5000000000
9940  14.935  -65.083  5.313 0.5000000000
8423  13.963  -66.025  4.357 0.6000000238
10014  6.812  -64.959  0.477 0.5000000000
9157  14.329  -65.426  3.906 0.5000000000
126070  15.145  -64.528  4.978 0.5000000000
9172  13.768  -65.864  3.506 0.6000000238
8467  12.197  -66.038  2.142 0.6000000238
10048  8.309  -64.612  -3.028 0.5000000000
9968  14.630  -64.625  3.520 0.5000000000
9171  14.109  -65.239  3.040 0.6000000238
9204  13.201  -65.291  1.905 0.6000000238
9988  13.784  -64.982  2.271 0.6000000238
6552  15.977  -70.123  4.843 0.6999999881
6540  15.985  -70.000  5.793 0.6999999881
6527  15.946  -69.872  6.910 0.6999999881
10013  11.569  -64.539  0.000 0.5000000000
9948  15.120  -64.063  4.288 0.5000000000
10031  10.519  -63.811  -2.108 0.5000000000
9987  14.294  -64.533  2.671 0.5000000000
10001  13.431  -64.617  1.538 0.5000000000
9217  12.072  -65.037  0.923 0.5000000000
9230  10.801  -64.864  -0.046 0.5000000000
10018  12.147  -63.961  -0.417 0.5000000000
10752  11.270  -63.132  -2.039 0.5000000000
10701  14.169  -63.475  1.681 0.5000000000
126667  13.090  -63.295  -0.364 0.5000000000
10030  11.205  -63.724  -1.467 0.5000000000
10690  14.449  -63.791  2.404 0.5000000000
10702  13.656  -63.862  1.190 0.5000000000
10012  12.447  -64.413  0.419 0.5000000000
130057  14.929  -63.873  3.506 0.5000000000
10000  13.957  -64.228  1.964 0.5000000000
11491  13.537  -62.869  -0.132 0.5000000000
9972  6.534  -64.694  3.673 0.6000000238
9992  6.094  -65.185  2.846 0.6000000238
9990  8.254  -64.809  2.928 0.5000000000
10658  6.493  -63.723  4.425 0.6999999881
10678  5.429  -63.902  3.717 0.6000000238
9973  5.537  -64.653  3.175 0.6000000238
11434  4.012  -62.062  3.817 0.6999999881
11431  7.116  -62.923  5.031 0.6000000238
10659  5.376  -62.946  4.195 0.6999999881
10679  4.292  -62.840  3.395 0.6999999881
9974  4.320  -63.836  2.768 0.6999999881
129705  3.997  -61.449  4.110 0.8000000119
11413  7.860  -62.610  5.275 0.5000000000
10657  7.613  -63.853  4.656 0.5000000000
132318  4.699  -62.461  4.047 0.8000000119
131961  5.872  -61.999  4.785 0.6000000238
12982  2.781  -59.956  5.122 0.6999999881
12181  9.096  -61.862  5.476 0.5000000000
10640  9.143  -63.570  4.939 0.5000000000
12981  3.773  -60.163  4.539 0.6999999881
12206  2.866  -61.162  4.387 0.6999999881
12204  4.646  -61.075  4.401 0.6999999881
129270  6.470  -62.003  4.993 0.6999999881
115737  2.761  -60.105  6.418 0.6999999881
13789  3.518  -59.086  4.810 0.6999999881
12201  7.635  -61.053  5.027 0.6000000238
12203  5.780  -61.334  4.705 0.8000000119
13742  9.955  -59.127  7.699 0.6999999881
13743  8.976  -59.308  7.521 0.8000000119
124019  10.456  -60.000  5.607 0.4000000060
12935  3.178  -59.389  7.181 0.6999999881
13766  9.718  -60.135  5.088 0.5000000000
13767  2.807  -59.285  5.551 0.6999999881
12956  9.013  -60.739  5.095 0.6000000238
12977  8.157  -60.398  4.582 0.6000000238
12980  5.177  -60.450  4.420 0.6999999881
12202  6.745  -61.117  4.897 0.8000000119
12979  6.227  -60.356  4.351 0.8000000119
17352  3.275  -55.930  15.760 0.5000000000
115455  3.025  -56.204  15.313 0.5000000000
133368  3.730  -57.110  15.449 0.5000000000
123928  10.307  -56.846  10.814 0.5000000000
16432  10.277  -57.096  8.348 0.6000000238
16416  9.893  -56.692  9.265 0.6000000238
15517  9.763  -57.075  12.340 0.6000000238
15500  7.977  -57.438  14.485 0.6000000238
15551  11.469  -58.036  9.247 0.6999999881
15539  10.640  -56.937  10.049 0.6999999881
14623  10.480  -58.649  8.032 0.6999999881
14601  11.915  -58.453  10.078 0.6999999881
14635  3.828  -58.285  7.227 0.6999999881
14634  4.961  -58.415  7.305 0.6999999881
14648  5.941  -58.135  6.179 0.8000000119
13765  10.222  -59.261  4.981 0.5000000000
14651  3.242  -58.191  6.258 0.6999999881
12976  8.783  -59.839  4.370 0.6000000238
14681  3.894  -58.252  4.811 0.8000000119
13786  6.683  -59.497  3.615 0.6999999881
13810  4.452  -58.481  4.090 0.8000000119
13788  4.629  -59.487  4.208 0.8000000119
18220  4.043  -55.385  15.319 0.5000000000
18221  3.098  -55.492  15.031 0.6000000238
18234  2.752  -54.644  13.815 0.5000000000
17358  2.683  -55.461  14.213 0.6000000238
121426  3.055  -56.152  14.386 0.6000000238
15502  4.536  -57.301  15.003 0.6000000238
132085  3.799  -56.536  13.929 0.6000000238
110881  5.532  -57.262  14.152 0.5000000000
15540  9.330  -56.606  10.143 0.5000000000
15529  9.403  -56.791  11.304 0.5000000000
15566  9.571  -56.646  7.739 0.6000000238
127972  9.096  -56.909  11.972 0.6000000238
111775  9.316  -57.318  13.209 0.6999999881
15501  6.757  -57.395  14.304 0.6000000238
115533  9.454  -56.793  6.923 0.6000000238
113332  10.624  -58.015  7.994 0.6999999881
15538  12.024  -57.794  10.829 0.6999999881
15528  10.626  -57.046  11.649 0.6999999881
15516  10.844  -57.308  12.537 0.8000000119
15508  8.617  -57.399  13.851 0.6999999881
16458  9.038  -56.990  6.038 0.6999999881
14645  9.274  -58.589  6.774 0.6999999881
15584  8.258  -57.268  5.504 0.6999999881
14646  8.415  -58.248  5.974 0.8000000119
14664  6.682  -57.702  5.371 0.8000000119
14647  7.348  -58.476  6.180 0.8000000119
13783  9.305  -59.096  4.196 0.5000000000
132119  9.183  -57.600  3.336 0.6000000238
14666  4.960  -57.448  5.259 0.8000000119
14665  5.607  -57.494  5.260 0.8000000119
13785  7.760  -59.550  3.792 0.6000000238
14679  8.511  -58.538  3.392 0.6999999881
120159  5.461  -57.397  3.858 0.8000000119
13807  7.081  -58.807  3.059 0.6999999881
14690  5.750  -58.047  3.083 0.6999999881
13787  5.716  -59.499  3.746 0.8000000119
118279  4.865  -54.809  14.634 0.4000000060
121217  3.391  -54.962  14.614 0.5000000000
18235  2.300  -54.822  13.351 0.4000000060
16398  2.699  -55.624  13.750 0.5000000000
15512  4.382  -56.623  13.016 0.5000000000
121263  9.085  -56.298  8.596 0.5000000000
15530  8.331  -56.873  11.603 0.6000000238
15531  7.381  -56.964  11.775 0.6000000238
15510  6.080  -57.235  13.472 0.6000000238
16459  8.950  -56.058  6.549 0.6000000238
111774  8.328  -57.250  13.028 0.6999999881
15509  7.662  -57.328  13.587 0.6999999881
16470  8.386  -56.132  5.532 0.6000000238
14663  7.598  -57.741  5.418 0.8000000119
15632  7.609  -57.198  2.773 0.6999999881
15633  6.196  -57.415  3.181 0.6999999881
15599  5.694  -57.114  4.527 0.8000000119
15617  6.465  -56.644  4.199 0.8000000119
119408  7.568  -58.147  2.784 0.6999999881
19114  5.405  -54.190  14.041 0.4000000060
133003  7.083  -54.287  14.841 0.4000000060
19120  2.319  -54.057  13.037 0.5000000000
19119  3.085  -53.680  13.335 0.4000000060
18218  7.305  -54.034  15.347 0.5000000000
16397  2.885  -55.697  12.711 0.5000000000
16406  5.158  -56.236  11.698 0.5000000000
15521  5.249  -56.732  12.377 0.5000000000
16421  5.398  -55.808  11.304 0.5000000000
119568  6.691  -57.061  12.225 0.6999999881
129421  7.006  -57.308  5.079 0.8000000119
15630  9.135  -56.937  3.174 0.6000000238
15631  8.340  -56.750  2.981 0.6000000238
118790  8.231  -55.994  3.297 0.6999999881
17443  7.551  -55.877  4.341 0.6999999881
16497  6.710  -56.774  3.426 0.6999999881
20005  7.090  -52.638  15.666 0.3000000119
20020  3.549  -52.778  12.913 0.4000000060
19118  4.408  -53.498  13.504 0.3000000119
19117  5.812  -53.479  13.593 0.4000000060
19116  7.034  -53.351  13.841 0.4000000060
19112  7.372  -53.696  14.630 0.4000000060
19106  7.615  -53.192  15.117 0.5000000000
18240  2.185  -54.558  12.504 0.4000000060
20004  7.597  -52.177  15.159 0.3000000119
17366  2.346  -55.215  12.869 0.4000000060
16405  6.085  -56.283  11.450 0.5000000000
16408  3.226  -55.647  11.841 0.4000000060
119458  7.015  -55.892  10.965 0.6000000238
18249  2.438  -54.745  10.883 0.4000000060
16420  6.197  -55.895  11.193 0.4000000060
17371  3.514  -55.430  11.124 0.5000000000
123191  7.705  -56.404  4.988 0.6999999881
16496  7.068  -56.244  4.024 0.6999999881
130529  7.298  -53.256  15.705 0.4000000060
19111  7.755  -52.950  14.257 0.4000000060
20921  7.928  -51.555  14.723 0.3000000119
19126  2.588  -53.145  12.644 0.3000000119
17386  2.982  -54.964  10.511 0.4000000060
116710  5.086  -54.693  10.825 0.4000000060
17385  3.808  -55.051  10.568 0.4000000060
20019  4.840  -52.712  13.041 0.3000000119
20018  6.128  -52.696  13.200 0.3000000119
20013  8.148  -52.190  13.865 0.3000000119
20920  8.374  -51.617  14.200 0.3000000119
20029  4.063  -52.000  12.524 0.3000000119
19137  2.143  -53.655  11.340 0.3000000119
18266  3.317  -54.433  9.856 0.3000000119
18267  2.719  -54.402  10.071 0.3000000119
18265  4.286  -54.382  10.054 0.3000000119
20017  7.321  -52.467  13.425 0.3000000119
20925  8.376  -51.469  13.532 0.3000000119
20027  6.317  -52.078  12.853 0.3000000119
20926  7.784  -51.714  13.141 0.3000000119
119143  3.084  -52.311  10.396 0.3000000119
19154  3.652  -53.780  9.231 0.3000000119
19153  4.503  -53.334  9.210 0.3000000119
20922  7.249  -51.360  15.105 0.3000000119
20028  5.226  -51.900  12.609 0.3000000119
113124  5.897  -51.483  12.450 0.3000000119
20057  3.777  -52.379  9.342 0.3000000119
116113  11.446  -68.406  5.882 0.6000000238
7162  11.140  -68.155  4.952 0.6999999881
7163  10.558  -68.529  4.531 0.6999999881
7172  9.566  -68.688  3.514 0.6999999881
16395  4.561  -56.373  12.181 0.4000000060
15532  5.977  -56.749  11.907 0.6000000238
21757  8.243  -50.857  14.392 0.3000000119
5437  10.808  -71.837  1.279 0.6999999881
3798  12.448  -74.306  4.957 0.6999999881
6590  11.889  -69.592  0.187 0.8000000119
5490  14.074  -71.487  -4.655 0.6999999881
6028  13.654  -70.065  0.805 0.6000000238
5353  14.049  -71.869  8.552 0.6999999881
6621  13.479  -70.239  -2.811 0.8000000119
5501  14.901  -71.111  -5.199 0.6999999881
5488  15.836  -71.561  -4.393 0.8000000119
8535  6.951  -66.278  -2.592 0.6999999881
7759  11.687  -67.694  5.315 0.5000000000
7797  9.418  -67.542  2.498 0.6000000238
9233  5.225  -65.893  -1.376 0.6000000238
9219  10.423  -65.396  0.403 0.6999999881
6503  13.704  -69.571  9.092 0.8000000119
116537  14.277  -66.305  7.540 0.5000000000
8401  13.444  -66.621  7.103 0.6000000238
9188  13.449  -65.662  2.690 0.6000000238
14667  3.868  -57.784  5.493 0.8000000119
3392  18.635  -75.657  -1.744 0.4000000060
111559  18.742  -75.744  -0.879 0.4000000060
3891  18.048  -74.955  -5.461 0.3000000119
112921  19.014  -76.047  -2.799 0.4000000060
127178  19.584  -76.511  -2.359 0.4000000060
2966  19.334  -76.219  -0.518 0.4000000060
113490  19.383  -73.437  -5.246 0.4000000060
4368  18.799  -73.443  -4.443 0.5000000000
4353  17.745  -73.717  -2.723 0.5000000000
4378  18.806  -73.884  -6.237 0.3000000119
4369  18.386  -73.937  -5.154 0.4000000060
3393  18.061  -75.076  -2.380 0.4000000060
3896  18.226  -74.636  -6.282 0.3000000119
3887  17.991  -74.665  -3.992 0.3000000119
125758  18.439  -75.502  -3.218 0.3000000119
4386  19.278  -73.988  -7.249 0.4000000060
4377  19.754  -73.602  -6.411 0.4000000060
4393  19.525  -73.906  -8.186 0.3000000119
4387  18.459  -74.491  -7.139 0.3000000119
3910  17.349  -74.793  -7.970 0.4000000060
3913  17.888  -74.522  -8.205 0.3000000119
131410  16.036  -73.343  -8.498 0.4000000060
4395  16.206  -73.989  -8.323 0.4000000060
4396  15.243  -73.247  -8.111 0.4000000060
4385  20.231  -73.643  -7.562 0.4000000060
4392  20.543  -73.305  -8.753 0.4000000060
119264  19.505  -73.520  -8.984 0.4000000060
4404  19.833  -72.978  -9.336 0.4000000060
5528  21.556  -71.766  -9.195 0.5000000000
130965  18.790  -73.856  -8.927 0.4000000060
5537  18.664  -71.889  -9.019 0.4000000060
4402  16.663  -73.725  -8.683 0.4000000060
121382  16.498  -72.798  -8.757 0.5000000000
5538  17.779  -71.999  -8.976 0.4000000060
4403  15.698  -72.307  -8.499 0.4000000060
133301  12.080  -69.519  -6.927 0.6000000238
5526  13.597  -71.069  -7.661 0.4000000060
5519  21.058  -71.411  -8.739 0.6000000238
5520  20.178  -71.387  -8.209 0.6000000238
5530  18.904  -71.549  -8.737 0.6000000238
5521  18.602  -71.307  -7.910 0.6000000238
5522  17.636  -71.175  -8.299 0.6000000238
5511  17.854  -71.283  -7.230 0.6999999881
5532  16.785  -71.051  -8.428 0.5000000000
6093  16.002  -70.477  -7.599 0.6000000238
5513  16.369  -71.013  -6.495 0.6999999881
5497  19.440  -71.061  -6.187 0.6999999881
5498  18.696  -70.991  -5.334 0.6999999881
5509  19.699  -71.285  -7.284 0.6000000238
114904  18.473  -71.378  -5.950 0.6999999881
6060  16.745  -70.565  -3.277 0.6999999881
6629  15.459  -70.260  -2.861 0.6999999881
6631  12.826  -69.166  -3.530 0.6999999881
121700  17.462  -71.401  -6.067 0.6999999881
5487  16.802  -71.374  -3.893 0.6999999881
121220  16.857  -71.436  -5.064 0.6999999881
6066  17.990  -70.337  -4.333 0.5000000000
6628  16.625  -69.795  -3.412 0.6000000238
5477  17.351  -70.812  -3.792 0.6999999881
120361  15.812  -69.676  -3.244 0.6000000238
125216  14.951  -69.641  -3.226 0.6999999881
125253  14.315  -68.798  -3.896 0.6999999881
5499  17.903  -71.339  -5.088 0.6999999881
7250  13.297  -68.568  -4.012 0.6999999881
7252  11.940  -67.916  -3.746 0.6000000238
7249  15.229  -69.050  -3.739 0.6000000238
7260  14.839  -68.183  -4.478 0.6000000238
7262  12.906  -67.831  -4.331 0.6000000238
7892  13.141  -67.156  -4.636 0.6000000238
7204  15.270  -68.864  0.121 0.5000000000
126546  12.013  -75.044  4.503 0.6000000238
3810  11.909  -74.782  3.572 0.6000000238
7880  12.219  -67.396  -3.798 0.6000000238
7851  12.432  -67.303  -2.500 0.6000000238
7850  13.658  -67.316  -1.916 0.5000000000
7227  14.029  -67.822  -1.205 0.5000000000
3323  12.195  -75.213  6.955 0.6000000238
3771  12.596  -74.459  6.653 0.6000000238
3788  12.169  -74.957  5.421 0.6000000238
8550  12.703  -66.998  -4.279 0.6000000238
7865  13.224  -66.785  -2.830 0.5000000000
7228  13.017  -67.770  -1.456 0.5000000000
3736  12.182  -74.288  9.386 0.6000000238
4236  12.753  -73.789  9.192 0.6000000238
3750  12.536  -74.648  8.962 0.6000000238
3310  12.257  -75.295  8.262 0.6000000238
3759  12.672  -74.576  7.773 0.6000000238
4235  13.348  -73.127  8.994 0.6000000238
4246  13.074  -73.907  8.514 0.6000000238
6562  15.942  -70.154  3.977 0.6000000238
7866  12.518  -66.914  -3.316 0.6000000238
118845  12.305  -73.614  9.428 0.6000000238
125554  11.533  -71.715  8.829 0.6000000238
4219  12.758  -73.092  9.377 0.6000000238
5923  12.515  -70.682  9.104 0.6000000238
126935  12.255  -71.552  9.250 0.6000000238
5924  12.100  -70.257  8.537 0.5000000000
5911  12.942  -71.207  9.338 0.6000000238
5922  13.415  -70.545  9.225 0.5000000000
127685  11.523  -75.163  9.447 0.6999999881
116551  11.606  -73.841  9.516 0.6000000238
4764  11.752  -72.309  9.261 0.6000000238
127135  11.670  -70.981  8.532 0.6000000238
6517  12.004  -69.620  8.007 0.6000000238
4827  8.949  -72.377  5.280 0.6000000238
4221  11.270  -73.023  9.308 0.6000000238
4777  10.968  -72.269  8.608 0.6000000238
5952  11.016  -70.450  6.889 0.5000000000
4785  10.535  -71.864  7.527 0.6000000238
5379  10.076  -71.213  5.976 0.6000000238
5380  9.457  -71.940  5.762 0.6000000238
5393  9.034  -71.790  4.914 0.6000000238
4237  10.523  -73.052  8.714 0.6000000238
6528  11.455  -69.636  6.970 0.6000000238
122870  10.542  -71.162  6.769 0.6000000238
5953  10.566  -70.541  6.161 0.5000000000
5969  10.132  -70.573  5.529 0.6000000238
5970  9.559  -71.086  5.144 0.5000000000
5984  9.294  -70.698  4.455 0.5000000000
7153  10.826  -68.902  5.301 0.6000000238
6553  10.257  -69.281  4.747 0.6000000238
5983  9.805  -70.142  4.810 0.6000000238
5998  9.229  -70.130  4.008 0.6000000238
6564  8.593  -69.449  2.925 0.6999999881
6011  7.787  -70.375  2.388 0.6999999881
6573  7.519  -69.681  1.769 0.6999999881
6581  6.812  -69.872  1.060 0.6999999881
6554  9.675  -69.426  4.119 0.6000000238
7173  8.953  -68.876  3.048 0.6999999881
131257  7.636  -68.350  1.371 0.6999999881
6572  8.068  -69.508  2.381 0.6999999881
7194  7.257  -68.970  1.237 0.6999999881
7206  6.621  -68.928  0.418 0.6000000238
7798  8.753  -67.811  2.172 0.6000000238
6587  15.521  -69.335  0.815 0.5000000000
7202  16.707  -68.607  1.070 0.5000000000
7192  16.166  -69.185  1.235 0.5000000000
131222  16.171  -69.458  1.871 0.6000000238
7806  17.705  -67.723  1.792 0.6000000238
7190  17.198  -68.439  1.731 0.6000000238
7181  17.144  -68.834  2.454 0.6000000238
6571  16.501  -69.452  2.608 0.6000000238
120000  16.440  -69.766  4.342 0.6000000238
7795  17.998  -67.875  2.698 0.5000000000
7160  17.677  -68.702  3.949 0.6000000238
6551  16.685  -69.535  5.166 0.6000000238
7756  18.162  -68.286  5.499 0.6000000238
7150  17.706  -68.617  6.073 0.5000000000
116732  17.179  -69.130  5.828 0.6000000238
6539  16.582  -69.484  6.242 0.6000000238
7746  18.246  -67.890  6.425 0.5000000000
7151  17.147  -68.965  6.642 0.6000000238
7725  15.143  -67.601  8.695 0.5000000000
7724  16.028  -67.519  8.573 0.5000000000
6502  15.508  -69.104  8.369 0.6000000238
6515  16.936  -68.618  7.470 0.6000000238
5524  15.123  -70.541  -8.129 0.6000000238
6580  15.633  -69.657  1.521 0.5000000000
6542  10.550  -69.825  5.553 0.6000000238
7183  8.493  -68.676  2.424 0.6999999881
130277  15.774  -69.870  2.273 0.6000000238
6526  16.517  -69.260  7.186 0.6000000238
7113  15.740  -68.295  8.513 0.6000000238
3411  18.430  -75.586  -4.001 0.3000000119
4370  18.022  -74.329  -4.484 0.3000000119
4361  17.784  -74.027  -3.598 0.4000000060
3909  18.080  -74.700  -7.694 0.3000000119
4394  18.643  -74.162  -8.434 0.4000000060
4400  18.146  -74.044  -8.788 0.4000000060
4398  21.137  -72.715  -9.197 0.4000000060
4962  18.372  -72.675  -9.133 0.3000000119
5536  19.726  -71.914  -9.126 0.5000000000
5529  19.851  -71.620  -8.856 0.6000000238
128467  17.660  -72.728  -9.025 0.5000000000
5531  17.878  -71.472  -8.560 0.5000000000
4960  16.511  -71.703  -8.683 0.5000000000
5510  18.907  -71.372  -6.755 0.6000000238
6627  17.411  -70.078  -3.712 0.6999999881
5355  11.133  -71.572  8.176 0.6000000238
121847  6.088  -69.779  0.138 0.6000000238
7169  17.644  -68.505  3.044 0.6000000238
7780  18.652  -67.498  4.180 0.5000000000
7170  17.135  -69.118  3.288 0.6000000238
7161  17.043  -69.305  4.206 0.6000000238
7769  18.233  -68.221  4.594 0.5000000000
119016  17.550  -68.838  5.033 0.6000000238
7755  18.656  -67.556  5.362 0.5000000000
7143  17.609  -68.341  6.969 0.5000000000
7128  17.299  -67.942  7.734 0.5000000000
115059  20.960  -77.285  18.928 0.4000000060
122025  21.597  -77.406  19.017 0.4000000060
2353  20.810  -77.234  18.088 0.5000000000
1150  20.068  -80.178  20.458 0.5000000000
861  20.474  -81.426  20.787 0.5000000000
116278  21.192  -82.689  20.050 0.5000000000
1522  19.902  -79.319  19.687 0.5000000000
1513  20.183  -78.943  20.595 0.5000000000
2368  22.282  -77.819  17.805 0.4000000060
1947  22.991  -78.810  17.498 0.4000000060
1959  22.480  -78.098  16.889 0.5000000000
2524  20.486  -77.627  3.410 0.3000000119
2516  21.083  -78.082  4.239 0.3000000119
2542  20.894  -77.582  1.413 0.3000000119
2543  20.243  -77.038  0.801 0.3000000119
129715  20.201  -79.550  21.081 0.4000000060
855  20.473  -81.366  21.552 0.5000000000
110223  21.208  -82.856  21.102 0.5000000000
1906  20.581  -78.757  21.347 0.4000000060
1926  20.341  -78.105  19.963 0.4000000060
2337  22.086  -77.567  19.521 0.3000000119
2327  21.835  -77.534  20.373 0.3000000119
127400  23.426  -79.191  15.891 0.4000000060
1946  23.514  -79.584  18.065 0.3000000119
1542  23.739  -79.817  17.308 0.4000000060
1958  23.221  -79.057  16.656 0.5000000000
131928  24.192  -80.415  17.912 0.3000000119
2517  20.010  -77.552  4.575 0.3000000119
123302  21.544  -78.569  4.969 0.3000000119
2533  20.351  -77.386  2.463 0.3000000119
124515  19.762  -76.788  2.015 0.3000000119
2957  19.886  -76.609  0.047 0.3000000119
1502  20.429  -79.604  21.714 0.3000000119
117577  20.376  -80.451  21.864 0.4000000060
1905  21.312  -78.078  21.540 0.3000000119
1924  23.404  -79.348  18.874 0.3000000119
1559  24.912  -80.476  15.855 0.4000000060
1560  23.998  -79.621  15.329 0.4000000060
1552  24.143  -80.025  16.440 0.4000000060
1533  24.130  -80.430  18.599 0.3000000119
2503  19.831  -76.971  6.329 0.4000000060
2511  19.785  -77.339  5.499 0.4000000060
118724  20.180  -77.755  6.188 0.4000000060
2065  20.945  -78.275  7.590 0.4000000060
2056  21.290  -77.999  8.408 0.4000000060
2055  21.903  -78.663  8.972 0.5000000000
115161  19.658  -76.951  4.044 0.3000000119
2935  19.691  -76.927  3.078 0.3000000119
2958  19.058  -75.989  0.384 0.3000000119
1891  20.957  -78.854  22.127 0.3000000119
1188  26.570  -80.545  16.547 0.3000000119
1202  26.501  -80.604  16.005 0.3000000119
1224  26.474  -80.601  14.362 0.4000000060
1225  25.614  -80.663  13.585 0.4000000060
111518  24.681  -81.008  19.131 0.3000000119
1175  25.531  -80.877  17.378 0.3000000119
1532  25.009  -81.045  18.338 0.3000000119
1541  24.711  -80.642  17.369 0.3000000119
1615  25.761  -80.504  10.051 0.5000000000
1254  26.081  -80.869  10.796 0.5000000000
3317  21.392  -75.138  6.244 0.3000000119
3318  20.350  -75.486  6.476 0.3000000119
3319  19.631  -75.526  5.970 0.3000000119
2906  20.241  -76.404  6.903 0.3000000119
2480  24.236  -77.605  8.417 0.5000000000
123016  24.381  -79.053  9.443 0.5000000000
2907  19.800  -76.172  6.339 0.3000000119
2497  20.880  -77.337  7.882 0.4000000060
2483  21.615  -77.044  8.330 0.4000000060
2481  23.080  -77.485  8.796 0.5000000000
2468  23.472  -78.329  9.304 0.5000000000
2936  19.216  -76.211  2.842 0.3000000119
2951  19.298  -76.206  1.203 0.3000000119
3377  18.565  -75.451  0.981 0.3000000119
3383  18.428  -75.384  -0.005 0.3000000119
3872  17.881  -74.786  -1.575 0.4000000060
1558  27.119  -80.155  15.906 0.3000000119
1223  27.726  -80.021  14.034 0.4000000060
1155  25.193  -81.243  19.337 0.3000000119
1540  26.329  -80.190  17.538 0.3000000119
1550  26.716  -80.176  16.745 0.3000000119
112029  26.893  -80.559  13.598 0.4000000060
131068  25.353  -81.030  18.741 0.3000000119
1241  26.262  -80.847  11.748 0.4000000060
1613  27.688  -79.571  10.287 0.4000000060
1253  27.156  -80.292  11.088 0.5000000000
4252  23.290  -74.659  5.517 0.3000000119
2039  26.447  -79.268  8.871 0.5000000000
1614  26.752  -80.224  10.128 0.5000000000
119657  22.629  -75.238  5.564 0.3000000119
2054  26.547  -78.525  8.054 0.4000000060
2038  27.267  -78.831  8.571 0.5000000000
3766  19.999  -74.746  6.057 0.3000000119
3305  21.912  -75.694  6.710 0.4000000060
2894  22.386  -76.191  7.250 0.4000000060
122394  25.552  -77.922  7.811 0.5000000000
2040  25.556  -78.783  8.754 0.5000000000
3330  19.166  -75.577  5.221 0.3000000119
2895  21.389  -76.476  7.689 0.4000000060
2884  21.918  -76.575  8.030 0.5000000000
2496  23.903  -76.918  7.517 0.5000000000
3356  18.703  -75.419  2.724 0.3000000119
129366  18.319  -74.882  2.253 0.4000000060
3835  17.729  -73.900  1.342 0.3000000119
3861  17.790  -74.417  -0.156 0.4000000060
4918  8.555  -72.725  -2.233 0.5000000000
118554  17.623  -74.124  -2.002 0.3000000119
1923  25.764  -79.382  19.527 0.3000000119
113139  25.931  -80.030  18.486 0.3000000119
1996  27.772  -79.857  13.950 0.3000000119
119329  25.656  -80.818  19.000 0.3000000119
2008  27.592  -78.899  12.507 0.3000000119
115584  27.808  -79.655  11.146 0.5000000000
2030  28.160  -78.895  10.125 0.4000000060
2447  27.982  -78.470  10.506 0.3000000119
4241  22.910  -73.690  6.369 0.3000000119
2052  27.822  -78.333  8.559 0.5000000000
3763  22.867  -74.839  5.333 0.3000000119
2479  26.590  -77.790  7.383 0.4000000060
2053  27.376  -78.159  7.907 0.4000000060
3316  23.270  -75.889  5.737 0.4000000060
2892  24.588  -76.513  6.247 0.4000000060
119220  25.274  -76.893  6.557 0.4000000060
2494  25.821  -77.270  6.984 0.4000000060
115852  19.338  -74.808  5.582 0.3000000119
125937  18.596  -74.706  4.301 0.3000000119
2495  25.058  -77.234  6.898 0.5000000000
3819  17.873  -74.127  2.143 0.3000000119
4322  17.663  -73.000  1.128 0.4000000060
3849  17.663  -73.670  0.497 0.4000000060
115648  9.484  -72.752  -1.845 0.5000000000
123222  17.663  -74.183  -1.029 0.4000000060
4894  17.903  -72.721  -0.545 0.5000000000
131776  8.883  -71.557  -3.610 0.5000000000
2349  25.430  -78.473  18.765 0.3000000119
131875  11.727  -75.819  6.610 0.5000000000
2459  28.286  -78.082  9.581 0.3000000119
2460  27.901  -77.493  10.488 0.3000000119
114392  11.541  -76.111  5.918 0.5000000000
2911  11.362  -76.524  6.837 0.6000000238
4230  22.641  -73.093  7.849 0.3000000119
3746  23.850  -74.219  7.583 0.3000000119
4794  22.295  -73.189  6.069 0.3000000119
3755  24.270  -74.854  6.553 0.3000000119
3754  24.645  -75.639  6.217 0.3000000119
2881  27.955  -76.884  8.183 0.4000000060
2467  28.600  -77.370  9.042 0.4000000060
128556  11.800  -73.800  2.544 0.5000000000
2472  10.242  -77.635  9.346 0.5000000000
3314  24.276  -76.027  5.732 0.3000000119
3304  25.689  -76.508  6.938 0.3000000119
2890  26.192  -76.767  7.163 0.3000000119
3292  27.381  -76.255  8.330 0.3000000119
111672  11.655  -73.232  2.103 0.5000000000
4269  18.753  -73.418  4.876 0.3000000119
3805  18.260  -74.115  3.908 0.3000000119
4884  9.876  -72.234  0.730 0.5000000000
4311  17.807  -73.433  2.700 0.3000000119
116415  9.351  -72.206  -0.288 0.5000000000
4869  17.858  -72.599  1.757 0.4000000060
5465  9.352  -72.158  -1.022 0.6000000238
4882  18.506  -72.080  0.796 0.4000000060
4893  18.446  -72.331  -0.558 0.5000000000
4917  10.546  -72.500  -2.681 0.5000000000
4903  18.896  -72.280  -1.292 0.4000000060
4904  18.164  -72.717  -1.456 0.3000000119
133292  17.810  -73.314  -1.982 0.4000000060
4930  10.135  -72.257  -3.497 0.6000000238
4359  22.073  -73.428  -3.581 0.3000000119
4366  21.512  -73.253  -4.375 0.4000000060
126355  19.319  -72.824  -3.355 0.4000000060
112879  18.149  -73.394  -3.230 0.3000000119
5493  10.695  -71.464  -4.265 0.6000000238
114689  9.134  -70.584  -4.426 0.5000000000
115268  22.678  -73.724  -4.408 0.3000000119
114307  21.513  -73.378  -5.381 0.4000000060
124813  20.536  -73.357  -5.785 0.4000000060
6068  10.775  -69.829  -5.171 0.6000000238
114443  23.455  -73.790  -5.253 0.3000000119
4375  22.866  -73.429  -6.094 0.5000000000
4376  21.659  -73.329  -6.358 0.4000000060
119240  20.856  -73.436  -6.815 0.4000000060
4382  23.832  -72.765  -6.827 0.4000000060
4383  22.660  -72.919  -7.084 0.5000000000
131714  21.721  -73.101  -7.188 0.4000000060
4954  22.312  -72.524  -8.189 0.5000000000
3299  11.814  -75.918  8.716 0.6000000238
131493  11.124  -77.110  8.510 0.6000000238
4773  22.630  -72.794  8.933 0.3000000119
4229  23.238  -73.542  8.423 0.3000000119
4228  23.980  -74.028  8.741 0.3000000119
3745  24.675  -74.900  7.641 0.3000000119
3283  11.543  -75.651  9.297 0.6000000238
2874  10.726  -76.960  9.309 0.6000000238
4782  22.208  -72.674  7.016 0.3000000119
3731  25.589  -75.266  8.325 0.3000000119
112491  25.997  -74.696  9.319 0.3000000119
2875  10.277  -76.855  9.514 0.6000000238
130788  21.224  -71.433  5.125 0.3000000119
3294  25.407  -75.851  6.976 0.3000000119
3293  26.251  -76.158  7.714 0.3000000119
3286  8.944  -75.742  9.088 0.6000000238
4282  18.264  -72.956  4.187 0.3000000119
3311  8.450  -75.085  7.561 0.6000000238
122734  8.442  -76.017  8.707 0.6000000238
2901  8.180  -75.688  7.865 0.6000000238
3312  8.063  -75.439  6.940 0.5000000000
4902  19.843  -72.366  -1.197 0.4000000060
4925  20.138  -72.740  -3.319 0.4000000060
4946  24.209  -72.110  -7.276 0.4000000060
4947  23.560  -72.175  -7.871 0.5000000000
4760  22.261  -71.973  9.270 0.3000000119
4759  22.982  -72.474  9.757 0.3000000119
4214  23.400  -73.275  9.374 0.3000000119
4213  24.276  -73.654  9.655 0.3000000119
3732  24.871  -74.447  9.042 0.3000000119
3722  27.726  -74.300  10.201 0.3000000119
3298  12.118  -75.334  9.056 0.5000000000
4774  21.964  -72.198  8.281 0.3000000119
4795  21.820  -72.341  6.226 0.3000000119
130435  10.598  -74.879  9.538 0.5000000000
110365  10.886  -76.266  9.460 0.6000000238
4783  21.663  -71.752  7.243 0.3000000119
3730  27.508  -74.953  9.520 0.3000000119
3739  10.084  -75.230  9.506 0.6000000238
127466  21.428  -71.045  5.531 0.3000000119
3300  9.312  -75.317  9.108 0.6000000238
4880  19.980  -72.338  0.505 0.3000000119
4881  19.116  -71.945  0.599 0.3000000119
3772  8.489  -74.632  6.919 0.6000000238
3790  7.977  -74.777  5.083 0.6000000238
130460  9.772  -74.122  8.713 0.6000000238
119850  9.911  -73.154  7.996 0.5000000000
4248  9.477  -73.293  7.385 0.6000000238
4249  8.968  -73.827  7.047 0.6000000238
125152  8.544  -74.104  6.231 0.6000000238
3337  8.144  -74.921  6.026 0.6000000238
4285  7.920  -73.833  4.110 0.6000000238
3799  8.121  -74.049  4.878 0.6000000238
4299  7.697  -73.578  3.504 0.5000000000
112361  10.772  -73.734  9.323 0.5000000000
4786  9.838  -72.595  7.226 0.5000000000
129232  8.864  -73.464  6.292 0.5000000000
4284  8.329  -73.312  4.698 0.6000000238
5440  5.928  -72.097  0.942 0.5000000000
6032  5.555  -70.681  -0.138 0.6000000238
5449  5.728  -71.447  0.408 0.6000000238
5458  4.766  -71.693  -0.383 0.5000000000
6040  4.711  -70.743  -0.938 0.6000000238
117569  3.693  -71.547  -1.130 0.6000000238
4798  9.516  -72.451  6.446 0.5000000000
4842  8.165  -72.277  3.730 0.5000000000
4843  7.699  -72.073  2.989 0.5000000000
113978  7.686  -72.913  3.264 0.6000000238
114163  7.428  -71.011  2.130 0.6000000238
5438  6.974  -71.188  1.659 0.5000000000
5439  6.605  -71.904  1.552 0.5000000000
6022  6.751  -70.688  1.245 0.6000000238
7205  7.163  -68.195  0.729 0.6000000238
6031  6.258  -70.630  0.637 0.6000000238
6041  3.755  -70.654  -1.562 0.5000000000
11374  6.383  -62.650  7.452 0.5000000000
4797  9.976  -71.858  6.617 0.5000000000
4828  8.564  -72.483  4.561 0.5000000000
5411  8.230  -71.471  3.419 0.6000000238
11360  8.461  -62.543  9.020 0.5000000000
116271  9.014  -62.964  10.185 0.6000000238
12144  7.710  -61.857  8.717 0.6000000238
12152  6.155  -61.594  7.894 0.6000000238
11365  7.923  -62.912  8.286 0.5000000000
11375  5.344  -61.989  7.172 0.5000000000
11391  4.835  -62.692  6.638 0.5000000000
6605  2.042  -68.737  -0.767 0.5000000000
6050  2.469  -70.110  -1.330 0.5000000000
14632  7.317  -59.026  7.312 0.6000000238
13732  8.380  -59.588  8.541 0.6999999881
13745  6.531  -59.364  8.571 0.6000000238
13717  7.763  -60.069  9.691 0.6999999881
12121  9.357  -61.338  10.915 0.6000000238
11333  9.335  -62.146  11.332 0.6000000238
133639  7.086  -59.925  9.580 0.6000000238
12903  8.741  -60.585  10.102 0.6000000238
14633  6.209  -58.743  7.388 0.6000000238
116204  5.734  -59.558  8.894 0.6000000238
12136  7.298  -60.862  9.352 0.6000000238
12122  8.807  -61.361  10.179 0.5000000000
127646  9.109  -62.647  11.374 0.6000000238
127927  4.430  -58.754  7.880 0.6000000238
12924  6.463  -60.317  9.276 0.6000000238
12123  8.237  -61.552  9.473 0.5000000000
12135  8.842  -62.359  9.826 0.6000000238
12926  4.826  -59.372  8.410 0.6000000238
12145  6.750  -61.217  8.687 0.6000000238
12934  4.090  -59.636  7.864 0.6000000238
12146  5.813  -60.627  8.678 0.6000000238
12153  5.209  -61.009  7.845 0.6000000238
11376  4.398  -61.923  6.646 0.5000000000
10623  4.523  -63.292  6.266 0.5000000000
10642  3.893  -63.432  5.593 0.5000000000
9942  3.587  -63.928  4.996 0.5000000000
9159  3.343  -64.844  3.952 0.5000000000
12902  9.517  -60.444  10.697 0.6000000238
13689  10.222  -60.136  11.290 0.6999999881
13747  3.715  -58.829  7.646 0.5000000000
12946  3.620  -60.338  7.189 0.6000000238
12169  3.410  -61.204  6.356 0.6000000238
11392  3.841  -62.408  6.024 0.5000000000
11393  2.988  -61.643  5.548 0.6000000238
11435  2.722  -62.329  4.493 0.5000000000
11453  2.685  -62.544  3.442 0.6000000238
130443  2.572  -63.384  3.454 0.6000000238
18348  9.167  -54.367  3.939 0.4000000060
13699  11.966  -59.140  10.709 0.6999999881
13671  12.098  -58.920  13.481 0.5000000000
130258  11.518  -60.188  14.066 0.5000000000
18361  8.778  -54.923  3.617 0.6000000238
16480  7.827  -55.891  4.830 0.5000000000
13678  12.074  -59.377  12.816 0.6000000238
12868  10.954  -60.525  13.780 0.5000000000
17468  9.919  -55.171  3.156 0.5000000000
13729  11.157  -59.097  8.961 0.6000000238
13687  11.767  -59.439  11.429 0.8000000119
13731  9.316  -59.560  8.378 0.6999999881
120992  9.818  -60.850  12.667 0.6999999881
12185  2.582  -60.831  5.166 0.6000000238
11436  2.666  -62.033  4.209 0.6000000238
13665  11.476  -59.326  14.861 0.5000000000
111392  8.332  -55.551  5.363 0.5000000000
15526  12.249  -58.018  11.338 0.6999999881
12846  11.409  -60.065  15.139 0.5000000000
17467  10.802  -54.800  3.106 0.4000000060
18359  10.391  -54.302  3.126 0.4000000060
17457  10.252  -55.547  3.225 0.4000000060
16495  10.383  -56.325  3.634 0.5000000000
15616  9.798  -57.594  3.778 0.4000000060
14581  11.293  -58.066  14.019 0.5000000000
13660  10.421  -59.496  16.114 0.5000000000
128231  9.337  -54.085  4.619 0.3000000119
18319  8.701  -55.009  5.695 0.3000000119
14587  12.086  -58.146  12.621 0.6000000238
17441  11.678  -55.793  4.565 0.4000000060
16494  11.078  -56.557  4.475 0.4000000060
14677  9.985  -58.442  4.343 0.4000000060
15506  10.942  -57.598  13.414 0.6000000238
15527  11.773  -57.586  11.816 0.6000000238
15596  10.468  -57.877  4.497 0.4000000060
15498  10.525  -57.777  14.171 0.5000000000
14558  10.705  -58.864  15.455 0.5000000000
20129  11.646  -52.580  3.633 0.3000000119
18335  9.232  -54.337  5.463 0.3000000119
18304  9.026  -55.124  6.761 0.3000000119
17418  8.973  -55.546  7.237 0.4000000060
14661  11.261  -58.475  5.663 0.3000000119
14662  10.707  -58.503  5.069 0.4000000060
13764  10.985  -59.353  5.815 0.4000000060
18303  9.368  -54.796  7.257 0.4000000060
15507  10.091  -57.478  13.603 0.6000000238
15486  9.145  -57.876  15.411 0.4000000060
116217  8.867  -55.583  8.216 0.4000000060
20118  12.498  -52.158  4.152 0.3000000119
19212  11.515  -52.745  4.852 0.3000000119
15499  8.930  -57.572  14.690 0.5000000000
16433  8.520  -56.039  9.232 0.4000000060
15541  8.333  -56.489  10.593 0.4000000060
129362  7.094  -56.632  11.373 0.5000000000
16418  8.255  -56.143  9.907 0.4000000060
16419  7.626  -56.161  10.583 0.4000000060
18247  7.915  -54.254  11.596 0.3000000119
127155  7.158  -54.438  11.359 0.3000000119
131141  7.652  -54.866  11.006 0.3000000119
130521  6.235  -54.938  11.226 0.3000000119
18248  6.292  -54.200  11.246 0.3000000119
18227  6.239  -54.639  14.656 0.4000000060
19134  8.240  -53.417  11.936 0.3000000119
3729  28.630  -75.720  9.486 0.3000000119
116297  18.671  -72.105  0.139 0.4000000060
16434  8.027  -55.909  10.161 0.3000000119
12222  2.841  -61.808  3.936 0.6000000238
113201  7.268  -53.781  15.815 0.4000000060
16508  9.585  -56.062  3.172 0.5000000000
18263  7.063  -55.300  11.095 0.3000000119
4360  18.770  -73.166  -3.695 0.3000000119
4367  20.484  -73.171  -4.795 0.4000000060
4814  8.692  -72.908  5.188 0.5000000000
2338  21.364  -77.417  19.642 0.4000000060
1927  19.960  -78.419  19.242 0.5000000000
1969  22.665  -78.321  15.925 0.5000000000
2510  20.425  -78.006  5.254 0.4000000060
2328  21.310  -77.695  20.882 0.4000000060
132523  23.608  -79.185  14.732 0.4000000060
2085  20.891  -78.397  5.973 0.4000000060
2073  21.251  -78.870  6.736 0.4000000060
1124  20.705  -81.065  23.062 0.3000000119
1521  23.992  -80.273  19.406 0.3000000119
1190  25.225  -80.747  16.670 0.3000000119
1203  25.741  -80.665  15.504 0.4000000060
113010  24.819  -80.240  14.936 0.4000000060
114866  19.247  -76.287  4.656 0.3000000119
3341  19.242  -76.268  3.714 0.4000000060
1211  26.569  -80.583  15.161 0.4000000060
1235  25.997  -80.891  12.682 0.4000000060
132600  24.559  -78.280  8.915 0.5000000000
4906  9.144  -72.751  -0.931 0.5000000000
3366  18.679  -75.500  1.827 0.4000000060
1551  26.409  -79.514  17.028 0.3000000119
1580  27.894  -79.932  13.491 0.4000000060
1233  27.593  -80.194  12.474 0.4000000060
1240  27.189  -80.395  11.930 0.5000000000
1625  27.130  -79.523  9.357 0.5000000000
3762  23.998  -75.331  5.593 0.3000000119
3782  19.687  -74.048  5.648 0.3000000119
3342  18.875  -75.493  4.302 0.3000000119
124843  18.567  -75.003  3.607 0.3000000119
113894  9.499  -72.523  -2.750 0.6000000238
2018  27.800  -78.776  11.520 0.3000000119
2007  27.888  -79.474  12.283 0.4000000060
2882  26.962  -76.814  7.604 0.3000000119
5448  9.675  -71.744  0.306 0.5000000000
4331  17.761  -72.807  0.290 0.4000000060
2851  28.015  -76.752  10.596 0.3000000119
3276  28.393  -76.345  8.866 0.3000000119
118085  20.773  -72.801  -2.721 0.4000000060
4912  19.487  -72.593  -2.650 0.4000000060
4913  18.703  -72.848  -2.924 0.4000000060
131528  22.938  -73.905  -3.711 0.3000000119
4212  25.306  -73.937  9.882 0.3000000119
3751  9.447  -73.852  8.043 0.6000000238
4911  20.263  -72.570  -2.057 0.3000000119
4201  25.894  -73.345  10.396 0.3000000119
4200  27.149  -73.544  10.537 0.3000000119
5966  21.714  -70.588  5.293 0.3000000119
5428  7.214  -71.797  2.219 0.5000000000
113623  6.401  -71.312  1.082 0.6000000238
13715  9.530  -59.789  9.293 0.6999999881
12887  10.599  -60.105  11.979 0.6999999881
13700  11.192  -59.640  10.790 0.6999999881
13686  12.296  -59.057  12.147 0.6000000238
19213  10.761  -53.168  4.423 0.3000000119
19201  10.685  -53.479  5.679 0.3000000119
5464  9.741  -71.119  -1.212 0.5000000000
129263  9.971  -70.836  0.276 0.5000000000
5394  8.651  -71.687  4.153 0.4000000060
5999  8.695  -70.115  3.370 0.5000000000
6603  4.563  -69.917  -1.442 0.5000000000
7824  6.585  -68.031  -0.245 0.5000000000
7218  5.873  -68.782  -0.692 0.5000000000
6602  5.341  -69.819  -0.716 0.5000000000
6614  3.519  -69.351  -1.962 0.5000000000
6613  4.298  -69.202  -1.964 0.5000000000
7823  7.357  -67.399  0.077 0.5000000000
124759  3.038  -68.755  -1.811 0.4000000060
7840  6.110  -67.803  -1.261 0.5000000000
7230  5.432  -68.145  -1.709 0.5000000000
7231  3.934  -68.417  -2.149 0.5000000000
7842  2.146  -67.844  -0.715 0.5000000000
7854  5.887  -67.401  -2.077 0.6000000238
133411  4.615  -67.775  -2.174 0.5000000000
7856  3.207  -67.874  -1.754 0.5000000000
9175  2.248  -64.239  2.195 0.5000000000
7869  5.058  -67.099  -2.342 0.6000000238
8472  1.950  -65.689  0.733 0.5000000000
9193  1.962  -64.914  2.190 0.5000000000
129286  4.168  -67.573  -2.110 0.6000000238
8490  2.415  -66.718  -0.508 0.6000000238
8491  2.003  -66.302  0.159 0.5000000000
8537  5.763  -66.577  -2.424 0.6000000238
9239  4.809  -66.424  -1.841 0.6000000238
8504  3.574  -66.899  -1.355 0.6000000238
9212  2.028  -65.042  1.073 0.6000000238
9234  4.206  -66.431  -0.934 0.6000000238
9996  2.371  -64.002  1.897 0.5000000000
10694  2.668  -63.223  2.404 0.5000000000
8489  3.150  -66.532  -0.547 0.6000000238
127613  2.022  -66.223  0.029 0.6000000238
12108  9.284  -62.189  11.853 0.5000000000
12091  9.345  -61.323  13.048 0.5000000000
12097  9.545  -61.398  12.213 0.5000000000
11467  2.919  -62.800  2.589 0.6000000238
9223  3.710  -66.251  0.136 0.6000000238
10693  2.999  -63.275  2.135 0.6000000238
9211  2.372  -65.165  0.793 0.6000000238
10005  3.167  -64.483  1.099 0.6000000238
9210  4.081  -65.744  0.969 0.6000000238
17395  8.672  -55.643  9.188 0.3000000119
18219  5.751  -55.204  15.320 0.3000000119
4957  22.654  -71.418  -8.932 0.4000000060
5508  20.721  -71.064  -7.649 0.5000000000
6067  11.401  -69.674  -5.686 0.5000000000
5492  11.656  -70.838  -4.729 0.5000000000
6083  20.228  -70.814  -6.852 0.4000000060
4938  12.604  -72.027  -4.109 0.4000000060
6065  18.655  -70.396  -5.065 0.4000000060
5457  9.492  -71.381  -0.331 0.4000000060
4905  10.339  -72.205  -2.047 0.4000000060
4939  11.703  -72.189  -3.905 0.4000000060
7269  16.973  -67.438  -6.079 0.4000000060
7259  16.316  -68.047  -5.111 0.4000000060
7248  16.001  -68.873  -4.031 0.4000000060
5447  10.139  -71.641  0.893 0.4000000060
7258  17.493  -68.450  -5.398 0.4000000060
6638  17.050  -69.174  -4.217 0.4000000060
7891  14.078  -67.221  -5.009 0.4000000060
8557  13.259  -66.686  -4.654 0.5000000000
9222  4.906  -65.995  0.523 0.5000000000
128353  5.574  -65.544  -0.474 0.5000000000
9209  5.295  -65.671  1.373 0.5000000000
9221  5.882  -65.626  0.652 0.5000000000
10004  7.100  -65.258  1.649 0.5000000000
9993  5.045  -64.987  2.531 0.5000000000
9991  7.185  -65.225  2.805 0.5000000000
12869  9.989  -60.796  13.355 0.4000000060
12859  11.114  -60.601  14.819 0.4000000060
9208  6.222  -65.510  1.514 0.5000000000
9994  3.673  -64.281  1.947 0.5000000000
5486  18.011  -70.879  -4.547 0.5000000000
6636  18.522  -69.736  -5.024 0.4000000060
7890  15.157  -67.460  -5.230 0.4000000060
112272  20.433  -81.288  20.066 0.4000000060
126027  20.824  -81.797  19.266 0.4000000060
644  19.723  -82.616  14.602 0.4000000060
1156  20.099  -80.519  19.569 0.4000000060
1166  20.260  -80.802  18.751 0.4000000060
636  20.354  -82.216  15.240 0.4000000060
876  20.827  -81.612  18.479 0.4000000060
1214  18.839  -80.363  14.298 0.4000000060
901  19.983  -81.243  15.503 0.4000000060
900  20.883  -81.992  15.863 0.4000000060
1523  19.765  -79.144  18.779 0.5000000000
1157  19.819  -79.968  19.030 0.5000000000
1534  19.722  -79.081  17.874 0.4000000060
1167  19.905  -80.040  18.270 0.4000000060
114747  20.471  -77.510  18.500 0.5000000000
2354  20.247  -77.542  17.758 0.5000000000
1948  19.799  -78.144  17.513 0.5000000000
1177  19.938  -80.100  17.346 0.4000000060
1176  20.502  -81.104  17.821 0.4000000060
119401  19.787  -77.857  16.821 0.4000000060
2435  19.806  -77.433  13.780 0.4000000060
1984  19.432  -78.317  14.709 0.4000000060
119631  19.438  -79.672  15.238 0.4000000060
1204  19.739  -80.349  15.726 0.4000000060
1191  20.476  -81.066  16.856 0.4000000060
1572  18.884  -79.412  14.090 0.4000000060
1213  19.415  -80.472  15.041 0.4000000060
2407  19.834  -77.431  15.623 0.5000000000
1960  19.619  -78.214  16.035 0.4000000060
1553  19.660  -78.970  16.857 0.4000000060
1192  19.885  -80.181  16.467 0.4000000060
2421  20.154  -77.092  14.571 0.5000000000
2422  19.743  -77.513  14.767 0.4000000060
1561  19.473  -78.802  15.327 0.4000000060
111414  19.612  -79.384  15.935 0.4000000060
2011  21.349  -78.026  12.559 0.3000000119
1601  21.342  -79.416  11.807 0.3000000119
1594  22.699  -79.498  12.620 0.4000000060
2433  21.054  -77.327  13.220 0.3000000119
1583  22.959  -79.058  13.278 0.4000000060
2010  22.207  -78.484  12.878 0.4000000060
119097  23.140  -82.368  10.914 0.3000000119
1244  22.410  -81.382  11.642 0.4000000060
1600  22.223  -80.092  11.991 0.4000000060
1593  23.606  -79.980  12.904 0.4000000060
112543  24.137  -81.987  11.259 0.4000000060
1237  23.226  -80.828  12.210 0.4000000060
112139  24.199  -80.928  12.466 0.4000000060
1236  25.075  -80.954  12.602 0.3000000119
125142  20.198  -77.320  13.236 0.3000000119
1582  23.790  -79.647  13.632 0.3000000119
131489  23.918  -82.142  10.882 0.4000000060
1581  24.510  -80.419  13.217 0.3000000119
114440  24.686  -81.496  11.883 0.4000000060
1242  25.150  -81.445  11.305 0.4000000060
111600  25.425  -81.200  12.016 0.4000000060
120734  21.217  -77.137  14.084 0.4000000060
1998  22.375  -78.189  13.655 0.4000000060
122892  23.284  -82.125  10.349 0.4000000060
1268  23.626  -81.183  9.975 0.4000000060
128420  23.511  -79.276  9.576 0.4000000060
1267  24.418  -80.392  9.932 0.4000000060
924  24.511  -81.860  10.933 0.4000000060
2820  20.571  -76.935  15.185 0.4000000060
2419  21.955  -77.590  14.471 0.4000000060
1982  23.235  -78.882  14.130 0.3000000119
1983  22.651  -78.277  14.463 0.4000000060
1569  24.713  -80.215  14.032 0.3000000119
1628  23.156  -80.021  9.645 0.4000000060
1638  22.407  -79.695  9.195 0.4000000060
2041  22.731  -78.935  9.398 0.4000000060
1627  25.472  -79.676  9.447 0.4000000060
1255  25.091  -81.249  10.608 0.4000000060
2808  20.845  -77.034  16.756 0.4000000060
1968  23.165  -78.752  15.064 0.3000000119
2369  21.623  -77.341  17.154 0.4000000060
2388  20.347  -77.095  15.977 0.4000000060
2386  22.016  -77.593  16.371 0.4000000060
2819  21.033  -76.945  15.806 0.4000000060
2405  21.822  -77.450  15.559 0.4000000060
8549  13.096  -66.621  -4.346 0.4000000060
1256  24.219  -81.634  10.507 0.4000000060
892  20.339  -81.093  16.124 0.4000000060
910  19.284  -81.463  14.714 0.4000000060
925  23.248  -81.901  11.527 0.4000000060
1136  20.497  -81.140  22.276 0.4000000060
1143  20.230  -80.398  21.245 0.4000000060
1165  25.751  -80.740  18.041 0.3000000119
1174  26.268  -80.710  17.191 0.3000000119
1189  25.999  -80.874  16.700 0.3000000119
1210  27.159  -80.264  15.406 0.4000000060
1212  25.682  -80.574  14.607 0.4000000060
1222  27.644  -80.173  13.199 0.4000000060
1234  26.927  -80.556  12.574 0.4000000060
1243  23.933  -81.578  11.894 0.4000000060
1570  24.003  -79.585  14.443 0.3000000119
1571  19.253  -79.123  14.693 0.4000000060
1592  27.940  -79.918  12.823 0.4000000060
1595  21.853  -78.988  12.324 0.3000000119
1599  27.793  -79.933  11.915 0.4000000060
1626  26.344  -79.887  9.532 0.5000000000
1918  20.715  -78.060  20.822 0.4000000060
1936  20.404  -77.700  19.148 0.4000000060
1937  19.911  -78.115  18.444 0.5000000000
1970  19.554  -78.007  15.311 0.4000000060
1995  27.835  -79.648  13.163 0.4000000060
1999  21.779  -77.818  13.125 0.3000000119
2017  28.111  -79.156  10.892 0.3000000119
2037  27.947  -78.854  9.310 0.5000000000
2074  20.594  -78.116  6.771 0.4000000060
2329  21.008  -77.544  20.269 0.4000000060
2339  20.815  -77.505  19.614 0.4000000060
2351  22.168  -77.669  18.696 0.3000000119
2352  21.481  -77.328  18.195 0.4000000060
2370  20.680  -77.218  17.416 0.5000000000
2371  20.248  -77.357  16.900 0.4000000060
2387  21.403  -77.212  16.349 0.4000000060
2389  19.913  -77.432  16.288 0.4000000060
2404  22.487  -78.042  15.091 0.4000000060
2406  20.076  -77.125  15.241 0.5000000000
2420  21.235  -77.021  14.935 0.4000000060
2434  20.488  -77.099  13.871 0.3000000119
2469  22.579  -78.161  9.207 0.5000000000
2477  28.126  -77.593  8.368 0.4000000060
2478  27.300  -77.417  7.651 0.4000000060
2482  22.094  -77.624  8.818 0.5000000000
2493  26.411  -77.180  7.201 0.4000000060
2791  21.088  -77.125  17.543 0.5000000000
2832  20.742  -76.948  14.520 0.5000000000
2883  22.580  -76.745  8.136 0.5000000000
2891  25.707  -76.910  6.798 0.4000000060
2893  23.588  -76.381  6.478 0.4000000060
2896  20.713  -76.646  7.458 0.4000000060
2900  11.446  -76.561  8.094 0.6000000238
2905  24.003  -76.106  5.642 0.4000000060
2917  19.509  -76.428  5.593 0.3000000119
2928  19.525  -76.964  4.890 0.4000000060
2944  19.114  -76.039  2.136 0.3000000119
2973  19.551  -76.403  -1.524 0.4000000060
3277  26.704  -75.479  8.733 0.3000000119
3282  11.958  -74.993  9.317 0.6000000238
3284  10.292  -76.063  9.584 0.6000000238
3285  9.550  -75.911  9.451 0.6000000238
3301  8.761  -75.251  8.415 0.6000000238
3306  20.910  -75.896  7.117 0.3000000119
3315  23.858  -75.815  5.416 0.3000000119
3324  11.792  -75.887  7.542 0.5000000000
3331  18.833  -74.802  4.942 0.3000000119
3335  12.299  -74.905  6.130 0.6000000238
3336  11.940  -75.444  6.015 0.5000000000
3348  18.910  -75.696  3.429 0.3000000119
3401  19.207  -76.497  -3.695 0.4000000060
3420  18.258  -75.524  -4.804 0.3000000119
3436  17.845  -75.224  -6.840 0.3000000119
3737  11.552  -74.695  9.489 0.6999999881
3738  10.249  -74.397  9.269 0.5000000000
3752  9.438  -74.625  8.727 0.6000000238
3760  8.861  -74.503  7.774 0.6000000238
3765  20.875  -74.659  6.054 0.3000000119
3783  18.989  -74.086  5.256 0.3000000119
3787  12.535  -74.364  5.793 0.6999999881
3789  8.271  -74.274  5.551 0.6000000238
3794  18.536  -74.005  4.650 0.3000000119
3820  17.693  -73.265  1.926 0.4000000060
3834  18.163  -74.786  1.561 0.3000000119
3848  17.975  -74.632  0.725 0.4000000060
3862  17.652  -73.449  -0.374 0.4000000060
3871  18.054  -75.051  -0.858 0.4000000060
3914  17.535  -74.346  -8.445 0.3000000119
3915  16.942  -74.309  -8.418 0.4000000060
4211  26.497  -74.137  10.037 0.3000000119
4220  12.036  -73.030  9.495 0.6000000238
4240  23.679  -74.395  6.333 0.3000000119
4247  10.328  -72.571  7.983 0.6000000238
4256  9.285  -73.072  6.712 0.6000000238
4270  12.889  -73.636  5.470 0.6999999881
4271  9.037  -72.815  5.898 0.6000000238
4272  8.552  -73.555  5.530 0.5000000000
4283  12.735  -73.615  4.543 0.6999999881
4297  12.131  -74.005  3.215 0.5000000000
4298  8.077  -73.061  3.978 0.6000000238
4346  17.714  -73.319  -1.253 0.4000000060
4358  23.779  -74.240  -4.389 0.3000000119
4384  21.225  -73.202  -7.910 0.4000000060
4391  21.442  -72.778  -8.878 0.4000000060
4399  20.471  -72.969  -9.312 0.4000000060
4401  17.377  -73.973  -8.796 0.4000000060
4405  18.887  -73.417  -9.090 0.3000000119
4406  17.943  -73.459  -9.017 0.5000000000
4407  17.173  -73.228  -8.933 0.5000000000
4762  13.152  -72.484  9.303 0.6999999881
4763  12.495  -72.372  9.411 0.6000000238
4776  13.569  -72.299  9.019 0.6999999881
4858  12.076  -72.728  2.123 0.8000000119
4860  6.742  -72.450  1.921 0.5000000000
4867  18.917  -71.866  1.383 0.3000000119
4871  10.466  -72.493  1.229 0.5000000000
4883  17.977  -72.438  0.949 0.4000000060
4892  19.300  -72.138  -0.325 0.4000000060
4914  13.734  -72.105  -2.834 0.8000000119
4924  21.117  -72.988  -3.476 0.4000000060
4929  11.254  -72.428  -3.356 0.4000000060
4934  20.569  -72.951  -4.025 0.4000000060
4935  19.626  -73.044  -4.128 0.4000000060
4937  13.584  -72.116  -3.900 0.6999999881
4958  21.980  -72.142  -9.100 0.5000000000
4959  21.080  -72.410  -9.306 0.4000000060
4961  19.283  -72.559  -9.263 0.4000000060
4963  17.104  -72.277  -8.920 0.5000000000
5330  12.980  -71.855  9.389 0.6999999881
5343  14.176  -71.010  8.866 0.6999999881
5344  13.511  -71.532  9.181 0.6000000238
5354  11.049  -71.053  7.569 0.6000000238
5362  21.513  -71.341  6.330 0.3000000119
5378  13.901  -72.177  5.570 0.8000000119
5412  7.775  -71.230  2.715 0.6000000238
5425  13.567  -71.585  2.585 0.6999999881
5426  12.849  -71.857  2.138 0.6999999881
5427  12.160  -72.119  1.875 0.8000000119
5456  9.764  -70.557  -0.600 0.5000000000
5459  3.719  -72.276  -0.685 0.6000000238
5470  14.373  -71.802  -2.846 0.8000000119
5471  13.744  -71.642  -2.568 0.8000000119
5478  16.620  -71.052  -3.369 0.6999999881
5480  14.881  -71.801  -3.355 0.8000000119
5491  12.442  -70.532  -5.207 0.6000000238
5503  13.264  -70.430  -5.604 0.6999999881
5512  16.878  -70.989  -7.168 0.6999999881
5523  16.774  -70.726  -8.025 0.6000000238
5533  15.863  -71.076  -8.438 0.6000000238
5534  15.081  -71.448  -8.268 0.5000000000
5535  20.622  -72.108  -9.373 0.5000000000
5539  17.180  -71.582  -8.704 0.4000000060
5939  11.532  -70.325  7.718 0.6000000238
5985  8.775  -70.866  3.850 0.5000000000
6000  8.260  -70.691  3.092 0.6000000238
6009  13.909  -71.041  1.967 0.8000000119
6010  8.275  -70.039  2.832 0.6999999881
6016  15.130  -70.199  1.863 0.6000000238
6017  14.330  -70.397  1.431 0.6000000238
6021  7.243  -70.475  1.703 0.6000000238
6048  9.887  -70.087  -1.273 0.6000000238
6049  3.117  -70.176  -1.762 0.5000000000
6053  15.435  -70.855  -2.694 0.8000000119
6054  14.621  -71.253  -2.573 0.8000000119
6057  10.735  -70.108  -2.243 0.6000000238
6061  16.083  -70.417  -2.971 0.6999999881
6085  14.630  -70.044  -7.349 0.6999999881
6086  13.884  -69.859  -7.239 0.6999999881
6087  12.838  -69.725  -7.135 0.6000000238
6099  15.920  -70.515  -8.142 0.6999999881
6504  12.741  -69.743  8.914 0.5000000000
6529  10.953  -69.959  6.314 0.6000000238
6561  16.509  -69.649  3.573 0.6000000238
6563  9.112  -69.455  3.497 0.6999999881
6592  1.938  -68.802  -0.430 0.5000000000
6604  2.029  -69.606  -0.744 0.5000000000
6612  5.051  -69.059  -1.515 0.5000000000
6615  2.361  -69.049  -1.307 0.4000000060
6616  2.185  -68.264  -0.953 0.5000000000
6624  10.623  -69.086  -2.381 0.8000000119
6632  11.936  -68.671  -3.493 0.8000000119
6637  17.888  -69.519  -4.625 0.4000000060
7129  16.568  -68.142  8.174 0.5000000000
7130  16.243  -68.853  7.948 0.6000000238
7131  13.407  -68.115  8.651 0.6999999881
7145  11.570  -68.884  6.624 0.6999999881
7164  10.048  -68.813  4.163 0.6999999881
7180  17.555  -68.297  2.333 0.6000000238
7184  7.850  -68.863  1.844 0.6999999881
7191  16.676  -69.028  1.807 0.5000000000
7193  8.141  -68.106  1.763 0.6000000238
7203  16.081  -68.773  0.504 0.5000000000
7219  2.047  -68.081  -0.480 0.5000000000
7229  11.822  -67.879  -1.840 0.6999999881
7232  2.592  -68.316  -1.404 0.4000000060
7251  12.449  -68.228  -3.986 0.6000000238
7261  13.671  -67.932  -4.501 0.6999999881
7263  12.471  -67.515  -4.150 0.6000000238
7737  16.825  -67.361  8.302 0.5000000000
7770  12.025  -67.219  4.822 0.5000000000
7772  10.885  -67.822  4.156 0.6000000238
7781  18.174  -68.069  3.601 0.5000000000
7808  9.075  -67.118  1.844 0.6000000238
7825  1.999  -67.333  -0.146 0.5000000000
7841  2.123  -67.437  -0.533 0.5000000000
7852  12.062  -67.315  -3.333 0.6000000238
7853  7.050  -66.922  -1.905 0.6999999881
7855  5.225  -67.585  -2.188 0.6000000238
7857  2.387  -67.683  -1.064 0.5000000000
7868  5.758  -66.932  -2.413 0.6000000238
7879  12.510  -66.946  -3.858 0.6000000238
7904  13.769  -66.548  -5.088 0.5000000000
8392  16.304  -66.924  8.493 0.5000000000
8412  12.889  -66.746  5.458 0.6000000238
8437  10.531  -66.826  2.523 0.6000000238
8448  12.611  -66.295  2.823 0.6000000238
8450  9.803  -66.947  2.156 0.6000000238
8452  2.013  -65.158  1.363 0.5000000000
8471  8.745  -66.650  1.011 0.6000000238
8487  8.315  -66.553  0.242 0.6000000238
8488  7.822  -66.767  -0.077 0.6000000238
8502  8.154  -66.244  -0.809 0.6000000238
8505  2.079  -66.798  -0.262 0.5000000000
8519  4.441  -66.971  -2.068 0.6000000238
8520  2.818  -67.244  -1.211 0.5000000000
8521  2.233  -67.125  -0.711 0.6000000238
8533  13.004  -66.557  -3.733 0.6000000238
8536  6.323  -66.345  -2.546 0.6000000238
8538  5.377  -66.486  -2.311 0.6999999881
8548  13.603  -66.129  -4.304 0.4000000060
9189  12.859  -65.829  2.308 0.6000000238
9190  6.450  -65.360  2.266 0.5000000000
9191  5.664  -65.396  2.131 0.5000000000
9192  4.575  -65.296  1.759 0.6000000238
9194  2.209  -64.589  1.601 0.5000000000
9205  12.518  -65.483  1.647 0.6000000238
9224  2.300  -65.995  0.092 0.6000000238
9225  2.036  -65.706  0.553 0.6000000238
9251  8.535  -64.893  -3.017 0.6000000238
9252  8.092  -65.488  -2.709 0.6999999881
9253  7.790  -65.202  -2.926 0.5000000000
9254  6.009  -65.970  -2.669 0.6000000238
9949  14.799  -64.930  4.436 0.5000000000
9952  7.318  -64.380  4.206 0.6999999881
9954  3.017  -63.817  4.128 0.5000000000
9975  2.517  -63.961  3.110 0.5000000000
9976  2.426  -63.653  2.340 0.5000000000
9995  2.598  -63.883  1.782 0.6000000238
10002  12.837  -64.871  1.197 0.5000000000
10006  2.327  -64.511  1.497 0.6000000238
10011  13.125  -64.232  0.752 0.5000000000
10019  10.776  -64.316  -0.950 0.5000000000
10049  7.641  -64.718  -2.868 0.5000000000
10050  7.078  -64.920  -2.668 0.5000000000
10641  8.151  -63.347  5.086 0.5000000000
10643  3.107  -63.130  4.697 0.5000000000
10652  15.609  -63.299  4.635 0.5000000000
10675  14.662  -64.050  2.990 0.5000000000
10680  2.578  -62.847  3.846 0.6000000238
10681  2.482  -63.173  2.968 0.5000000000
10689  14.978  -63.333  2.949 0.5000000000
10713  13.969  -63.034  0.814 0.5000000000
10714  13.379  -63.541  0.349 0.5000000000
10715  12.802  -63.804  -0.014 0.5000000000
10717  6.756  -64.084  -0.575 0.5000000000
10733  12.528  -63.373  -0.801 0.5000000000
10734  11.835  -63.512  -1.230 0.5000000000
10736  6.868  -63.707  -1.227 0.5000000000
11347  8.948  -63.124  10.833 0.6000000238
11359  8.787  -63.129  9.552 0.5000000000
11366  7.101  -62.148  8.004 0.6000000238
11373  7.221  -62.951  7.767 0.5000000000
11412  8.680  -62.762  5.363 0.5000000000
11414  3.113  -62.404  5.173 0.6000000238
11415  2.630  -61.555  4.916 0.6000000238
11432  6.101  -62.607  4.679 0.6000000238
11433  5.110  -62.008  4.477 0.8000000119
11451  3.274  -62.388  3.133 0.6999999881
11452  2.917  -62.386  3.192 0.6000000238
11462  14.649  -63.054  2.165 0.5000000000
11468  2.690  -62.844  2.783 0.6000000238
12098  8.914  -62.092  12.599 0.5000000000
12107  9.627  -60.843  11.495 0.5000000000
12154  4.390  -61.201  7.181 0.6000000238
12182  8.140  -61.890  5.345 0.5000000000
12183  7.293  -61.937  5.209 0.6999999881
12184  2.632  -60.806  5.593 0.6000000238
12205  3.407  -60.979  4.324 0.8000000119
12207  2.713  -61.294  4.613 0.6000000238
12221  3.144  -61.706  3.808 0.6000000238
12847  10.942  -60.483  15.564 0.5000000000
12858  11.599  -59.863  14.519 0.5000000000
12860  10.212  -60.899  14.210 0.4000000060
12867  11.838  -59.596  13.760 0.5000000000
12878  11.510  -60.044  13.265 0.6000000238
12879  10.626  -60.398  12.760 0.6999999881
12880  9.974  -60.560  12.061 0.6999999881
12904  7.942  -60.595  9.695 0.6000000238
12925  5.686  -59.895  9.028 0.6000000238
12933  4.948  -60.093  8.482 0.6000000238
12957  2.537  -59.982  5.730 0.6999999881
12958  2.643  -60.660  4.966 0.6999999881
12978  7.208  -60.277  4.366 0.8000000119
13659  11.067  -59.779  15.601 0.5000000000
13679  11.445  -59.786  12.259 0.6000000238
13688  11.047  -59.810  11.537 0.8000000119
13698  12.231  -59.067  11.479 0.6000000238
13701  8.899  -60.166  9.882 0.6000000238
13713  11.423  -59.275  9.782 0.6000000238
13714  10.653  -59.481  9.074 0.6000000238
13716  8.402  -59.833  9.323 0.6999999881
13718  7.083  -60.078  9.582 0.6000000238
13730  10.624  -59.094  8.434 0.6000000238
13733  7.386  -59.762  9.254 0.6000000238
13734  6.484  -59.840  9.407 0.6000000238
13744  7.840  -59.376  8.003 0.6000000238
13746  5.363  -59.011  8.265 0.6000000238
13748  3.044  -58.755  7.080 0.6999999881
13756  2.790  -58.862  6.344 0.6999999881
13784  8.483  -59.196  3.764 0.6000000238
13806  7.872  -58.864  3.263 0.6999999881
13808  6.193  -58.756  3.102 0.6999999881
13809  5.324  -58.706  3.473 0.8000000119
14573  11.700  -58.712  14.132 0.5000000000
14574  11.030  -58.394  14.658 0.5000000000
14575  9.971  -57.980  14.970 0.4000000060
14580  11.766  -58.190  13.395 0.6000000238
14586  12.246  -58.766  12.675 0.6000000238
14592  12.308  -58.457  11.857 0.6999999881
14600  12.264  -58.524  11.002 0.6999999881
14610  11.438  -58.702  9.308 0.6999999881
14622  11.053  -58.532  8.628 0.6999999881
14631  8.319  -58.946  6.789 0.8000000119
14636  3.209  -58.337  6.909 0.6999999881
14649  4.605  -57.828  6.236 0.8000000119
14650  3.759  -57.902  6.420 0.6999999881
14668  3.207  -58.486  5.538 0.8000000119
14678  9.248  -58.185  3.621 0.4000000060
14680  4.606  -57.727  4.457 0.8000000119
14688  8.502  -57.624  3.046 0.6000000238
14689  6.600  -58.169  2.718 0.6999999881
14691  5.087  -58.017  3.650 0.8000000119
15491  3.318  -56.820  15.806 0.5000000000
15503  3.574  -56.766  14.913 0.6000000238
15511  5.317  -57.021  13.226 0.5000000000
15515  11.535  -57.702  12.777 0.6000000238
15518  8.823  -57.095  12.438 0.6000000238
15519  7.463  -57.198  12.656 0.6999999881
15520  6.000  -57.064  12.661 0.5000000000
15542  7.570  -56.566  11.129 0.6000000238
15552  10.923  -57.263  9.225 0.6999999881
15574  10.041  -58.339  7.393 0.6999999881
15575  9.566  -57.717  6.697 0.6999999881
15583  8.971  -57.822  6.144 0.6999999881
15597  7.321  -56.948  4.956 0.8000000119
15598  6.471  -56.975  4.689 0.8000000119
15600  5.038  -57.300  4.636 0.8000000119
15615  10.489  -57.143  4.189 0.4000000060
15618  6.051  -56.928  3.859 0.6999999881
15629  9.895  -56.821  3.488 0.5000000000
16392  3.363  -56.165  13.360 0.5000000000
16396  3.755  -56.106  12.428 0.5000000000
16404  6.903  -56.247  11.169 0.6000000238
16407  4.138  -55.894  11.726 0.5000000000
16417  8.800  -56.328  9.466 0.4000000060
16422  4.467  -55.607  11.244 0.5000000000
16449  9.002  -56.042  7.737 0.4000000060
16481  7.173  -56.370  4.419 0.8000000119
16509  8.858  -56.277  3.116 0.5000000000
16510  7.517  -56.370  3.331 0.6000000238
17357  2.894  -55.701  14.851 0.6000000238
17362  2.491  -55.226  13.664 0.4000000060
17365  2.607  -55.337  12.078 0.4000000060
17372  2.743  -55.227  11.295 0.4000000060
17373  2.307  -54.978  11.822 0.4000000060
17383  6.224  -55.469  11.202 0.4000000060
17384  5.548  -55.362  11.164 0.4000000060
17408  9.089  -55.161  7.741 0.4000000060
17426  8.791  -55.515  6.151 0.3000000119
17442  8.137  -55.380  4.771 0.5000000000
17456  10.938  -55.730  3.697 0.4000000060
17458  7.862  -55.476  4.223 0.5000000000
17469  9.034  -55.534  3.246 0.6999999881
17470  8.220  -55.385  3.721 0.6000000238
17471  7.597  -55.792  3.872 0.6999999881
18228  3.935  -54.257  14.026 0.5000000000
18229  2.801  -55.308  14.389 0.6000000238
18230  2.520  -55.125  13.914 0.4000000060
18250  2.150  -54.341  11.530 0.4000000060
18264  5.703  -54.699  11.108 0.3000000119
18268  2.292  -54.108  10.616 0.3000000119
18318  9.270  -54.667  6.378 0.3000000119
18336  8.701  -54.630  4.793 0.5000000000
18349  8.362  -54.995  4.209 0.4000000060
18360  9.519  -54.719  3.325 0.4000000060
19113  6.645  -54.046  14.214 0.4000000060
19127  2.146  -53.746  12.192 0.4000000060
19136  2.467  -53.183  10.601 0.3000000119
19155  3.072  -54.031  9.481 0.3000000119
19214  9.880  -53.672  5.028 0.3000000119
19239  9.946  -54.023  3.345 0.4000000060
20014  8.044  -52.353  14.523 0.4000000060
20031  2.345  -52.937  11.790 0.3000000119
20073  4.487  -52.323  8.921 0.3000000119
110285  11.273  -57.206  10.876 0.6999999881
110336  18.723  -72.596  -2.109 0.4000000060
111407  4.562  -56.944  14.013 0.6000000238
111978  6.767  -57.246  13.135 0.6999999881
112585  4.437  -60.438  7.781 0.6000000238
113102  27.764  -75.708  8.978 0.3000000119
113112  19.404  -72.418  -1.885 0.4000000060
113205  9.068  -71.227  4.498 0.6000000238
113246  9.558  -57.526  14.095 0.6000000238
113279  8.634  -63.561  10.199 0.6000000238
113303  10.177  -57.340  13.038 0.8000000119
113463  4.764  -66.141  -0.383 0.6000000238
113857  18.160  -72.376  0.173 0.4000000060
113859  10.978  -75.318  9.590 0.6000000238
113864  18.373  -71.406  -8.508 0.6000000238
114531  13.052  -66.042  2.738 0.6000000238
114560  19.172  -71.453  -8.520 0.6000000238
115162  14.459  -65.569  4.809 0.6000000238
115195  11.638  -74.510  2.761 0.5000000000
115668  27.281  -80.272  14.692 0.4000000060
115811  27.542  -79.171  13.473 0.3000000119
115813  18.182  -74.389  2.974 0.3000000119
116268  8.927  -62.578  11.909 0.6000000238
116328  11.548  -57.513  10.013 0.6999999881
116364  18.207  -73.712  -4.074 0.5000000000
116766  25.718  -80.786  16.203 0.3000000119
116776  27.975  -79.393  11.548 0.4000000060
116783  20.575  -71.789  -9.122 0.5000000000
117116  4.739  -55.176  10.950 0.4000000060
117530  6.904  -57.539  2.703 0.6999999881
117613  13.434  -66.426  4.896 0.6000000238
117820  23.290  -73.745  7.342 0.3000000119
117854  11.804  -59.285  14.168 0.5000000000
118051  11.274  -76.607  9.118 0.6000000238
118261  19.471  -77.914  14.103 0.4000000060
118313  11.989  -66.660  3.322 0.5000000000
120289  3.645  -67.337  -1.776 0.6000000238
120381  11.015  -57.765  8.621 0.6999999881
120530  4.739  -68.359  -2.072 0.5000000000
120577  4.339  -57.636  5.760 0.8000000119
120804  6.317  -65.045  -0.219 0.5000000000
120971  8.065  -57.125  12.296 0.6000000238
120978  2.556  -63.555  2.081 0.5000000000
121066  10.930  -68.284  -2.106 0.8000000119
121686  23.436  -75.395  5.352 0.3000000119
121721  2.922  -60.578  4.682 0.6999999881
121998  10.592  -68.724  -1.561 0.8000000119
122129  22.361  -73.561  -5.103 0.5000000000
122188  3.225  -53.307  9.441 0.3000000119
122416  18.154  -73.026  -2.408 0.3000000119
122622  14.409  -62.854  1.510 0.5000000000
123058  28.249  -78.084  8.921 0.5000000000
123267  10.163  -59.904  10.200 0.8000000119
123410  8.690  -55.942  8.588 0.4000000060
123446  9.202  -62.357  10.695 0.6000000238
123881  25.046  -76.429  6.405 0.3000000119
124480  2.842  -69.509  -1.696 0.5000000000
124582  9.446  -65.157  -1.118 0.6999999881
124861  13.638  -73.012  7.312 0.6999999881
125223  6.672  -56.690  11.585 0.5000000000
125671  10.123  -59.452  8.459 0.6999999881
126634  12.073  -59.347  12.004 0.6000000238
126724  17.865  -74.581  -3.109 0.4000000060
127099  10.087  -73.702  8.722 0.5000000000
127525  12.111  -58.523  13.047 0.6000000238
127601  20.366  -77.405  7.062 0.4000000060
127749  18.796  -74.318  -7.789 0.4000000060
127829  6.988  -65.651  -2.752 0.6999999881
127928  20.033  -72.435  -9.355 0.5000000000
128133  12.886  -67.231  7.393 0.5000000000
128372  3.850  -69.906  -1.881 0.5000000000
128523  17.472  -71.243  -4.343 0.6999999881
129048  10.035  -57.458  7.434 0.6000000238
129123  11.509  -63.995  -0.794 0.5000000000
129154  10.969  -74.484  9.558 0.6000000238
129261  2.824  -55.771  14.566 0.6000000238
129361  15.902  -70.032  3.108 0.6000000238
129686  2.669  -53.902  9.859 0.3000000119
129838  19.173  -79.811  14.690 0.4000000060
129855  9.456  -61.641  11.602 0.6000000238
129979  17.974  -73.481  3.448 0.3000000119
130454  3.358  -58.510  7.243 0.5000000000
130793  19.936  -77.698  17.241 0.4000000060
130827  20.160  -72.624  -2.703 0.4000000060
130865  2.737  -59.353  6.569 0.6999999881
131309  20.444  -72.591  -9.358 0.4000000060
131319  15.383  -71.691  -3.779 0.8000000119
131433  3.400  -62.895  2.687 0.6999999881
131742  15.942  -69.426  7.691 0.6000000238
131775  11.252  -70.683  0.809 0.6000000238
131940  12.324  -67.370  6.210 0.5000000000
132009  15.499  -70.259  7.086 0.6999999881
132060  4.581  -57.476  5.140 0.8000000119
132071  15.589  -68.121  -4.704 0.4000000060
132729  14.433  -66.558  8.134 0.5000000000
132740  17.793  -72.810  2.422 0.3000000119
132946  6.446  -67.254  -1.866 0.6999999881
133261  21.685  -77.554  13.671 0.4000000060
133299  8.568  -56.373  9.981 0.4000000060
133448  17.714  -74.806  -7.815 0.4000000060
133511  14.366  -69.870  0.844 0.6000000238
133681  8.400  -61.132  5.180 0.6000000238
