#!ascii label  , from subject sub-v2s10x28955_ses-1 vox2ras=TkReg
724
97736  -48.137  20.400  39.088 0.0000000000
136828  -37.462  31.034  42.169 0.0000000000
98936  -42.168  22.313  47.874 0.0000000000
133600  -47.270  27.069  42.386 0.0000000000
105281  -42.738  33.092  40.297 0.0000000000
103292  -43.505  30.375  44.354 0.0000000000
103310  -44.024  30.258  41.678 0.0000000000
100278  -41.665  24.449  42.477 0.0000000000
96282  -41.441  18.539  44.146 0.0000000000
97685  -45.292  20.072  44.989 0.0000000000
105833  -33.121  33.662  39.571 0.0000000000
105320  -37.828  33.110  36.880 0.0000000000
105333  -42.671  32.445  35.354 0.0000000000
98955  -48.656  21.240  47.457 0.0000000000
123102  -39.645  25.608  44.597 0.0000000000
100845  -45.541  25.752  45.580 0.0000000000
121739  -50.048  23.075  41.529 0.0000000000
99046  -44.163  22.459  39.461 0.0000000000
98410  -38.641  21.578  38.447 0.0000000000
98443  -49.135  22.115  35.468 0.0000000000
105295  -44.424  33.086  39.108 0.0000000000
105272  -44.253  33.528  41.800 0.0000000000
103991  -43.456  30.801  40.296 0.0000000000
126573  -41.737  28.221  41.152 0.0000000000
97041  -42.776  19.319  44.623 0.0000000000
97665  -43.549  20.447  46.725 0.0000000000
122840  -31.386  33.000  42.733 0.0000000000
105323  -40.162  32.521  36.118 0.0000000000
98318  -48.044  20.914  49.199 0.0000000000
98953  -45.785  22.611  48.070 0.0000000000
103284  -35.621  29.037  43.000 0.0000000000
102660  -38.752  28.475  43.471 0.0000000000
102645  -46.446  28.929  43.742 0.0000000000
102055  -44.365  27.791  45.069 0.0000000000
101448  -47.751  26.940  43.330 0.0000000000
134380  -48.399  24.557  43.950 0.0000000000
100283  -48.747  25.276  41.776 0.0000000000
98380  -46.760  22.012  40.461 0.0000000000
99666  -46.009  23.439  42.389 0.0000000000
99008  -40.693  22.714  41.300 0.0000000000
104667  -39.480  32.023  41.780 0.0000000000
121717  -40.405  30.569  43.179 0.0000000000
104657  -42.018  32.554  43.077 0.0000000000
103969  -45.259  32.052  43.568 0.0000000000
102673  -46.094  28.826  42.419 0.0000000000
126451  -44.328  25.108  42.693 0.0000000000
102082  -43.417  27.301  42.178 0.0000000000
101467  -40.431  26.651  41.665 0.0000000000
96302  -42.581  17.709  42.652 0.0000000000
96304  -44.574  18.376  42.647 0.0000000000
97052  -46.997  19.447  42.582 0.0000000000
103959  -32.061  30.222  44.547 0.0000000000
103983  -32.532  30.926  41.996 0.0000000000
104676  -35.357  31.788  40.600 0.0000000000
104678  -37.456  31.739  39.985 0.0000000000
127925  -39.555  31.781  38.924 0.0000000000
117096  -42.250  32.336  37.878 0.0000000000
132286  -45.339  31.946  37.176 0.0000000000
104712  -46.377  30.962  35.465 0.0000000000
97655  -45.697  20.507  47.769 0.0000000000
97681  -47.844  20.484  46.482 0.0000000000
97696  -48.619  20.245  43.029 0.0000000000
99634  -40.930  23.482  46.040 0.0000000000
102053  -41.624  27.874  44.205 0.0000000000
100842  -42.447  25.710  45.222 0.0000000000
99637  -43.614  23.774  46.589 0.0000000000
99640  -46.736  23.119  46.514 0.0000000000
98342  -49.511  21.832  44.043 0.0000000000
97723  -50.495  21.410  39.658 0.0000000000
99061  -48.672  22.525  37.337 0.0000000000
99070  -44.833  22.969  37.637 0.0000000000
99068  -42.176  22.736  37.498 0.0000000000
134450  -43.284  23.215  42.312 0.0000000000
99043  -41.789  22.298  39.471 0.0000000000
99065  -39.698  22.216  37.089 0.0000000000
97735  -46.964  20.305  39.719 0.0000000000
97750  -46.834  20.690  38.210 0.0000000000
97751  -48.611  20.730  37.858 0.0000000000
104004  -44.504  32.030  38.959 0.0000000000
103996  -44.332  32.171  39.829 0.0000000000
103995  -43.582  30.871  39.468 0.0000000000
103326  -42.590  29.887  39.787 0.0000000000
98951  -43.630  22.750  47.648 0.0000000000
103976  -36.697  30.610  42.249 0.0000000000
102070  -47.184  27.962  42.728 0.0000000000
102056  -46.281  28.184  44.443 0.0000000000
101449  -47.957  26.834  42.492 0.0000000000
100863  -48.469  26.222  42.889 0.0000000000
126449  -48.344  25.863  41.936 0.0000000000
99667  -47.617  24.051  42.025 0.0000000000
128505  -47.051  25.568  42.233 0.0000000000
104681  -40.515  32.265  40.675 0.0000000000
104656  -41.248  32.426  42.649 0.0000000000
105270  -42.532  33.334  41.726 0.0000000000
104670  -45.078  32.489  42.181 0.0000000000
104658  -45.258  32.470  42.818 0.0000000000
103980  -45.825  30.817  42.620 0.0000000000
137853  -46.218  30.437  42.827 0.0000000000
103303  -45.562  29.689  42.334 0.0000000000
102073  -44.206  27.901  42.186 0.0000000000
138014  -44.033  28.582  42.020 0.0000000000
131444  -40.989  27.239  41.549 0.0000000000
97042  -43.678  19.368  44.487 0.0000000000
96285  -44.104  18.684  43.867 0.0000000000
97046  -44.990  18.815  43.716 0.0000000000
96305  -45.376  18.701  42.370 0.0000000000
97047  -45.838  19.145  43.491 0.0000000000
105830  -31.886  33.568  40.698 0.0000000000
104660  -31.581  32.017  41.921 0.0000000000
104673  -32.528  32.057  40.969 0.0000000000
104662  -33.866  31.262  41.305 0.0000000000
105277  -33.945  32.310  40.069 0.0000000000
105842  -36.342  33.637  37.638 0.0000000000
105300  -36.445  32.544  38.557 0.0000000000
105301  -37.234  32.313  38.439 0.0000000000
104684  -38.507  31.749  39.332 0.0000000000
105312  -38.363  32.447  37.345 0.0000000000
105332  -41.449  32.581  35.314 0.0000000000
118210  -40.930  32.207  37.051 0.0000000000
118517  -42.380  32.349  36.114 0.0000000000
105316  -44.529  32.538  37.562 0.0000000000
105326  -44.967  32.279  36.593 0.0000000000
105327  -45.468  31.758  36.781 0.0000000000
105334  -44.178  32.274  35.616 0.0000000000
96963  -46.917  19.946  52.297 0.0000000000
96985  -45.829  19.474  51.664 0.0000000000
97624  -46.516  19.745  51.003 0.0000000000
97646  -45.739  20.152  49.403 0.0000000000
97635  -47.018  20.142  50.303 0.0000000000
98326  -48.297  21.020  48.669 0.0000000000
97658  -48.344  20.796  48.078 0.0000000000
97682  -48.895  20.819  46.490 0.0000000000
97688  -48.455  20.436  44.747 0.0000000000
97683  -49.103  20.868  45.523 0.0000000000
100270  -39.144  24.857  44.876 0.0000000000
99648  -39.464  23.657  45.600 0.0000000000
100255  -40.601  24.684  45.244 0.0000000000
103290  -41.324  30.090  43.541 0.0000000000
118599  -41.062  29.085  43.636 0.0000000000
125881  -42.254  28.444  44.271 0.0000000000
101445  -44.635  26.997  45.304 0.0000000000
101444  -43.671  27.037  45.106 0.0000000000
100844  -44.090  25.574  45.720 0.0000000000
100258  -43.420  24.917  45.835 0.0000000000
127538  -44.816  24.735  46.147 0.0000000000
100245  -45.176  24.163  46.388 0.0000000000
121625  -46.313  24.588  45.687 0.0000000000
99661  -49.655  24.003  42.601 0.0000000000
98982  -49.223  22.977  43.871 0.0000000000
98985  -50.226  22.573  42.055 0.0000000000
98347  -50.253  21.683  41.597 0.0000000000
99016  -50.335  21.914  40.259 0.0000000000
98414  -50.192  21.734  37.768 0.0000000000
139399  -49.410  22.016  39.524 0.0000000000
99032  -45.722  22.202  40.858 0.0000000000
99048  -46.440  22.350  38.717 0.0000000000
99059  -44.342  22.673  38.396 0.0000000000
99710  -44.044  23.027  37.547 0.0000000000
99058  -43.446  22.541  38.839 0.0000000000
100869  -43.226  25.399  42.615 0.0000000000
100280  -43.555  24.355  42.692 0.0000000000
133104  -42.081  23.598  42.352 0.0000000000
99041  -39.951  21.838  39.732 0.0000000000
99029  -41.195  22.304  40.420 0.0000000000
98397  -40.084  21.837  38.917 0.0000000000
99055  -40.665  22.116  38.441 0.0000000000
98424  -39.239  21.779  37.792 0.0000000000
99081  -38.473  22.190  36.391 0.0000000000
97082  -44.055  19.689  40.439 0.0000000000
99733  -48.319  23.197  34.310 0.0000000000
105294  -43.799  33.290  39.679 0.0000000000
105271  -43.640  33.620  41.339 0.0000000000
117208  -44.285  33.404  40.891 0.0000000000
103992  -44.326  31.939  40.767 0.0000000000
103988  -43.582  30.555  41.047 0.0000000000
103309  -42.994  29.388  41.187 0.0000000000
103316  -42.671  29.710  40.551 0.0000000000
96283  -42.357  18.497  44.082 0.0000000000
97030  -41.725  19.883  45.589 0.0000000000
97678  -43.826  20.349  45.894 0.0000000000
106859  -33.250  35.498  40.157 0.0000000000
105321  -38.560  33.150  36.425 0.0000000000
105339  -41.767  32.787  34.524 0.0000000000
105346  -43.195  32.749  33.604 0.0000000000
98291  -47.444  20.489  50.584 0.0000000000
98940  -46.534  22.141  48.864 0.0000000000
98954  -47.923  21.677  48.019 0.0000000000
102050  -38.783  26.940  43.900 0.0000000000
103276  -44.852  29.460  44.730 0.0000000000
102643  -44.099  28.608  44.829 0.0000000000
137489  -45.570  28.364  44.808 0.0000000000
101446  -46.246  27.230  44.810 0.0000000000
101429  -46.154  26.315  45.188 0.0000000000
100261  -46.938  24.837  45.078 0.0000000000
100860  -47.690  26.259  43.912 0.0000000000
100285  -49.378  24.977  42.357 0.0000000000
122432  -49.739  23.912  41.716 0.0000000000
98359  -47.915  22.179  40.895 0.0000000000
98991  -48.491  23.504  41.635 0.0000000000
98990  -46.748  22.876  42.031 0.0000000000
118636  -44.811  22.385  41.185 0.0000000000
99663  -41.154  23.814  42.248 0.0000000000
98325  -41.198  22.027  47.855 0.0000000000
104654  -38.738  31.534  42.146 0.0000000000
103978  -38.962  30.832  42.684 0.0000000000
104655  -39.616  31.615  42.423 0.0000000000
103966  -41.202  31.201  43.300 0.0000000000
103968  -43.214  31.346  44.058 0.0000000000
105264  -44.111  33.467  42.679 0.0000000000
122079  -44.122  32.358  43.796 0.0000000000
103960  -44.370  31.369  44.239 0.0000000000
103962  -45.787  30.490  44.012 0.0000000000
102674  -46.441  29.207  42.765 0.0000000000
101456  -46.409  27.347  42.372 0.0000000000
100872  -46.380  26.340  42.361 0.0000000000
101455  -45.283  26.757  42.419 0.0000000000
121396  -43.388  26.473  42.396 0.0000000000
101453  -42.535  26.153  42.386 0.0000000000
102684  -42.539  28.327  41.465 0.0000000000
101469  -42.098  26.809  42.091 0.0000000000
96294  -42.764  17.815  43.437 0.0000000000
96303  -43.820  18.061  42.900 0.0000000000
97065  -43.701  19.078  41.313 0.0000000000
96318  -45.436  19.089  41.645 0.0000000000
134240  -45.976  19.302  41.512 0.0000000000
97085  -47.452  19.776  41.008 0.0000000000
102653  -32.535  28.938  44.070 0.0000000000
103280  -32.055  30.172  43.139 0.0000000000
103295  -33.222  29.614  42.808 0.0000000000
103296  -34.198  29.588  42.632 0.0000000000
103986  -35.146  30.880  41.739 0.0000000000
103987  -36.039  31.118  41.697 0.0000000000
106374  -34.085  34.270  38.845 0.0000000000
105288  -35.313  32.513  39.317 0.0000000000
105279  -35.742  32.016  40.043 0.0000000000
119445  -37.214  31.697  40.815 0.0000000000
104679  -38.136  31.720  40.711 0.0000000000
104680  -39.603  31.926  40.390 0.0000000000
104686  -40.259  31.962  39.629 0.0000000000
104701  -40.038  32.070  37.571 0.0000000000
115780  -41.096  32.133  38.146 0.0000000000
105293  -42.526  32.728  39.426 0.0000000000
105305  -43.558  32.912  38.715 0.0000000000
104694  -44.548  32.645  38.494 0.0000000000
104029  -44.940  30.712  36.913 0.0000000000
104030  -45.524  30.729  36.301 0.0000000000
105341  -44.591  32.197  34.657 0.0000000000
118543  -44.528  20.473  47.534 0.0000000000
97666  -45.273  20.505  46.981 0.0000000000
97648  -47.785  20.607  49.070 0.0000000000
97667  -46.580  20.481  47.472 0.0000000000
97680  -46.307  20.363  45.862 0.0000000000
97687  -47.408  20.177  44.788 0.0000000000
97049  -47.769  19.845  43.185 0.0000000000
97054  -48.788  20.166  41.703 0.0000000000
98964  -41.577  23.142  46.528 0.0000000000
103288  -39.211  29.298  43.295 0.0000000000
102068  -40.064  27.710  43.802 0.0000000000
102052  -40.501  27.070  44.164 0.0000000000
137309  -42.731  28.098  44.513 0.0000000000
101442  -41.893  26.722  44.640 0.0000000000
100857  -41.614  25.855  44.894 0.0000000000
100256  -41.326  24.691  45.383 0.0000000000
99635  -41.786  23.776  46.045 0.0000000000
99624  -43.089  23.159  46.953 0.0000000000
99625  -44.096  23.203  47.177 0.0000000000
98966  -46.534  22.695  47.418 0.0000000000
98967  -47.787  22.181  47.047 0.0000000000
100262  -47.694  24.205  44.760 0.0000000000
98981  -48.645  22.633  44.832 0.0000000000
98976  -49.188  21.696  44.937 0.0000000000
137338  -49.516  21.207  44.101 0.0000000000
97705  -49.589  20.559  41.383 0.0000000000
119025  -50.029  20.674  39.604 0.0000000000
97765  -50.091  21.415  37.460 0.0000000000
133771  -49.478  22.474  36.244 0.0000000000
99088  -48.642  23.258  35.253 0.0000000000
98381  -48.069  21.827  39.820 0.0000000000
117326  -47.032  22.757  37.445 0.0000000000
99712  -45.984  23.620  36.105 0.0000000000
120461  -44.057  23.893  35.682 0.0000000000
99717  -42.293  23.530  35.934 0.0000000000
126450  -45.556  25.010  42.626 0.0000000000
98988  -43.926  22.933  42.178 0.0000000000
99030  -43.236  22.462  40.870 0.0000000000
115847  -41.650  22.618  41.228 0.0000000000
116208  -42.024  22.391  40.418 0.0000000000
99045  -43.234  22.437  39.836 0.0000000000
99057  -42.026  22.449  38.481 0.0000000000
99067  -41.236  22.688  37.076 0.0000000000
120553  -47.282  20.502  38.824 0.0000000000
104003  -43.747  30.728  38.665 0.0000000000
98938  -44.137  22.480  48.472 0.0000000000
130720  -42.837  22.683  47.494 0.0000000000
134962  -37.686  29.774  42.845 0.0000000000
130233  -37.527  30.420  42.517 0.0000000000
102077  -47.446  27.256  42.581 0.0000000000
102071  -47.568  27.551  42.964 0.0000000000
137909  -47.665  26.901  42.445 0.0000000000
101457  -47.792  26.509  42.220 0.0000000000
105280  -41.695  32.815  41.079 0.0000000000
105269  -41.369  32.805  42.007 0.0000000000
103311  -45.020  31.342  42.152 0.0000000000
130254  -44.929  30.354  42.173 0.0000000000
103302  -44.419  29.435  42.046 0.0000000000
96293  -41.941  17.618  43.538 0.0000000000
97043  -44.622  19.437  44.351 0.0000000000
97044  -45.568  19.587  44.189 0.0000000000
105831  -32.481  33.650  40.112 0.0000000000
105275  -32.228  32.862  40.556 0.0000000000
105286  -32.810  33.112  39.965 0.0000000000
105276  -33.023  32.501  40.264 0.0000000000
105287  -33.474  32.981  39.643 0.0000000000
105843  -37.215  33.584  37.134 0.0000000000
106380  -36.835  34.369  37.313 0.0000000000
105310  -36.740  32.897  37.824 0.0000000000
105311  -37.515  32.636  37.582 0.0000000000
105302  -38.190  32.024  38.378 0.0000000000
119092  -43.694  32.380  36.255 0.0000000000
97607  -46.756  20.157  52.423 0.0000000000
96987  -47.184  20.022  51.871 0.0000000000
96986  -46.962  19.832  51.815 0.0000000000
97625  -47.238  20.043  51.252 0.0000000000
98327  -48.551  20.907  47.965 0.0000000000
98332  -48.907  20.922  47.100 0.0000000000
98338  -49.214  21.037  46.044 0.0000000000
101439  -39.242  26.300  44.257 0.0000000000
100271  -39.947  25.009  44.923 0.0000000000
103291  -42.457  30.240  43.973 0.0000000000
102663  -41.875  29.246  43.915 0.0000000000
103274  -42.817  29.386  44.301 0.0000000000
101428  -44.884  26.187  45.565 0.0000000000
130288  -44.872  25.372  45.859 0.0000000000
100260  -45.564  24.870  45.907 0.0000000000
98992  -50.031  23.676  41.961 0.0000000000
98993  -50.277  22.299  41.046 0.0000000000
99015  -50.103  22.418  40.768 0.0000000000
98382  -49.990  22.107  39.894 0.0000000000
98360  -49.248  22.194  40.357 0.0000000000
115509  -44.917  22.281  40.164 0.0000000000
99047  -45.152  22.424  39.108 0.0000000000
100279  -42.594  24.420  42.599 0.0000000000
139223  -39.602  21.701  39.254 0.0000000000
98411  -39.456  21.692  38.620 0.0000000000
99054  -39.967  21.936  38.062 0.0000000000
134366  -38.578  21.690  37.574 0.0000000000
97083  -44.971  19.903  40.319 0.0000000000
98453  -48.656  22.476  34.860 0.0000000000
99102  -48.657  22.897  34.429 0.0000000000
105283  -44.326  33.201  39.976 0.0000000000
103989  -44.562  31.661  41.492 0.0000000000
103315  -41.852  29.099  40.139 0.0000000000
106857  -32.630  35.525  40.910 0.0000000000
105338  -40.784  33.183  34.653 0.0000000000
105345  -42.102  33.127  33.730 0.0000000000
105864  -41.712  34.309  33.401 0.0000000000
98939  -45.298  22.428  48.731 0.0000000000
123187  -46.905  22.252  48.279 0.0000000000
102067  -39.196  27.684  43.690 0.0000000000
138643  -45.566  29.829  44.423 0.0000000000
135765  -45.720  29.030  44.544 0.0000000000
102058  -47.049  27.507  43.901 0.0000000000
101447  -47.019  26.705  44.385 0.0000000000
100859  -46.968  25.817  44.750 0.0000000000
125199  -48.917  25.751  41.943 0.0000000000
100864  -49.044  25.709  42.193 0.0000000000
100284  -49.236  25.264  41.936 0.0000000000
99669  -49.609  24.509  41.941 0.0000000000
99668  -49.229  24.614  41.720 0.0000000000
138060  -45.521  22.941  42.183 0.0000000000
99012  -45.649  22.548  41.721 0.0000000000
104647  -41.293  31.980  43.097 0.0000000000
104648  -41.837  31.856  43.357 0.0000000000
103967  -42.117  31.143  43.632 0.0000000000
104649  -42.837  32.304  43.567 0.0000000000
105263  -43.327  33.565  42.208 0.0000000000
104650  -44.731  32.995  43.135 0.0000000000
103961  -45.281  31.066  44.156 0.0000000000
130031  -45.829  31.169  43.448 0.0000000000
103304  -46.190  29.866  42.599 0.0000000000
103305  -46.351  30.112  42.877 0.0000000000
119275  -46.707  28.337  42.638 0.0000000000
102075  -46.453  28.026  42.423 0.0000000000
102074  -45.404  27.829  42.338 0.0000000000
101454  -44.295  27.045  42.341 0.0000000000
102081  -41.760  27.510  41.606 0.0000000000
96284  -43.240  18.534  44.005 0.0000000000
96296  -44.399  18.350  43.267 0.0000000000
96316  -43.833  18.411  42.226 0.0000000000
96317  -44.635  18.723  41.858 0.0000000000
97051  -46.055  18.997  42.825 0.0000000000
119124  -46.237  19.134  42.031 0.0000000000
128529  -46.533  19.500  41.344 0.0000000000
97067  -47.222  19.512  41.790 0.0000000000
103266  -32.345  29.657  45.106 0.0000000000
103259  -32.608  29.121  45.730 0.0000000000
102634  -32.532  28.800  44.898 0.0000000000
103273  -32.255  29.538  44.331 0.0000000000
105824  -31.686  33.371  43.627 0.0000000000
105257  -31.474  32.364  43.385 0.0000000000
104661  -32.037  31.509  41.724 0.0000000000
103971  -31.949  30.841  42.522 0.0000000000
103972  -32.699  30.261  42.489 0.0000000000
135817  -32.553  29.736  43.094 0.0000000000
103973  -33.739  30.196  42.290 0.0000000000
104675  -34.523  31.711  40.759 0.0000000000
104663  -34.656  31.229  41.373 0.0000000000
104664  -35.344  31.424  41.210 0.0000000000
105837  -34.577  33.650  38.696 0.0000000000
105298  -35.069  33.071  38.753 0.0000000000
105290  -36.916  32.073  39.247 0.0000000000
105289  -36.108  32.277  39.304 0.0000000000
104677  -36.598  31.851  40.059 0.0000000000
139116  -38.132  31.696  39.883 0.0000000000
104691  -38.930  31.763  38.833 0.0000000000
104685  -39.276  31.758  39.556 0.0000000000
105322  -39.351  32.814  36.227 0.0000000000
105313  -39.185  32.368  37.032 0.0000000000
115691  -39.881  32.343  36.771 0.0000000000
105304  -42.144  32.427  38.664 0.0000000000
105306  -44.471  32.772  38.316 0.0000000000
104702  -44.952  32.340  37.704 0.0000000000
104012  -45.198  31.577  37.358 0.0000000000
105335  -45.595  31.728  35.960 0.0000000000
104707  -45.908  31.220  36.150 0.0000000000
104046  -46.143  30.721  35.689 0.0000000000
97001  -43.463  19.917  49.161 0.0000000000
116274  -45.632  20.393  48.492 0.0000000000
97645  -44.275  20.283  48.579 0.0000000000
98305  -47.753  20.786  49.760 0.0000000000
97636  -47.623  20.607  49.726 0.0000000000
97637  -47.929  20.741  49.274 0.0000000000
97668  -47.827  20.548  47.468 0.0000000000
97657  -47.786  20.565  48.309 0.0000000000
120706  -46.883  20.439  46.770 0.0000000000
125582  -47.239  20.300  45.515 0.0000000000
97686  -46.351  20.087  44.859 0.0000000000
97692  -48.553  20.354  43.830 0.0000000000
97691  -47.585  20.019  43.980 0.0000000000
97053  -48.103  19.833  42.302 0.0000000000
99649  -40.320  23.897  45.609 0.0000000000
98963  -40.727  22.819  46.536 0.0000000000
103965  -39.560  30.169  43.075 0.0000000000
103301  -38.849  29.962  42.995 0.0000000000
102662  -41.373  28.442  43.918 0.0000000000
124161  -40.536  28.452  43.686 0.0000000000
102069  -40.901  27.770  44.001 0.0000000000
120456  -41.356  27.237  44.339 0.0000000000
102642  -43.150  28.624  44.553 0.0000000000
102054  -43.293  27.800  44.752 0.0000000000
101426  -43.066  26.334  45.165 0.0000000000
101443  -42.761  26.954  44.824 0.0000000000
100858  -42.359  26.309  44.922 0.0000000000
100841  -41.181  25.173  45.120 0.0000000000
126990  -41.832  25.123  45.307 0.0000000000
100243  -43.648  24.399  46.206 0.0000000000
99636  -42.775  24.144  46.103 0.0000000000
139341  -42.947  23.619  46.525 0.0000000000
98965  -42.391  23.444  46.517 0.0000000000
99651  -46.052  24.016  46.208 0.0000000000
99639  -45.676  23.468  46.781 0.0000000000
98974  -47.791  22.619  46.139 0.0000000000
98975  -48.689  21.958  45.695 0.0000000000
98339  -49.365  21.133  44.961 0.0000000000
98344  -49.877  21.805  43.249 0.0000000000
97707  -50.482  21.443  40.126 0.0000000000
133594  -49.982  20.906  41.767 0.0000000000
97706  -50.337  21.119  40.836 0.0000000000
115869  -49.878  20.623  40.495 0.0000000000
97737  -50.103  20.778  38.632 0.0000000000
97753  -50.306  21.230  38.129 0.0000000000
98413  -49.547  22.202  37.881 0.0000000000
99062  -49.957  22.192  36.988 0.0000000000
99073  -49.185  22.823  35.552 0.0000000000
99072  -48.631  22.961  36.219 0.0000000000
98398  -46.908  21.998  39.563 0.0000000000
99060  -45.515  22.688  38.099 0.0000000000
99071  -45.826  23.174  37.144 0.0000000000
99719  -44.895  23.801  35.894 0.0000000000
99711  -44.818  23.376  36.907 0.0000000000
118925  -43.172  22.951  37.467 0.0000000000
99085  -42.720  23.263  36.719 0.0000000000
99084  -41.841  23.116  36.584 0.0000000000
100871  -45.106  25.827  42.535 0.0000000000
99664  -43.822  23.568  42.544 0.0000000000
99010  -43.095  22.769  41.789 0.0000000000
99686  -40.688  23.370  41.852 0.0000000000
99042  -40.766  22.056  39.453 0.0000000000
132659  -42.685  22.422  40.401 0.0000000000
99044  -42.474  22.387  39.820 0.0000000000
116028  -42.632  22.444  39.091 0.0000000000
99056  -41.338  22.272  38.745 0.0000000000
99066  -40.541  22.324  37.545 0.0000000000
99083  -40.396  22.641  36.618 0.0000000000
97719  -45.932  20.131  40.097 0.0000000000
123712  -46.204  20.465  39.173 0.0000000000
97762  -46.190  21.079  37.586 0.0000000000
104687  -44.556  32.952  39.368 0.0000000000
98952  -44.638  22.746  47.873 0.0000000000
103298  -36.135  29.758  42.611 0.0000000000
103299  -36.998  29.798  42.725 0.0000000000
103287  -38.289  29.326  43.156 0.0000000000
102057  -47.006  28.198  43.405 0.0000000000
100873  -48.537  26.140  42.173 0.0000000000
130769  -47.687  25.061  42.039 0.0000000000
100282  -46.467  24.426  42.418 0.0000000000
104668  -40.494  32.392  41.539 0.0000000000
129073  -40.392  32.239  42.248 0.0000000000
105262  -42.217  33.079  42.499 0.0000000000
105265  -44.773  33.177  42.339 0.0000000000
127868  -45.477  31.852  42.605 0.0000000000
104651  -45.835  31.663  42.984 0.0000000000
133590  -46.210  30.853  42.961 0.0000000000
102672  -44.939  28.711  42.283 0.0000000000
131902  -43.343  28.075  41.920 0.0000000000
95514  -42.159  17.337  43.078 0.0000000000
96297  -45.244  18.565  43.087 0.0000000000
125423  -32.050  30.878  44.812 0.0000000000
105828  -31.553  33.557  41.367 0.0000000000
105267  -31.427  32.785  41.829 0.0000000000
105274  -31.652  32.986  41.071 0.0000000000
105268  -31.835  32.342  41.305 0.0000000000
122467  -32.917  31.377  41.416 0.0000000000
103984  -33.315  30.752  41.847 0.0000000000
104674  -33.455  31.836  40.754 0.0000000000
106379  -36.071  34.292  37.694 0.0000000000
105299  -35.720  32.807  38.636 0.0000000000
105839  -36.115  33.092  38.116 0.0000000000
105291  -37.735  31.890  39.200 0.0000000000
104692  -39.182  31.922  38.059 0.0000000000
105331  -40.451  32.826  35.368 0.0000000000
105324  -41.191  32.401  36.111 0.0000000000
105314  -42.247  32.313  36.946 0.0000000000
105315  -43.502  32.580  37.730 0.0000000000
105325  -43.474  32.433  36.912 0.0000000000
131344  -44.479  32.455  36.956 0.0000000000
105317  -45.115  32.281  37.228 0.0000000000
97606  -45.164  21.062  52.464 0.0000000000
97586  -46.051  20.398  53.068 0.0000000000
96962  -46.483  19.859  52.934 0.0000000000
96976  -46.597  19.745  52.352 0.0000000000
97633  -44.635  19.911  49.615 0.0000000000
97634  -45.836  19.849  50.171 0.0000000000
97647  -47.008  20.340  49.323 0.0000000000
97649  -48.146  20.830  48.725 0.0000000000
97669  -48.609  20.811  47.362 0.0000000000
133163  -48.285  20.475  45.641 0.0000000000
97689  -49.208  20.844  44.505 0.0000000000
139037  -39.052  24.134  45.256 0.0000000000
100254  -39.751  24.371  45.250 0.0000000000
103289  -40.231  29.427  43.413 0.0000000000
101427  -43.927  26.313  45.420 0.0000000000
100843  -43.252  25.641  45.482 0.0000000000
100257  -42.596  24.968  45.576 0.0000000000
100259  -44.196  24.898  46.047 0.0000000000
100244  -44.327  24.272  46.383 0.0000000000
99638  -44.651  23.654  46.772 0.0000000000
100274  -49.118  24.310  43.322 0.0000000000
98984  -49.836  22.856  42.934 0.0000000000
98361  -50.418  21.726  40.570 0.0000000000
132791  -50.459  21.609  39.975 0.0000000000
115532  -50.375  21.450  38.586 0.0000000000
135638  -50.386  21.588  39.445 0.0000000000
98400  -50.106  21.791  38.822 0.0000000000
98399  -49.211  22.064  38.819 0.0000000000
98379  -45.896  22.131  39.840 0.0000000000
99069  -43.550  22.727  38.092 0.0000000000
116995  -42.827  22.621  38.239 0.0000000000
126283  -42.994  23.694  42.496 0.0000000000
98987  -42.715  23.201  42.232 0.0000000000
99028  -40.311  22.204  40.452 0.0000000000
98423  -38.884  21.944  36.996 0.0000000000
98437  -38.042  21.805  36.839 0.0000000000
133050  -42.922  33.382  40.998 0.0000000000
105282  -43.789  33.494  40.520 0.0000000000
104682  -44.534  33.073  40.337 0.0000000000
104669  -44.701  33.105  41.412 0.0000000000
102696  -42.141  28.842  40.848 0.0000000000
97040  -41.806  19.400  44.775 0.0000000000
97676  -42.239  20.167  45.966 0.0000000000
97031  -42.432  19.871  45.337 0.0000000000
97032  -43.268  19.931  45.197 0.0000000000
97033  -44.231  20.054  45.068 0.0000000000
106361  -31.581  34.362  42.497 0.0000000000
106365  -32.046  34.860  41.129 0.0000000000
106368  -32.215  34.286  40.471 0.0000000000
106370  -32.962  34.521  39.766 0.0000000000
105340  -43.001  32.500  34.518 0.0000000000
98931  -46.216  21.944  49.570 0.0000000000
98317  -47.367  21.456  49.492 0.0000000000
98941  -47.611  21.581  48.817 0.0000000000
103275  -44.517  30.374  44.516 0.0000000000
119625  -43.800  29.472  44.599 0.0000000000
102644  -45.001  28.517  44.972 0.0000000000
126213  -45.385  27.726  45.069 0.0000000000
130067  -45.480  26.813  45.294 0.0000000000
137285  -45.518  26.286  45.432 0.0000000000
100846  -46.231  25.386  45.420 0.0000000000
100272  -47.897  25.338  44.118 0.0000000000
136472  -48.897  25.296  43.061 0.0000000000
99014  -49.371  22.944  41.271 0.0000000000
123136  -47.736  22.684  41.486 0.0000000000
99013  -46.665  22.388  41.354 0.0000000000
99007  -39.873  22.582  41.088 0.0000000000
136223  -39.410  22.132  40.475 0.0000000000
125542  -39.368  21.742  39.773 0.0000000000
98396  -39.040  21.612  39.270 0.0000000000
136100  -37.937  31.463  41.913 0.0000000000
103977  -38.126  30.981  42.388 0.0000000000
138305  -39.787  30.974  42.842 0.0000000000
103979  -40.509  31.626  42.860 0.0000000000
131283  -43.031  33.210  43.004 0.0000000000
105259  -43.830  33.067  43.329 0.0000000000
132033  -45.230  30.286  44.453 0.0000000000
103277  -46.126  29.771  43.955 0.0000000000
103970  -46.206  30.408  43.388 0.0000000000
103293  -46.460  29.547  43.231 0.0000000000
102664  -46.853  28.739  42.974 0.0000000000
102076  -47.026  27.667  42.489 0.0000000000
100870  -44.232  26.085  42.530 0.0000000000
100868  -42.152  25.280  42.524 0.0000000000
102685  -43.495  28.971  41.661 0.0000000000
131523  -42.638  27.473  41.910 0.0000000000
138660  -42.793  26.851  42.207 0.0000000000
95515  -43.058  17.697  43.039 0.0000000000
96295  -43.582  18.109  43.373 0.0000000000
135408  -43.269  18.007  42.610 0.0000000000
97066  -44.738  19.360  41.104 0.0000000000
97084  -45.723  19.573  40.953 0.0000000000
97720  -46.715  19.889  40.592 0.0000000000
97721  -47.782  20.165  40.146 0.0000000000
103958  -31.726  30.877  44.080 0.0000000000
104646  -31.487  31.515  43.128 0.0000000000
103964  -31.700  30.808  43.293 0.0000000000
103272  -31.911  30.160  43.826 0.0000000000
103281  -32.299  29.612  43.662 0.0000000000
127024  -32.816  29.204  43.415 0.0000000000
102655  -34.037  28.400  43.489 0.0000000000
103282  -33.641  29.038  43.180 0.0000000000
103283  -34.641  28.995  43.020 0.0000000000
103297  -35.188  29.660  42.578 0.0000000000
103985  -34.259  30.735  41.757 0.0000000000
103974  -34.727  30.235  42.174 0.0000000000
103975  -35.677  30.408  42.185 0.0000000000
136531  -37.056  31.360  41.616 0.0000000000
106373  -33.503  34.170  39.257 0.0000000000
105834  -33.825  33.599  39.151 0.0000000000
131010  -34.411  32.863  39.302 0.0000000000
105278  -34.890  32.191  40.009 0.0000000000
116781  -36.199  31.664  40.921 0.0000000000
104665  -37.778  31.615  41.344 0.0000000000
104666  -38.518  31.715  41.514 0.0000000000
120074  -39.043  31.892  41.007 0.0000000000
116656  -38.790  31.742  40.168 0.0000000000
125025  -39.792  32.127  41.129 0.0000000000
105292  -41.472  32.463  40.059 0.0000000000
104693  -40.206  31.920  38.559 0.0000000000
105303  -41.251  32.229  39.099 0.0000000000
129092  -44.770  31.679  38.102 0.0000000000
104013  -45.509  31.405  36.775 0.0000000000
105342  -45.965  31.515  35.087 0.0000000000
97654  -43.357  20.384  47.605 0.0000000000
128198  -44.370  20.481  46.616 0.0000000000
97679  -44.969  20.394  45.976 0.0000000000
97656  -46.811  20.452  48.431 0.0000000000
131467  -45.932  20.476  46.590 0.0000000000
97045  -46.548  19.791  44.056 0.0000000000
97048  -46.768  19.532  43.327 0.0000000000
97068  -48.132  19.905  41.409 0.0000000000
134042  -48.450  20.141  40.593 0.0000000000
98949  -41.417  22.517  47.138 0.0000000000
98950  -42.243  22.848  47.038 0.0000000000
103300  -38.232  30.219  42.754 0.0000000000
102661  -39.651  28.483  43.540 0.0000000000
102051  -39.643  26.987  43.993 0.0000000000
101440  -40.098  26.329  44.367 0.0000000000
129368  -42.269  27.578  44.496 0.0000000000
101441  -41.003  26.455  44.509 0.0000000000
100856  -40.579  25.573  44.781 0.0000000000
99650  -41.146  24.132  45.631 0.0000000000
127205  -41.903  24.443  45.657 0.0000000000
99626  -45.172  23.098  47.332 0.0000000000
98968  -48.732  21.464  46.678 0.0000000000
99652  -46.983  23.768  45.649 0.0000000000
99658  -48.462  23.640  44.361 0.0000000000
99653  -47.976  23.141  45.252 0.0000000000
97693  -49.479  20.852  43.333 0.0000000000
98345  -50.033  21.584  42.585 0.0000000000
97694  -49.904  21.034  42.394 0.0000000000
97697  -49.230  20.469  42.318 0.0000000000
97069  -49.017  20.231  40.988 0.0000000000
135652  -49.311  20.363  40.256 0.0000000000
115542  -49.098  20.364  39.535 0.0000000000
118953  -49.296  20.583  38.502 0.0000000000
97764  -49.797  21.361  37.047 0.0000000000
120711  -49.571  21.767  36.219 0.0000000000
98429  -49.953  21.931  36.684 0.0000000000
99074  -49.267  22.425  35.664 0.0000000000
99089  -49.076  22.906  34.901 0.0000000000
98412  -47.947  22.129  38.672 0.0000000000
137886  -47.429  22.485  38.105 0.0000000000
99087  -47.291  23.367  36.241 0.0000000000
117984  -46.108  23.968  34.902 0.0000000000
99086  -43.790  23.454  36.654 0.0000000000
131928  -45.411  23.990  42.645 0.0000000000
100281  -44.543  24.166  42.723 0.0000000000
99665  -44.823  23.309  42.462 0.0000000000
98989  -44.763  22.705  41.995 0.0000000000
99011  -43.963  22.568  41.471 0.0000000000
99031  -44.035  22.407  40.496 0.0000000000
118567  -42.470  22.536  41.133 0.0000000000
131292  -41.349  22.401  37.951 0.0000000000
97722  -50.356  20.923  39.898 0.0000000000
97738  -50.502  21.151  39.048 0.0000000000
97752  -50.032  20.919  37.761 0.0000000000
98444  -49.052  22.613  34.976 0.0000000000
104653  -31.635  31.500  42.428 0.0000000000
105261  -31.413  32.171  42.557 0.0000000000
105826  -31.407  33.624  42.145 0.0000000000
106364  -31.602  34.284  41.669 0.0000000000
106367  -31.705  34.151  40.984 0.0000000000
128593  -32.566  34.960  40.431 0.0000000000
136791  -31.618  31.130  42.830 0.0000000000
137380  -49.956  21.991  38.225 0.0000000000
