#!ascii label  , from subject sub-v2s10x28955_ses-1 vox2ras=TkReg
1108
50138  -31.666  -30.524  57.239 0.0000000000
42844  -20.117  -37.340  62.349 0.0000000000
41986  -28.013  -38.283  58.487 0.0000000000
74016  -43.630  -6.809  43.428 0.0000000000
79090  -48.321  -1.195  38.207 0.0000000000
41896  -13.110  -38.089  64.942 0.0000000000
72912  -38.441  -7.548  46.850 0.0000000000
139273  -35.124  -27.795  56.057 0.0000000000
47134  -28.644  -33.323  57.763 0.0000000000
43810  -16.616  -36.716  62.319 0.0000000000
38851  -16.425  -41.599  64.568 0.0000000000
51093  -25.660  -29.710  55.606 0.0000000000
51990  -29.199  -28.207  53.488 0.0000000000
39914  -24.286  -40.789  61.121 0.0000000000
48158  -24.308  -32.582  58.513 0.0000000000
122163  -37.934  -19.462  45.982 0.0000000000
66114  -39.885  -14.332  46.077 0.0000000000
69002  -42.873  -11.439  43.978 0.0000000000
133070  -10.193  -45.306  66.000 0.0000000000
32345  -8.141  -48.928  68.110 0.0000000000
56124  -29.503  -24.413  52.267 0.0000000000
56157  -32.237  -24.426  50.306 0.0000000000
57170  -35.708  -23.462  47.403 0.0000000000
36860  -13.070  -43.393  64.470 0.0000000000
122849  -19.893  -38.332  64.297 0.0000000000
39887  -21.782  -40.252  63.325 0.0000000000
49157  -29.472  -31.767  58.267 0.0000000000
45913  -19.014  -34.650  61.495 0.0000000000
42864  -18.331  -36.828  61.751 0.0000000000
40912  -18.122  -39.167  62.511 0.0000000000
53029  -25.788  -27.467  59.080 0.0000000000
50125  -24.063  -30.185  57.937 0.0000000000
63226  -36.506  -16.678  46.610 0.0000000000
63230  -39.731  -16.773  45.687 0.0000000000
67022  -36.472  -13.495  46.819 0.0000000000
70919  -39.970  -9.504  43.952 0.0000000000
71947  -42.549  -8.733  42.787 0.0000000000
69974  -45.799  -11.011  43.223 0.0000000000
71958  -44.666  -8.127  41.784 0.0000000000
74032  -46.250  -6.932  40.927 0.0000000000
55047  -27.619  -25.213  55.914 0.0000000000
54108  -29.243  -26.816  53.249 0.0000000000
127176  -26.858  -23.460  54.601 0.0000000000
59049  -29.313  -21.276  50.455 0.0000000000
59061  -32.019  -21.709  49.373 0.0000000000
56177  -33.836  -24.243  48.987 0.0000000000
59073  -33.886  -21.926  48.579 0.0000000000
60012  -35.384  -20.707  47.381 0.0000000000
40962  -26.559  -39.973  59.729 0.0000000000
120101  -10.241  -41.033  65.182 0.0000000000
39865  -12.122  -40.275  63.814 0.0000000000
116748  -9.260  -52.290  68.622 0.0000000000
26646  -7.454  -54.604  69.405 0.0000000000
69914  -36.179  -10.392  48.505 0.0000000000
55067  -34.059  -25.374  55.958 0.0000000000
43875  -29.186  -36.381  58.364 0.0000000000
42822  -15.087  -37.481  63.748 0.0000000000
40910  -14.443  -39.659  63.217 0.0000000000
40928  -16.419  -39.490  62.530 0.0000000000
120696  -50.085  -0.875  36.926 0.0000000000
49211  -29.465  -31.416  55.460 0.0000000000
50187  -30.371  -30.460  53.320 0.0000000000
133801  -27.605  -29.086  53.975 0.0000000000
43843  -20.923  -35.629  60.167 0.0000000000
40943  -21.857  -39.700  60.929 0.0000000000
41971  -22.696  -38.486  59.351 0.0000000000
41973  -24.276  -39.003  58.801 0.0000000000
42906  -26.140  -38.010  57.962 0.0000000000
45940  -25.115  -34.884  59.513 0.0000000000
44890  -26.052  -35.790  57.012 0.0000000000
45985  -26.919  -34.424  56.283 0.0000000000
49191  -28.193  -32.201  56.372 0.0000000000
59089  -39.968  -22.025  47.050 0.0000000000
68960  -37.680  -11.115  45.856 0.0000000000
67980  -40.631  -12.274  45.868 0.0000000000
129780  -47.575  -5.225  40.099 0.0000000000
119089  -9.178  -47.115  67.010 0.0000000000
30405  -10.209  -50.377  68.478 0.0000000000
52022  -32.011  -28.782  52.668 0.0000000000
129244  -32.265  -26.690  53.224 0.0000000000
56103  -31.782  -23.196  53.955 0.0000000000
58077  -27.475  -22.322  52.226 0.0000000000
117833  -30.319  -23.693  51.798 0.0000000000
57111  -32.619  -23.209  53.108 0.0000000000
55117  -34.726  -25.170  52.099 0.0000000000
139430  -37.315  -25.190  50.148 0.0000000000
56183  -39.074  -24.281  48.765 0.0000000000
59100  -37.797  -21.667  46.383 0.0000000000
116602  -36.459  -18.778  46.680 0.0000000000
38877  -24.190  -41.338  63.396 0.0000000000
133383  -9.152  -42.291  66.856 0.0000000000
35918  -11.201  -44.613  65.441 0.0000000000
123765  -14.303  -42.390  64.273 0.0000000000
25703  -5.070  -55.904  71.908 0.0000000000
42833  -19.900  -37.642  63.163 0.0000000000
40914  -21.098  -39.615  63.852 0.0000000000
40930  -20.860  -38.925  62.239 0.0000000000
139847  -30.777  -30.939  57.203 0.0000000000
43828  -19.475  -35.836  61.309 0.0000000000
134153  -18.955  -35.291  61.429 0.0000000000
42865  -19.215  -36.592  61.825 0.0000000000
42832  -19.342  -37.592  63.085 0.0000000000
128766  -35.299  -14.833  48.260 0.0000000000
65169  -36.377  -15.109  46.743 0.0000000000
66095  -35.307  -13.677  48.333 0.0000000000
74008  -42.581  -6.775  44.221 0.0000000000
72934  -41.215  -7.338  44.085 0.0000000000
134307  -42.655  -7.548  43.257 0.0000000000
71948  -43.263  -8.630  42.551 0.0000000000
72944  -43.817  -7.237  42.719 0.0000000000
74023  -44.384  -6.375  42.101 0.0000000000
56065  -27.133  -24.441  55.168 0.0000000000
61002  -31.140  -19.874  50.246 0.0000000000
119407  -32.845  -21.411  49.276 0.0000000000
59985  -33.205  -20.683  49.480 0.0000000000
59986  -34.426  -20.601  48.991 0.0000000000
41974  -27.539  -38.912  58.928 0.0000000000
40944  -27.698  -39.940  61.132 0.0000000000
131297  -28.474  -39.087  60.879 0.0000000000
40881  -11.252  -39.384  65.273 0.0000000000
40894  -12.379  -39.522  64.165 0.0000000000
77016  -48.458  -3.194  38.244 0.0000000000
27522  -8.432  -53.555  68.833 0.0000000000
51961  -35.847  -28.331  57.485 0.0000000000
54064  -34.666  -26.157  56.028 0.0000000000
136285  -28.956  -34.865  57.793 0.0000000000
45929  -30.029  -34.595  59.891 0.0000000000
43811  -16.835  -36.013  62.525 0.0000000000
43799  -16.177  -36.484  63.239 0.0000000000
43777  -15.482  -36.388  64.827 0.0000000000
43798  -15.666  -37.255  63.294 0.0000000000
41918  -15.068  -38.944  63.006 0.0000000000
41931  -16.793  -38.672  62.105 0.0000000000
41908  -18.989  -38.547  64.285 0.0000000000
123258  -18.534  -39.380  63.557 0.0000000000
49209  -27.728  -31.281  54.896 0.0000000000
50167  -28.058  -30.662  54.091 0.0000000000
51094  -26.427  -29.430  54.955 0.0000000000
44843  -21.560  -35.311  60.079 0.0000000000
134917  -21.624  -36.905  59.514 0.0000000000
44844  -22.483  -36.117  59.781 0.0000000000
133525  -24.111  -38.160  59.060 0.0000000000
131408  -24.761  -37.737  58.978 0.0000000000
41983  -25.688  -38.581  58.372 0.0000000000
116469  -25.289  -37.545  58.615 0.0000000000
49141  -24.552  -31.675  60.895 0.0000000000
47112  -24.769  -34.107  58.689 0.0000000000
45954  -25.096  -35.014  58.281 0.0000000000
47122  -24.941  -34.198  57.646 0.0000000000
127866  -26.039  -34.836  56.645 0.0000000000
47132  -24.843  -33.440  57.113 0.0000000000
50137  -24.994  -30.222  56.205 0.0000000000
125939  -25.762  -32.039  56.135 0.0000000000
49208  -26.206  -31.035  55.444 0.0000000000
121595  -28.203  -31.804  55.661 0.0000000000
60028  -39.051  -20.795  46.311 0.0000000000
60030  -40.780  -20.757  46.735 0.0000000000
122993  -39.918  -19.188  46.029 0.0000000000
117058  -39.542  -15.273  45.828 0.0000000000
63231  -40.672  -16.662  45.688 0.0000000000
71899  -37.498  -8.445  47.920 0.0000000000
69938  -36.655  -10.294  46.820 0.0000000000
70906  -37.626  -9.479  45.817 0.0000000000
69970  -41.263  -10.461  43.665 0.0000000000
68981  -39.845  -11.099  44.688 0.0000000000
68983  -41.616  -11.688  44.776 0.0000000000
68942  -42.211  -12.218  46.380 0.0000000000
74041  -46.494  -6.151  40.597 0.0000000000
127478  -46.171  -4.679  40.196 0.0000000000
76033  -46.471  -4.009  39.791 0.0000000000
35884  -8.969  -44.432  67.202 0.0000000000
34956  -8.761  -45.039  67.849 0.0000000000
34102  -9.428  -46.479  66.788 0.0000000000
31409  -11.031  -49.174  68.741 0.0000000000
125388  -10.793  -50.981  69.930 0.0000000000
51124  -29.570  -29.570  52.833 0.0000000000
50198  -30.968  -30.061  52.662 0.0000000000
52006  -30.397  -28.372  52.645 0.0000000000
55113  -29.182  -25.280  52.616 0.0000000000
54120  -30.928  -26.706  52.590 0.0000000000
121307  -30.838  -25.534  52.788 0.0000000000
54110  -32.006  -25.674  53.562 0.0000000000
55115  -30.727  -24.241  52.895 0.0000000000
59949  -27.914  -20.405  52.583 0.0000000000
57133  -30.298  -23.049  50.087 0.0000000000
57132  -29.638  -23.018  50.689 0.0000000000
57134  -30.909  -23.647  50.379 0.0000000000
139460  -31.318  -23.453  52.331 0.0000000000
56126  -32.449  -23.957  52.173 0.0000000000
56128  -34.234  -24.533  52.734 0.0000000000
55151  -33.525  -25.093  50.796 0.0000000000
56178  -34.632  -24.288  48.578 0.0000000000
55168  -35.685  -25.115  49.551 0.0000000000
56169  -36.802  -24.733  48.775 0.0000000000
55171  -37.860  -24.981  49.729 0.0000000000
56193  -37.118  -23.833  47.480 0.0000000000
57172  -37.741  -23.227  47.085 0.0000000000
58141  -36.517  -22.473  46.644 0.0000000000
61027  -35.557  -19.635  48.565 0.0000000000
61036  -35.896  -20.140  46.865 0.0000000000
62080  -35.953  -18.938  48.358 0.0000000000
39931  -22.981  -40.307  60.659 0.0000000000
39903  -23.279  -40.805  62.058 0.0000000000
38901  -24.018  -40.929  61.919 0.0000000000
37858  -11.036  -42.466  64.450 0.0000000000
37846  -10.432  -42.564  64.989 0.0000000000
35930  -11.574  -43.859  64.881 0.0000000000
38872  -15.185  -41.168  63.610 0.0000000000
38871  -14.294  -41.179  63.490 0.0000000000
38850  -15.474  -41.670  64.202 0.0000000000
41909  -19.477  -38.545  64.639 0.0000000000
40897  -20.647  -39.292  64.738 0.0000000000
39868  -21.976  -40.477  64.641 0.0000000000
120975  -22.573  -40.971  64.657 0.0000000000
47135  -28.917  -32.474  58.127 0.0000000000
47113  -29.753  -32.860  59.435 0.0000000000
45901  -18.530  -34.377  62.093 0.0000000000
44828  -17.884  -35.972  61.726 0.0000000000
42863  -17.632  -37.179  61.691 0.0000000000
41932  -17.678  -38.552  62.004 0.0000000000
41933  -18.332  -38.091  62.300 0.0000000000
41919  -18.838  -38.165  63.276 0.0000000000
51958  -25.334  -28.205  57.443 0.0000000000
51959  -26.211  -27.900  57.012 0.0000000000
127598  -24.314  -30.892  60.422 0.0000000000
118813  -24.218  -31.856  57.994 0.0000000000
51948  -24.547  -28.467  58.849 0.0000000000
62095  -37.605  -18.250  46.044 0.0000000000
123044  -38.469  -17.902  45.797 0.0000000000
64262  -37.445  -16.615  46.127 0.0000000000
65177  -38.049  -15.245  46.077 0.0000000000
67024  -38.437  -13.526  46.130 0.0000000000
71920  -38.835  -8.045  45.214 0.0000000000
72932  -39.560  -7.677  44.843 0.0000000000
71940  -41.093  -8.836  43.444 0.0000000000
69971  -42.659  -10.684  43.337 0.0000000000
69003  -44.341  -11.336  43.636 0.0000000000
69981  -44.041  -9.906  42.593 0.0000000000
70942  -45.190  -9.614  42.208 0.0000000000
71960  -45.909  -8.447  41.494 0.0000000000
122219  -45.388  -7.038  41.186 0.0000000000
128944  -44.847  -6.178  41.337 0.0000000000
34982  -11.350  -45.816  66.196 0.0000000000
33219  -10.589  -46.979  66.858 0.0000000000
33207  -12.028  -47.241  67.952 0.0000000000
54092  -28.362  -26.861  54.982 0.0000000000
53075  -29.006  -27.577  53.774 0.0000000000
55083  -27.738  -25.834  54.474 0.0000000000
55098  -27.390  -25.046  53.826 0.0000000000
56101  -27.810  -24.783  52.993 0.0000000000
130860  -28.886  -20.080  51.374 0.0000000000
61000  -29.592  -19.896  50.884 0.0000000000
59059  -30.741  -21.433  49.637 0.0000000000
57143  -32.027  -23.666  49.543 0.0000000000
56158  -33.023  -24.777  50.140 0.0000000000
58104  -32.716  -22.996  49.125 0.0000000000
58113  -33.553  -22.766  48.702 0.0000000000
58128  -34.659  -22.810  47.853 0.0000000000
127045  -35.541  -22.163  47.027 0.0000000000
59075  -34.877  -21.303  47.795 0.0000000000
39934  -25.448  -40.544  60.339 0.0000000000
38903  -25.513  -41.001  61.786 0.0000000000
123705  -26.578  -40.681  61.381 0.0000000000
39864  -11.377  -40.754  64.049 0.0000000000
37870  -12.261  -42.065  63.638 0.0000000000
30403  -8.284  -50.611  68.044 0.0000000000
31395  -7.426  -49.697  69.097 0.0000000000
29409  -7.763  -52.100  68.421 0.0000000000
28411  -6.920  -52.954  69.460 0.0000000000
27498  -6.117  -53.407  71.395 0.0000000000
55049  -33.745  -24.403  56.204 0.0000000000
42908  -28.421  -37.581  58.151 0.0000000000
42882  -28.968  -38.027  59.907 0.0000000000
120977  -14.851  -36.625  65.639 0.0000000000
42820  -13.794  -37.874  64.619 0.0000000000
40895  -13.108  -39.307  63.838 0.0000000000
41917  -14.427  -38.883  63.368 0.0000000000
40911  -15.491  -39.745  62.887 0.0000000000
39884  -16.536  -40.640  63.195 0.0000000000
40929  -17.255  -39.344  62.312 0.0000000000
39885  -17.433  -40.454  63.169 0.0000000000
38852  -17.463  -41.304  64.580 0.0000000000
80069  -48.916  -0.784  37.758 0.0000000000
50153  -30.953  -30.884  55.874 0.0000000000
126093  -31.637  -30.567  55.960 0.0000000000
50169  -30.152  -30.911  54.248 0.0000000000
50186  -29.353  -30.210  53.190 0.0000000000
51109  -28.227  -28.904  53.662 0.0000000000
51971  -27.580  -28.076  55.906 0.0000000000
53065  -28.284  -27.785  55.765 0.0000000000
53066  -28.469  -27.463  55.484 0.0000000000
55048  -28.340  -26.127  56.553 0.0000000000
42866  -20.344  -37.114  61.193 0.0000000000
41951  -21.124  -38.923  61.038 0.0000000000
41962  -21.218  -38.313  60.128 0.0000000000
40971  -21.892  -38.410  59.584 0.0000000000
40961  -23.154  -39.893  59.798 0.0000000000
42893  -23.167  -37.903  59.284 0.0000000000
41972  -23.503  -38.734  59.121 0.0000000000
39953  -24.092  -40.183  59.627 0.0000000000
40974  -25.405  -39.775  59.007 0.0000000000
40989  -26.728  -39.144  58.638 0.0000000000
41994  -26.839  -38.010  57.732 0.0000000000
44846  -25.424  -35.933  59.985 0.0000000000
43873  -25.476  -36.712  58.279 0.0000000000
43885  -26.000  -36.640  57.475 0.0000000000
42921  -27.222  -37.369  57.301 0.0000000000
43888  -28.198  -36.246  56.904 0.0000000000
44908  -28.217  -35.011  56.765 0.0000000000
45970  -28.524  -34.368  57.267 0.0000000000
48186  -25.504  -32.513  56.401 0.0000000000
48187  -26.190  -32.638  56.158 0.0000000000
119327  -27.944  -32.796  56.633 0.0000000000
48190  -28.868  -31.826  56.939 0.0000000000
49192  -29.555  -31.461  56.397 0.0000000000
44841  -20.165  -34.710  60.798 0.0000000000
62098  -40.067  -18.236  45.839 0.0000000000
124796  -35.860  -11.882  47.530 0.0000000000
68939  -37.232  -11.852  46.311 0.0000000000
129824  -38.676  -12.632  45.928 0.0000000000
69950  -38.695  -10.293  44.989 0.0000000000
68962  -39.441  -11.486  45.264 0.0000000000
67970  -40.130  -12.784  46.179 0.0000000000
131521  -41.542  -13.214  46.462 0.0000000000
76025  -47.965  -4.780  39.743 0.0000000000
77001  -47.328  -3.074  38.972 0.0000000000
78070  -47.466  -2.247  38.758 0.0000000000
34091  -8.328  -45.910  68.614 0.0000000000
117458  -8.346  -48.265  67.914 0.0000000000
33205  -10.312  -47.695  67.100 0.0000000000
32360  -9.361  -48.683  67.408 0.0000000000
31420  -8.947  -49.675  67.637 0.0000000000
29412  -10.006  -51.154  68.731 0.0000000000
50171  -32.366  -30.158  54.525 0.0000000000
51110  -32.945  -29.578  54.112 0.0000000000
52008  -33.301  -28.623  53.867 0.0000000000
53089  -30.459  -27.469  52.664 0.0000000000
53091  -32.591  -27.433  53.214 0.0000000000
54096  -33.600  -26.772  54.624 0.0000000000
54095  -33.165  -25.750  54.792 0.0000000000
55085  -32.689  -24.699  55.009 0.0000000000
57062  -32.713  -23.381  55.220 0.0000000000
58064  -27.028  -22.473  53.097 0.0000000000
137275  -28.383  -23.670  51.973 0.0000000000
59037  -28.727  -21.556  50.929 0.0000000000
57123  -28.591  -23.208  51.568 0.0000000000
57108  -29.727  -23.822  51.930 0.0000000000
57109  -31.109  -23.409  52.668 0.0000000000
57085  -32.092  -22.971  53.643 0.0000000000
55152  -34.480  -25.244  50.588 0.0000000000
121014  -35.854  -25.362  51.011 0.0000000000
57174  -39.319  -23.391  47.807 0.0000000000
58143  -39.230  -22.067  46.800 0.0000000000
60027  -38.178  -20.870  46.211 0.0000000000
59098  -36.052  -21.793  46.599 0.0000000000
60025  -36.532  -20.418  46.441 0.0000000000
133329  -37.176  -19.019  46.219 0.0000000000
62094  -36.393  -17.997  46.737 0.0000000000
64254  -35.617  -16.241  47.715 0.0000000000
39901  -21.929  -40.250  62.449 0.0000000000
38875  -22.839  -40.952  63.437 0.0000000000
38878  -25.192  -41.373  63.260 0.0000000000
36839  -9.303  -43.762  66.538 0.0000000000
38825  -9.475  -42.045  66.169 0.0000000000
36848  -9.869  -43.441  65.766 0.0000000000
35917  -10.387  -44.704  65.731 0.0000000000
34996  -11.745  -45.192  65.804 0.0000000000
120521  -13.279  -40.483  63.407 0.0000000000
38870  -13.352  -41.211  63.417 0.0000000000
37861  -13.462  -42.655  64.047 0.0000000000
123176  -8.132  -55.873  70.917 0.0000000000
25724  -6.556  -55.846  70.496 0.0000000000
27487  -5.421  -54.288  72.000 0.0000000000
50139  -32.137  -30.323  56.563 0.0000000000
41934  -20.347  -38.047  62.851 0.0000000000
41950  -20.516  -38.081  61.754 0.0000000000
49173  -31.136  -30.803  57.551 0.0000000000
43812  -19.825  -36.708  61.758 0.0000000000
42843  -19.642  -37.216  62.489 0.0000000000
135047  -35.324  -14.279  49.152 0.0000000000
66995  -35.358  -13.444  49.177 0.0000000000
74015  -42.930  -7.025  43.658 0.0000000000
72943  -43.212  -7.409  43.027 0.0000000000
74017  -44.152  -6.476  42.965 0.0000000000
59971  -32.727  -20.166  49.881 0.0000000000
40977  -27.825  -39.209  59.790 0.0000000000
41975  -28.303  -38.535  59.388 0.0000000000
41895  -12.416  -38.347  65.298 0.0000000000
40882  -11.955  -39.028  64.857 0.0000000000
41905  -12.710  -38.785  64.529 0.0000000000
78080  -48.222  -2.232  38.231 0.0000000000
122341  -49.112  -3.523  37.965 0.0000000000
77030  -48.909  -2.698  37.753 0.0000000000
53056  -35.232  -26.957  56.232 0.0000000000
53067  -34.717  -27.179  55.674 0.0000000000
45955  -28.965  -34.117  57.979 0.0000000000
45956  -29.354  -34.665  58.545 0.0000000000
45941  -29.682  -34.013  59.314 0.0000000000
139105  -16.672  -35.746  63.253 0.0000000000
136264  -16.190  -37.436  62.514 0.0000000000
42841  -16.179  -38.241  62.361 0.0000000000
41947  -16.643  -37.955  61.988 0.0000000000
50151  -26.757  -30.803  54.877 0.0000000000
50165  -26.650  -30.077  54.599 0.0000000000
44859  -22.006  -35.751  59.731 0.0000000000
42894  -25.001  -37.183  59.578 0.0000000000
43860  -25.230  -36.742  59.290 0.0000000000
48149  -24.423  -32.465  59.536 0.0000000000
48150  -24.654  -33.055  59.927 0.0000000000
47111  -24.499  -33.249  59.069 0.0000000000
47121  -24.523  -33.406  58.030 0.0000000000
47133  -25.385  -34.166  56.852 0.0000000000
50149  -25.652  -30.483  55.640 0.0000000000
126458  -38.538  -20.126  46.076 0.0000000000
126872  -39.445  -20.042  46.173 0.0000000000
122994  -38.877  -19.340  45.946 0.0000000000
120495  -40.102  -15.960  45.654 0.0000000000
139343  -40.324  -13.835  46.245 0.0000000000
71900  -37.879  -7.924  47.326 0.0000000000
71909  -37.361  -8.563  47.008 0.0000000000
71910  -37.886  -8.107  46.477 0.0000000000
69001  -41.950  -11.189  43.854 0.0000000000
68982  -41.136  -11.137  44.115 0.0000000000
135272  -42.379  -11.629  44.522 0.0000000000
68965  -42.413  -11.813  45.354 0.0000000000
120169  -45.774  -4.030  40.212 0.0000000000
35901  -9.598  -44.783  66.271 0.0000000000
123760  -9.117  -45.162  66.902 0.0000000000
34980  -9.670  -45.732  66.409 0.0000000000
52004  -28.859  -28.685  53.393 0.0000000000
52020  -30.139  -29.262  52.569 0.0000000000
55114  -30.156  -25.026  52.506 0.0000000000
56156  -31.647  -24.072  49.987 0.0000000000
56144  -31.602  -24.132  50.723 0.0000000000
57127  -31.666  -23.773  51.781 0.0000000000
55132  -32.468  -24.652  51.061 0.0000000000
55133  -33.299  -24.803  51.656 0.0000000000
57154  -35.059  -23.650  47.863 0.0000000000
56179  -35.478  -24.378  48.262 0.0000000000
56180  -36.398  -24.336  48.004 0.0000000000
56192  -36.326  -23.682  47.364 0.0000000000
57171  -36.855  -23.189  46.910 0.0000000000
58130  -36.095  -23.061  46.963 0.0000000000
39932  -23.748  -40.467  60.427 0.0000000000
39913  -23.517  -40.663  61.264 0.0000000000
36858  -11.615  -43.032  64.372 0.0000000000
36859  -12.226  -43.442  64.458 0.0000000000
36850  -12.556  -44.021  64.852 0.0000000000
36851  -13.539  -43.902  65.236 0.0000000000
38873  -16.071  -41.199  63.718 0.0000000000
33190  -7.852  -48.353  68.825 0.0000000000
51088  -34.455  -29.229  56.794 0.0000000000
41910  -19.991  -38.685  64.941 0.0000000000
121322  -20.352  -38.756  64.177 0.0000000000
134166  -21.705  -40.255  64.047 0.0000000000
39869  -22.336  -40.711  63.870 0.0000000000
136634  -29.337  -32.428  58.756 0.0000000000
45902  -19.284  -33.959  61.789 0.0000000000
43827  -18.586  -35.987  61.641 0.0000000000
44816  -18.265  -35.208  61.762 0.0000000000
131938  -17.911  -36.512  61.643 0.0000000000
43826  -17.276  -36.463  61.855 0.0000000000
41949  -18.027  -37.705  61.781 0.0000000000
41920  -19.527  -38.037  63.857 0.0000000000
51949  -25.249  -27.881  58.399 0.0000000000
121776  -25.915  -27.725  57.783 0.0000000000
50098  -24.121  -30.103  59.812 0.0000000000
51937  -24.970  -27.812  59.415 0.0000000000
51957  -24.656  -28.606  57.901 0.0000000000
63227  -36.951  -17.515  46.322 0.0000000000
63228  -37.791  -17.442  45.963 0.0000000000
66103  -36.084  -14.297  47.038 0.0000000000
65176  -37.205  -15.137  46.349 0.0000000000
66111  -36.850  -14.329  46.557 0.0000000000
66112  -37.785  -14.395  46.247 0.0000000000
67023  -37.368  -13.513  46.393 0.0000000000
72933  -40.378  -7.468  44.464 0.0000000000
72941  -41.484  -8.007  43.482 0.0000000000
71930  -40.705  -8.117  43.810 0.0000000000
71941  -41.827  -8.803  43.102 0.0000000000
70931  -41.522  -9.642  43.317 0.0000000000
70932  -42.363  -9.683  42.942 0.0000000000
70933  -43.330  -10.095  42.846 0.0000000000
70939  -43.008  -9.295  42.656 0.0000000000
71949  -44.058  -8.566  42.210 0.0000000000
71950  -44.839  -8.897  41.912 0.0000000000
71959  -45.249  -8.487  41.640 0.0000000000
72963  -45.277  -7.852  41.423 0.0000000000
55065  -27.916  -26.103  55.486 0.0000000000
54093  -28.491  -26.651  53.971 0.0000000000
56082  -27.033  -24.329  54.138 0.0000000000
55082  -27.274  -25.013  54.515 0.0000000000
128177  -27.250  -24.343  53.405 0.0000000000
59983  -31.473  -21.135  49.540 0.0000000000
59969  -30.858  -20.667  49.802 0.0000000000
59060  -31.176  -22.019  49.496 0.0000000000
58103  -31.747  -22.754  49.400 0.0000000000
127901  -32.513  -22.168  49.208 0.0000000000
59062  -33.204  -22.041  48.968 0.0000000000
58114  -34.124  -22.588  48.329 0.0000000000
128275  -34.427  -21.979  48.048 0.0000000000
59074  -34.375  -21.210  48.463 0.0000000000
59987  -34.935  -20.182  49.135 0.0000000000
39955  -25.820  -40.178  59.641 0.0000000000
115933  -25.857  -40.782  61.133 0.0000000000
39935  -26.376  -40.406  60.469 0.0000000000
131281  -28.029  -40.002  61.799 0.0000000000
39917  -27.344  -40.489  61.787 0.0000000000
40893  -11.609  -39.829  64.483 0.0000000000
39851  -10.787  -40.239  64.925 0.0000000000
38868  -11.781  -41.546  63.689 0.0000000000
39879  -12.030  -40.933  63.566 0.0000000000
29411  -9.225  -51.572  68.275 0.0000000000
29410  -8.390  -51.439  68.143 0.0000000000
118058  -8.584  -52.219  68.361 0.0000000000
26655  -8.067  -54.122  69.007 0.0000000000
27521  -7.792  -53.683  68.885 0.0000000000
27512  -7.154  -53.797  69.210 0.0000000000
28410  -6.537  -52.893  70.335 0.0000000000
129612  -6.762  -54.603  69.767 0.0000000000
55050  -34.598  -25.146  56.578 0.0000000000
55051  -34.968  -24.604  57.168 0.0000000000
43874  -28.770  -36.957  57.971 0.0000000000
43861  -29.068  -37.143  58.665 0.0000000000
42812  -14.900  -36.997  64.583 0.0000000000
42811  -14.247  -37.270  65.098 0.0000000000
42821  -14.447  -37.668  64.229 0.0000000000
41907  -14.087  -38.361  63.881 0.0000000000
42830  -14.753  -38.239  63.503 0.0000000000
41930  -15.905  -38.894  62.575 0.0000000000
39898  -16.183  -40.137  62.832 0.0000000000
39883  -15.703  -40.596  63.206 0.0000000000
39867  -18.405  -40.200  64.155 0.0000000000
136132  -18.116  -40.235  63.476 0.0000000000
127445  -17.837  -40.824  63.896 0.0000000000
49212  -30.181  -31.185  55.736 0.0000000000
138448  -29.976  -31.193  54.964 0.0000000000
50184  -27.675  -30.087  53.824 0.0000000000
50185  -28.376  -30.130  53.526 0.0000000000
51108  -27.917  -29.538  53.684 0.0000000000
51123  -28.786  -29.404  53.255 0.0000000000
51988  -27.976  -28.520  54.306 0.0000000000
119060  -27.013  -27.590  57.721 0.0000000000
51970  -26.457  -28.258  56.114 0.0000000000
53053  -27.443  -27.852  56.716 0.0000000000
53042  -28.707  -27.323  57.114 0.0000000000
53055  -28.554  -27.405  56.292 0.0000000000
51980  -28.340  -27.922  54.920 0.0000000000
54078  -28.579  -26.937  55.929 0.0000000000
43842  -20.659  -36.419  60.290 0.0000000000
42878  -20.813  -37.420  60.145 0.0000000000
42892  -22.237  -37.472  59.388 0.0000000000
40972  -22.420  -39.213  59.653 0.0000000000
117661  -23.736  -39.523  59.212 0.0000000000
40973  -24.560  -39.730  59.031 0.0000000000
40987  -25.091  -39.161  58.613 0.0000000000
42905  -25.630  -38.004  58.293 0.0000000000
41984  -26.401  -38.601  58.207 0.0000000000
47103  -24.953  -33.340  60.628 0.0000000000
45928  -25.219  -34.224  60.509 0.0000000000
128504  -25.455  -35.106  60.476 0.0000000000
44860  -25.277  -35.911  58.863 0.0000000000
44873  -25.484  -35.860  57.826 0.0000000000
139146  -26.371  -36.377  57.055 0.0000000000
43887  -27.469  -36.676  56.890 0.0000000000
43901  -26.800  -36.223  56.742 0.0000000000
45984  -26.058  -34.058  56.438 0.0000000000
44907  -27.642  -35.142  56.484 0.0000000000
45986  -27.893  -34.336  56.587 0.0000000000
49169  -24.265  -31.074  57.515 0.0000000000
49170  -24.560  -31.908  57.114 0.0000000000
117391  -25.126  -31.921  56.508 0.0000000000
49189  -26.480  -31.863  55.820 0.0000000000
48188  -27.190  -32.618  56.130 0.0000000000
48189  -28.488  -32.486  57.292 0.0000000000
49210  -28.710  -31.503  55.144 0.0000000000
122351  -28.855  -31.742  56.021 0.0000000000
49193  -30.386  -31.124  56.730 0.0000000000
44842  -20.816  -34.904  60.439 0.0000000000
44830  -20.246  -35.501  60.713 0.0000000000
58133  -40.388  -22.584  47.586 0.0000000000
122732  -41.256  -20.118  46.651 0.0000000000
60013  -41.668  -20.879  47.110 0.0000000000
123043  -39.415  -17.607  45.720 0.0000000000
68920  -35.814  -11.228  49.014 0.0000000000
68929  -35.572  -11.937  48.347 0.0000000000
68930  -35.798  -11.091  47.961 0.0000000000
120896  -36.927  -11.002  46.434 0.0000000000
133318  -36.670  -11.447  46.631 0.0000000000
67968  -37.789  -12.702  46.142 0.0000000000
68940  -38.150  -11.907  45.821 0.0000000000
70918  -39.266  -9.179  44.379 0.0000000000
70907  -38.279  -9.550  45.191 0.0000000000
70917  -38.816  -9.632  44.705 0.0000000000
124887  -40.236  -11.734  45.284 0.0000000000
67979  -39.818  -12.140  45.702 0.0000000000
67971  -41.029  -12.728  46.279 0.0000000000
67010  -42.974  -12.554  46.981 0.0000000000
69973  -44.966  -10.850  43.132 0.0000000000
74033  -47.202  -6.809  40.860 0.0000000000
75043  -46.761  -5.368  40.256 0.0000000000
74042  -47.634  -5.949  40.516 0.0000000000
77000  -46.612  -3.219  39.496 0.0000000000
76034  -47.408  -4.005  39.356 0.0000000000
78069  -46.730  -2.330  39.308 0.0000000000
34101  -8.761  -46.453  67.542 0.0000000000
34967  -8.665  -45.681  67.942 0.0000000000
137503  -8.337  -46.772  68.238 0.0000000000
33203  -8.637  -47.473  67.553 0.0000000000
33206  -11.235  -47.418  67.380 0.0000000000
32362  -10.859  -48.161  67.653 0.0000000000
31408  -10.390  -49.597  68.222 0.0000000000
32346  -10.594  -48.860  67.948 0.0000000000
31422  -9.891  -49.158  67.646 0.0000000000
120804  -9.301  -49.301  67.574 0.0000000000
31421  -9.601  -49.900  67.872 0.0000000000
30404  -9.478  -50.730  68.131 0.0000000000
29385  -10.681  -51.544  70.307 0.0000000000
50170  -30.982  -30.646  54.110 0.0000000000
116201  -31.516  -30.553  55.024 0.0000000000
139302  -31.743  -30.387  54.071 0.0000000000
51125  -31.779  -29.722  52.875 0.0000000000
50189  -32.217  -29.993  53.611 0.0000000000
51126  -32.560  -29.222  53.306 0.0000000000
52007  -32.694  -28.317  53.194 0.0000000000
53088  -29.741  -27.746  53.120 0.0000000000
54109  -30.078  -26.793  52.754 0.0000000000
54121  -31.575  -26.326  52.942 0.0000000000
129889  -31.517  -27.189  52.656 0.0000000000
54094  -32.911  -26.599  53.875 0.0000000000
55102  -31.596  -24.148  54.019 0.0000000000
55084  -32.380  -25.132  54.365 0.0000000000
56083  -32.185  -23.760  54.745 0.0000000000
56084  -32.679  -24.031  55.351 0.0000000000
59024  -27.235  -21.752  52.843 0.0000000000
57105  -27.331  -23.111  52.545 0.0000000000
137286  -27.625  -22.918  52.075 0.0000000000
59959  -29.008  -20.686  50.872 0.0000000000
59958  -28.316  -20.800  51.592 0.0000000000
57125  -30.149  -23.383  50.894 0.0000000000
57124  -29.101  -22.867  50.994 0.0000000000
128611  -29.424  -23.393  51.373 0.0000000000
56125  -30.429  -23.895  52.414 0.0000000000
57110  -31.767  -23.167  52.804 0.0000000000
57086  -32.863  -22.904  53.935 0.0000000000
116846  -33.058  -22.870  54.618 0.0000000000
55116  -33.957  -24.905  52.102 0.0000000000
136698  -33.651  -24.675  49.585 0.0000000000
55166  -33.942  -25.063  50.013 0.0000000000
55154  -36.441  -25.264  50.240 0.0000000000
55153  -35.397  -25.285  50.392 0.0000000000
55136  -36.543  -25.341  51.268 0.0000000000
56171  -38.464  -24.642  49.249 0.0000000000
56159  -38.646  -24.996  50.006 0.0000000000
56172  -39.251  -24.615  49.515 0.0000000000
57145  -39.934  -24.210  49.082 0.0000000000
57157  -39.601  -23.784  48.358 0.0000000000
57156  -38.828  -23.819  48.096 0.0000000000
58142  -37.370  -22.487  46.618 0.0000000000
58131  -38.429  -22.461  46.800 0.0000000000
59101  -38.703  -21.551  46.495 0.0000000000
59088  -35.416  -21.508  47.113 0.0000000000
60024  -35.894  -20.936  46.688 0.0000000000
61037  -35.982  -19.364  47.068 0.0000000000
61046  -36.508  -19.589  46.540 0.0000000000
124472  -37.189  -19.927  46.190 0.0000000000
137884  -36.895  -18.307  46.376 0.0000000000
63210  -35.767  -17.025  47.929 0.0000000000
40942  -21.511  -39.668  61.821 0.0000000000
39911  -22.163  -40.210  61.620 0.0000000000
121016  -23.735  -41.065  62.702 0.0000000000
38890  -23.043  -40.901  62.811 0.0000000000
38876  -23.405  -41.175  63.443 0.0000000000
38854  -23.721  -41.445  64.248 0.0000000000
38893  -25.975  -41.202  62.532 0.0000000000
38892  -25.205  -41.171  62.386 0.0000000000
38879  -26.210  -41.379  63.543 0.0000000000
41964  -29.201  -38.176  60.766 0.0000000000
121123  -9.031  -42.928  67.173 0.0000000000
119085  -10.215  -40.300  65.792 0.0000000000
38809  -9.691  -41.084  66.099 0.0000000000
38826  -10.003  -41.876  65.422 0.0000000000
36849  -10.915  -43.207  64.804 0.0000000000
135543  -10.350  -43.185  65.258 0.0000000000
124432  -10.599  -43.920  65.322 0.0000000000
35916  -9.915  -44.159  65.835 0.0000000000
34995  -10.881  -45.259  65.856 0.0000000000
40909  -13.565  -39.874  63.417 0.0000000000
39881  -13.936  -40.479  63.334 0.0000000000
38849  -14.667  -41.760  63.928 0.0000000000
37872  -13.822  -41.891  63.723 0.0000000000
37871  -12.965  -42.041  63.608 0.0000000000
79101  -49.517  -1.305  37.331 0.0000000000
24793  -6.368  -56.634  71.013 0.0000000000
25713  -5.766  -56.052  71.099 0.0000000000
26622  -5.503  -55.285  71.651 0.0000000000
26621  -5.014  -54.982  72.305 0.0000000000
41921  -20.123  -38.109  63.700 0.0000000000
40913  -20.650  -38.852  63.290 0.0000000000
40931  -21.297  -39.642  62.815 0.0000000000
49172  -30.350  -31.181  57.765 0.0000000000
44829  -19.525  -34.994  61.044 0.0000000000
42842  -18.931  -37.225  62.385 0.0000000000
53010  -26.250  -27.335  60.428 0.0000000000
139364  -35.522  -15.538  47.661 0.0000000000
130104  -35.925  -15.899  46.954 0.0000000000
65168  -35.715  -14.998  47.295 0.0000000000
66102  -35.566  -14.270  47.624 0.0000000000
67009  -35.776  -13.512  47.446 0.0000000000
74007  -41.864  -6.796  44.507 0.0000000000
72935  -42.107  -7.299  43.723 0.0000000000
72942  -42.209  -8.023  43.130 0.0000000000
72952  -42.867  -8.031  42.816 0.0000000000
72953  -43.525  -7.922  42.514 0.0000000000
72954  -44.132  -7.696  42.159 0.0000000000
72962  -44.644  -7.203  41.692 0.0000000000
135921  -44.200  -7.027  42.300 0.0000000000
55064  -27.448  -25.334  55.102 0.0000000000
56049  -27.412  -24.226  56.258 0.0000000000
57023  -27.054  -23.399  55.666 0.0000000000
59984  -32.340  -20.864  49.524 0.0000000000
59063  -33.701  -21.172  49.015 0.0000000000
124774  -33.923  -20.517  49.370 0.0000000000
40976  -27.041  -39.520  59.357 0.0000000000
40963  -27.256  -39.876  60.271 0.0000000000
40964  -28.046  -39.406  60.626 0.0000000000
40945  -28.411  -39.414  61.375 0.0000000000
76048  -48.827  -4.033  38.499 0.0000000000
132631  -49.303  -4.005  38.168 0.0000000000
28399  -9.861  -53.198  69.988 0.0000000000
28423  -8.882  -52.897  68.712 0.0000000000
27499  -9.507  -53.890  70.031 0.0000000000
26648  -8.965  -54.314  69.697 0.0000000000
26634  -8.486  -55.125  70.167 0.0000000000
54065  -35.172  -26.072  56.520 0.0000000000
44874  -29.151  -35.581  58.020 0.0000000000
44875  -29.500  -35.624  58.898 0.0000000000
126671  -29.722  -34.927  59.310 0.0000000000
119609  -17.176  -35.328  62.875 0.0000000000
44803  -16.934  -35.207  63.768 0.0000000000
44792  -16.376  -35.772  63.976 0.0000000000
43778  -16.073  -35.802  64.791 0.0000000000
43788  -15.905  -36.240  64.175 0.0000000000
43787  -15.495  -36.783  63.976 0.0000000000
42831  -15.497  -38.077  62.946 0.0000000000
40896  -18.802  -39.354  64.646 0.0000000000
49221  -28.557  -31.116  54.469 0.0000000000
50166  -27.270  -30.429  54.330 0.0000000000
51107  -27.186  -29.630  54.202 0.0000000000
43857  -21.407  -36.168  59.737 0.0000000000
42890  -21.089  -36.919  59.714 0.0000000000
43858  -22.097  -36.484  59.526 0.0000000000
42880  -24.490  -37.418  59.832 0.0000000000
41982  -24.986  -38.386  58.655 0.0000000000
42919  -25.814  -37.409  57.928 0.0000000000
48144  -24.677  -32.471  60.588 0.0000000000
128200  -24.832  -33.806  59.734 0.0000000000
45969  -25.432  -34.990  57.323 0.0000000000
44906  -26.806  -35.424  56.518 0.0000000000
50136  -24.366  -30.259  57.037 0.0000000000
49187  -24.698  -31.124  56.679 0.0000000000
49188  -25.494  -31.268  55.991 0.0000000000
49190  -27.465  -31.883  55.728 0.0000000000
117388  -26.914  -31.418  55.342 0.0000000000
59102  -39.544  -21.430  46.642 0.0000000000
59103  -40.355  -21.375  46.852 0.0000000000
60029  -39.925  -20.740  46.501 0.0000000000
127524  -40.367  -20.042  46.392 0.0000000000
61047  -40.860  -19.374  46.365 0.0000000000
65178  -39.183  -16.076  45.718 0.0000000000
70882  -36.536  -9.669  48.075 0.0000000000
69923  -36.280  -10.361  47.611 0.0000000000
132687  -36.629  -9.744  47.325 0.0000000000
70894  -37.056  -9.426  46.658 0.0000000000
69939  -37.294  -10.270  46.136 0.0000000000
69959  -40.399  -10.537  44.087 0.0000000000
69958  -39.425  -10.184  44.480 0.0000000000
126045  -40.676  -11.415  44.680 0.0000000000
68963  -41.069  -11.938  45.446 0.0000000000
67981  -41.452  -12.263  46.088 0.0000000000
68964  -41.906  -11.983  45.810 0.0000000000
68943  -42.609  -11.836  46.251 0.0000000000
74031  -45.573  -6.255  40.865 0.0000000000
75042  -45.698  -5.426  40.576 0.0000000000
76024  -47.062  -4.689  39.857 0.0000000000
76992  -45.874  -3.325  40.042 0.0000000000
34968  -9.014  -45.769  67.169 0.0000000000
30394  -10.607  -50.714  69.250 0.0000000000
50197  -30.170  -29.964  52.680 0.0000000000
50188  -31.390  -30.294  53.321 0.0000000000
51138  -30.655  -29.606  52.506 0.0000000000
130632  -31.209  -28.554  52.470 0.0000000000
54119  -29.624  -26.009  52.764 0.0000000000
127247  -30.388  -25.991  52.677 0.0000000000
55101  -31.232  -24.880  53.264 0.0000000000
56102  -31.194  -23.513  53.355 0.0000000000
59025  -27.648  -21.345  52.268 0.0000000000
58101  -30.354  -22.188  49.771 0.0000000000
58094  -29.451  -22.238  50.420 0.0000000000
57126  -30.898  -23.614  51.582 0.0000000000
56104  -33.555  -23.593  53.365 0.0000000000
56127  -33.340  -24.183  52.536 0.0000000000
55134  -34.178  -25.192  51.420 0.0000000000
117872  -34.327  -24.752  49.308 0.0000000000
56167  -35.133  -24.835  48.986 0.0000000000
56168  -35.971  -24.813  48.764 0.0000000000
55170  -37.078  -25.015  49.524 0.0000000000
56181  -37.368  -24.328  48.204 0.0000000000
57155  -38.003  -23.835  47.755 0.0000000000
61026  -35.567  -19.959  47.571 0.0000000000
118271  -35.819  -19.318  47.692 0.0000000000
62088  -36.039  -18.543  47.367 0.0000000000
132848  -22.426  -40.146  60.966 0.0000000000
39912  -22.817  -40.495  61.455 0.0000000000
38891  -24.519  -41.166  62.576 0.0000000000
38847  -10.555  -41.797  64.734 0.0000000000
35919  -12.114  -44.590  65.308 0.0000000000
39882  -14.824  -40.459  63.262 0.0000000000
37849  -14.956  -42.113  64.645 0.0000000000
51972  -34.959  -28.566  56.362 0.0000000000
119296  -34.690  -28.220  55.651 0.0000000000
41898  -19.503  -38.917  65.362 0.0000000000
40884  -20.338  -39.147  65.526 0.0000000000
40885  -20.981  -39.612  65.252 0.0000000000
40898  -21.351  -39.915  64.642 0.0000000000
47123  -29.209  -33.374  58.585 0.0000000000
45888  -18.247  -34.148  62.994 0.0000000000
45900  -17.816  -34.853  62.471 0.0000000000
44815  -17.488  -35.615  62.115 0.0000000000
42862  -16.909  -37.296  61.875 0.0000000000
41948  -17.306  -37.936  61.809 0.0000000000
134126  -18.910  -37.635  62.809 0.0000000000
51086  -25.184  -29.257  56.257 0.0000000000
51977  -25.876  -28.932  55.700 0.0000000000
51969  -25.558  -28.522  56.553 0.0000000000
48143  -24.396  -31.706  60.013 0.0000000000
49156  -24.168  -31.781  59.013 0.0000000000
49148  -24.109  -30.961  59.471 0.0000000000
124775  -24.084  -31.012  58.479 0.0000000000
51054  -24.219  -29.300  58.382 0.0000000000
51072  -24.379  -29.420  57.482 0.0000000000
132923  -24.843  -28.846  57.023 0.0000000000
138078  -37.749  -18.859  45.997 0.0000000000
62096  -38.291  -18.716  45.878 0.0000000000
63229  -38.619  -16.916  45.802 0.0000000000
64261  -36.775  -15.886  46.463 0.0000000000
132601  -37.527  -15.795  46.175 0.0000000000
121591  -38.255  -16.027  45.918 0.0000000000
133117  -38.767  -15.459  45.888 0.0000000000
66113  -38.814  -14.593  46.042 0.0000000000
67025  -39.277  -13.804  46.156 0.0000000000
72920  -38.528  -7.690  46.001 0.0000000000
72921  -39.309  -7.297  45.651 0.0000000000
134348  -39.199  -8.422  44.642 0.0000000000
71929  -39.868  -8.425  44.149 0.0000000000
71939  -40.438  -8.894  43.700 0.0000000000
70930  -40.760  -9.656  43.634 0.0000000000
117615  -41.930  -10.366  43.351 0.0000000000
130402  -43.682  -11.625  44.207 0.0000000000
129664  -43.524  -11.054  43.439 0.0000000000
69972  -44.164  -10.586  43.017 0.0000000000
69982  -44.723  -10.130  42.623 0.0000000000
70940  -43.673  -9.306  42.495 0.0000000000
70941  -44.408  -9.409  42.286 0.0000000000
69983  -45.518  -10.301  42.686 0.0000000000
129715  -46.069  -7.703  41.205 0.0000000000
137231  -45.166  -5.751  40.931 0.0000000000
34981  -10.520  -45.856  66.177 0.0000000000
34114  -10.152  -46.457  66.499 0.0000000000
34115  -10.944  -46.412  66.515 0.0000000000
33220  -11.266  -46.814  66.975 0.0000000000
53074  -28.584  -27.544  54.561 0.0000000000
55099  -27.988  -25.652  53.568 0.0000000000
55100  -28.761  -26.005  53.171 0.0000000000
55112  -28.436  -25.321  52.946 0.0000000000
56123  -28.656  -24.673  52.502 0.0000000000
59968  -29.592  -20.649  50.422 0.0000000000
130651  -30.241  -20.256  50.252 0.0000000000
59050  -29.989  -21.224  49.935 0.0000000000
57142  -31.194  -23.426  49.788 0.0000000000
138644  -32.699  -23.840  49.326 0.0000000000
57144  -33.330  -23.630  48.961 0.0000000000
57153  -34.148  -23.456  48.442 0.0000000000
58129  -35.410  -22.837  47.312 0.0000000000
59087  -35.001  -22.103  47.502 0.0000000000
60000  -35.027  -20.449  48.356 0.0000000000
39933  -24.592  -40.551  60.335 0.0000000000
39915  -25.082  -40.813  61.077 0.0000000000
39916  -26.122  -40.957  61.789 0.0000000000
39904  -26.680  -40.914  62.155 0.0000000000
39936  -27.081  -40.333  60.981 0.0000000000
39863  -10.756  -41.072  64.549 0.0000000000
38848  -11.141  -41.658  64.170 0.0000000000
37859  -11.673  -42.306  63.953 0.0000000000
37860  -12.442  -42.749  63.998 0.0000000000
38829  -17.105  -41.694  65.390 0.0000000000
31407  -8.296  -49.713  67.955 0.0000000000
32344  -7.761  -49.298  68.584 0.0000000000
31406  -7.707  -50.138  68.479 0.0000000000
30402  -7.687  -51.052  68.446 0.0000000000
29398  -7.182  -51.524  69.105 0.0000000000
28422  -8.128  -52.930  68.519 0.0000000000
125126  -7.174  -52.319  69.044 0.0000000000
29397  -6.756  -52.091  69.954 0.0000000000
28398  -6.369  -52.378  71.171 0.0000000000
69906  -37.161  -9.962  49.848 0.0000000000
70883  -37.088  -9.038  48.496 0.0000000000
71887  -37.915  -8.474  48.914 0.0000000000
71888  -38.200  -7.912  48.144 0.0000000000
56051  -33.582  -23.484  56.173 0.0000000000
42895  -28.719  -37.840  59.001 0.0000000000
42896  -29.328  -37.304  59.537 0.0000000000
42810  -13.582  -37.561  65.418 0.0000000000
41906  -13.420  -38.557  64.203 0.0000000000
41916  -13.833  -39.127  63.567 0.0000000000
39899  -16.882  -40.040  62.693 0.0000000000
39886  -18.034  -39.903  62.958 0.0000000000
39900  -17.554  -39.811  62.675 0.0000000000
38874  -16.975  -41.101  63.802 0.0000000000
49194  -31.249  -30.741  56.739 0.0000000000
50152  -30.626  -30.908  54.992 0.0000000000
50168  -28.878  -30.727  53.871 0.0000000000
116169  -29.620  -30.742  53.790 0.0000000000
51989  -28.653  -28.189  54.024 0.0000000000
51978  -26.743  -28.620  55.283 0.0000000000
51987  -27.152  -28.889  54.516 0.0000000000
53054  -28.327  -27.708  56.505 0.0000000000
51979  -27.701  -28.249  55.091 0.0000000000
55036  -28.811  -26.468  57.396 0.0000000000
41961  -20.734  -38.026  60.782 0.0000000000
42891  -21.436  -37.581  59.646 0.0000000000
40959  -21.716  -39.156  60.130 0.0000000000
40960  -22.401  -39.765  60.303 0.0000000000
43844  -23.246  -36.729  59.908 0.0000000000
43859  -22.779  -36.988  59.481 0.0000000000
42879  -23.663  -37.476  59.563 0.0000000000
132808  -23.067  -39.208  59.371 0.0000000000
39954  -24.965  -40.245  59.577 0.0000000000
40988  -25.905  -39.209  58.559 0.0000000000
40975  -26.236  -39.670  59.100 0.0000000000
41985  -27.198  -38.530  58.202 0.0000000000
42920  -26.457  -37.404  57.511 0.0000000000
42907  -27.642  -37.869  57.781 0.0000000000
125418  -28.733  -36.326  57.586 0.0000000000
43902  -27.554  -35.933  56.583 0.0000000000
43903  -28.116  -35.598  56.690 0.0000000000
44891  -28.598  -35.457  57.235 0.0000000000
48172  -24.483  -32.667  57.521 0.0000000000
48173  -24.924  -32.661  56.788 0.0000000000
47151  -25.587  -33.293  56.516 0.0000000000
47152  -26.560  -33.442  56.249 0.0000000000
47153  -27.461  -33.493  56.402 0.0000000000
47154  -28.185  -33.441  56.978 0.0000000000
48174  -28.955  -31.924  57.677 0.0000000000
49171  -29.553  -31.516  57.343 0.0000000000
45914  -19.755  -34.301  61.222 0.0000000000
43829  -20.117  -36.269  61.077 0.0000000000
59091  -41.518  -21.704  47.475 0.0000000000
62097  -39.170  -18.495  45.808 0.0000000000
129907  -40.610  -18.721  46.096 0.0000000000
123042  -40.339  -17.433  45.746 0.0000000000
67948  -35.391  -12.756  48.752 0.0000000000
67957  -35.529  -12.715  47.884 0.0000000000
67966  -36.094  -12.694  47.147 0.0000000000
68938  -36.260  -11.109  47.069 0.0000000000
127886  -36.426  -11.949  46.812 0.0000000000
67967  -36.869  -12.698  46.548 0.0000000000
67969  -39.332  -13.105  46.142 0.0000000000
71919  -38.102  -8.599  45.615 0.0000000000
69949  -38.000  -10.327  45.498 0.0000000000
68980  -39.187  -10.844  44.945 0.0000000000
68961  -38.593  -11.129  45.403 0.0000000000
68941  -39.009  -11.976  45.638 0.0000000000
133295  -39.422  -12.554  45.887 0.0000000000
129374  -39.935  -13.519  46.253 0.0000000000
67972  -42.333  -12.594  46.635 0.0000000000
76035  -48.388  -4.385  39.193 0.0000000000
77002  -48.041  -3.620  38.792 0.0000000000
77015  -47.870  -2.895  38.544 0.0000000000
79089  -47.744  -1.556  38.598 0.0000000000
79077  -47.028  -1.353  39.181 0.0000000000
33183  -7.975  -46.616  69.095 0.0000000000
33191  -8.130  -47.477  68.503 0.0000000000
33218  -9.832  -47.113  66.818 0.0000000000
33204  -9.435  -47.875  67.100 0.0000000000
32361  -10.074  -48.446  67.353 0.0000000000
126614  -8.835  -48.273  67.406 0.0000000000
32359  -8.703  -48.989  67.627 0.0000000000
30416  -8.917  -50.307  67.794 0.0000000000
29399  -9.846  -51.934  68.995 0.0000000000
29400  -10.430  -51.460  69.497 0.0000000000
28413  -10.275  -52.295  69.911 0.0000000000
51095  -33.106  -29.889  55.013 0.0000000000
51981  -34.189  -28.745  55.157 0.0000000000
51991  -33.812  -28.388  54.554 0.0000000000
53105  -31.720  -27.915  52.608 0.0000000000
53106  -32.260  -27.955  52.832 0.0000000000
53092  -33.101  -27.715  53.604 0.0000000000
53076  -33.541  -27.621  54.218 0.0000000000
51992  -34.182  -27.606  54.970 0.0000000000
54079  -33.985  -26.254  55.371 0.0000000000
55066  -33.313  -24.903  55.534 0.0000000000
56066  -33.072  -23.816  55.773 0.0000000000
58046  -26.807  -22.534  54.082 0.0000000000
59013  -27.035  -21.693  53.636 0.0000000000
57084  -26.963  -23.474  53.469 0.0000000000
56122  -27.484  -23.916  52.731 0.0000000000
128176  -28.170  -24.092  52.347 0.0000000000
59036  -28.050  -21.874  51.556 0.0000000000
58087  -28.629  -22.411  51.166 0.0000000000
58086  -27.987  -22.720  51.710 0.0000000000
57107  -28.907  -23.913  51.970 0.0000000000
132785  -30.929  -23.637  52.871 0.0000000000
139152  -31.538  -23.039  53.353 0.0000000000
115658  -32.453  -22.980  54.502 0.0000000000
57063  -33.029  -22.989  55.144 0.0000000000
57041  -33.667  -22.983  55.772 0.0000000000
56105  -34.574  -24.079  53.489 0.0000000000
55135  -35.074  -25.338  51.246 0.0000000000
55167  -34.814  -25.104  49.784 0.0000000000
58115  -40.025  -23.280  47.885 0.0000000000
58132  -39.428  -22.715  47.335 0.0000000000
57173  -38.636  -23.258  47.448 0.0000000000
58140  -35.908  -22.491  46.812 0.0000000000
59099  -36.898  -21.746  46.379 0.0000000000
135495  -36.524  -21.141  46.419 0.0000000000
60026  -37.256  -20.857  46.209 0.0000000000
129060  -37.808  -20.244  46.108 0.0000000000
132910  -36.312  -17.305  46.759 0.0000000000
123167  -36.021  -17.583  47.310 0.0000000000
63219  -35.941  -16.772  47.099 0.0000000000
65161  -35.457  -15.749  48.441 0.0000000000
65153  -35.487  -15.229  49.176 0.0000000000
39902  -22.604  -40.587  62.227 0.0000000000
39888  -22.429  -40.637  63.014 0.0000000000
38853  -22.966  -41.191  64.054 0.0000000000
38902  -24.778  -40.987  61.810 0.0000000000
38855  -25.577  -41.565  64.264 0.0000000000
116938  -24.650  -41.553  64.184 0.0000000000
117967  -25.043  -41.722  65.003 0.0000000000
41963  -28.542  -38.755  60.356 0.0000000000
41952  -28.866  -38.799  61.134 0.0000000000
36827  -8.880  -43.616  67.641 0.0000000000
37845  -9.901  -42.668  65.639 0.0000000000
37838  -9.416  -42.855  66.346 0.0000000000
34997  -12.795  -45.105  65.880 0.0000000000
40908  -12.848  -40.031  63.614 0.0000000000
39880  -12.682  -40.731  63.457 0.0000000000
38869  -12.518  -41.448  63.506 0.0000000000
38828  -15.607  -41.971  65.091 0.0000000000
37847  -14.079  -43.133  64.802 0.0000000000
79100  -48.863  -1.730  37.706 0.0000000000
26623  -8.739  -55.301  71.149 0.0000000000
25726  -7.807  -55.207  69.725 0.0000000000
24784  -7.268  -56.837  71.509 0.0000000000
25725  -7.119  -55.722  70.092 0.0000000000
26645  -6.864  -55.238  69.905 0.0000000000
122016  -6.177  -54.485  70.915 0.0000000000
24770  -5.043  -56.480  71.476 0.0000000000
25702  -4.823  -55.763  71.824 0.0000000000
25693  -4.879  -55.248  72.102 0.0000000000
27486  -4.916  -54.066  72.420 0.0000000000
25712  -5.245  -56.665  71.333 0.0000000000
25714  -6.985  -56.638  70.790 0.0000000000
25715  -7.653  -55.881  70.404 0.0000000000
26613  -4.860  -54.650  72.236 0.0000000000
26633  -6.348  -55.367  70.617 0.0000000000
26647  -8.245  -54.610  69.391 0.0000000000
27511  -6.584  -53.718  70.015 0.0000000000
27513  -9.201  -53.550  69.309 0.0000000000
28412  -9.606  -52.706  69.217 0.0000000000
28421  -7.503  -52.976  68.819 0.0000000000
29384  -6.895  -51.154  70.145 0.0000000000
29422  -8.875  -50.961  67.974 0.0000000000
30385  -10.939  -50.878  70.676 0.0000000000
34103  -11.790  -46.901  67.351 0.0000000000
34955  -8.478  -45.284  68.517 0.0000000000
42922  -28.117  -37.081  57.395 0.0000000000
43886  -26.708  -36.835  57.065 0.0000000000
49222  -29.355  -31.161  54.526 0.0000000000
50127  -32.208  -30.277  57.478 0.0000000000
50150  -26.146  -30.231  55.129 0.0000000000
51139  -31.254  -29.376  52.511 0.0000000000
52005  -29.491  -28.774  52.945 0.0000000000
52021  -30.720  -29.063  52.419 0.0000000000
53019  -25.574  -27.455  59.980 0.0000000000
53090  -32.044  -27.256  52.828 0.0000000000
53104  -31.063  -27.698  52.536 0.0000000000
55169  -36.392  -25.028  49.345 0.0000000000
56166  -33.137  -24.312  49.430 0.0000000000
56170  -37.638  -24.659  48.998 0.0000000000
56182  -38.243  -24.277  48.498 0.0000000000
56191  -35.772  -23.971  47.709 0.0000000000
57106  -27.893  -23.405  52.075 0.0000000000
58102  -30.872  -22.806  49.633 0.0000000000
59090  -40.766  -21.905  47.313 0.0000000000
59104  -41.039  -21.332  47.088 0.0000000000
66115  -40.862  -14.132  46.148 0.0000000000
69905  -36.458  -10.507  49.434 0.0000000000
70895  -36.912  -9.080  47.561 0.0000000000
71918  -37.537  -8.801  46.275 0.0000000000
71928  -38.652  -8.894  44.839 0.0000000000
72903  -38.480  -7.584  47.564 0.0000000000
118306  -4.588  -54.917  71.902 0.0000000000
119012  -32.430  -24.268  49.782 0.0000000000
135074  -8.596  -54.044  69.181 0.0000000000
139437  -24.669  -29.560  56.764 0.0000000000
139864  -41.728  -12.572  46.421 0.0000000000
