#!ascii label  , from subject sub-v2s10x28955_ses-1 vox2ras=TkReg
2172
31292  -30.950  -49.724  -1.261 0.5000000000
32212  -31.236  -49.278  -1.465 0.5000000000
33095  -31.619  -48.677  -1.602 0.4000000060
33973  -32.065  -48.036  -1.682 0.5000000000
33974  -32.556  -47.325  -1.670 0.5000000000
53778  -33.150  -27.831  -5.020 0.5000000000
123117  -33.277  -27.027  -5.319 0.4000000060
54800  -34.095  -26.497  -5.681 0.4000000060
55805  -34.648  -25.719  -6.131 0.6000000238
55804  -33.404  -25.594  -5.766 0.5000000000
131279  -35.533  -25.773  -6.363 0.5000000000
56760  -34.045  -24.819  -6.223 0.5000000000
55814  -35.202  -25.077  -6.414 0.4000000060
56770  -35.777  -24.357  -6.532 0.4000000060
56768  -34.092  -23.849  -6.398 0.5000000000
56769  -34.876  -24.355  -6.475 0.5000000000
57718  -36.244  -23.833  -6.301 0.4000000060
31293  -31.138  -50.636  -1.162 0.5000000000
121447  -31.441  -50.053  -1.434 0.4000000060
32213  -31.911  -49.412  -1.573 0.5000000000
32214  -32.813  -49.436  -1.458 0.5000000000
33097  -33.334  -48.617  -1.307 0.5000000000
118231  -32.773  -48.063  -1.522 0.5000000000
34849  -33.336  -46.761  -1.537 0.5000000000
34848  -32.597  -46.549  -1.782 0.5000000000
51751  -32.210  -29.257  -4.649 0.5000000000
51752  -33.137  -29.259  -4.698 0.5000000000
52710  -33.481  -28.641  -4.880 0.5000000000
52717  -34.289  -28.331  -5.218 0.5000000000
53789  -34.332  -27.428  -5.496 0.5000000000
128159  -35.306  -26.489  -6.113 0.6000000238
60616  -37.571  -20.598  -3.431 0.3000000119
56771  -36.195  -24.802  -6.250 0.4000000060
59652  -37.394  -21.338  -3.912 0.3000000119
123603  -36.614  -22.222  -6.311 0.4000000060
58680  -36.615  -23.144  -5.861 0.3000000119
136964  -36.846  -22.473  -5.813 0.4000000060
33096  -32.400  -48.712  -1.553 0.5000000000
121803  -35.330  -27.270  -5.830 0.6000000238
133623  -37.769  -19.965  -4.052 0.3000000119
59659  -37.409  -21.224  -4.994 0.3000000119
18620  -50.805  -64.837  4.620 0.3000000119
18621  -51.303  -64.646  4.714 0.3000000119
19454  -50.395  -64.836  3.257 0.4000000060
20321  -50.275  -63.665  3.586 0.4000000060
19464  -50.110  -64.877  2.181 0.4000000060
19453  -49.860  -64.026  2.726 0.4000000060
20320  -49.135  -62.969  3.142 0.4000000060
20337  -48.924  -63.219  2.453 0.4000000060
20319  -48.111  -62.511  2.958 0.4000000060
20318  -47.000  -62.378  2.854 0.4000000060
18601  -51.795  -64.536  4.959 0.3000000119
19444  -51.739  -64.452  4.803 0.3000000119
20307  -52.205  -63.962  4.774 0.4000000060
134417  -51.259  -63.815  4.266 0.4000000060
20305  -49.334  -62.381  3.699 0.4000000060
21183  -48.473  -62.240  3.469 0.4000000060
21182  -47.593  -61.815  3.622 0.4000000060
21162  -46.073  -61.053  4.141 0.4000000060
131102  -46.519  -61.704  3.570 0.4000000060
21169  -54.084  -62.125  4.597 0.3000000119
21168  -53.377  -62.748  4.725 0.3000000119
22024  -52.399  -61.812  4.320 0.3000000119
122431  -51.453  -62.933  4.343 0.4000000060
21166  -50.560  -61.724  4.310 0.4000000060
20306  -50.373  -62.619  4.061 0.4000000060
21165  -49.507  -61.545  4.181 0.4000000060
21164  -48.535  -61.615  3.969 0.4000000060
22910  -47.546  -59.391  4.547 0.4000000060
21163  -46.965  -61.064  4.142 0.4000000060
23781  -46.467  -58.278  4.605 0.4000000060
124168  -47.020  -58.807  4.621 0.4000000060
22019  -46.506  -60.343  4.428 0.4000000060
22008  -54.558  -61.582  4.983 0.3000000119
125065  -53.454  -62.868  5.347 0.3000000119
22025  -53.676  -61.794  4.204 0.3000000119
22023  -51.013  -61.039  4.360 0.3000000119
22022  -49.793  -60.561  4.394 0.3000000119
22021  -48.750  -60.736  4.345 0.4000000060
23782  -47.816  -58.539  4.439 0.4000000060
127041  -48.221  -59.262  4.498 0.4000000060
123212  -47.854  -60.947  4.239 0.4000000060
24672  -47.604  -57.750  4.220 0.4000000060
24671  -46.667  -57.574  4.284 0.4000000060
21184  -54.582  -61.516  4.130 0.3000000119
22037  -53.964  -61.058  3.510 0.3000000119
22915  -52.871  -60.866  3.856 0.3000000119
22929  -52.139  -59.758  3.618 0.3000000119
22914  -51.622  -60.444  4.160 0.4000000060
22913  -50.523  -59.977  4.314 0.4000000060
23785  -50.298  -59.148  4.201 0.4000000060
24701  -49.177  -57.225  3.130 0.3000000119
24674  -49.033  -57.843  3.967 0.4000000060
22912  -49.625  -59.430  4.385 0.4000000060
119252  -48.215  -57.391  3.663 0.3000000119
24673  -48.312  -57.995  4.213 0.4000000060
23783  -48.806  -58.729  4.408 0.4000000060
25614  -47.691  -56.929  3.204 0.4000000060
23802  -54.937  -58.788  3.800 0.3000000119
23789  -55.088  -59.694  3.947 0.3000000119
24694  -55.080  -58.227  3.182 0.3000000119
22027  -54.808  -61.246  4.413 0.3000000119
22931  -54.986  -60.216  3.417 0.3000000119
22039  -54.883  -60.935  3.755 0.3000000119
22930  -54.267  -60.367  2.801 0.3000000119
132784  -53.699  -59.837  2.336 0.3000000119
123379  -53.312  -60.188  3.155 0.3000000119
23800  -52.592  -59.165  2.781 0.3000000119
24692  -51.475  -58.312  2.814 0.3000000119
125688  -51.560  -58.920  3.436 0.3000000119
24691  -50.501  -57.656  2.841 0.3000000119
22928  -51.101  -59.391  3.951 0.3000000119
24690  -49.816  -57.773  3.505 0.3000000119
23799  -50.623  -58.471  3.615 0.4000000060
25628  -48.303  -56.936  2.701 0.3000000119
25627  -47.483  -56.902  2.280 0.4000000060
25626  -46.650  -56.876  1.852 0.4000000060
23803  -55.056  -59.256  3.093 0.3000000119
22943  -54.605  -59.901  2.553 0.3000000119
23817  -54.773  -59.306  2.224 0.3000000119
22942  -54.171  -59.718  1.905 0.3000000119
23814  -52.431  -58.388  1.844 0.3000000119
115901  -50.509  -57.438  1.850 0.3000000119
24703  -51.371  -57.736  1.929 0.3000000119
24716  -49.802  -57.405  0.804 0.3000000119
24702  -49.801  -57.285  2.359 0.3000000119
25645  -48.984  -57.071  1.899 0.3000000119
24715  -48.598  -57.412  0.388 0.3000000119
25644  -48.026  -57.162  1.443 0.3000000119
25643  -47.116  -57.308  0.954 0.3000000119
25625  -45.847  -56.768  1.356 0.4000000060
24704  -55.003  -58.460  2.400 0.3000000119
118061  -55.123  -57.572  2.748 0.3000000119
23816  -54.330  -59.408  1.663 0.3000000119
23826  -54.162  -58.966  0.865 0.3000000119
123576  -55.235  -57.412  2.029 0.3000000119
25660  -54.685  -57.577  0.740 0.3000000119
23815  -53.949  -59.159  1.023 0.3000000119
23825  -53.634  -58.394  0.119 0.3000000119
25661  -55.278  -56.701  1.310 0.3000000119
24731  -51.573  -57.966  -0.931 0.3000000119
24718  -52.130  -57.981  0.608 0.3000000119
24719  -53.241  -58.582  0.668 0.3000000119
24730  -50.420  -57.683  -0.872 0.3000000119
24717  -51.011  -57.630  0.680 0.3000000119
24729  -49.173  -57.487  -0.899 0.3000000119
24714  -47.605  -57.549  0.092 0.3000000119
25642  -46.320  -57.329  0.450 0.4000000060
25641  -45.625  -57.144  0.007 0.4000000060
26534  -44.654  -55.724  1.610 0.5000000000
24721  -54.656  -58.383  1.268 0.3000000119
24720  -54.051  -58.321  0.067 0.3000000119
116983  -52.749  -58.155  -0.668 0.3000000119
116654  -54.675  -56.899  0.317 0.3000000119
26572  -55.782  -55.873  1.507 0.3000000119
26571  -55.099  -56.135  0.502 0.3000000119
115767  -55.693  -55.237  0.704 0.3000000119
25667  -48.089  -57.175  -1.208 0.3000000119
133667  -49.237  -57.194  -1.379 0.3000000119
28333  -55.039  -53.878  -0.348 0.3000000119
24728  -48.055  -57.509  -0.733 0.3000000119
24737  -47.641  -57.418  -1.019 0.3000000119
24736  -46.885  -57.498  -0.876 0.3000000119
25655  -46.221  -57.441  -0.593 0.3000000119
25640  -45.004  -56.667  -0.411 0.4000000060
26547  -44.553  -56.070  0.381 0.5000000000
24732  -53.249  -57.998  -1.040 0.3000000119
25659  -54.050  -57.551  -0.436 0.3000000119
24741  -52.086  -57.827  -1.678 0.3000000119
25658  -52.702  -57.530  -1.598 0.3000000119
116989  -53.444  -57.177  -1.111 0.3000000119
24740  -51.022  -57.606  -1.719 0.3000000119
26570  -54.279  -56.552  -0.364 0.3000000119
120693  -49.721  -57.184  -1.539 0.3000000119
116897  -54.782  -55.499  -0.087 0.3000000119
117966  -53.772  -55.884  -0.557 0.3000000119
27435  -54.555  -54.712  -0.225 0.3000000119
28321  -52.485  -53.399  0.737 0.3000000119
26579  -47.480  -56.775  -1.124 0.3000000119
25666  -47.136  -57.258  -1.065 0.3000000119
25665  -46.288  -57.255  -1.007 0.3000000119
25654  -45.648  -57.122  -0.870 0.3000000119
25657  -51.960  -57.271  -1.796 0.3000000119
26569  -52.811  -56.745  -1.317 0.3000000119
25669  -50.608  -57.282  -1.830 0.3000000119
25656  -51.120  -56.919  -1.877 0.3000000119
132756  -51.296  -57.437  -1.904 0.3000000119
26568  -51.868  -56.361  -1.099 0.3000000119
25668  -48.868  -57.108  -1.348 0.3000000119
26581  -49.178  -56.727  -1.243 0.3000000119
26582  -50.223  -56.835  -1.590 0.3000000119
26567  -50.806  -55.978  -0.663 0.3000000119
26552  -50.795  -55.090  0.565 0.3000000119
27433  -51.587  -55.315  0.249 0.3000000119
26565  -48.273  -56.255  -0.662 0.3000000119
27420  -51.153  -54.375  1.049 0.3000000119
27421  -52.127  -54.371  0.712 0.3000000119
28319  -50.451  -53.060  1.626 0.3000000119
28320  -51.414  -53.350  1.260 0.3000000119
29286  -50.123  -52.283  1.717 0.3000000119
29287  -50.999  -52.365  1.369 0.3000000119
26578  -46.363  -56.795  -1.122 0.4000000060
131517  -45.744  -56.953  -1.075 0.4000000060
125122  -50.405  -50.129  0.476 0.3000000119
25653  -45.230  -56.648  -1.031 0.3000000119
131985  -44.666  -56.251  -0.876 0.4000000060
33080  -50.280  -48.818  -0.008 0.3000000119
26562  -44.173  -55.764  -0.293 0.5000000000
27430  -43.691  -54.856  0.249 0.5000000000
26566  -49.877  -56.097  -0.705 0.3000000119
27418  -49.610  -54.735  1.042 0.3000000119
28318  -49.754  -53.839  1.591 0.3000000119
26563  -46.809  -55.927  -0.659 0.4000000060
128106  -49.684  -52.955  1.826 0.3000000119
30260  -49.685  -51.590  1.758 0.3000000119
27444  -45.975  -55.849  -0.879 0.4000000060
26577  -45.498  -56.401  -1.069 0.5000000000
31264  -50.031  -50.903  1.260 0.3000000119
135925  -50.216  -50.495  0.865 0.4000000060
31275  -49.701  -50.173  1.135 0.4000000060
26576  -44.899  -56.021  -1.226 0.5000000000
26561  -44.331  -55.731  -1.097 0.6000000238
32195  -49.954  -49.464  0.542 0.3000000119
122192  -43.871  -55.375  -0.759 0.6000000238
120268  -43.631  -54.794  -0.803 0.6000000238
26549  -48.104  -55.227  0.437 0.3000000119
130510  -47.678  -54.433  1.261 0.3000000119
129833  -48.023  -53.845  1.772 0.3000000119
26564  -47.554  -55.842  -0.389 0.3000000119
27417  -48.728  -54.466  1.323 0.3000000119
28301  -48.794  -53.310  1.931 0.3000000119
29273  -49.258  -52.373  2.024 0.3000000119
29272  -48.310  -52.463  2.309 0.4000000060
27431  -46.476  -54.939  0.129 0.4000000060
31250  -48.358  -50.950  2.292 0.4000000060
27416  -45.851  -54.722  -0.222 0.5000000000
31263  -49.251  -50.890  1.777 0.4000000060
31262  -48.754  -50.173  1.766 0.4000000060
33067  -48.406  -48.681  1.617 0.4000000060
27443  -45.169  -55.282  -1.187 0.5000000000
27452  -44.819  -54.725  -1.670 0.6000000238
32186  -49.115  -49.296  1.264 0.4000000060
33068  -48.995  -48.474  1.136 0.4000000060
135999  -48.853  -47.448  1.048 0.4000000060
33079  -49.569  -48.686  0.644 0.3000000119
33958  -49.079  -47.073  0.727 0.4000000060
27451  -44.485  -54.721  -1.664 0.6000000238
27450  -43.919  -54.621  -1.526 0.6000000238
28347  -43.854  -53.839  -1.719 0.6999999881
28317  -47.223  -53.742  1.779 0.3000000119
29271  -47.317  -52.436  2.468 0.3000000119
27432  -47.242  -55.042  0.401 0.3000000119
134304  -46.184  -54.075  0.862 0.3000000119
30242  -47.871  -51.721  2.530 0.4000000060
129260  -47.881  -50.235  2.338 0.4000000060
28315  -45.769  -53.753  0.541 0.5000000000
32185  -48.248  -49.471  1.940 0.4000000060
28330  -45.515  -53.366  -0.002 0.5000000000
28339  -45.255  -54.101  -1.485 0.6000000238
118132  -48.549  -47.844  1.384 0.4000000060
33949  -48.443  -46.976  1.280 0.4000000060
28349  -44.913  -54.064  -2.350 0.6000000238
34836  -48.708  -46.362  0.826 0.4000000060
128930  -48.493  -45.018  0.519 0.4000000060
28351  -44.416  -53.563  -2.390 0.6999999881
29317  -43.781  -52.785  -1.995 0.6999999881
29296  -43.247  -52.853  -0.805 0.6999999881
28316  -46.450  -53.552  1.612 0.4000000060
28299  -46.783  -53.070  2.191 0.4000000060
29270  -46.368  -52.332  2.373 0.4000000060
30240  -46.048  -51.566  2.487 0.4000000060
139585  -45.931  -53.384  1.342 0.4000000060
29269  -45.640  -52.123  2.070 0.4000000060
121725  -46.608  -51.053  2.648 0.4000000060
29285  -45.565  -52.803  1.262 0.4000000060
115918  -47.420  -50.994  2.594 0.4000000060
31249  -46.861  -50.221  2.635 0.4000000060
32175  -47.504  -49.589  2.371 0.4000000060
33053  -47.016  -48.278  2.364 0.4000000060
33066  -47.788  -48.115  1.918 0.4000000060
33937  -47.184  -47.657  2.162 0.4000000060
131813  -45.482  -52.603  -0.763 0.6000000238
33948  -47.774  -47.360  1.754 0.4000000060
34827  -48.175  -46.225  1.300 0.4000000060
29318  -45.460  -53.169  -2.329 0.6000000238
28353  -45.383  -53.071  -3.253 0.6999999881
29322  -46.039  -52.514  -4.144 0.6999999881
36665  -47.984  -44.315  0.615 0.4000000060
29321  -45.360  -52.813  -3.803 0.6999999881
30282  -43.087  -51.903  -1.283 0.6999999881
30239  -45.448  -51.212  2.174 0.4000000060
29297  -45.355  -52.410  0.581 0.4000000060
30259  -45.237  -51.677  1.421 0.4000000060
32173  -45.941  -49.794  2.544 0.4000000060
30273  -45.272  -51.549  0.344 0.5000000000
32174  -46.720  -49.151  2.489 0.4000000060
30300  -45.842  -51.920  -2.020 0.6999999881
33936  -46.346  -47.620  2.297 0.4000000060
129641  -46.299  -51.398  -2.951 0.6999999881
34825  -46.716  -46.170  1.829 0.4000000060
30311  -46.355  -51.682  -3.886 0.6999999881
35726  -47.801  -45.002  1.000 0.4000000060
36652  -47.138  -45.011  1.306 0.4000000060
30315  -45.221  -52.029  -4.965 0.6999999881
37647  -47.254  -43.630  0.553 0.4000000060
29320  -44.519  -52.800  -3.157 0.6999999881
30298  -42.629  -51.384  -1.982 0.6999999881
38622  -47.304  -42.396  -0.321 0.4000000060
39685  -47.275  -41.292  -1.337 0.4000000060
30258  -45.006  -50.871  0.959 0.4000000060
31261  -45.057  -50.661  1.670 0.4000000060
31247  -45.379  -50.297  2.244 0.4000000060
30283  -45.623  -51.156  -0.898 0.6999999881
120839  -45.321  -50.454  -0.005 0.5000000000
129354  -45.795  -48.930  2.413 0.4000000060
31301  -46.050  -50.686  -2.102 0.6999999881
34815  -46.045  -46.761  2.023 0.4000000060
31312  -46.201  -50.685  -3.156 0.6999999881
33935  -45.669  -47.325  2.109 0.4000000060
34824  -45.586  -46.043  1.184 0.4000000060
30321  -45.796  -51.346  -4.987 0.6999999881
35713  -46.462  -45.424  1.468 0.4000000060
30316  -46.176  -51.915  -4.706 0.6999999881
36651  -46.342  -44.738  1.075 0.4000000060
36664  -47.201  -44.412  0.971 0.4000000060
37646  -46.251  -43.453  0.296 0.4000000060
30314  -44.394  -51.769  -4.891 0.6999999881
38614  -46.756  -42.886  0.154 0.4000000060
30309  -43.937  -51.982  -3.807 0.6999999881
39671  -46.713  -41.748  -0.755 0.4000000060
39684  -46.171  -41.312  -1.486 0.4000000060
31274  -45.020  -49.869  0.871 0.4000000060
31246  -45.017  -49.870  1.782 0.4000000060
32172  -45.311  -49.441  2.173 0.4000000060
129109  -45.373  -49.522  -0.404 0.6000000238
32184  -45.099  -48.997  1.377 0.5000000000
33065  -45.282  -48.187  1.430 0.4000000060
127049  -33.402  -45.093  -1.705 0.4000000060
36679  -34.059  -44.596  -1.543 0.5000000000
32204  -45.324  -49.286  -1.124 0.6000000238
33947  -45.409  -47.519  1.402 0.4000000060
134846  -45.862  -50.234  -2.675 0.6000000238
119524  -45.501  -46.867  1.297 0.4000000060
31300  -45.147  -50.157  -2.861 0.6000000238
35725  -45.279  -45.971  -0.532 0.4000000060
31310  -44.645  -50.232  -4.228 0.6999999881
35712  -45.702  -45.328  0.823 0.4000000060
31316  -44.578  -50.451  -5.170 0.6999999881
36662  -45.346  -44.142  -0.523 0.4000000060
30313  -43.195  -51.350  -4.730 0.6999999881
38613  -45.749  -43.135  -0.327 0.4000000060
38620  -45.283  -42.977  -1.226 0.4000000060
39683  -45.199  -42.018  -2.207 0.4000000060
39697  -44.705  -41.638  -3.704 0.4000000060
33078  -45.269  -48.199  0.212 0.5000000000
124370  -45.186  -48.550  -0.746 0.6000000238
32194  -45.292  -48.754  -0.160 0.5000000000
33957  -45.304  -47.666  0.182 0.5000000000
37664  -32.492  -43.582  -1.934 0.3000000119
36678  -33.101  -44.329  -1.772 0.4000000060
126713  -33.913  -43.940  -1.542 0.5000000000
32220  -44.512  -49.760  -1.913 0.6000000238
32203  -45.086  -49.014  -1.107 0.6000000238
135195  -45.321  -47.216  0.195 0.4000000060
127608  -43.804  -49.925  -3.061 0.6000000238
34835  -45.273  -46.675  -0.378 0.5000000000
32231  -42.942  -49.436  -3.928 0.6999999881
32230  -42.185  -49.129  -3.394 0.8000000119
32232  -43.648  -49.744  -4.397 0.6999999881
35734  -45.041  -45.339  -1.082 0.4000000060
37656  -45.056  -43.723  -1.321 0.4000000060
38631  -44.906  -42.818  -1.922 0.4000000060
121489  -44.707  -42.138  -2.604 0.4000000060
127284  -44.219  -41.349  -4.094 0.4000000060
33087  -44.344  -48.885  -0.679 0.6000000238
139863  -44.606  -48.400  -0.575 0.6000000238
33088  -45.096  -48.304  -0.725 0.5000000000
33966  -45.118  -47.872  -0.509 0.5000000000
37665  -33.341  -43.446  -1.635 0.4000000060
32219  -43.312  -49.685  -1.823 0.6000000238
32202  -43.853  -49.396  -1.045 0.6000000238
128799  -45.137  -47.276  -0.665 0.5000000000
37666  -34.309  -43.292  -1.491 0.5000000000
33102  -41.448  -48.928  -1.436 0.6999999881
124042  -42.874  -49.538  -2.758 0.6999999881
36680  -34.908  -43.985  -1.474 0.5000000000
33101  -40.814  -48.379  -2.071 0.6999999881
33109  -41.495  -48.768  -2.735 0.6999999881
34834  -45.123  -46.555  -0.810 0.5000000000
37678  -36.218  -43.093  -2.227 0.6999999881
37667  -35.349  -43.152  -1.593 0.6000000238
33988  -40.407  -47.717  -2.825 0.6999999881
33981  -40.226  -47.903  -1.468 0.6999999881
33108  -40.902  -48.205  -3.416 0.6999999881
35723  -44.612  -45.772  -0.734 0.5000000000
38642  -37.076  -42.277  -3.721 0.6999999881
37679  -36.868  -43.052  -3.378 0.6999999881
135464  -44.913  -45.640  -1.087 0.4000000060
33987  -40.069  -47.155  -3.475 0.6999999881
33995  -40.438  -47.595  -4.006 0.8000000119
36671  -44.989  -44.463  -1.212 0.4000000060
37669  -44.886  -43.335  -1.591 0.4000000060
39682  -44.514  -42.553  -2.059 0.4000000060
39696  -44.278  -42.132  -2.427 0.4000000060
130538  -44.318  -41.737  -3.041 0.4000000060
33077  -43.841  -48.624  -0.182 0.6000000238
135887  -44.712  -47.912  -0.440 0.6000000238
33956  -44.786  -47.098  -0.533 0.5000000000
120939  -32.811  -42.790  -1.709 0.4000000060
38627  -33.751  -42.665  -1.486 0.4000000060
33086  -41.608  -48.906  -0.300 0.6999999881
32192  -42.508  -49.184  -0.085 0.6000000238
32193  -43.339  -49.185  -0.285 0.6000000238
33946  -43.786  -47.535  0.307 0.5000000000
33965  -40.190  -47.913  -0.098 0.6999999881
32200  -42.103  -49.311  -0.856 0.6999999881
34823  -43.979  -46.837  0.173 0.5000000000
38629  -35.868  -42.328  -1.970 0.6999999881
33085  -40.790  -48.489  -0.778 0.6999999881
34841  -38.977  -46.122  -1.139 0.6999999881
33964  -39.712  -47.357  -0.954 0.6999999881
36660  -44.175  -45.059  -0.260 0.4000000060
38641  -36.533  -42.498  -2.846 0.6999999881
35746  -39.125  -45.975  -2.343 0.6999999881
34862  -39.575  -46.525  -3.246 0.6999999881
115919  -38.686  -44.910  -1.633 0.6000000238
126376  -38.858  -45.265  -2.648 0.6000000238
36661  -44.853  -45.095  -1.083 0.4000000060
37645  -44.662  -44.364  -1.037 0.4000000060
39694  -37.348  -41.088  -3.625 0.6999999881
36670  -38.557  -44.010  -1.586 0.6000000238
37655  -44.837  -43.684  -1.362 0.4000000060
129982  -38.549  -43.781  -2.815 0.6000000238
38618  -44.233  -43.078  -1.154 0.4000000060
39669  -44.126  -42.565  -1.523 0.4000000060
40710  -43.836  -41.447  -2.260 0.4000000060
131240  -43.721  -40.815  -2.961 0.4000000060
33064  -43.354  -48.195  0.504 0.6000000238
126464  -33.211  -42.015  -1.513 0.6000000238
128639  -34.243  -41.873  -1.411 0.6999999881
33942  -39.969  -47.440  0.781 0.6000000238
33074  -41.085  -48.408  0.489 0.6999999881
125563  -41.153  -47.928  1.399 0.6999999881
33063  -42.468  -48.276  1.092 0.6000000238
34842  -39.353  -46.722  -0.489 0.6000000238
33955  -39.679  -47.290  0.025 0.6000000238
133534  -40.533  -47.883  0.858 0.6999999881
129522  -35.225  -41.724  -1.651 0.6999999881
35733  -38.978  -46.067  -0.038 0.6000000238
124086  -44.062  -46.219  0.105 0.5000000000
138823  -35.936  -41.566  -2.203 0.6999999881
39692  -35.625  -40.971  -1.994 0.6999999881
118443  -38.594  -44.639  -0.603 0.6000000238
35732  -38.749  -45.445  -0.756 0.6000000238
35711  -43.757  -45.591  0.592 0.4000000060
137855  -36.939  -41.216  -3.642 0.6999999881
129694  -36.484  -41.801  -2.933 0.6999999881
35745  -38.847  -45.560  -1.675 0.6999999881
40727  -37.022  -40.401  -3.724 0.6999999881
37644  -43.944  -44.280  0.017 0.4000000060
136155  -44.422  -44.708  -0.752 0.4000000060
37653  -38.498  -43.152  -0.880 0.6000000238
38612  -43.714  -42.592  0.135 0.4000000060
37654  -44.138  -43.635  -0.607 0.4000000060
39695  -37.987  -41.359  -3.269 0.6999999881
120964  -38.142  -42.018  -3.449 0.6999999881
37680  -38.357  -43.245  -3.456 0.6000000238
127314  -43.841  -42.330  -0.638 0.4000000060
40698  -43.726  -40.808  -1.117 0.4000000060
41726  -43.666  -40.154  -1.650 0.4000000060
125258  -43.588  -39.306  -2.208 0.3000000119
33076  -42.924  -48.791  0.413 0.6000000238
40706  -33.128  -40.578  -1.429 0.5000000000
35709  -38.996  -45.312  1.310 0.6000000238
130060  -39.555  -46.388  1.460 0.6000000238
33943  -40.511  -47.452  1.498 0.6000000238
33944  -41.927  -47.854  1.731 0.6000000238
33934  -42.082  -47.241  2.256 0.6000000238
33945  -42.742  -47.580  1.394 0.6000000238
39678  -33.663  -41.225  -1.404 0.6000000238
39679  -34.727  -41.066  -1.498 0.5000000000
36647  -38.743  -44.651  1.171 0.6000000238
34832  -39.461  -46.722  0.639 0.6000000238
119604  -42.114  -46.455  2.510 0.5000000000
34822  -43.283  -47.045  1.145 0.4000000060
34814  -43.342  -46.294  1.253 0.5000000000
124118  -42.749  -46.122  2.178 0.5000000000
35702  -43.134  -45.352  1.943 0.4000000060
36659  -38.566  -44.307  0.283 0.6000000238
36640  -43.162  -44.482  2.028 0.4000000060
36649  -43.583  -44.775  1.061 0.4000000060
40718  -36.676  -40.364  -3.481 0.6999999881
120023  -38.514  -43.925  -0.494 0.6000000238
38611  -38.473  -42.643  0.199 0.6000000238
115758  -43.605  -43.312  0.767 0.4000000060
129016  -38.485  -42.334  -0.739 0.6000000238
40728  -37.246  -40.288  -3.578 0.6999999881
40719  -37.740  -40.535  -3.107 0.6999999881
40720  -38.200  -40.949  -2.030 0.6999999881
39667  -38.445  -41.714  -1.303 0.6999999881
39662  -43.669  -41.744  0.141 0.4000000060
39668  -43.756  -41.501  -0.619 0.4000000060
41733  -37.916  -40.006  -2.138 0.6999999881
40692  -43.705  -40.281  0.003 0.4000000060
117113  -43.645  -38.847  -0.260 0.3000000119
42603  -43.608  -38.259  -0.527 0.4000000060
42614  -43.648  -39.042  -1.052 0.3000000119
35710  -39.441  -45.763  1.936 0.6000000238
120564  -39.591  -45.244  2.612 0.6000000238
34811  -40.720  -46.446  2.545 0.6000000238
35700  -41.375  -45.908  2.915 0.6000000238
41722  -33.642  -39.728  -1.360 0.6000000238
40707  -34.194  -40.382  -1.393 0.6000000238
36636  -38.785  -44.180  1.932 0.6000000238
36637  -39.388  -44.440  2.810 0.6000000238
35701  -42.286  -45.605  2.704 0.5000000000
40708  -35.206  -40.243  -1.792 0.6999999881
36639  -42.552  -44.631  2.771 0.5000000000
40717  -35.995  -40.268  -2.691 0.6999999881
41730  -35.628  -39.410  -2.567 0.6999999881
37635  -38.479  -43.204  0.874 0.6000000238
37627  -42.958  -43.829  2.446 0.5000000000
123139  -43.227  -43.127  1.962 0.5000000000
41731  -36.420  -39.675  -3.366 0.8000000119
37636  -43.405  -43.942  1.449 0.4000000060
128974  -36.871  -39.876  -3.641 0.8000000119
39661  -38.408  -41.702  -0.156 0.6000000238
38604  -43.410  -42.391  1.442 0.4000000060
124993  -37.034  -39.769  -3.652 0.6999999881
131270  -43.274  -36.770  2.869 0.5000000000
42562  -42.997  -38.079  3.070 0.5000000000
126943  -43.276  -39.133  2.239 0.5000000000
40677  -43.243  -40.673  2.145 0.4000000060
138796  -43.429  -40.975  1.507 0.4000000060
41732  -37.467  -39.666  -3.115 0.6999999881
41724  -37.677  -39.309  -2.179 0.6999999881
126473  -38.363  -41.078  -0.852 0.6999999881
130994  -43.384  -36.023  2.766 0.5000000000
42578  -43.316  -38.351  2.296 0.5000000000
42590  -43.494  -38.727  1.518 0.4000000060
41702  -43.485  -39.534  1.505 0.4000000060
122612  -43.608  -40.002  0.860 0.4000000060
126377  -43.483  -34.714  2.342 0.4000000060
44534  -43.450  -36.733  2.191 0.5000000000
44549  -43.524  -36.774  1.397 0.4000000060
117039  -43.568  -37.559  0.929 0.4000000060
42597  -43.598  -38.259  0.251 0.4000000060
118006  -43.636  -39.177  0.549 0.4000000060
129227  -43.519  -34.334  1.664 0.4000000060
45599  -43.519  -35.242  1.593 0.4000000060
120487  -43.550  -36.095  1.087 0.4000000060
44555  -43.553  -36.830  0.618 0.4000000060
36638  -40.127  -45.057  3.204 0.6000000238
42612  -33.987  -38.869  -1.471 0.5000000000
38590  -38.674  -42.899  2.197 0.6000000238
37625  -38.957  -43.555  2.550 0.6000000238
37611  -39.551  -43.580  3.300 0.6000000238
36626  -40.601  -44.377  3.542 0.5000000000
36627  -41.326  -44.400  3.515 0.5000000000
41723  -34.644  -39.522  -1.650 0.6000000238
123871  -38.587  -42.189  2.251 0.6000000238
37624  -38.599  -43.391  1.663 0.6000000238
125113  -41.519  -43.064  3.893 0.5000000000
37614  -41.760  -43.750  3.610 0.5000000000
42618  -34.901  -38.684  -2.124 0.6000000238
128026  -38.393  -42.001  0.720 0.6000000238
128892  -38.410  -41.747  1.459 0.6000000238
38592  -42.529  -42.413  3.318 0.5000000000
37626  -42.419  -43.804  3.197 0.5000000000
41735  -36.211  -39.052  -3.426 0.8000000119
41689  -42.853  -39.525  3.009 0.5000000000
39637  -42.126  -41.733  3.819 0.5000000000
39648  -42.794  -41.652  2.975 0.5000000000
128708  -42.795  -43.106  2.900 0.5000000000
40691  -38.211  -40.484  0.932 0.6000000238
43531  -42.591  -36.939  4.063 0.5000000000
125474  -41.701  -38.061  4.647 0.5000000000
42561  -42.592  -38.754  3.488 0.5000000000
120649  -42.553  -40.973  3.349 0.5000000000
129176  -42.957  -41.022  2.661 0.4000000060
41736  -36.712  -39.210  -3.560 0.8000000119
40697  -38.228  -40.833  -0.003 0.6999999881
128454  -42.459  -37.869  3.967 0.5000000000
43532  -42.970  -37.250  3.330 0.5000000000
136546  -43.038  -38.766  2.825 0.5000000000
40676  -42.894  -40.381  2.819 0.5000000000
42620  -37.388  -38.738  -2.696 0.8000000119
41725  -37.817  -39.435  -1.246 0.6999999881
40709  -38.106  -40.270  -0.893 0.6999999881
45554  -42.886  -35.601  4.094 0.5000000000
45569  -43.176  -34.925  3.746 0.4000000060
45582  -43.402  -35.165  2.972 0.4000000060
36625  -39.960  -44.249  3.404 0.5000000000
42611  -33.126  -38.296  -1.398 0.5000000000
38591  -39.036  -42.722  3.052 0.6000000238
119994  -40.752  -42.980  4.065 0.5000000000
38579  -40.523  -42.291  4.174 0.5000000000
38580  -41.323  -42.242  4.174 0.5000000000
44570  -32.950  -36.773  -1.638 0.5000000000
43574  -33.517  -37.342  -1.710 0.5000000000
135087  -38.357  -41.080  1.458 0.6000000238
39646  -38.494  -41.320  2.271 0.6000000238
41661  -41.440  -39.539  4.455 0.5000000000
40663  -41.934  -40.858  4.036 0.5000000000
39654  -38.338  -41.307  0.737 0.6000000238
40686  -38.309  -40.563  1.923 0.6000000238
137794  -41.371  -38.759  4.652 0.5000000000
41676  -41.841  -40.153  4.142 0.5000000000
40664  -42.408  -40.232  3.555 0.5000000000
42619  -35.692  -38.553  -3.201 0.6999999881
41708  -38.005  -39.659  0.702 0.6000000238
41677  -42.237  -39.507  3.859 0.5000000000
42624  -36.285  -38.465  -3.610 0.6999999881
125432  -38.093  -40.143  0.114 0.6999999881
138459  -42.330  -36.688  4.469 0.5000000000
42625  -36.631  -38.457  -3.486 0.6999999881
46698  -43.148  -34.115  4.100 0.4000000060
41737  -37.066  -39.051  -3.451 0.8000000119
42613  -37.619  -38.737  -1.612 0.6999999881
47805  -43.318  -33.467  3.647 0.5000000000
42626  -37.034  -38.365  -3.256 0.6999999881
46712  -43.404  -34.255  3.166 0.4000000060
47816  -43.499  -33.900  2.336 0.5000000000
120449  -43.245  -30.165  0.863 0.4000000060
119621  -42.978  -30.113  0.056 0.5000000000
51713  -42.792  -29.373  -0.326 0.5000000000
49787  -42.739  -30.858  -1.139 0.5000000000
50827  -42.737  -30.093  -0.713 0.5000000000
125352  -39.373  -42.086  3.581 0.6000000238
38578  -39.874  -42.758  3.818 0.5000000000
39634  -38.713  -41.140  3.042 0.6000000238
39635  -39.254  -41.273  3.701 0.6000000238
39621  -40.063  -40.992  4.321 0.5000000000
39622  -40.745  -41.573  4.342 0.5000000000
40650  -41.056  -40.583  4.505 0.5000000000
44576  -33.641  -36.505  -2.261 0.5000000000
43575  -34.200  -38.019  -1.825 0.5000000000
43582  -35.046  -37.889  -2.804 0.6999999881
41688  -38.366  -39.953  2.626 0.6000000238
40661  -38.772  -40.552  3.346 0.6000000238
120217  -40.843  -38.251  4.957 0.5000000000
41660  -40.682  -39.763  4.590 0.5000000000
128148  -32.710  -36.086  -1.843 0.5000000000
43589  -35.104  -37.141  -3.531 0.6000000238
41701  -38.128  -39.832  1.585 0.6000000238
42547  -40.769  -39.087  4.739 0.5000000000
117942  -38.076  -39.151  2.058 0.6000000238
44508  -42.080  -36.379  4.803 0.5000000000
43590  -35.771  -37.769  -3.704 0.6999999881
45553  -42.325  -35.617  4.748 0.5000000000
118635  -42.666  -34.737  4.575 0.6000000238
45538  -41.928  -34.857  5.220 0.4000000060
47797  -42.675  -33.809  4.732 0.5000000000
41712  -37.914  -39.513  -0.219 0.6999999881
42596  -37.802  -38.802  0.490 0.6999999881
42602  -37.716  -38.760  -0.596 0.6999999881
47798  -43.036  -33.415  4.307 0.5000000000
123753  -43.419  -29.246  2.401 0.4000000060
52636  -43.385  -28.649  1.929 0.4000000060
42595  -37.612  -38.016  -0.103 0.6999999881
51682  -43.321  -29.490  1.510 0.4000000060
43576  -37.379  -37.481  -1.704 0.6999999881
51700  -43.038  -29.401  0.527 0.4000000060
43583  -36.702  -37.625  -3.354 0.6999999881
50843  -42.593  -30.036  -1.481 0.5000000000
51712  -42.631  -29.410  -1.086 0.5000000000
40662  -39.372  -40.404  4.043 0.5000000000
40649  -40.106  -40.140  4.465 0.5000000000
41674  -38.808  -39.755  3.631 0.6000000238
41659  -40.107  -39.389  4.605 0.5000000000
45636  -33.281  -35.627  -2.534 0.6000000238
45637  -34.106  -35.986  -3.099 0.6000000238
119071  -38.371  -39.050  3.025 0.6000000238
42546  -40.125  -38.670  4.758 0.5000000000
44577  -34.435  -36.640  -3.051 0.6000000238
42577  -38.051  -38.334  2.367 0.5000000000
42559  -38.410  -38.200  3.278 0.5000000000
43499  -40.875  -36.969  5.253 0.5000000000
45537  -41.556  -35.799  5.227 0.5000000000
42589  -37.837  -38.513  1.460 0.6000000238
134989  -41.224  -35.098  5.437 0.6000000238
47788  -42.148  -33.394  5.237 0.5000000000
44587  -35.795  -36.880  -4.075 0.6999999881
43561  -37.664  -37.917  0.801 0.6999999881
131429  -42.840  -30.192  4.654 0.5000000000
51652  -43.193  -29.186  4.156 0.4000000060
43591  -36.226  -37.680  -3.752 0.6999999881
43565  -37.494  -37.194  -0.630 0.6999999881
133477  -42.773  -32.239  4.746 0.5000000000
49745  -43.092  -31.602  4.321 0.5000000000
126293  -43.194  -29.871  4.148 0.4000000060
51662  -43.371  -29.418  3.325 0.4000000060
52618  -43.393  -28.626  2.851 0.4000000060
42601  -37.543  -38.048  -1.068 0.6999999881
53712  -43.451  -27.244  1.969 0.4000000060
53728  -43.288  -27.254  1.073 0.4000000060
44588  -36.235  -36.864  -3.861 0.6999999881
44571  -37.282  -36.587  -1.478 0.6999999881
52654  -43.120  -28.671  1.009 0.4000000060
53736  -43.147  -27.293  0.333 0.4000000060
44578  -36.679  -36.650  -3.172 0.6999999881
45639  -36.974  -36.384  -2.284 0.6999999881
122270  -43.083  -27.929  0.604 0.4000000060
117519  -43.158  -26.919  -0.229 0.4000000060
119642  -43.094  -27.193  -0.957 0.4000000060
137748  -42.600  -29.419  -1.688 0.5000000000
130560  -42.901  -27.858  -1.115 0.5000000000
42545  -39.394  -38.188  4.478 0.5000000000
124814  -40.072  -38.007  4.925 0.5000000000
131520  -38.768  -38.031  3.947 0.5000000000
43512  -38.897  -37.406  4.227 0.5000000000
43513  -39.638  -37.300  4.797 0.5000000000
45536  -40.657  -35.550  5.411 0.5000000000
45649  -33.834  -35.241  -3.289 0.6000000238
45650  -34.499  -35.622  -3.717 0.6000000238
43530  -38.462  -37.449  3.511 0.5000000000
43514  -40.485  -37.482  5.105 0.5000000000
44586  -34.973  -36.304  -3.864 0.6999999881
43545  -38.068  -37.444  2.636 0.5000000000
127801  -40.567  -34.787  5.434 0.6000000238
47787  -41.503  -33.492  5.434 0.5000000000
138338  -37.803  -37.096  2.099 0.6000000238
43557  -37.761  -37.606  1.710 0.6999999881
48771  -42.224  -32.357  5.284 0.5000000000
51651  -42.721  -29.426  4.768 0.4000000060
44599  -35.617  -36.046  -4.208 0.6999999881
43556  -37.622  -37.099  0.904 0.8000000119
49736  -41.992  -31.526  5.358 0.5000000000
50764  -42.194  -30.855  5.284 0.5000000000
124569  -43.343  -27.914  3.313 0.4000000060
121082  -43.427  -27.932  2.395 0.4000000060
54747  -43.437  -26.543  1.561 0.4000000060
45597  -37.575  -35.457  0.950 0.6000000238
54756  -43.328  -26.527  0.593 0.4000000060
44560  -37.406  -36.271  -0.601 0.6999999881
45609  -37.460  -35.734  0.141 0.6000000238
46751  -37.486  -34.634  0.808 0.6000000238
45638  -36.703  -35.848  -2.680 0.6999999881
45624  -37.047  -35.781  -1.662 0.6000000238
46772  -37.070  -34.726  -0.855 0.6000000238
46764  -37.310  -34.835  -0.078 0.6000000238
54764  -43.330  -26.125  -0.222 0.4000000060
45651  -36.311  -35.965  -3.746 0.6999999881
47859  -37.009  -33.934  -0.524 0.6000000238
121080  -37.286  -34.114  0.244 0.6000000238
121441  -43.343  -26.545  -1.587 0.5000000000
48831  -36.808  -32.809  -0.511 0.6000000238
136172  -36.959  -32.593  0.279 0.6000000238
52689  -42.852  -28.276  -1.766 0.5000000000
53766  -43.174  -27.689  -2.622 0.5000000000
44486  -39.990  -36.046  5.296 0.6000000238
46787  -32.906  -34.778  -2.915 0.5000000000
44505  -39.026  -36.633  4.459 0.6000000238
45535  -39.847  -35.209  5.263 0.6000000238
46805  -34.500  -35.000  -3.971 0.6000000238
45661  -35.055  -35.582  -4.204 0.6000000238
124828  -38.527  -35.997  4.015 0.6000000238
44522  -38.509  -36.764  3.784 0.6000000238
46683  -40.594  -34.057  5.467 0.5000000000
47786  -40.775  -33.294  5.490 0.5000000000
48770  -41.495  -32.815  5.429 0.5000000000
47899  -34.562  -34.171  -4.197 0.6000000238
46821  -35.156  -34.887  -4.351 0.6000000238
128193  -38.186  -36.205  3.191 0.6000000238
45568  -38.230  -35.403  3.338 0.6000000238
48769  -40.691  -32.397  5.493 0.5000000000
124570  -41.793  -30.100  5.404 0.5000000000
53669  -42.620  -27.905  4.740 0.4000000060
127278  -43.150  -27.909  4.129 0.4000000060
46823  -36.107  -35.089  -3.876 0.6999999881
46806  -35.851  -34.259  -3.974 0.6000000238
44548  -37.698  -36.761  1.622 0.6999999881
124543  -37.910  -35.645  2.516 0.6000000238
49735  -41.424  -31.926  5.473 0.5000000000
50763  -41.369  -30.933  5.468 0.5000000000
51642  -42.127  -29.357  5.305 0.5000000000
54714  -43.311  -26.502  3.312 0.4000000060
119920  -43.437  -26.526  2.446 0.4000000060
131999  -43.453  -25.288  1.716 0.4000000060
44554  -37.544  -36.652  0.160 0.6999999881
47815  -37.671  -33.573  2.207 0.6999999881
121249  -39.858  -32.004  5.444 0.5000000000
49734  -40.583  -31.505  5.511 0.5000000000
55741  -43.451  -25.823  1.244 0.4000000060
46807  -36.226  -34.411  -3.270 0.6000000238
47831  -37.439  -33.294  1.504 0.6000000238
117786  -37.547  -32.908  2.057 0.6999999881
55752  -43.426  -25.626  0.462 0.4000000060
119295  -36.438  -35.170  -3.053 0.6999999881
45623  -36.723  -35.121  -2.107 0.6000000238
123850  -36.969  -35.079  -1.372 0.6000000238
47843  -37.374  -33.736  0.855 0.6000000238
48799  -37.348  -32.496  1.498 0.6000000238
49757  -37.573  -31.486  2.343 0.6000000238
55759  -43.467  -25.225  -0.327 0.4000000060
46771  -36.723  -34.282  -1.581 0.6000000238
47869  -36.721  -33.426  -1.179 0.6000000238
48813  -37.049  -32.017  0.808 0.6000000238
127838  -37.410  -30.927  1.820 0.6000000238
55766  -43.555  -25.054  -1.261 0.4000000060
50794  -37.187  -30.987  1.114 0.6000000238
125842  -43.534  -25.645  -1.873 0.5000000000
120468  -43.341  -26.935  -2.297 0.5000000000
125219  -43.745  -25.881  -3.530 0.5000000000
45552  -39.194  -35.763  4.765 0.6000000238
45551  -38.572  -35.163  4.150 0.6000000238
46696  -39.105  -34.674  4.765 0.6000000238
47785  -39.941  -33.589  5.407 0.5000000000
126632  -33.768  -33.756  -3.855 0.6000000238
134474  -38.567  -34.489  4.143 0.6000000238
119542  -39.407  -33.159  5.212 0.5000000000
52591  -41.722  -28.554  5.385 0.5000000000
137791  -42.828  -27.230  4.403 0.4000000060
116524  -35.322  -34.045  -4.319 0.6000000238
47900  -35.609  -33.542  -4.098 0.6000000238
127759  -38.287  -34.640  3.503 0.6000000238
47804  -38.286  -33.414  3.751 0.6000000238
47795  -38.755  -33.065  4.619 0.5000000000
50760  -38.923  -30.018  5.140 0.5000000000
50761  -39.614  -30.307  5.399 0.5000000000
51640  -40.209  -29.761  5.521 0.5000000000
53670  -43.222  -27.208  3.728 0.4000000060
122239  -43.377  -25.809  2.873 0.4000000060
54732  -43.457  -25.856  2.048 0.4000000060
121326  -37.972  -34.811  2.716 0.6999999881
48783  -38.193  -32.537  3.791 0.5000000000
49733  -39.720  -31.157  5.458 0.5000000000
50762  -40.415  -30.611  5.514 0.5000000000
56698  -43.511  -24.260  0.780 0.4000000060
119436  -36.306  -33.003  -2.485 0.6000000238
138599  -37.833  -29.662  3.305 0.6000000238
57684  -43.640  -23.735  -0.110 0.4000000060
48855  -36.526  -32.652  -1.543 0.6000000238
51668  -37.605  -29.585  2.591 0.6000000238
57692  -43.806  -23.781  -1.072 0.4000000060
139294  -36.026  -36.296  -4.154 0.6999999881
118192  -36.637  -31.905  -0.908 0.6000000238
48832  -36.776  -31.927  -0.041 0.6000000238
49769  -36.919  -31.209  0.423 0.6000000238
55778  -43.677  -25.489  -2.671 0.5000000000
56735  -43.743  -24.790  -2.212 0.4000000060
124895  -44.547  -23.841  -3.787 0.5000000000
126219  -44.785  -24.019  -4.236 0.4000000060
46695  -38.707  -33.917  4.376 0.5000000000
123231  -40.277  -27.913  5.481 0.5000000000
53653  -41.196  -27.648  5.432 0.5000000000
54678  -41.819  -26.872  5.243 0.5000000000
55679  -42.657  -25.794  4.400 0.4000000060
48890  -35.625  -32.787  -3.946 0.6000000238
48891  -36.028  -32.464  -3.220 0.6000000238
46711  -38.367  -34.074  3.754 0.6000000238
134427  -38.881  -29.350  5.121 0.5000000000
52589  -40.030  -28.844  5.533 0.5000000000
52590  -40.903  -28.594  5.509 0.5000000000
55699  -43.118  -25.781  3.678 0.4000000060
56671  -43.308  -24.398  2.701 0.4000000060
56683  -43.438  -24.531  1.777 0.4000000060
47901  -36.038  -33.481  -3.437 0.6000000238
50774  -38.511  -30.452  4.539 0.5000000000
48870  -36.281  -32.115  -2.340 0.6000000238
49811  -36.521  -31.218  -1.309 0.6000000238
52635  -37.521  -28.671  2.198 0.6000000238
57693  -44.173  -23.154  -1.576 0.4000000060
50808  -36.746  -30.587  -0.078 0.6000000238
51681  -37.391  -29.539  1.713 0.6000000238
56727  -43.953  -23.919  -1.969 0.4000000060
49786  -36.676  -31.149  -0.480 0.6000000238
50809  -36.994  -30.419  0.608 0.6000000238
120111  -37.272  -30.288  1.355 0.6000000238
128607  -44.349  -23.275  -2.522 0.4000000060
57700  -44.571  -23.298  -3.426 0.4000000060
59660  -45.859  -21.724  -4.013 0.3000000119
56736  -44.209  -24.103  -2.997 0.5000000000
57703  -44.840  -23.291  -4.034 0.4000000060
58671  -46.189  -22.373  -3.993 0.3000000119
54677  -41.068  -26.784  5.440 0.5000000000
55698  -42.817  -25.048  3.959 0.5000000000
57639  -43.168  -23.480  2.962 0.5000000000
119274  -39.503  -28.094  5.335 0.5000000000
53651  -39.642  -27.300  5.338 0.6000000238
126611  -43.204  -25.078  3.209 0.4000000060
57649  -43.389  -23.093  2.121 0.5000000000
128325  -43.387  -23.840  2.222 0.4000000060
126550  -36.063  -31.546  -3.031 0.6000000238
124435  -36.432  -30.594  -1.776 0.6000000238
52602  -38.585  -28.798  4.703 0.6000000238
118690  -43.497  -23.652  1.503 0.4000000060
58646  -43.838  -22.824  0.117 0.4000000060
49827  -36.324  -31.304  -2.150 0.6000000238
50842  -36.520  -30.008  -1.268 0.6000000238
52617  -38.160  -28.431  3.859 0.6999999881
129315  -44.539  -21.612  -0.855 0.3000000119
51710  -36.635  -29.502  -0.679 0.6000000238
52616  -37.771  -28.071  3.040 0.6000000238
59640  -44.719  -21.727  -1.734 0.3000000119
50825  -36.626  -30.216  -0.574 0.6000000238
51711  -36.838  -28.984  0.044 0.6000000238
58659  -44.533  -22.505  -2.117 0.4000000060
138695  -37.092  -28.926  0.648 0.6000000238
52653  -37.299  -28.865  1.219 0.6000000238
119403  -37.486  -26.860  1.689 0.6000000238
58665  -44.706  -22.617  -3.028 0.3000000119
59654  -45.442  -21.990  -3.739 0.3000000119
128996  -46.390  -20.784  -4.028 0.3000000119
59661  -46.970  -21.026  -4.031 0.3000000119
138040  -40.402  -25.416  5.396 0.6000000238
55663  -41.142  -25.468  5.357 0.5000000000
56654  -42.512  -24.302  4.215 0.5000000000
57638  -42.689  -23.519  3.810 0.5000000000
53650  -39.009  -27.562  5.043 0.6000000238
55662  -39.798  -25.706  5.325 0.6000000238
58609  -43.436  -22.238  1.925 0.4000000060
136397  -44.055  -21.368  0.543 0.4000000060
129383  -36.196  -30.585  -2.844 0.6000000238
120426  -36.416  -29.845  -2.174 0.6000000238
118803  -38.582  -27.121  4.491 0.6000000238
58634  -44.021  -22.079  0.361 0.3000000119
58647  -44.203  -22.241  -0.376 0.3000000119
51726  -36.536  -29.246  -1.510 0.6000000238
52673  -36.651  -28.678  -0.867 0.6000000238
52674  -36.832  -28.073  -0.281 0.6000000238
137908  -37.601  -26.836  2.438 0.6000000238
59653  -44.913  -21.899  -2.673 0.3000000119
52664  -37.154  -28.283  0.615 0.6000000238
53727  -37.388  -27.535  1.183 0.6000000238
59647  -45.419  -21.353  -3.282 0.3000000119
60628  -46.638  -19.788  -4.044 0.3000000119
60629  -47.294  -20.217  -4.094 0.3000000119
60630  -48.432  -20.302  -4.216 0.3000000119
56636  -40.656  -24.762  5.339 0.6000000238
56637  -41.290  -24.426  5.182 0.6000000238
56653  -41.920  -24.339  4.770 0.5000000000
58588  -42.343  -22.760  4.141 0.5000000000
58598  -42.804  -22.697  3.442 0.4000000060
122880  -39.265  -24.600  4.975 0.6000000238
56635  -39.876  -24.995  5.284 0.6000000238
59604  -43.445  -21.290  1.786 0.4000000060
59616  -43.809  -21.141  1.081 0.4000000060
55675  -38.706  -25.220  4.579 0.6000000238
60571  -44.013  -20.636  0.617 0.4000000060
59617  -44.275  -20.901  0.111 0.3000000119
51734  -36.452  -29.017  -2.427 0.6000000238
119245  -38.060  -25.697  3.729 0.6000000238
59630  -44.526  -20.863  -0.516 0.3000000119
53745  -36.669  -27.856  -1.127 0.6000000238
54712  -37.733  -26.380  3.043 0.6000000238
60597  -45.233  -20.135  -1.940 0.3000000119
60609  -45.481  -20.563  -2.816 0.3000000119
54755  -37.311  -26.583  0.330 0.6000000238
122875  -37.401  -26.907  0.925 0.6000000238
61640  -46.418  -19.287  -4.045 0.3000000119
61642  -47.197  -19.296  -4.175 0.3000000119
57630  -40.697  -23.002  4.960 0.6000000238
57616  -40.673  -23.919  5.214 0.5000000000
135726  -42.425  -21.527  3.746 0.5000000000
59584  -42.849  -21.804  3.163 0.4000000060
127974  -43.214  -21.786  2.439 0.4000000060
132535  -40.026  -23.516  5.134 0.6000000238
60550  -43.234  -20.367  2.075 0.4000000060
61583  -43.862  -19.821  0.703 0.4000000060
57629  -39.336  -23.735  4.882 0.6000000238
61616  -44.872  -19.302  -1.361 0.3000000119
52687  -36.550  -28.444  -1.724 0.6000000238
123390  -38.163  -24.635  3.881 0.6000000238
62718  -44.898  -18.523  -1.705 0.3000000119
53758  -36.661  -27.015  -1.423 0.6000000238
54763  -36.908  -26.583  -0.811 0.6000000238
55697  -37.745  -24.990  3.116 0.6000000238
61617  -45.304  -19.151  -2.239 0.3000000119
135062  -37.569  -25.328  2.469 0.6000000238
132927  -37.090  -26.828  -0.251 0.6000000238
127099  -37.372  -25.915  0.379 0.6000000238
55751  -37.418  -25.310  0.826 0.6000000238
58586  -40.305  -22.136  4.738 0.6000000238
135746  -41.735  -20.378  4.057 0.4000000060
60524  -42.102  -20.961  3.959 0.4000000060
60549  -42.762  -20.302  2.797 0.4000000060
57628  -38.702  -23.141  4.395 0.5000000000
58585  -39.596  -22.808  4.804 0.5000000000
61584  -44.102  -19.117  0.125 0.4000000060
62717  -44.537  -18.566  -0.893 0.3000000119
56669  -38.210  -23.732  3.868 0.5000000000
127320  -44.605  -17.979  -1.364 0.3000000119
54768  -36.612  -26.493  -1.920 0.6000000238
56682  -37.527  -24.545  2.297 0.5000000000
130400  -37.028  -25.863  -0.892 0.6000000238
130456  -37.196  -26.204  -0.259 0.6000000238
127742  -37.432  -24.568  1.344 0.6000000238
55758  -37.304  -25.329  -0.149 0.6000000238
56707  -37.401  -24.533  0.474 0.6000000238
56715  -37.307  -24.394  -0.400 0.5000000000
118168  -37.411  -23.760  0.214 0.5000000000
128464  -40.392  -19.980  4.463 0.4000000060
60523  -41.157  -20.167  4.349 0.3000000119
61546  -41.606  -19.686  3.961 0.4000000060
61558  -42.509  -19.648  2.978 0.4000000060
61559  -42.926  -19.589  2.363 0.3000000119
58584  -38.924  -22.326  4.488 0.5000000000
129088  -39.451  -21.883  4.600 0.4000000060
63698  -43.110  -18.090  1.697 0.3000000119
63727  -43.417  -17.856  1.051 0.3000000119
135169  -43.726  -19.093  0.823 0.3000000119
57637  -38.120  -22.992  3.677 0.5000000000
63773  -43.724  -17.012  0.038 0.3000000119
63748  -43.733  -17.703  0.321 0.3000000119
57636  -37.722  -23.134  2.912 0.5000000000
123908  -44.318  -17.772  -0.789 0.3000000119
57648  -37.528  -23.130  2.034 0.5000000000
64816  -45.738  -16.439  -4.003 0.3000000119
127199  -37.457  -23.841  1.727 0.5000000000
119635  -37.416  -23.864  0.959 0.5000000000
61518  -40.167  -19.208  4.398 0.3000000119
61519  -40.944  -19.375  4.312 0.3000000119
62610  -41.438  -18.869  3.842 0.3000000119
62611  -41.986  -18.323  3.253 0.3000000119
61516  -38.916  -19.499  4.271 0.3000000119
135622  -39.801  -20.590  4.513 0.4000000060
63697  -42.597  -17.994  2.422 0.3000000119
63726  -42.966  -17.249  1.676 0.3000000119
61545  -38.325  -19.966  3.825 0.3000000119
123227  -43.436  -17.089  0.800 0.3000000119
59589  -37.644  -21.581  2.655 0.4000000060
63774  -44.091  -16.990  -0.697 0.3000000119
64792  -44.435  -16.557  -1.626 0.3000000119
58608  -37.597  -22.374  2.361 0.5000000000
65745  -45.347  -15.655  -3.577 0.3000000119
58619  -37.490  -22.485  1.531 0.5000000000
124722  -37.408  -22.982  0.103 0.4000000060
58632  -37.444  -22.645  0.777 0.5000000000
63671  -40.155  -17.777  4.142 0.3000000119
118000  -40.844  -17.641  3.825 0.3000000119
63672  -41.519  -17.550  3.416 0.3000000119
62569  -39.044  -18.579  4.155 0.3000000119
128738  -39.586  -19.812  4.449 0.3000000119
123164  -42.083  -17.556  2.958 0.3000000119
125159  -42.364  -17.042  2.483 0.3000000119
122661  -38.397  -19.110  3.747 0.3000000119
122226  -43.519  -15.818  0.077 0.3000000119
65702  -43.717  -15.652  -0.530 0.3000000119
132013  -37.541  -20.045  2.639 0.3000000119
118650  -37.852  -19.565  3.291 0.3000000119
65703  -43.948  -15.467  -1.140 0.3000000119
65720  -44.368  -15.699  -1.801 0.3000000119
61570  -37.474  -20.140  1.703 0.3000000119
60548  -37.544  -20.879  2.160 0.4000000060
66637  -44.022  -14.857  -1.518 0.3000000119
66650  -44.433  -14.839  -2.314 0.3000000119
59615  -37.468  -21.859  0.990 0.4000000060
66663  -45.556  -14.918  -4.021 0.3000000119
58645  -37.446  -22.052  0.102 0.4000000060
138382  -37.483  -21.329  0.526 0.4000000060
66684  -46.199  -14.968  -4.784 0.3000000119
66685  -46.708  -14.952  -5.055 0.3000000119
63670  -39.571  -17.142  3.882 0.3000000119
62570  -39.850  -18.504  4.307 0.3000000119
119913  -40.357  -17.128  3.845 0.3000000119
64701  -41.512  -16.286  3.152 0.3000000119
64702  -42.055  -16.267  2.664 0.3000000119
64727  -42.598  -16.357  1.963 0.3000000119
63645  -38.946  -17.736  3.846 0.3000000119
121925  -42.703  -15.042  1.362 0.3000000119
66585  -43.059  -14.698  0.598 0.3000000119
66616  -43.337  -14.257  -0.218 0.3000000119
62638  -37.619  -18.694  2.438 0.3000000119
63668  -37.835  -17.932  2.934 0.3000000119
66624  -43.676  -14.928  -0.759 0.3000000119
67552  -44.043  -14.044  -1.957 0.3000000119
60560  -37.511  -20.959  1.225 0.4000000060
67560  -44.512  -14.002  -2.744 0.3000000119
67571  -45.132  -14.108  -3.570 0.3000000119
59629  -37.468  -21.144  -0.151 0.4000000060
67572  -45.406  -13.405  -3.932 0.3000000119
129205  -46.434  -12.899  -4.894 0.3000000119
66674  -46.509  -14.209  -5.124 0.3000000119
68559  -47.719  -13.175  -5.856 0.3000000119
65605  -40.190  -15.416  3.449 0.3000000119
66536  -40.993  -15.109  3.162 0.3000000119
66554  -41.648  -14.835  2.611 0.3000000119
66555  -42.217  -14.527  1.957 0.3000000119
139881  -39.732  -15.837  3.583 0.3000000119
67477  -42.116  -13.701  1.744 0.3000000119
127846  -42.600  -14.205  1.185 0.3000000119
63695  -38.147  -17.049  3.074 0.3000000119
66615  -42.920  -13.953  0.494 0.3000000119
67524  -42.972  -13.299  -0.065 0.3000000119
66636  -43.657  -14.200  -1.128 0.3000000119
125714  -37.555  -18.058  1.948 0.3000000119
68479  -43.221  -12.874  -0.975 0.3000000119
68495  -43.568  -12.768  -1.779 0.3000000119
123321  -37.482  -19.397  1.163 0.4000000060
68511  -43.928  -12.654  -2.419 0.3000000119
61582  -37.493  -19.862  0.411 0.4000000060
68523  -44.379  -12.618  -3.004 0.3000000119
68524  -44.952  -12.635  -3.595 0.3000000119
60580  -37.498  -20.323  -0.228 0.4000000060
68546  -46.952  -13.175  -5.447 0.3000000119
127488  -37.490  -20.774  -0.907 0.4000000060
127268  -47.329  -13.387  -5.642 0.3000000119
69566  -47.741  -11.913  -5.774 0.3000000119
66553  -40.966  -14.324  2.887 0.3000000119
118141  -41.617  -14.003  2.375 0.3000000119
66534  -39.658  -14.705  3.353 0.3000000119
66535  -40.387  -14.676  3.230 0.3000000119
67498  -42.477  -13.310  0.943 0.3000000119
65603  -38.780  -15.566  3.377 0.3000000119
64726  -37.566  -16.429  1.727 0.3000000119
69526  -43.988  -11.978  -2.782 0.3000000119
69540  -44.511  -11.898  -3.338 0.3000000119
69541  -45.190  -11.886  -3.872 0.3000000119
69553  -46.056  -11.937  -4.460 0.3000000119
129345  -46.810  -12.386  -5.145 0.3000000119
61615  -37.631  -19.663  -1.740 0.3000000119
69565  -47.161  -11.780  -5.264 0.3000000119
70554  -48.433  -10.692  -5.848 0.3000000119
70563  -48.871  -11.185  -6.264 0.3000000119
67463  -39.084  -14.067  3.209 0.3000000119
67475  -40.908  -13.510  2.629 0.3000000119
67476  -41.557  -13.211  2.166 0.3000000119
69483  -42.094  -11.768  0.720 0.3000000119
68465  -42.524  -12.524  0.390 0.3000000119
66551  -37.862  -14.928  2.377 0.3000000119
66552  -38.359  -14.435  2.911 0.3000000119
69506  -42.721  -11.462  -0.874 0.3000000119
69507  -43.052  -11.645  -1.492 0.3000000119
70487  -42.699  -10.802  -1.345 0.3000000119
69525  -43.504  -11.999  -2.126 0.3000000119
70506  -43.499  -10.770  -2.811 0.3000000119
70507  -44.028  -11.270  -3.125 0.3000000119
70525  -44.662  -11.049  -3.631 0.3000000119
70541  -46.036  -10.950  -4.397 0.3000000119
70542  -46.781  -10.874  -4.751 0.3000000119
71468  -46.049  -9.925  -4.455 0.3000000119
70552  -47.469  -11.014  -5.239 0.3000000119
70553  -47.994  -11.191  -5.695 0.3000000119
71479  -47.808  -10.238  -5.367 0.3000000119
71488  -49.016  -10.077  -6.061 0.3000000119
124532  -49.665  -9.538  -6.402 0.3000000119
68422  -38.694  -12.709  2.541 0.3000000119
68423  -39.528  -12.468  2.593 0.3000000119
68444  -40.771  -11.851  2.104 0.3000000119
69464  -41.534  -11.775  1.452 0.3000000119
67472  -37.908  -14.048  2.239 0.3000000119
67473  -38.527  -13.574  2.744 0.3000000119
69461  -39.290  -11.136  2.085 0.3000000119
69462  -40.162  -11.096  1.960 0.3000000119
70440  -41.123  -10.554  1.235 0.3000000119
70462  -42.066  -11.052  0.311 0.3000000119
66584  -37.577  -14.639  1.543 0.3000000119
70488  -43.217  -11.170  -2.131 0.3000000119
65701  -37.513  -15.325  0.065 0.3000000119
71451  -44.598  -10.188  -3.934 0.3000000119
70526  -45.371  -11.123  -4.046 0.3000000119
72456  -46.405  -8.866  -4.734 0.3000000119
71480  -48.331  -9.407  -5.597 0.3000000119
69460  -38.502  -11.303  1.887 0.3000000119
68442  -37.644  -12.236  1.069 0.3000000119
69459  -37.899  -11.505  1.321 0.3000000119
68464  -37.504  -12.385  0.278 0.3000000119
115838  -37.589  -13.695  1.301 0.3000000119
133896  -37.728  -12.834  1.474 0.3000000119
68443  -38.126  -12.187  1.934 0.3000000119
66623  -37.527  -14.488  -0.296 0.3000000119
67523  -37.477  -13.740  0.197 0.3000000119
48775  -39.222  -32.476  5.153 0.5000000000
48782  -37.824  -32.015  3.005 0.6999999881
49732  -38.971  -30.821  5.156 0.5000000000
49750  -37.768  -31.219  3.087 0.6000000238
136654  -37.456  -38.173  -1.962 0.6999999881
134885  -49.119  -64.710  4.400 0.3000000119
19443  -49.977  -64.692  4.782 0.3000000119
116184  -50.170  -65.163  4.147 0.3000000119
18642  -50.721  -64.942  4.081 0.3000000119
137126  -50.294  -65.010  2.699 0.4000000060
19463  -49.590  -64.079  2.034 0.4000000060
20349  -47.685  -63.184  1.577 0.4000000060
20317  -45.961  -62.191  2.980 0.4000000060
130613  -45.740  -60.340  4.484 0.4000000060
21181  -45.594  -61.602  3.598 0.4000000060
22909  -46.277  -59.079  4.730 0.4000000060
118363  -46.170  -56.502  2.799 0.4000000060
25630  -55.172  -56.866  2.430 0.3000000119
25631  -55.584  -56.213  2.111 0.3000000119
26535  -45.312  -56.079  2.429 0.5000000000
27437  -56.415  -54.323  1.001 0.3000000119
27436  -55.487  -54.318  -0.004 0.3000000119
120119  -44.643  -55.482  2.739 0.5000000000
27415  -44.119  -55.334  0.966 0.5000000000
33967  -50.387  -47.249  -0.631 0.3000000119
126643  -49.885  -48.138  0.226 0.3000000119
34843  -50.006  -46.436  -0.455 0.3000000119
28329  -43.360  -54.067  0.041 0.6000000238
34837  -49.348  -46.456  0.297 0.4000000060
134171  -43.170  -53.389  -0.083 0.6000000238
35728  -48.934  -45.741  0.453 0.4000000060
36672  -48.737  -44.301  -0.006 0.4000000060
37648  -48.092  -43.721  0.247 0.4000000060
38632  -47.795  -41.978  -0.895 0.4000000060
35741  -33.182  -45.892  -1.719 0.4000000060
120537  -34.085  -46.248  -1.374 0.5000000000
30307  -41.988  -51.039  -2.827 0.6999999881
40721  -45.487  -40.990  -3.461 0.4000000060
30312  -42.078  -51.068  -4.080 0.6999999881
40731  -44.963  -41.458  -4.510 0.4000000060
121662  -34.906  -44.754  -1.380 0.5000000000
36691  -36.644  -43.828  -2.616 0.6000000238
36690  -35.842  -43.708  -1.742 0.6000000238
32241  -42.326  -49.504  -5.153 0.8000000119
32242  -43.319  -49.877  -5.404 0.6999999881
33114  -40.865  -48.257  -4.354 0.8000000119
31320  -41.997  -50.152  -5.078 0.6999999881
40730  -44.538  -41.468  -5.037 0.4000000060
33115  -41.530  -48.608  -4.061 0.8000000119
33994  -39.863  -47.012  -4.244 0.8000000119
33998  -40.224  -47.746  -4.473 0.8000000119
41738  -43.636  -40.420  -4.190 0.4000000060
38647  -37.379  -41.824  -3.771 0.6999999881
34868  -39.255  -46.243  -4.123 0.8000000119
39703  -37.748  -41.930  -3.764 0.6999999881
38649  -38.058  -42.668  -3.877 0.6999999881
35760  -38.778  -45.514  -4.152 0.8000000119
38643  -38.381  -42.520  -2.966 0.6999999881
115578  -43.547  -38.097  -2.420 0.3000000119
44561  -43.552  -37.032  -0.664 0.4000000060
126677  -43.595  -38.289  -1.358 0.4000000060
131334  -43.536  -34.694  1.072 0.4000000060
45610  -43.537  -35.387  0.728 0.4000000060
133042  -43.565  -36.772  -0.052 0.4000000060
43566  -43.570  -37.496  -0.035 0.4000000060
131891  -43.525  -33.617  1.695 0.4000000060
47860  -43.379  -33.098  -0.216 0.4000000060
48833  -43.160  -32.099  -0.489 0.5000000000
48791  -43.513  -33.048  2.272 0.5000000000
117461  -43.387  -30.830  1.209 0.4000000060
49770  -43.311  -31.702  0.357 0.5000000000
49812  -42.868  -31.607  -1.091 0.5000000000
48857  -42.886  -32.255  -1.468 0.4000000060
121229  -42.561  -30.678  -2.024 0.5000000000
119514  -43.380  -32.031  3.392 0.5000000000
49752  -43.370  -31.169  3.464 0.5000000000
50789  -43.489  -30.827  2.004 0.4000000060
51735  -42.584  -29.766  -2.334 0.5000000000
52698  -42.908  -28.456  -2.524 0.5000000000
54782  -43.678  -26.668  -4.203 0.5000000000
46803  -32.980  -33.986  -3.380 0.5000000000
55786  -44.175  -25.259  -4.135 0.5000000000
122430  -45.685  -23.115  -4.108 0.4000000060
48889  -33.109  -32.637  -4.072 0.6000000238
47913  -33.912  -33.083  -4.184 0.6000000238
47914  -34.728  -33.414  -4.388 0.6000000238
47915  -35.220  -33.097  -4.348 0.6000000238
131535  -47.069  -22.744  -3.763 0.3000000119
48910  -35.220  -32.191  -4.302 0.6000000238
49837  -35.658  -31.878  -3.798 0.6000000238
59662  -47.906  -20.979  -3.919 0.3000000119
60641  -49.395  -20.372  -4.545 0.3000000119
49838  -35.785  -31.002  -3.711 0.6000000238
52696  -36.474  -28.216  -2.575 0.6000000238
118992  -36.555  -27.010  -2.283 0.6000000238
54774  -36.561  -26.332  -2.610 0.6000000238
55765  -36.658  -25.892  -1.996 0.6000000238
119535  -37.037  -25.032  -1.129 0.6000000238
56725  -37.130  -24.099  -1.223 0.5000000000
57683  -37.340  -23.516  -0.539 0.5000000000
58652  -37.390  -22.658  -0.640 0.4000000060
124298  -37.427  -21.741  -0.919 0.4000000060
59639  -37.425  -21.096  -1.715 0.4000000060
72439  -45.559  -9.062  -4.523 0.3000000119
73471  -47.422  -7.498  -5.518 0.3000000119
73472  -48.225  -7.684  -5.707 0.3000000119
72467  -49.053  -8.953  -6.025 0.3000000119
67538  -37.480  -12.953  -0.339 0.3000000119
66635  -37.647  -14.480  -1.123 0.3000000119
40712  -46.784  -40.732  -1.975 0.4000000060
49828  -42.565  -31.344  -2.625 0.5000000000
20336  -47.864  -62.837  2.258 0.4000000060
20297  -53.511  -62.943  5.011 0.3000000119
20308  -52.925  -63.598  4.970 0.3000000119
21167  -52.534  -63.123  4.648 0.3000000119
120658  -51.565  -62.110  4.371 0.3000000119
118046  -46.987  -56.767  3.068 0.4000000060
23788  -54.410  -59.266  4.508 0.3000000119
23784  -49.695  -58.530  4.103 0.4000000060
23801  -53.489  -59.212  1.682 0.3000000119
26548  -45.157  -56.439  0.848 0.4000000060
116810  -52.645  -55.570  -0.156 0.3000000119
29288  -51.924  -52.518  0.918 0.3000000119
31276  -50.740  -50.824  0.640 0.3000000119
26551  -50.093  -55.324  0.375 0.3000000119
27419  -50.336  -54.510  1.130 0.3000000119
33960  -50.496  -48.055  -0.495 0.3000000119
26550  -49.122  -55.542  0.153 0.3000000119
33959  -49.789  -47.313  0.093 0.4000000060
28348  -44.497  -54.131  -2.049 0.6000000238
127140  -46.837  -54.304  1.157 0.3000000119
30299  -43.536  -51.992  -2.476 0.6999999881
28298  -45.994  -52.907  1.920 0.4000000060
35714  -47.502  -45.699  1.418 0.4000000060
31284  -45.667  -50.028  -1.188 0.6000000238
31311  -45.805  -50.510  -3.696 0.6999999881
138920  -44.890  -50.978  -5.396 0.6999999881
30308  -42.905  -51.481  -3.268 0.6999999881
126699  -45.638  -48.100  2.153 0.4000000060
32222  -45.835  -50.015  -2.082 0.6000000238
38621  -46.208  -42.407  -0.454 0.4000000060
30319  -44.027  -51.126  -5.434 0.6999999881
39670  -45.659  -42.083  -1.185 0.4000000060
119715  -45.064  -41.799  -2.981 0.4000000060
35740  -32.594  -45.171  -1.950 0.3000000119
32221  -45.481  -49.793  -1.877 0.6000000238
32243  -44.083  -50.337  -5.441 0.6999999881
30317  -42.392  -50.683  -4.896 0.6999999881
32201  -42.871  -49.492  -0.875 0.6000000238
138610  -45.187  -46.347  -0.879 0.5000000000
32237  -43.060  -49.486  -4.953 0.6999999881
32218  -42.274  -49.387  -1.924 0.6999999881
32236  -42.208  -49.103  -4.558 0.8000000119
33980  -39.874  -47.238  -2.279 0.6999999881
38619  -44.689  -43.075  -1.693 0.4000000060
33075  -42.070  -48.723  0.595 0.6999999881
37643  -38.505  -43.517  0.174 0.6000000238
36682  -38.656  -44.491  -2.746 0.6999999881
35756  -39.094  -45.724  -3.550 0.6999999881
35755  -38.749  -44.972  -3.725 0.8000000119
37668  -38.526  -43.174  -2.231 0.6000000238
42621  -43.536  -39.105  -3.491 0.4000000060
34810  -39.968  -46.452  2.101 0.6000000238
33933  -41.205  -47.304  2.126 0.6000000238
34812  -41.513  -46.699  2.515 0.6999999881
35721  -38.748  -45.212  0.356 0.6000000238
39680  -38.350  -41.810  -2.498 0.6999999881
38630  -38.503  -42.446  -1.733 0.6999999881
39655  -43.532  -41.643  1.038 0.3000000119
40687  -43.615  -40.869  0.664 0.3000000119
41713  -43.690  -39.656  -0.559 0.3000000119
35691  -40.940  -45.135  3.365 0.5000000000
36628  -41.975  -44.339  3.350 0.5000000000
38593  -43.043  -42.349  2.467 0.4000000060
39649  -43.251  -41.510  2.055 0.4000000060
130954  -43.471  -35.437  2.321 0.4000000060
43558  -43.488  -37.949  1.621 0.4000000060
41690  -43.258  -39.920  2.230 0.4000000060
127204  -43.461  -40.311  1.511 0.4000000060
44523  -43.041  -36.362  3.571 0.5000000000
137817  -43.588  -38.320  0.970 0.4000000060
120488  -43.561  -36.150  0.291 0.4000000060
37612  -40.282  -43.623  3.715 0.5000000000
135414  -41.971  -42.524  3.827 0.5000000000
41662  -42.029  -38.773  4.275 0.5000000000
43584  -37.208  -37.917  -2.656 0.8000000119
43581  -34.333  -37.252  -2.468 0.5000000000
125139  -37.946  -39.194  1.266 0.6999999881
48784  -43.423  -32.839  3.170 0.5000000000
44579  -37.083  -37.096  -2.489 0.6999999881
52665  -42.903  -28.620  0.114 0.4000000060
136944  -43.121  -31.354  -0.140 0.5000000000
41675  -39.453  -39.598  4.259 0.5000000000
48777  -43.193  -32.658  4.107 0.5000000000
138925  -43.456  -30.792  2.776 0.4000000060
51669  -43.453  -30.051  2.427 0.4000000060
50784  -43.377  -30.332  3.411 0.4000000060
131618  -37.597  -37.375  0.235 0.8000000119
49744  -42.544  -31.573  5.055 0.5000000000
45614  -37.263  -35.485  -0.783 0.6000000238
118780  -43.415  -25.848  -1.012 0.4000000060
53759  -43.122  -27.433  -1.711 0.5000000000
46804  -33.760  -34.478  -3.581 0.5000000000
46822  -35.677  -34.927  -4.182 0.6999999881
44533  -37.908  -36.562  2.405 0.6000000238
44547  -37.600  -36.272  0.902 0.6999999881
46736  -37.567  -34.084  1.560 0.6999999881
46788  -36.504  -34.572  -2.486 0.6000000238
118732  -37.191  -32.908  0.868 0.6000000238
54775  -43.478  -26.807  -3.138 0.5000000000
46682  -39.843  -34.358  5.314 0.6000000238
131385  -40.994  -30.003  5.503 0.5000000000
52592  -42.388  -28.605  5.080 0.4000000060
45598  -37.717  -35.940  1.693 0.6999999881
46725  -37.758  -34.272  2.251 0.6999999881
48790  -37.839  -32.942  2.860 0.6999999881
47881  -36.394  -33.874  -2.505 0.6000000238
49762  -37.324  -31.648  1.536 0.6000000238
133808  -37.585  -30.865  2.478 0.6000000238
137528  -36.531  -33.463  -1.842 0.6000000238
133373  -42.369  -27.278  4.903 0.4000000060
48774  -38.609  -32.114  4.539 0.5000000000
51639  -39.463  -29.505  5.393 0.5000000000
49742  -38.536  -31.266  4.529 0.5000000000
49751  -38.127  -31.671  3.811 0.6000000238
119291  -38.122  -30.055  3.874 0.6999999881
51660  -37.777  -28.962  3.149 0.6000000238
57685  -43.991  -23.018  -0.689 0.4000000060
53652  -40.400  -27.041  5.470 0.6000000238
54689  -42.470  -26.582  4.722 0.4000000060
51650  -38.518  -29.662  4.570 0.6999999881
132979  -38.937  -28.222  5.055 0.6000000238
50783  -38.095  -30.846  3.833 0.6000000238
135194  -37.402  -28.181  1.475 0.6000000238
57704  -45.334  -22.638  -4.019 0.3000000119
55677  -41.665  -25.004  5.092 0.5000000000
55678  -42.286  -25.052  4.615 0.5000000000
58599  -43.172  -22.515  2.691 0.4000000060
58620  -43.778  -21.931  1.134 0.4000000060
53690  -38.151  -27.576  3.793 0.6000000238
121212  -44.827  -20.922  -1.355 0.3000000119
54713  -38.121  -26.704  3.779 0.6000000238
53689  -37.768  -27.201  3.052 0.6000000238
54731  -37.534  -26.092  2.220 0.6000000238
126307  -45.820  -21.100  -3.902 0.3000000119
55676  -39.150  -25.942  5.044 0.6000000238
54687  -38.588  -26.236  4.502 0.6000000238
53735  -37.160  -27.374  0.238 0.6000000238
60617  -45.759  -20.460  -3.629 0.3000000119
60627  -46.126  -20.198  -4.050 0.3000000119
58587  -41.634  -22.854  4.616 0.6000000238
56652  -38.698  -24.171  4.470 0.6000000238
60572  -44.324  -20.110  -0.053 0.4000000060
61626  -45.620  -19.769  -2.953 0.3000000119
55740  -37.468  -25.328  1.732 0.6000000238
61633  -45.950  -19.560  -3.856 0.3000000119
138874  -41.111  -22.272  4.679 0.5000000000
59571  -41.869  -21.856  4.319 0.5000000000
61571  -43.427  -19.524  1.509 0.4000000060
56668  -37.787  -24.033  3.160 0.5000000000
59570  -40.932  -21.542  4.579 0.4000000060
60522  -40.642  -20.756  4.495 0.4000000060
60539  -42.222  -20.166  3.508 0.4000000060
62680  -44.124  -18.275  -0.187 0.3000000119
58597  -38.396  -22.302  4.077 0.5000000000
64806  -45.163  -16.392  -3.156 0.3000000119
64805  -44.730  -16.394  -2.338 0.3000000119
126041  -38.917  -20.483  4.343 0.4000000060
59582  -38.192  -21.666  3.785 0.4000000060
59581  -37.871  -21.443  3.315 0.4000000060
65660  -43.183  -15.598  0.744 0.3000000119
131935  -37.816  -20.256  3.344 0.3000000119
60537  -37.659  -20.850  3.007 0.3000000119
65734  -44.795  -15.633  -2.727 0.3000000119
65744  -44.912  -14.855  -3.164 0.3000000119
67589  -47.373  -13.842  -5.568 0.3000000119
64680  -41.043  -16.799  3.543 0.3000000119
62609  -38.400  -18.275  3.603 0.3000000119
62662  -37.507  -18.777  1.706 0.3000000119
67578  -46.069  -13.504  -4.676 0.3000000119
60570  -37.492  -20.634  0.466 0.4000000060
63669  -38.734  -16.968  3.578 0.3000000119
67539  -43.364  -13.623  -0.773 0.3000000119
68535  -45.690  -12.711  -4.225 0.3000000119
121993  -48.439  -12.456  -6.209 0.3000000119
67497  -41.971  -13.025  1.610 0.3000000119
65624  -37.845  -15.781  2.503 0.3000000119
65625  -38.272  -15.268  3.040 0.3000000119
67464  -40.083  -13.897  3.079 0.3000000119
69493  -42.556  -11.762  -0.144 0.3000000119
65658  -37.566  -15.475  1.676 0.3000000119
133845  -40.250  -12.333  2.472 0.3000000119
69482  -41.595  -11.077  1.030 0.3000000119
133349  -42.408  -10.947  -0.439 0.3000000119
120587  -37.461  -15.177  0.950 0.3000000119
70524  -43.950  -10.495  -3.456 0.3000000119
71467  -45.095  -9.615  -4.304 0.3000000119
71478  -47.042  -9.985  -4.841 0.3000000119
124530  -47.414  -9.127  -5.123 0.3000000119
72458  -48.499  -8.448  -5.713 0.3000000119
72468  -49.710  -8.360  -6.447 0.3000000119
69444  -38.939  -11.873  2.364 0.3000000119
69463  -40.975  -11.105  1.608 0.3000000119
70439  -40.463  -10.475  1.516 0.3000000119
116473  -37.608  -15.061  -0.740 0.3000000119
65719  -37.760  -15.173  -1.446 0.3000000119
118930  -46.980  -8.144  -5.119 0.3000000119
116134  -37.551  -13.777  -0.750 0.3000000119
20316  -45.132  -62.026  3.011 0.4000000060
35759  -38.431  -44.846  -4.248 0.8000000119
121519  -43.193  -33.014  -1.099 0.4000000060
131631  -36.865  -24.545  -1.760 0.5000000000
125248  -43.486  -32.029  1.069 0.4000000060
48814  -43.420  -32.512  0.412 0.4000000060
50879  -43.051  -30.279  -7.134 0.3000000119
51755  -42.763  -29.926  -5.221 0.4000000060
130599  -44.476  -29.559  -7.220 0.3000000119
51744  -42.665  -29.736  -3.338 0.4000000060
52722  -44.834  -28.377  -6.379 0.3000000119
51756  -42.993  -29.061  -4.847 0.4000000060
134890  -43.282  -28.571  -5.506 0.3000000119
49763  -43.486  -31.470  1.598 0.3000000119
51745  -42.923  -28.998  -3.826 0.4000000060
52713  -43.256  -28.229  -4.534 0.4000000060
55794  -44.579  -25.613  -4.733 0.3000000119
122622  -46.853  -25.356  -4.592 0.3000000119
136058  -44.521  -26.312  -5.077 0.3000000119
53771  -43.411  -27.510  -3.763 0.4000000060
56750  -46.896  -24.426  -4.221 0.3000000119
56749  -46.060  -24.880  -4.450 0.3000000119
56748  -45.183  -24.338  -4.512 0.3000000119
48909  -34.589  -32.504  -4.446 0.5000000000
57710  -47.494  -23.561  -3.928 0.3000000119
56747  -44.725  -24.809  -4.466 0.3000000119
116854  -33.144  -31.990  -4.323 0.5000000000
123721  -33.674  -30.008  -4.670 0.5000000000
119589  -33.998  -31.799  -4.482 0.5000000000
122350  -34.126  -30.896  -4.597 0.5000000000
49849  -35.334  -31.321  -4.300 0.5000000000
129552  -49.150  -22.809  -4.271 0.3000000119
57709  -46.459  -23.340  -3.971 0.3000000119
50872  -35.523  -30.481  -4.318 0.5000000000
138527  -36.082  -29.679  -3.897 0.5000000000
52719  -35.630  -28.832  -5.144 0.5000000000
52720  -36.084  -28.194  -5.271 0.5000000000
52711  -36.018  -28.981  -4.791 0.5000000000
52712  -36.325  -28.330  -4.353 0.4000000060
116919  -35.601  -28.296  -5.422 0.5000000000
52718  -35.089  -28.722  -5.318 0.5000000000
133431  -36.498  -27.545  -4.070 0.5000000000
53792  -36.167  -27.350  -5.648 0.4000000060
54781  -36.539  -26.852  -4.344 0.5000000000
54801  -35.968  -26.927  -6.085 0.4000000060
132023  -36.203  -26.885  -5.898 0.4000000060
125963  -36.539  -26.154  -3.573 0.5000000000
55792  -36.506  -26.015  -4.670 0.4000000060
55816  -36.190  -25.650  -6.205 0.4000000060
123232  -36.482  -25.170  -5.047 0.5000000000
55806  -36.414  -25.878  -5.635 0.4000000060
56741  -36.599  -24.541  -3.342 0.4000000060
123322  -36.540  -25.279  -3.957 0.4000000060
126236  -36.382  -25.170  -5.862 0.3000000119
56746  -36.546  -24.398  -4.390 0.4000000060
57690  -36.915  -23.745  -2.081 0.4000000060
56761  -36.465  -24.289  -5.589 0.3000000119
57707  -36.641  -23.488  -4.798 0.3000000119
57698  -36.909  -23.053  -2.967 0.3000000119
57699  -37.188  -22.791  -2.028 0.3000000119
57702  -36.669  -23.695  -3.724 0.3000000119
58670  -36.865  -22.621  -5.156 0.3000000119
58663  -36.873  -22.830  -4.088 0.3000000119
131685  -37.344  -22.471  -1.342 0.3000000119
58664  -37.168  -22.154  -3.460 0.3000000119
58658  -37.207  -22.276  -2.607 0.3000000119
115988  -37.316  -21.960  -1.874 0.3000000119
59651  -37.154  -22.006  -4.538 0.3000000119
59646  -37.382  -21.399  -2.752 0.3000000119
50870  -33.009  -30.687  -4.520 0.5000000000
48933  -43.057  -32.271  -7.442 0.3000000119
139908  -42.524  -31.144  -3.380 0.4000000060
126804  -32.600  -29.909  -4.587 0.4000000060
51753  -34.276  -29.218  -4.935 0.4000000060
53790  -35.149  -28.000  -5.572 0.5000000000
54812  -35.977  -26.137  -6.361 0.5000000000
49758  -43.482  -31.557  2.544 0.4000000060
138182  -43.397  -31.374  0.916 0.4000000060
51743  -36.265  -29.611  -3.239 0.5000000000
47844  -43.489  -33.272  0.509 0.4000000060
117021  -43.483  -32.341  2.652 0.3000000119
48871  -42.682  -32.265  -2.458 0.4000000060
51736  -42.781  -29.034  -2.891 0.4000000060
48908  -33.770  -32.406  -4.328 0.5000000000
122024  -34.793  -31.584  -4.547 0.5000000000
49850  -35.963  -30.181  -3.770 0.5000000000
53770  -36.466  -27.901  -3.381 0.5000000000
123464  -36.547  -27.045  -3.263 0.5000000000
56734  -36.703  -24.568  -2.447 0.4000000060
57691  -37.250  -23.212  -1.304 0.3000000119
50883  -43.448  -30.808  -7.610 0.3000000119
50878  -42.666  -30.556  -6.279 0.4000000060
51763  -43.395  -29.524  -6.906 0.3000000119
119705  -42.761  -29.628  -4.211 0.4000000060
125813  -42.513  -31.447  -4.188 0.4000000060
50873  -42.546  -30.946  -5.149 0.4000000060
120822  -43.101  -29.193  -5.920 0.3000000119
134090  -42.556  -31.884  -3.361 0.4000000060
52721  -43.659  -27.967  -5.709 0.3000000119
52724  -43.794  -28.703  -6.516 0.3000000119
53780  -43.601  -27.353  -4.919 0.4000000060
55795  -45.347  -25.412  -4.757 0.3000000119
57711  -48.502  -23.709  -4.201 0.3000000119
48907  -32.324  -32.248  -4.046 0.5000000000
120469  -33.332  -31.369  -4.459 0.5000000000
119667  -34.678  -30.057  -4.807 0.5000000000
50871  -35.037  -30.745  -4.666 0.5000000000
128692  -35.323  -29.960  -4.723 0.5000000000
51754  -35.820  -29.693  -4.388 0.5000000000
52703  -36.378  -28.721  -3.360 0.5000000000
51761  -35.159  -29.394  -5.042 0.5000000000
53779  -36.413  -27.547  -4.943 0.4000000060
127931  -36.723  -23.918  -2.895 0.3000000119
35753  -37.172  -45.199  -2.659 0.6999999881
35765  -38.458  -45.338  -4.312 0.6999999881
35764  -38.227  -44.862  -4.392 0.6999999881
34867  -38.191  -45.282  -4.390 0.6999999881
36698  -37.768  -43.823  -4.203 0.6999999881
36692  -37.366  -44.371  -3.619 0.6999999881
36699  -38.090  -44.162  -4.314 0.6999999881
126919  -37.957  -44.609  -4.385 0.6999999881
36697  -37.301  -43.594  -3.732 0.6999999881
120486  -43.550  -36.222  -0.457 0.3000000119
44572  -43.528  -36.435  -1.305 0.3000000119
45625  -43.480  -35.362  -1.053 0.3000000119
46773  -43.378  -34.800  -1.893 0.3000000119
125300  -43.226  -33.874  -1.692 0.3000000119
37686  -38.144  -43.459  -4.081 0.6999999881
37685  -37.925  -43.287  -4.121 0.6999999881
45615  -43.518  -35.380  -0.076 0.3000000119
126472  -43.402  -33.808  -0.740 0.3000000119
47883  -42.918  -33.698  -2.635 0.3000000119
46809  -42.795  -34.424  -3.542 0.3000000119
115515  -42.461  -34.121  -4.691 0.3000000119
38648  -37.659  -42.520  -3.903 0.6000000238
37684  -37.525  -43.093  -3.941 0.6999999881
46737  -43.507  -34.625  0.398 0.3000000119
46752  -43.471  -34.571  -0.412 0.3000000119
47882  -42.730  -33.061  -2.759 0.3000000119
47902  -42.641  -33.540  -3.540 0.3000000119
116431  -42.459  -33.238  -4.573 0.3000000119
48872  -42.889  -33.034  -1.986 0.3000000119
49851  -42.422  -31.883  -5.268 0.3000000119
47832  -43.526  -33.904  0.960 0.3000000119
117791  -42.484  -32.341  -4.367 0.3000000119
48800  -43.533  -32.944  1.264 0.3000000119
33117  -40.748  -48.493  -4.567 0.6999999881
131934  -39.802  -47.548  -4.530 0.6999999881
34853  -37.231  -46.689  -1.823 0.6999999881
33116  -39.385  -46.847  -4.362 0.6999999881
125431  -39.104  -47.368  -4.422 0.6999999881
34871  -38.469  -45.772  -4.321 0.6999999881
35754  -37.712  -45.241  -3.972 0.6999999881
34872  -38.809  -45.993  -4.267 0.6999999881
125265  -36.711  -44.609  -2.355 0.6999999881
116498  -43.493  -36.784  -2.155 0.3000000119
45640  -43.471  -35.803  -2.207 0.3000000119
122364  -43.197  -35.088  -2.907 0.3000000119
47916  -42.202  -33.875  -5.926 0.3000000119
48911  -42.305  -32.879  -5.746 0.3000000119
48920  -42.335  -32.892  -6.791 0.3000000119
117477  -42.365  -32.256  -6.256 0.3000000119
43577  -43.546  -37.407  -1.487 0.3000000119
46789  -43.143  -34.348  -2.507 0.3000000119
25594  -43.613  -55.743  5.040 0.4000000060
27365  -42.987  -54.473  4.721 0.4000000060
26523  -43.594  -55.037  4.522 0.4000000060
137646  -44.556  -56.028  4.364 0.4000000060
27364  -42.382  -54.581  5.225 0.4000000060
27414  -43.698  -54.501  1.625 0.4000000060
27389  -44.095  -55.054  3.511 0.4000000060
27388  -43.401  -54.363  3.928 0.4000000060
26510  -44.181  -55.635  4.387 0.4000000060
28297  -43.216  -53.677  2.292 0.5000000000
28270  -42.867  -53.931  4.277 0.4000000060
28269  -42.348  -53.422  4.299 0.4000000060
27401  -44.179  -55.014  2.231 0.4000000060
28314  -43.317  -53.901  1.127 0.5000000000
28282  -42.928  -53.598  3.473 0.5000000000
28280  -41.625  -52.956  4.398 0.5000000000
28296  -42.839  -53.100  1.766 0.5000000000
29268  -42.393  -52.396  2.178 0.5000000000
29255  -41.327  -52.329  3.799 0.5000000000
29254  -40.551  -52.103  3.797 0.5000000000
29253  -39.789  -52.145  3.679 0.5000000000
29267  -41.814  -52.139  2.889 0.5000000000
29284  -42.580  -52.441  1.341 0.6000000238
133290  -41.304  -51.488  2.455 0.5000000000
30238  -40.987  -51.691  3.188 0.5000000000
30236  -39.733  -51.267  2.405 0.6000000238
30225  -40.203  -51.604  3.169 0.5000000000
30270  -39.180  -51.075  0.323 0.5000000000
29295  -42.805  -52.595  0.365 0.6000000238
30257  -41.965  -51.671  1.855 0.6000000238
29306  -42.664  -51.835  -0.170 0.6000000238
31260  -41.136  -50.931  1.717 0.5000000000
30256  -40.125  -50.790  1.726 0.6000000238
31259  -39.748  -50.667  0.803 0.6000000238
30280  -39.239  -51.234  -0.776 0.5000000000
29319  -38.139  -52.167  -2.169 0.5000000000
30295  -38.416  -52.112  -2.059 0.5000000000
133677  -38.758  -51.916  -1.471 0.5000000000
30305  -38.593  -51.608  -2.286 0.5000000000
123011  -34.576  -48.453  -0.825 0.4000000060
30271  -41.984  -51.140  0.310 0.6000000238
33098  -35.746  -47.846  -0.583 0.5000000000
30281  -42.217  -51.097  -0.843 0.6000000238
118029  -41.759  -51.194  1.140 0.5000000000
119833  -35.854  -48.829  -0.576 0.5000000000
122889  -41.337  -50.621  -0.231 0.6000000238
31272  -40.354  -50.510  0.100 0.6000000238
33099  -36.848  -48.302  -0.926 0.5000000000
31281  -39.837  -50.717  -1.121 0.6000000238
31271  -39.627  -50.742  -0.068 0.5000000000
31295  -36.965  -51.131  -1.431 0.5000000000
30296  -39.088  -51.517  -2.050 0.5000000000
33976  -34.749  -47.396  -0.891 0.5000000000
32215  -33.887  -49.410  -1.092 0.4000000060
33977  -35.733  -46.945  -0.781 0.5000000000
33978  -36.657  -47.290  -0.968 0.5000000000
30297  -41.900  -50.900  -1.802 0.6000000238
132553  -40.647  -50.511  -0.836 0.6000000238
31297  -39.749  -50.921  -2.438 0.6000000238
31296  -37.851  -51.111  -2.099 0.5000000000
30304  -38.256  -51.680  -2.276 0.5000000000
31305  -38.722  -51.066  -2.587 0.5000000000
129512  -38.279  -50.239  -2.399 0.5000000000
133693  -34.098  -46.931  -1.240 0.4000000060
34850  -34.865  -46.577  -1.006 0.5000000000
34851  -35.833  -46.047  -1.078 0.5000000000
34852  -36.868  -45.934  -1.718 0.5000000000
31309  -41.269  -50.783  -3.448 0.6000000238
33979  -37.460  -47.556  -1.846 0.5000000000
31308  -40.680  -50.562  -3.673 0.6000000238
31307  -39.924  -50.681  -3.321 0.6000000238
30306  -39.191  -51.111  -2.687 0.5000000000
32228  -37.887  -49.291  -2.059 0.5000000000
34861  -37.546  -45.995  -2.906 0.6000000238
33986  -37.818  -46.885  -3.041 0.5000000000
31315  -41.419  -50.495  -4.396 0.6000000238
31298  -40.483  -50.775  -2.926 0.6000000238
120204  -38.086  -47.806  -2.899 0.5000000000
33100  -37.674  -48.432  -1.890 0.5000000000
31314  -40.572  -50.229  -4.164 0.6000000238
33106  -38.213  -48.624  -2.694 0.5000000000
135096  -39.371  -50.687  -3.122 0.5000000000
32229  -38.589  -49.330  -3.006 0.5000000000
35744  -36.351  -45.253  -1.631 0.4000000060
33975  -33.610  -47.645  -1.285 0.4000000060
33992  -38.124  -46.083  -4.084 0.6000000238
32234  -39.955  -49.027  -4.479 0.6000000238
33112  -39.527  -48.245  -4.431 0.6000000238
33107  -38.732  -48.246  -3.776 0.5000000000
121686  -34.871  -45.906  -1.148 0.5000000000
36681  -35.877  -44.479  -1.595 0.4000000060
35743  -35.375  -45.304  -1.290 0.4000000060
33993  -38.390  -47.127  -4.002 0.6000000238
128640  -36.659  -49.182  -0.856 0.5000000000
129223  -37.266  -49.050  -1.313 0.5000000000
132390  -37.214  -50.044  -1.337 0.5000000000
25611  -44.790  -55.831  3.715 0.4000000060
119610  -41.490  -48.841  -4.750 0.6000000238
32240  -40.969  -49.009  -4.766 0.6000000238
32239  -40.503  -48.828  -4.660 0.6000000238
32235  -40.523  -49.477  -4.523 0.6000000238
33997  -38.723  -46.468  -4.339 0.6000000238
28281  -42.147  -52.826  3.658 0.5000000000
29266  -39.437  -51.857  2.963 0.5000000000
136554  -40.507  -50.589  1.080 0.6000000238
127857  -36.507  -46.573  -1.145 0.5000000000
31283  -41.341  -50.613  -1.274 0.6000000238
31282  -40.527  -50.640  -1.835 0.6000000238
31299  -41.253  -50.730  -2.339 0.6000000238
31306  -39.026  -50.183  -3.213 0.5000000000
31313  -39.787  -50.013  -3.883 0.6000000238
32233  -39.273  -49.213  -3.856 0.6000000238
36673  -49.467  -44.699  -0.591 0.3000000119
35735  -49.777  -45.513  -0.587 0.3000000119
36683  -49.738  -44.404  -1.330 0.3000000119
37659  -49.198  -43.921  -0.761 0.3000000119
36694  -50.062  -44.190  -2.126 0.3000000119
37671  -49.500  -43.648  -1.558 0.3000000119
38645  -49.465  -42.609  -2.639 0.3000000119
37658  -48.494  -43.484  -0.350 0.3000000119
37670  -48.907  -43.177  -1.047 0.3000000119
38634  -49.244  -42.880  -1.796 0.3000000119
39700  -49.157  -41.738  -2.815 0.3000000119
39686  -48.221  -41.628  -1.584 0.3000000119
38644  -48.937  -42.085  -2.033 0.3000000119
40739  -45.141  -41.390  -5.792 0.3000000119
40738  -44.289  -41.439  -6.369 0.3000000119
40746  -44.074  -41.146  -7.105 0.3000000119
40729  -43.912  -41.190  -5.483 0.3000000119
42632  -42.732  -39.499  -6.474 0.3000000119
40737  -43.515  -40.963  -6.774 0.3000000119
128244  -43.342  -39.581  -4.860 0.3000000119
29242  -41.200  -53.254  4.883 0.4000000060
131868  -49.984  -45.090  -1.135 0.3000000119
37682  -50.330  -44.052  -3.034 0.3000000119
28266  -40.050  -53.148  4.646 0.4000000060
37687  -49.994  -43.221  -3.305 0.3000000119
38650  -49.682  -42.249  -3.580 0.3000000119
39698  -47.758  -40.942  -1.985 0.3000000119
40723  -47.381  -40.469  -2.629 0.3000000119
134118  -45.605  -40.846  -4.480 0.3000000119
40740  -46.140  -40.616  -5.403 0.3000000119
41744  -46.583  -40.375  -6.947 0.3000000119
40748  -45.793  -40.916  -6.772 0.3000000119
41753  -44.592  -40.624  -7.283 0.3000000119
42642  -42.930  -39.795  -7.034 0.3000000119
37681  -49.756  -43.422  -2.395 0.3000000119
39705  -49.270  -41.363  -3.494 0.3000000119
24709  -33.799  -56.978  0.759 0.4000000060
25651  -33.517  -56.549  -0.157 0.3000000119
26559  -33.415  -55.586  -0.045 0.3000000119
118295  -37.510  -53.375  -2.042 0.4000000060
28337  -37.899  -53.350  -1.735 0.4000000060
28346  -37.488  -53.964  -2.005 0.4000000060
28327  -37.839  -53.868  -0.178 0.4000000060
30293  -36.717  -51.938  -1.579 0.4000000060
30294  -37.616  -51.870  -2.042 0.4000000060
29315  -37.462  -52.651  -2.041 0.4000000060
29316  -38.003  -52.751  -2.025 0.4000000060
29305  -38.401  -52.597  -1.389 0.4000000060
29294  -38.441  -52.482  -0.053 0.4000000060
30269  -38.765  -51.717  0.666 0.4000000060
132610  -38.134  -53.192  0.418 0.4000000060
123752  -33.263  -50.234  -1.366 0.3000000119
30279  -38.799  -51.781  -0.413 0.4000000060
120392  -38.455  -52.454  1.012 0.4000000060
27449  -37.392  -54.489  -1.528 0.4000000060
28328  -38.138  -53.277  -0.741 0.4000000060
20335  -46.284  -62.632  2.254 0.3000000119
20334  -45.324  -62.475  2.328 0.3000000119
21180  -44.752  -61.574  3.552 0.3000000119
122969  -45.078  -60.240  4.559 0.3000000119
22907  -44.602  -59.763  4.838 0.3000000119
23759  -42.554  -58.452  5.420 0.3000000119
22888  -42.131  -59.148  5.102 0.3000000119
23758  -41.706  -58.372  5.262 0.3000000119
24651  -42.169  -57.606  5.517 0.3000000119
25576  -41.658  -56.875  5.538 0.3000000119
23757  -41.295  -57.606  5.341 0.3000000119
127947  -42.890  -56.046  5.470 0.3000000119
25577  -42.437  -56.810  5.581 0.3000000119
26498  -43.000  -55.154  5.209 0.3000000119
26496  -41.425  -55.422  5.527 0.3000000119
22908  -45.498  -59.534  4.772 0.3000000119
137139  -41.898  -54.088  5.239 0.3000000119
26497  -42.228  -55.306  5.470 0.3000000119
22018  -44.400  -60.519  4.468 0.3000000119
18600  -51.356  -64.694  4.958 0.3000000119
18641  -50.220  -65.153  3.212 0.3000000119
19425  -51.834  -64.409  5.146 0.3000000119
19427  -52.980  -63.538  5.150 0.3000000119
19462  -48.788  -63.489  1.727 0.4000000060
21152  -54.111  -62.316  5.084 0.3000000119
21153  -54.455  -61.786  4.650 0.3000000119
21161  -45.125  -60.984  4.189 0.3000000119
22007  -54.101  -61.784  5.409 0.3000000119
22020  -47.293  -60.224  4.441 0.4000000060
22026  -54.281  -61.579  3.962 0.3000000119
22038  -54.499  -61.013  3.548 0.3000000119
22051  -54.691  -60.559  3.153 0.3000000119
22895  -54.815  -60.793  4.808 0.3000000119
22911  -48.861  -59.755  4.456 0.4000000060
22917  -55.050  -60.532  4.145 0.3000000119
23827  -54.610  -59.038  1.638 0.3000000119
24689  -47.275  -57.237  3.767 0.4000000060
24713  -46.849  -57.592  -0.262 0.3000000119
24727  -47.334  -57.571  -0.701 0.3000000119
24738  -48.500  -57.263  -1.187 0.3000000119
24739  -50.047  -57.334  -1.536 0.3000000119
26580  -48.378  -56.977  -1.338 0.3000000119
27363  -41.651  -54.654  5.419 0.3000000119
27380  -42.415  -53.974  4.837 0.4000000060
27400  -43.622  -54.332  2.869 0.4000000060
27441  -44.056  -55.223  -1.317 0.6000000238
27442  -44.603  -55.335  -1.417 0.6000000238
28268  -41.799  -53.548  4.907 0.5000000000
28279  -39.464  -52.859  4.074 0.5000000000
28300  -47.733  -53.177  2.190 0.3000000119
28313  -43.024  -53.260  0.778 0.6000000238
28336  -37.805  -53.932  -1.245 0.4000000060
28338  -43.452  -54.030  -0.902 0.6999999881
28352  -44.939  -53.568  -2.920 0.6000000238
29240  -40.122  -52.516  4.209 0.5000000000
29241  -40.793  -52.721  4.479 0.5000000000
29323  -45.757  -52.337  -4.637 0.6999999881
30237  -40.601  -51.243  2.479 0.5000000000
30241  -46.915  -51.710  2.635 0.4000000060
30243  -48.818  -51.668  2.199 0.4000000060
30255  -39.258  -51.164  1.413 0.6000000238
30261  -50.524  -51.560  1.309 0.3000000119
30272  -42.345  -51.751  0.863 0.6000000238
30310  -44.960  -52.365  -4.309 0.6999999881
30318  -43.161  -50.798  -5.285 0.6999999881
30320  -45.585  -51.747  -5.066 0.6999999881
31248  -45.968  -50.714  2.581 0.4000000060
31273  -41.238  -50.690  0.755 0.6000000238
31317  -45.464  -50.755  -4.790 0.6999999881
31318  -46.205  -51.119  -4.334 0.6999999881
31319  -41.334  -49.665  -4.805 0.6000000238
31321  -42.776  -50.247  -5.329 0.6999999881
32227  -30.873  -49.099  -1.326 0.5000000000
32238  -43.868  -49.935  -5.143 0.6999999881
33052  -46.269  -48.404  2.422 0.4000000060
33054  -47.649  -48.873  2.160 0.4000000060
33062  -41.749  -48.318  1.186 0.6999999881
33089  -45.214  -48.237  -0.549 0.5000000000
33113  -40.182  -48.252  -4.633 0.6000000238
33932  -40.436  -46.971  2.025 0.6000000238
33950  -49.259  -47.856  0.763 0.4000000060
34813  -42.714  -46.819  1.915 0.6000000238
34816  -46.966  -46.969  2.142 0.4000000060
34821  -39.906  -46.971  1.482 0.6000000238
34826  -47.628  -46.566  1.643 0.4000000060
34833  -44.734  -46.442  -0.708 0.5000000000
34854  -39.423  -46.664  -1.721 0.6999999881
35692  -41.729  -45.038  3.221 0.5000000000
35698  -40.052  -45.824  2.666 0.6000000238
35699  -40.622  -45.695  3.003 0.5000000000
35722  -39.150  -45.925  0.967 0.6000000238
35724  -45.076  -46.076  -1.034 0.5000000000
35727  -48.283  -45.659  0.948 0.4000000060
35742  -34.252  -45.406  -1.452 0.5000000000
36648  -39.068  -44.970  2.031 0.6000000238
36650  -45.485  -44.827  0.176 0.4000000060
36663  -46.295  -44.078  0.621 0.4000000060
36666  -49.196  -45.150  0.019 0.3000000119
36693  -38.425  -44.110  -3.832 0.8000000119
37613  -41.041  -43.724  3.829 0.5000000000
37657  -47.739  -43.098  0.006 0.4000000060
38581  -42.209  -43.121  3.541 0.5000000000
38603  -38.472  -42.585  1.336 0.6000000238
38623  -48.213  -42.724  -0.598 0.4000000060
38628  -34.806  -42.507  -1.487 0.6999999881
38633  -48.594  -42.417  -1.309 0.3000000119
39623  -41.442  -41.408  4.246 0.5000000000
39636  -39.958  -41.842  4.072 0.5000000000
39647  -38.819  -41.807  3.053 0.6000000238
39681  -43.927  -42.015  -1.845 0.4000000060
39693  -36.314  -41.006  -2.915 0.6999999881
40675  -38.516  -40.705  2.648 0.6000000238
40711  -45.807  -40.990  -2.342 0.4000000060
40747  -45.006  -41.310  -7.052 0.3000000119
41743  -43.373  -40.342  -5.879 0.3000000119
41751  -42.907  -40.350  -7.007 0.3000000119
41752  -43.466  -40.551  -7.120 0.3000000119
42560  -38.883  -38.851  3.972 0.5000000000
43515  -41.274  -37.460  5.063 0.5000000000
43516  -42.031  -37.168  4.652 0.5000000000
43546  -43.341  -37.486  2.449 0.5000000000
43573  -32.569  -37.445  -1.437 0.5000000000
44487  -40.803  -36.319  5.313 0.5000000000
44488  -41.480  -36.696  5.124 0.5000000000
44506  -39.587  -36.513  4.938 0.6000000238
44507  -40.210  -36.786  5.180 0.5000000000
44509  -42.565  -36.268  4.307 0.5000000000
45581  -37.660  -34.979  1.790 0.6999999881
45662  -35.533  -35.441  -4.264 0.6999999881
45663  -35.937  -35.657  -4.165 0.6999999881
46684  -41.238  -34.453  5.444 0.5000000000
46685  -41.754  -34.047  5.338 0.5000000000
46697  -42.272  -34.176  5.101 0.4000000060
46726  -38.024  -33.955  2.996 0.6000000238
46765  -43.428  -34.467  -1.144 0.3000000119
47796  -39.260  -33.796  5.001 0.5000000000
47898  -33.049  -33.294  -3.751 0.6000000238
47928  -42.203  -33.601  -6.668 0.3000000119
48768  -39.967  -32.826  5.457 0.5000000000
48776  -42.709  -32.986  4.797 0.5000000000
48789  -37.565  -32.239  2.213 0.6000000238
48856  -42.682  -31.506  -1.774 0.5000000000
48892  -42.589  -32.725  -3.447 0.3000000119
48934  -43.514  -32.185  -7.422 0.3000000119
49743  -39.084  -31.648  5.139 0.5000000000
49788  -42.961  -31.324  -0.641 0.5000000000
49865  -43.477  -31.560  -7.549 0.3000000119
50775  -42.736  -30.840  4.841 0.5000000000
50776  -43.161  -30.670  4.194 0.5000000000
50782  -37.727  -30.374  3.051 0.6000000238
50788  -37.483  -30.265  2.163 0.6000000238
50795  -43.409  -30.272  1.579 0.4000000060
50810  -43.201  -30.898  0.410 0.5000000000
50826  -36.773  -29.880  0.033 0.6000000238
50828  -42.943  -30.767  -0.360 0.5000000000
50851  -42.547  -30.529  -2.925 0.4000000060
50860  -42.591  -30.477  -4.011 0.4000000060
50882  -42.796  -31.219  -7.191 0.3000000119
50885  -44.289  -30.923  -7.760 0.3000000119
51641  -41.396  -29.320  5.454 0.5000000000
51661  -38.139  -29.269  3.919 0.6999999881
51699  -37.097  -29.561  0.793 0.6000000238
51762  -42.939  -29.826  -6.358 0.3000000119
51766  -43.903  -30.219  -7.554 0.3000000119
52588  -39.184  -28.793  5.300 0.5000000000
52603  -42.893  -28.607  4.479 0.4000000060
52604  -43.295  -28.604  3.750 0.4000000060
52675  -42.734  -28.602  -0.850 0.5000000000
52688  -42.651  -28.938  -1.491 0.5000000000
52697  -42.691  -28.971  -2.107 0.5000000000
52704  -43.086  -28.322  -3.326 0.4000000060
53654  -42.074  -27.805  5.237 0.4000000060
53668  -38.563  -27.941  4.541 0.6000000238
53691  -43.399  -27.222  2.871 0.4000000060
53711  -37.549  -27.617  2.160 0.6000000238
53746  -36.856  -27.291  -0.610 0.6000000238
53747  -42.952  -27.772  -0.295 0.4000000060
53757  -36.546  -27.674  -1.945 0.6000000238
53765  -36.508  -27.558  -2.672 0.6000000238
53791  -35.798  -27.683  -5.683 0.5000000000
54675  -39.727  -26.478  5.342 0.6000000238
54676  -40.549  -26.157  5.426 0.6000000238
54688  -39.082  -26.766  5.022 0.6000000238
54690  -43.021  -26.506  4.095 0.4000000060
54746  -37.462  -26.146  1.160 0.6000000238
54769  -36.765  -26.251  -1.408 0.6000000238
54788  -36.399  -26.738  -5.403 0.4000000060
54789  -44.067  -26.717  -5.185 0.3000000119
54813  -36.219  -26.410  -6.056 0.5000000000
55664  -41.971  -25.843  5.073 0.5000000000
55718  -43.389  -25.158  2.399 0.4000000060
55777  -36.579  -25.423  -2.802 0.4000000060
55793  -43.997  -25.965  -4.629 0.4000000060
55815  -35.929  -25.336  -6.446 0.5000000000
56670  -42.973  -24.302  3.496 0.5000000000
56708  -43.522  -24.524  0.019 0.4000000060
56716  -43.591  -24.453  -0.693 0.4000000060
56724  -36.744  -25.195  -1.918 0.5000000000
56726  -43.698  -24.399  -1.440 0.4000000060
56742  -43.943  -24.994  -3.240 0.5000000000
56743  -44.346  -24.488  -3.864 0.4000000060
57615  -39.944  -24.233  5.260 0.6000000238
57631  -41.430  -23.676  4.924 0.6000000238
57632  -42.138  -23.574  4.449 0.5000000000
57663  -43.588  -22.805  1.368 0.4000000060
57675  -37.429  -23.290  0.669 0.5000000000
57676  -43.639  -23.316  0.742 0.4000000060
57708  -45.136  -23.488  -4.285 0.4000000060
57727  -35.069  -23.581  -6.611 0.5000000000
58596  -37.888  -22.212  3.280 0.4000000060
58633  -43.776  -22.589  0.752 0.4000000060
58653  -44.400  -22.383  -1.196 0.4000000060
58666  -44.933  -22.642  -3.736 0.3000000119
58672  -47.254  -21.830  -3.838 0.3000000119
59567  -38.717  -21.524  4.304 0.4000000060
59568  -39.355  -21.165  4.491 0.4000000060
59569  -40.068  -21.344  4.595 0.4000000060
59583  -42.507  -22.110  3.807 0.5000000000
59590  -42.586  -20.967  3.302 0.4000000060
59591  -43.028  -21.088  2.588 0.4000000060
59603  -37.521  -21.690  1.807 0.4000000060
60538  -38.159  -20.882  3.756 0.3000000119
60561  -43.635  -20.463  1.291 0.4000000060
60581  -44.733  -20.109  -0.945 0.3000000119
60596  -37.576  -19.970  -0.959 0.4000000060
60608  -45.140  -21.098  -2.283 0.3000000119
61517  -39.497  -19.118  4.366 0.3000000119
61547  -42.055  -19.257  3.422 0.4000000060
61557  -37.504  -19.384  2.061 0.3000000119
61598  -44.497  -19.330  -0.574 0.4000000060
61641  -46.779  -19.042  -4.105 0.3000000119
62571  -40.689  -18.487  4.156 0.3000000119
62608  -37.891  -18.791  3.182 0.3000000119
62639  -42.524  -18.931  2.749 0.3000000119
62640  -43.025  -18.786  2.020 0.3000000119
62663  -43.436  -18.619  1.277 0.4000000060
62679  -43.747  -18.438  0.550 0.3000000119
63646  -39.520  -17.942  4.107 0.3000000119
63694  -37.699  -17.217  2.290 0.3000000119
63696  -41.789  -16.901  3.071 0.3000000119
63791  -44.465  -17.265  -1.389 0.3000000119
63792  -44.874  -17.736  -2.077 0.3000000119
63804  -44.683  -17.014  -2.030 0.3000000119
63805  -45.016  -17.092  -2.698 0.3000000119
63815  -45.530  -17.143  -3.552 0.3000000119
64677  -38.354  -16.167  3.206 0.3000000119
64678  -39.204  -16.192  3.610 0.3000000119
64679  -40.152  -16.334  3.664 0.3000000119
64700  -37.871  -16.515  2.608 0.3000000119
64728  -43.116  -16.393  1.206 0.3000000119
64755  -43.469  -16.370  0.434 0.3000000119
64775  -43.741  -16.345  -0.295 0.3000000119
64776  -44.062  -16.212  -1.046 0.3000000119
65604  -39.387  -15.422  3.494 0.3000000119
65606  -40.937  -15.913  3.367 0.3000000119
65626  -41.602  -15.633  2.904 0.3000000119
65627  -42.278  -15.474  2.182 0.3000000119
65659  -42.785  -15.768  1.493 0.3000000119
65687  -43.436  -15.152  -0.004 0.3000000119
66533  -38.868  -14.883  3.325 0.3000000119
66614  -37.467  -14.516  0.623 0.3000000119
67474  -39.334  -13.244  2.906 0.3000000119
67495  -37.511  -12.977  0.674 0.3000000119
67496  -38.023  -13.144  2.120 0.3000000119
67550  -37.692  -13.847  -1.591 0.3000000119
67551  -43.617  -13.473  -1.469 0.3000000119
67579  -46.634  -13.554  -5.225 0.3000000119
67588  -46.982  -13.787  -5.490 0.3000000119
68424  -40.891  -12.707  2.377 0.3000000119
68445  -41.502  -12.485  1.863 0.3000000119
68446  -42.055  -12.471  1.186 0.3000000119
68496  -43.920  -13.308  -2.120 0.3000000119
68547  -47.415  -12.699  -5.689 0.3000000119
68548  -47.978  -12.563  -6.052 0.3000000119
69445  -39.815  -11.757  2.344 0.3000000119
69494  -42.931  -12.105  -0.895 0.3000000119
69554  -46.603  -11.585  -4.768 0.3000000119
69567  -48.327  -11.801  -6.110 0.3000000119
71387  -40.018  -9.783  1.341 0.3000000119
72457  -47.822  -8.349  -5.416 0.3000000119
115526  -43.537  -32.233  1.904 0.5000000000
115830  -44.958  -56.431  4.358 0.4000000060
115985  -37.113  -33.357  0.204 0.6000000238
116021  -43.580  -37.705  -0.785 0.4000000060
117164  -36.565  -30.637  -0.979 0.6000000238
117892  -46.036  -52.380  -3.260 0.6999999881
117969  -46.935  -14.316  -5.365 0.3000000119
118843  -48.080  -60.038  4.473 0.4000000060
119158  -36.194  -29.192  -4.066 0.5000000000
120378  -43.499  -37.300  1.697 0.4000000060
120489  -43.312  -27.949  1.478 0.4000000060
121144  -42.575  -52.920  2.753 0.5000000000
121423  -44.286  -21.511  -0.109 0.3000000119
121564  -43.505  -36.054  1.898 0.4000000060
122605  -40.181  -13.001  2.722 0.3000000119
122641  -43.515  -26.212  -2.509 0.5000000000
123387  -43.473  -25.081  1.072 0.4000000060
123527  -44.884  -51.510  -5.207 0.6999999881
125815  -43.483  -24.945  0.408 0.4000000060
125946  -44.275  -13.253  -2.642 0.3000000119
126044  -50.048  -65.104  2.278 0.4000000060
126052  -45.777  -23.883  -4.293 0.3000000119
126156  -53.705  -62.221  5.559 0.3000000119
126221  -41.191  -33.870  5.520 0.5000000000
126269  -45.788  -14.190  -4.420 0.3000000119
126353  -41.977  -56.096  5.620 0.3000000119
127159  -41.328  -26.221  5.352 0.5000000000
127262  -41.442  -20.936  4.335 0.4000000060
127280  -42.458  -30.129  5.154 0.5000000000
128230  -43.476  -33.878  0.090 0.3000000119
128372  -38.553  -43.883  1.023 0.6000000238
128513  -44.736  -13.330  -3.247 0.3000000119
128774  -46.446  -21.513  -4.000 0.3000000119
128981  -42.479  -31.475  -6.233 0.3000000119
129370  -37.455  -23.208  1.280 0.5000000000
129793  -47.126  -58.142  4.444 0.4000000060
129939  -36.449  -31.823  -1.637 0.6000000238
130494  -47.054  -62.803  2.116 0.4000000060
130750  -50.623  -53.777  1.419 0.3000000119
130779  -45.330  -10.383  -4.175 0.3000000119
130840  -32.212  -34.199  -3.062 0.5000000000
130911  -37.597  -20.616  -4.460 0.3000000119
131565  -43.606  -50.477  -5.433 0.6999999881
131647  -40.712  -29.302  5.512 0.5000000000
131917  -38.229  -36.877  3.091 0.5000000000
131947  -50.986  -64.570  4.254 0.4000000060
131962  -43.463  -33.496  2.916 0.4000000060
132374  -35.601  -29.371  -4.847 0.5000000000
132453  -44.184  -13.646  -2.366 0.3000000119
132465  -37.459  -35.173  0.446 0.6000000238
133002  -37.681  -25.696  2.934 0.6000000238
133014  -41.306  -18.162  3.720 0.3000000119
133115  -45.058  -22.107  -3.402 0.3000000119
133126  -39.325  -25.290  5.071 0.6000000238
133137  -45.303  -48.725  2.056 0.4000000060
133281  -45.558  -54.327  -0.541 0.5000000000
133647  -44.974  -10.659  -3.932 0.3000000119
134150  -36.638  -30.649  -0.524 0.6000000238
134195  -43.645  -11.438  -2.615 0.3000000119
134319  -37.538  -20.355  -1.542 0.4000000060
134561  -43.996  -17.552  -0.264 0.3000000119
134663  -37.501  -20.196  0.992 0.4000000060
135200  -38.403  -17.578  3.455 0.3000000119
135347  -46.804  -59.590  4.589 0.4000000060
135847  -46.166  -59.773  4.622 0.4000000060
136678  -49.837  -57.408  3.048 0.3000000119
136707  -43.520  -37.385  -2.225 0.3000000119
136848  -42.693  -57.284  5.560 0.3000000119
136872  -34.808  -26.940  -5.806 0.4000000060
137457  -43.596  -39.893  -3.124 0.4000000060
137540  -37.121  -31.450  0.974 0.6000000238
137570  -43.225  -35.623  3.442 0.5000000000
137875  -44.169  -50.669  -5.480 0.6999999881
138097  -44.552  -56.235  -0.361 0.4000000060
138112  -37.942  -23.471  3.409 0.5000000000
138253  -37.290  -36.019  -1.111 0.6999999881
138342  -49.464  -45.844  -0.023 0.3000000119
138497  -41.211  -24.912  5.294 0.6000000238
138505  -37.629  -19.284  2.742 0.3000000119
138518  -43.258  -12.283  -1.467 0.3000000119
138541  -39.577  -38.957  4.459 0.5000000000
138684  -42.846  -12.522  -0.338 0.3000000119
138742  -43.273  -26.535  -0.799 0.4000000060
138859  -36.825  -25.656  -1.462 0.6000000238
138891  -44.334  -18.813  -0.377 0.3000000119
138978  -34.275  -33.592  -4.173 0.6000000238
139153  -44.269  -16.759  -1.185 0.3000000119
139224  -37.572  -23.737  2.430 0.5000000000
139725  -39.844  -47.298  -4.461 0.8000000119
