#!ascii label  , from subject sub-v2s10x28955_ses-1 vox2ras=TkReg
339
130724  -28.471  -13.958  -4.583 0.0000000000
69603  -26.088  -11.390  -8.533 0.0000000000
81428  -23.676  0.638  -7.451 0.0000000000
78579  -26.343  -2.552  -8.656 0.0000000000
74557  -28.734  -6.021  -7.086 0.0000000000
71462  -30.838  -9.427  -4.144 0.0000000000
83130  -22.770  2.015  -6.634 0.0000000000
132850  -27.844  -4.113  -8.035 0.0000000000
74586  -25.935  -6.881  -8.868 0.0000000000
121982  -27.379  -13.125  -6.737 0.0000000000
71475  -28.839  -10.278  -6.152 0.0000000000
69548  -29.750  -11.672  -4.656 0.0000000000
63799  -24.649  -18.079  -2.182 0.0000000000
65763  -26.311  -15.205  -5.502 0.0000000000
87884  -24.450  7.368  -8.592 0.0000000000
85866  -24.523  5.744  -8.730 0.0000000000
83981  -24.975  3.723  -9.229 0.0000000000
83151  -25.642  2.545  -9.484 0.0000000000
139078  -26.654  1.329  -9.470 0.0000000000
79540  -25.520  -1.324  -8.593 0.0000000000
81447  -27.916  0.648  -8.157 0.0000000000
79512  -28.704  -1.131  -7.043 0.0000000000
78513  -29.957  -3.014  -5.659 0.0000000000
122497  -30.680  -4.987  -4.921 0.0000000000
72476  -27.594  -8.357  -7.757 0.0000000000
73462  -29.687  -7.468  -5.905 0.0000000000
75574  -24.926  -5.765  -8.961 0.0000000000
119051  -24.490  -7.221  -9.500 0.0000000000
66681  -28.018  -13.906  -5.294 0.0000000000
68529  -28.848  -12.628  -5.234 0.0000000000
67575  -29.042  -13.280  -4.655 0.0000000000
59596  -24.872  -21.495  1.824 0.0000000000
61564  -24.819  -20.113  1.275 0.0000000000
131949  -24.619  -19.319  0.142 0.0000000000
115788  -25.632  -14.413  -6.797 0.0000000000
65761  -24.862  -15.847  -6.050 0.0000000000
84870  -24.635  4.638  -8.689 0.0000000000
82295  -23.178  1.277  -7.032 0.0000000000
83132  -24.648  1.877  -7.388 0.0000000000
136770  -25.090  1.554  -7.795 0.0000000000
83152  -26.006  2.396  -9.801 0.0000000000
82315  -25.977  0.958  -8.944 0.0000000000
79556  -25.913  -2.045  -8.660 0.0000000000
80510  -27.137  -0.426  -9.083 0.0000000000
79558  -27.092  -1.267  -8.816 0.0000000000
81429  -28.339  0.195  -7.390 0.0000000000
79541  -27.532  -1.712  -8.421 0.0000000000
76500  -28.321  -4.447  -7.586 0.0000000000
121691  -28.848  -3.175  -6.950 0.0000000000
76491  -29.278  -4.538  -6.539 0.0000000000
77484  -30.248  -3.660  -5.425 0.0000000000
75506  -29.724  -5.000  -5.986 0.0000000000
70586  -25.170  -10.743  -9.068 0.0000000000
122091  -26.356  -9.341  -8.639 0.0000000000
71516  -26.578  -10.167  -8.504 0.0000000000
70549  -29.870  -9.881  -5.064 0.0000000000
72464  -29.285  -8.778  -5.995 0.0000000000
72432  -30.411  -8.271  -4.939 0.0000000000
73444  -30.718  -7.412  -4.754 0.0000000000
72416  -31.521  -8.168  -3.754 0.0000000000
63786  -25.391  -17.407  -1.495 0.0000000000
63810  -24.576  -17.756  -3.109 0.0000000000
64799  -25.663  -16.520  -2.777 0.0000000000
64813  -26.108  -15.831  -3.192 0.0000000000
125846  -24.830  -4.290  -8.709 0.0000000000
133327  -27.070  -3.440  -8.516 0.0000000000
76526  -26.260  -4.468  -8.715 0.0000000000
75552  -27.169  -5.291  -8.305 0.0000000000
74572  -27.380  -6.080  -8.142 0.0000000000
119783  -27.202  -12.076  -7.584 0.0000000000
70571  -27.817  -10.684  -7.325 0.0000000000
69575  -28.292  -11.719  -6.449 0.0000000000
69561  -29.336  -11.338  -5.310 0.0000000000
70536  -29.863  -10.792  -4.848 0.0000000000
62692  -25.202  -18.169  -0.231 0.0000000000
130801  -25.698  -12.377  -8.108 0.0000000000
67596  -26.655  -13.376  -7.063 0.0000000000
66693  -27.107  -13.830  -6.382 0.0000000000
66669  -26.984  -14.732  -5.119 0.0000000000
88837  -24.117  8.924  -9.964 0.0000000000
86844  -23.922  6.582  -7.086 0.0000000000
122690  -24.456  6.609  -9.346 0.0000000000
85890  -24.176  5.180  -11.080 0.0000000000
85902  -24.421  4.424  -11.258 0.0000000000
84000  -25.188  4.078  -10.856 0.0000000000
83973  -24.628  3.329  -7.524 0.0000000000
83986  -25.429  3.204  -9.760 0.0000000000
83993  -25.482  3.846  -10.543 0.0000000000
83994  -26.048  3.446  -10.273 0.0000000000
83987  -26.585  3.467  -9.650 0.0000000000
129540  -27.421  3.033  -8.603 0.0000000000
80498  -23.873  -0.730  -8.122 0.0000000000
81453  -26.093  0.178  -8.971 0.0000000000
82310  -27.607  1.465  -8.498 0.0000000000
122778  -28.354  2.443  -7.222 0.0000000000
82298  -28.728  1.700  -6.721 0.0000000000
80482  -29.932  -0.265  -5.498 0.0000000000
78546  -28.434  -2.647  -7.493 0.0000000000
129591  -29.429  -2.066  -6.157 0.0000000000
72499  -25.207  -8.640  -9.285 0.0000000000
73507  -26.439  -7.717  -8.661 0.0000000000
126060  -28.385  -6.800  -7.343 0.0000000000
135854  -28.329  -9.365  -6.900 0.0000000000
134977  -28.223  -8.193  -7.256 0.0000000000
74541  -29.335  -6.326  -6.478 0.0000000000
138026  -30.238  -6.126  -5.499 0.0000000000
74503  -31.412  -5.897  -4.226 0.0000000000
65751  -25.831  -15.819  -5.049 0.0000000000
65739  -26.667  -15.333  -3.718 0.0000000000
65740  -27.429  -14.931  -3.450 0.0000000000
67585  -28.403  -13.329  -5.330 0.0000000000
67565  -29.200  -13.801  -4.012 0.0000000000
66657  -28.673  -14.318  -3.745 0.0000000000
59597  -25.729  -21.543  2.303 0.0000000000
117482  -24.332  -20.913  1.009 0.0000000000
60554  -24.941  -20.724  1.671 0.0000000000
82296  -23.992  1.331  -7.223 0.0000000000
82308  -24.718  0.977  -7.610 0.0000000000
82309  -25.469  1.254  -8.240 0.0000000000
78578  -25.643  -2.946  -8.621 0.0000000000
79555  -25.150  -2.358  -8.565 0.0000000000
79557  -26.556  -1.697  -8.723 0.0000000000
78580  -26.966  -2.147  -8.657 0.0000000000
75533  -28.343  -5.310  -7.522 0.0000000000
76501  -28.784  -4.865  -7.071 0.0000000000
138886  -28.769  -5.410  -7.077 0.0000000000
134163  -29.219  -5.435  -6.616 0.0000000000
70587  -25.883  -10.721  -8.786 0.0000000000
69604  -26.618  -10.989  -8.353 0.0000000000
71460  -29.855  -8.986  -5.346 0.0000000000
71461  -30.395  -9.234  -4.692 0.0000000000
72433  -30.926  -8.704  -4.275 0.0000000000
71445  -31.425  -9.155  -3.613 0.0000000000
63800  -25.222  -17.272  -2.455 0.0000000000
76525  -24.905  -4.999  -8.842 0.0000000000
116341  -25.705  -4.244  -8.744 0.0000000000
74585  -25.035  -6.587  -9.110 0.0000000000
75575  -25.744  -5.871  -8.836 0.0000000000
122399  -26.608  -5.995  -8.565 0.0000000000
134730  -26.926  -6.845  -8.430 0.0000000000
68554  -27.491  -12.563  -7.028 0.0000000000
69574  -27.798  -12.140  -6.941 0.0000000000
68542  -29.246  -12.022  -5.071 0.0000000000
69560  -28.774  -11.911  -5.694 0.0000000000
69549  -30.385  -11.220  -4.227 0.0000000000
68531  -30.210  -12.142  -4.079 0.0000000000
119043  -24.143  -21.861  1.121 0.0000000000
58628  -23.981  -22.783  1.002 0.0000000000
117989  -24.651  -18.875  -0.595 0.0000000000
67610  -26.170  -12.891  -7.631 0.0000000000
65776  -26.024  -14.913  -6.260 0.0000000000
66692  -26.360  -14.118  -6.652 0.0000000000
66679  -26.745  -14.541  -5.958 0.0000000000
120109  -24.414  8.109  -8.709 0.0000000000
88838  -24.354  8.662  -9.262 0.0000000000
88850  -24.204  8.154  -10.051 0.0000000000
87896  -24.388  7.682  -9.377 0.0000000000
86845  -24.357  6.199  -7.763 0.0000000000
86873  -24.355  5.892  -10.269 0.0000000000
86865  -24.480  5.618  -9.658 0.0000000000
84876  -24.783  4.118  -9.867 0.0000000000
84885  -24.961  3.975  -10.759 0.0000000000
128048  -25.204  3.633  -10.123 0.0000000000
121240  -24.341  2.678  -6.978 0.0000000000
83143  -25.306  2.102  -8.347 0.0000000000
135052  -24.857  2.631  -7.746 0.0000000000
83158  -25.757  3.001  -10.004 0.0000000000
83992  -25.491  3.620  -10.291 0.0000000000
83159  -25.807  3.177  -10.135 0.0000000000
121261  -26.442  1.995  -9.553 0.0000000000
83153  -26.187  2.748  -9.936 0.0000000000
83154  -26.831  2.599  -9.323 0.0000000000
83988  -27.252  3.638  -8.861 0.0000000000
135137  -24.733  -1.709  -8.493 0.0000000000
79538  -23.895  -1.586  -8.411 0.0000000000
79539  -24.778  -0.786  -8.293 0.0000000000
132325  -25.598  -0.461  -8.593 0.0000000000
121146  -27.507  0.023  -8.755 0.0000000000
81455  -27.153  0.252  -9.267 0.0000000000
81446  -27.387  0.764  -9.050 0.0000000000
129377  -27.790  2.151  -7.894 0.0000000000
82297  -28.096  1.548  -7.599 0.0000000000
127208  -28.370  0.955  -7.283 0.0000000000
80488  -28.399  -0.556  -7.485 0.0000000000
81430  -28.858  0.753  -6.617 0.0000000000
81416  -28.741  -0.224  -6.747 0.0000000000
81417  -29.346  0.227  -6.025 0.0000000000
80481  -29.259  -0.734  -6.242 0.0000000000
77538  -27.623  -3.487  -8.214 0.0000000000
137526  -27.983  -2.898  -8.007 0.0000000000
78533  -29.447  -2.858  -6.234 0.0000000000
115584  -29.786  -1.351  -5.671 0.0000000000
79499  -29.927  -2.303  -5.611 0.0000000000
76454  -30.709  -4.180  -4.910 0.0000000000
76455  -31.293  -4.542  -4.389 0.0000000000
72498  -24.527  -8.573  -9.460 0.0000000000
72487  -26.821  -8.503  -8.361 0.0000000000
72486  -26.001  -8.585  -8.903 0.0000000000
73508  -27.260  -7.624  -8.117 0.0000000000
73496  -28.003  -7.553  -7.550 0.0000000000
71498  -27.837  -9.812  -7.394 0.0000000000
123623  -28.336  -10.080  -6.790 0.0000000000
72451  -29.762  -8.135  -5.619 0.0000000000
72463  -28.668  -8.590  -6.707 0.0000000000
73483  -29.270  -7.936  -6.272 0.0000000000
73482  -28.702  -7.559  -6.903 0.0000000000
123489  -29.341  -7.132  -6.405 0.0000000000
74520  -29.871  -6.726  -5.843 0.0000000000
73445  -31.340  -7.394  -4.149 0.0000000000
74502  -31.058  -6.662  -4.495 0.0000000000
132748  -31.789  -6.620  -3.684 0.0000000000
65726  -26.875  -15.366  -2.826 0.0000000000
64823  -26.002  -15.873  -4.142 0.0000000000
65727  -27.900  -15.086  -2.669 0.0000000000
130229  -25.121  -7.313  -9.222 0.0000000000
67584  -27.801  -13.529  -5.970 0.0000000000
68555  -28.132  -12.641  -6.208 0.0000000000
68530  -29.545  -12.579  -4.528 0.0000000000
67566  -29.589  -13.280  -4.146 0.0000000000
67567  -29.925  -13.686  -3.583 0.0000000000
58616  -25.346  -22.222  2.193 0.0000000000
61594  -24.215  -19.687  -0.515 0.0000000000
61576  -24.897  -19.419  0.865 0.0000000000
66705  -25.230  -13.975  -7.212 0.0000000000
66691  -24.557  -14.376  -6.963 0.0000000000
65775  -25.300  -15.177  -6.444 0.0000000000
65762  -25.586  -15.594  -5.830 0.0000000000
87878  -24.310  7.137  -7.717 0.0000000000
85855  -24.442  5.309  -7.788 0.0000000000
85878  -24.558  4.974  -9.473 0.0000000000
84860  -24.537  4.580  -7.726 0.0000000000
117432  -24.747  3.929  -8.125 0.0000000000
83131  -23.755  1.954  -6.811 0.0000000000
83144  -25.825  1.758  -9.210 0.0000000000
134630  -26.271  1.562  -9.401 0.0000000000
80508  -26.177  -0.611  -8.854 0.0000000000
119068  -26.189  -1.301  -8.750 0.0000000000
80500  -28.004  -0.297  -8.104 0.0000000000
79542  -28.155  -1.224  -7.933 0.0000000000
77539  -28.290  -3.542  -7.663 0.0000000000
77522  -28.793  -4.045  -7.047 0.0000000000
77483  -29.716  -3.479  -5.931 0.0000000000
76471  -29.726  -4.162  -5.947 0.0000000000
76472  -30.226  -4.572  -5.458 0.0000000000
121412  -30.236  -5.412  -5.473 0.0000000000
71515  -25.592  -9.341  -9.058 0.0000000000
138653  -25.940  -9.956  -8.855 0.0000000000
71497  -27.246  -9.375  -8.037 0.0000000000
71485  -28.808  -9.447  -6.366 0.0000000000
71476  -29.347  -9.642  -5.735 0.0000000000
73463  -30.187  -7.454  -5.404 0.0000000000
123152  -30.985  -7.993  -4.398 0.0000000000
73428  -31.864  -7.432  -3.542 0.0000000000
63811  -25.090  -17.121  -3.348 0.0000000000
64812  -25.517  -16.460  -3.695 0.0000000000
64800  -26.336  -15.952  -2.283 0.0000000000
119813  -25.434  -3.696  -8.652 0.0000000000
77559  -26.088  -3.390  -8.692 0.0000000000
77560  -26.730  -3.001  -8.632 0.0000000000
76527  -26.474  -3.793  -8.644 0.0000000000
137282  -27.080  -4.300  -8.429 0.0000000000
119912  -25.670  -5.039  -8.825 0.0000000000
75551  -26.420  -5.121  -8.669 0.0000000000
75553  -27.751  -5.511  -7.934 0.0000000000
74573  -28.084  -6.089  -7.685 0.0000000000
69588  -26.579  -11.701  -8.171 0.0000000000
69589  -27.240  -11.277  -7.835 0.0000000000
69590  -27.794  -11.506  -7.174 0.0000000000
70559  -28.332  -10.904  -6.645 0.0000000000
70547  -28.827  -11.109  -5.953 0.0000000000
70548  -29.375  -10.511  -5.524 0.0000000000
70537  -30.479  -10.172  -4.339 0.0000000000
70538  -31.041  -9.902  -3.771 0.0000000000
70518  -31.066  -10.778  -3.651 0.0000000000
123699  -24.574  -23.475  1.564 0.0000000000
62712  -24.370  -18.761  -1.621 0.0000000000
62713  -24.950  -18.110  -1.095 0.0000000000
63762  -25.593  -17.521  -0.522 0.0000000000
69587  -25.917  -11.878  -8.401 0.0000000000
68571  -26.413  -12.292  -7.953 0.0000000000
68572  -26.897  -12.735  -7.415 0.0000000000
67595  -25.913  -13.619  -7.214 0.0000000000
66680  -27.444  -14.189  -5.621 0.0000000000
66670  -27.710  -14.363  -4.832 0.0000000000
86839  -23.287  6.956  -6.596 0.0000000000
86854  -24.465  6.629  -8.419 0.0000000000
87905  -24.250  7.073  -10.257 0.0000000000
87904  -23.861  6.951  -11.064 0.0000000000
85891  -24.545  4.727  -10.422 0.0000000000
84894  -23.915  4.486  -12.273 0.0000000000
84895  -24.748  4.445  -11.508 0.0000000000
84908  -24.785  4.446  -11.661 0.0000000000
83972  -24.116  3.463  -6.771 0.0000000000
126964  -25.097  3.067  -8.621 0.0000000000
84896  -25.083  4.220  -11.210 0.0000000000
85892  -25.542  4.484  -10.887 0.0000000000
84877  -26.499  4.149  -9.846 0.0000000000
81443  -23.166  -0.264  -7.803 0.0000000000
81444  -24.285  -0.004  -7.852 0.0000000000
81445  -25.347  0.283  -8.242 0.0000000000
82316  -26.491  0.832  -9.319 0.0000000000
81454  -26.733  0.053  -9.248 0.0000000000
82317  -26.985  0.782  -9.487 0.0000000000
129087  -27.045  1.533  -9.293 0.0000000000
83145  -27.392  2.276  -8.631 0.0000000000
83146  -27.908  2.996  -7.866 0.0000000000
138245  -29.177  1.372  -6.365 0.0000000000
82284  -30.447  1.753  -5.727 0.0000000000
81418  -30.178  0.730  -5.514 0.0000000000
78563  -27.426  -2.685  -8.402 0.0000000000
78564  -28.012  -2.166  -7.974 0.0000000000
79522  -28.509  -1.857  -7.387 0.0000000000
78547  -28.915  -2.263  -6.796 0.0000000000
79513  -29.137  -1.546  -6.478 0.0000000000
77462  -30.822  -3.437  -4.795 0.0000000000
73520  -24.796  -7.939  -9.418 0.0000000000
73521  -25.589  -7.864  -9.111 0.0000000000
74556  -27.679  -6.820  -7.872 0.0000000000
70570  -27.268  -10.420  -7.985 0.0000000000
72477  -27.986  -8.940  -7.325 0.0000000000
74540  -28.917  -6.767  -6.845 0.0000000000
119664  -29.772  -5.846  -5.982 0.0000000000
75488  -30.715  -5.878  -4.887 0.0000000000
74521  -30.478  -6.715  -5.173 0.0000000000
139329  -31.135  -5.300  -4.492 0.0000000000
64832  -25.126  -16.222  -5.400 0.0000000000
65752  -26.508  -15.315  -4.628 0.0000000000
65753  -27.183  -14.823  -4.267 0.0000000000
66656  -27.944  -14.512  -4.038 0.0000000000
61565  -25.405  -19.571  1.470 0.0000000000
71525  -24.935  -9.318  -9.329 0.0000000000
76509  -27.760  -4.821  -7.991 0.0000000000
77507  -29.319  -3.707  -6.462 0.0000000000
80499  -27.560  -0.814  -8.567 0.0000000000
80509  -26.684  -0.854  -8.944 0.0000000000
83982  -27.755  3.625  -8.248 0.0000000000
121974  -25.431  -20.937  2.094 0.0000000000
134599  -25.065  -14.666  -6.847 0.0000000000
137648  -28.790  -1.701  -6.920 0.0000000000
