#!ascii label  , from subject sub-v2s10x28990_ses-1 vox2ras=TkReg
1543
4824  22.589  -76.672  7.471 0.6999999881
4286  22.208  -76.952  8.276 0.8000000119
4812  22.253  -76.156  8.630 0.8000000119
4276  20.957  -76.932  9.208 0.6999999881
4315  22.672  -77.753  6.633 0.6000000238
4299  22.419  -77.439  7.468 0.6000000238
4287  21.404  -77.409  8.654 0.6000000238
4323  22.943  -78.009  5.808 0.6000000238
5355  22.483  -75.367  8.480 0.8000000119
5341  22.011  -75.610  9.220 0.6999999881
5342  21.426  -75.441  9.750 0.6999999881
148547  20.452  -75.280  10.297 0.6999999881
4836  22.772  -76.864  6.741 0.6000000238
140036  22.566  -76.071  7.954 0.6999999881
4801  21.268  -76.127  9.499 0.6999999881
3824  22.984  -78.150  5.107 0.6000000238
3835  22.875  -78.635  4.622 0.6000000238
138387  22.767  -78.712  5.422 0.6000000238
135177  22.665  -80.772  4.379 0.6000000238
135477  22.585  -80.181  4.991 0.6000000238
6636  22.371  -73.824  8.753 0.8000000119
6627  21.635  -73.431  9.884 0.8000000119
6612  21.129  -73.443  10.384 0.6999999881
7312  20.570  -72.735  10.527 0.6999999881
142296  19.705  -72.928  10.726 0.6999999881
5967  22.581  -74.454  8.211 0.8000000119
5936  21.536  -74.119  10.134 0.6999999881
6613  20.258  -73.741  10.685 0.6999999881
5368  22.716  -75.144  7.620 0.6999999881
5952  22.360  -74.639  9.029 0.8000000119
5330  21.128  -74.923  10.268 0.6999999881
5378  22.844  -75.886  6.953 0.6999999881
4314  23.039  -77.149  5.942 0.6999999881
4332  23.050  -77.927  4.465 0.6000000238
141062  23.125  -77.466  5.148 0.6000000238
130249  22.671  -80.182  4.079 0.6000000238
3321  22.716  -79.381  4.797 0.6000000238
2815  22.851  -81.203  3.354 0.6000000238
2300  23.460  -82.066  4.721 0.6999999881
1864  25.863  -82.789  4.247 0.5000000000
149340  24.631  -82.619  4.569 0.6000000238
1499  26.507  -83.618  4.661 0.5000000000
7336  21.370  -72.292  9.183 0.8999999762
7324  21.296  -72.627  10.005 0.8000000119
7325  20.621  -71.883  10.253 0.6999999881
6648  22.462  -73.690  7.944 0.6999999881
134423  22.175  -73.276  8.423 0.8999999762
7313  20.005  -72.032  10.636 0.6999999881
6001  22.865  -74.836  6.722 0.8000000119
5983  22.689  -74.226  7.356 0.8000000119
5377  23.066  -75.356  6.088 0.8000000119
132859  23.336  -76.081  4.146 0.6999999881
4835  23.070  -76.246  6.068 0.6999999881
148393  23.243  -76.448  5.149 0.8000000119
4857  23.224  -77.074  4.331 0.8000000119
138377  22.899  -78.464  3.952 0.6999999881
3330  22.739  -79.307  3.814 0.6999999881
3338  22.642  -80.381  2.970 0.6000000238
2309  23.466  -81.845  3.562 0.6999999881
1865  24.759  -82.190  3.941 0.6999999881
136040  21.703  -72.687  8.395 0.8999999762
8026  20.985  -71.854  9.743 0.8000000119
8017  20.079  -71.257  10.349 0.6999999881
136359  22.362  -73.508  7.126 0.8000000119
6649  22.066  -73.076  7.715 0.8000000119
138298  22.611  -73.957  6.458 0.6999999881
5409  23.184  -75.154  3.837 0.6999999881
6031  22.904  -74.625  5.047 0.6000000238
5388  23.182  -75.696  5.508 0.8000000119
4341  22.982  -77.782  3.519 0.8000000119
3845  22.729  -78.780  3.140 0.6999999881
151313  22.590  -79.643  2.770 0.8000000119
3346  22.546  -80.582  1.583 0.8000000119
2324  24.204  -82.192  1.566 0.6999999881
2318  23.441  -81.963  2.246 0.6999999881
2819  22.894  -81.397  1.959 0.6999999881
2316  25.260  -82.243  2.480 0.6999999881
2317  24.174  -82.243  2.549 0.6999999881
13510  14.004  -63.879  4.386 0.6000000238
14482  14.383  -62.337  3.396 0.6000000238
139013  12.994  -62.509  3.515 0.6000000238
15428  12.778  -62.278  3.685 0.6999999881
7337  21.150  -72.019  8.283 0.8999999762
8027  20.503  -71.058  9.806 0.6999999881
6670  22.261  -73.798  5.517 0.6000000238
6045  22.453  -74.528  3.657 0.6000000238
6032  22.388  -74.162  4.662 0.6000000238
5408  23.198  -75.833  3.274 0.6999999881
4886  22.860  -76.747  1.816 0.6999999881
5422  22.955  -75.822  2.438 0.6999999881
10972  19.332  -68.220  7.555 0.6999999881
142385  18.584  -67.833  8.022 0.6999999881
4351  22.950  -77.266  2.623 0.8000000119
4866  23.199  -76.731  3.465 0.8000000119
10217  18.996  -67.644  5.995 0.6000000238
10991  18.417  -67.034  6.568 0.6000000238
132803  18.177  -67.254  7.406 0.6999999881
135813  22.681  -78.323  2.400 0.6999999881
11765  17.974  -66.446  6.087 0.5000000000
10992  17.727  -66.687  6.941 0.6999999881
3852  22.487  -80.195  0.819 0.8000000119
3345  22.483  -79.411  2.017 0.8000000119
11004  18.528  -67.083  5.450 0.5000000000
11780  18.110  -66.469  4.916 0.5000000000
2823  23.574  -81.812  0.833 0.6999999881
11792  18.144  -66.633  3.632 0.5000000000
11802  17.882  -65.932  2.960 0.6000000238
11793  17.652  -65.721  4.353 0.5000000000
154333  17.176  -64.978  4.484 0.6000000238
12612  16.548  -64.589  4.979 0.6999999881
13495  15.592  -64.261  5.186 0.6999999881
133396  17.362  -64.994  3.384 0.5000000000
13507  16.888  -64.444  4.152 0.6000000238
13508  16.250  -63.921  4.410 0.6000000238
14467  15.079  -62.942  4.057 0.6000000238
12623  17.689  -65.372  2.265 0.6000000238
14466  15.968  -63.009  3.646 0.6000000238
13523  17.437  -64.561  2.080 0.5000000000
13524  16.836  -63.860  3.191 0.5000000000
14481  15.246  -62.217  3.197 0.6000000238
139999  13.824  -62.017  3.337 0.6000000238
16367  13.391  -61.846  3.571 0.6999999881
14457  12.909  -62.779  5.063 0.6000000238
14458  12.203  -63.085  4.486 0.6999999881
149181  16.640  -62.964  2.596 0.6000000238
138962  17.062  -62.572  2.003 0.6000000238
15459  15.534  -61.426  2.685 0.6000000238
17269  14.720  -61.014  3.278 0.6999999881
16356  14.105  -61.450  4.357 0.5000000000
8039  20.924  -71.475  9.061 0.8999999762
141167  22.018  -73.324  6.314 0.6000000238
143705  20.520  -70.502  8.861 0.8000000119
8698  19.427  -70.814  10.231 0.6999999881
9436  20.121  -69.688  8.899 0.6999999881
139921  20.315  -69.858  8.325 0.8000000119
141116  22.873  -75.129  2.982 0.6999999881
134122  19.847  -68.841  7.010 0.8000000119
10200  19.201  -68.485  8.411 0.6000000238
10216  19.416  -68.252  6.509 0.6999999881
10233  19.305  -68.478  5.439 0.6000000238
3851  22.487  -79.117  1.144 0.8000000119
4358  22.479  -78.846  0.194 0.8000000119
3855  22.784  -80.270  -0.130 0.8000000119
132023  18.851  -67.901  4.830 0.5000000000
3349  22.745  -80.989  0.246 0.8000000119
11012  18.458  -67.299  4.230 0.5000000000
11036  18.593  -67.503  2.176 0.5000000000
11815  18.504  -66.622  1.782 0.6000000238
11801  18.218  -66.778  2.440 0.6000000238
152251  18.312  -65.750  1.677 0.6000000238
12637  18.338  -65.040  1.402 0.6000000238
14448  13.344  -63.234  6.115 0.5000000000
14501  17.655  -63.235  1.432 0.5000000000
15409  13.689  -62.593  5.720 0.5000000000
14449  12.604  -63.545  5.518 0.6000000238
16397  16.942  -60.954  2.256 0.6999999881
17283  16.402  -60.659  2.603 0.6999999881
16365  14.740  -60.928  3.705 0.6999999881
15472  18.112  -63.052  1.456 0.6000000238
16364  15.509  -60.657  3.800 0.6000000238
15456  18.126  -62.279  2.035 0.6999999881
16379  17.391  -60.835  2.480 0.6000000238
16362  17.197  -60.789  3.378 0.5000000000
7361  21.263  -72.734  6.381 0.6999999881
7348  20.848  -71.904  7.451 0.6999999881
8051  20.799  -71.280  8.083 0.6999999881
8735  20.522  -70.458  7.775 0.8000000119
8748  20.342  -70.383  6.741 0.6999999881
130851  19.750  -69.009  5.986 0.6999999881
9458  20.220  -69.550  7.543 0.6999999881
13454  14.100  -63.609  7.745 0.5000000000
11035  19.614  -67.290  2.173 0.5000000000
152752  18.850  -66.619  1.694 0.6000000238
13473  13.530  -64.263  7.106 0.5000000000
11813  20.035  -66.549  2.458 0.5000000000
11022  20.456  -67.157  2.862 0.5000000000
11831  18.748  -65.879  1.607 0.6000000238
13553  18.319  -64.422  1.285 0.6000000238
16355  15.109  -61.154  4.525 0.5000000000
11800  20.520  -66.426  3.360 0.5000000000
12635  19.709  -65.988  2.218 0.6000000238
14499  19.052  -63.744  2.244 0.6000000238
12622  19.699  -65.281  2.535 0.6000000238
7362  20.690  -72.164  6.595 0.6999999881
8063  20.563  -71.361  6.926 0.6999999881
14465  18.702  -62.681  3.856 0.5000000000
11011  21.269  -67.568  4.597 0.5000000000
15426  17.621  -61.473  4.102 0.5000000000
133405  20.405  -65.825  3.810 0.5000000000
134098  19.542  -64.478  2.938 0.5000000000
15438  18.263  -61.924  2.787 0.5000000000
14455  19.125  -63.589  4.593 0.5000000000
13494  18.923  -63.834  5.417 0.5000000000
11779  20.640  -66.172  5.253 0.5000000000
13493  19.518  -64.356  5.111 0.5000000000
11778  21.008  -66.798  4.904 0.5000000000
13505  19.861  -64.755  4.502 0.5000000000
13506  19.502  -64.145  4.385 0.5000000000
11790  20.888  -66.949  3.912 0.5000000000
13522  20.029  -65.138  3.642 0.5000000000
12597  20.206  -65.552  5.705 0.5000000000
11728  15.217  -66.838  8.844 0.6000000238
11741  13.937  -66.716  8.014 0.6000000238
12559  15.235  -65.265  8.805 0.5000000000
10950  15.602  -67.431  9.372 0.6999999881
10951  14.798  -67.723  8.957 0.6000000238
10963  14.025  -67.562  8.439 0.6000000238
9424  14.275  -69.280  9.710 0.6999999881
10933  16.148  -67.987  9.945 0.6000000238
10165  15.301  -68.250  9.582 0.6999999881
10166  14.565  -68.567  9.343 0.6999999881
10184  13.334  -68.273  8.406 0.6999999881
8699  14.208  -70.229  10.748 0.8000000119
141609  16.772  -68.138  10.622 0.5000000000
10932  16.788  -67.383  10.270 0.5000000000
10156  15.020  -69.012  9.889 0.8000000119
9413  15.481  -69.342  10.630 0.6000000238
8674  13.884  -71.095  12.033 0.6999999881
129179  17.843  -68.328  12.155 0.5000000000
10931  17.239  -66.785  10.657 0.5000000000
8686  14.406  -70.573  11.554 0.6999999881
8687  13.578  -70.821  11.152 0.6999999881
9403  14.977  -70.054  11.105 0.6999999881
10144  16.755  -68.815  11.164 0.6999999881
7988  13.333  -71.388  12.670 0.6999999881
8673  14.547  -70.851  12.320 0.6999999881
10143  17.283  -68.888  11.757 0.6000000238
9402  15.803  -69.842  11.471 0.8000000119
11696  9.920  -66.037  10.901 0.6999999881
11680  10.939  -66.684  12.111 0.8000000119
10873  18.345  -67.353  14.675 0.4000000060
7950  12.936  -71.581  14.280 0.6999999881
10115  18.346  -68.131  13.583 0.5000000000
7966  14.452  -71.323  13.955 0.6999999881
10131  17.987  -68.711  13.083 0.6000000238
9371  17.485  -69.413  13.413 0.6000000238
8685  15.288  -70.462  12.075 0.6999999881
9401  16.709  -69.548  11.860 0.8000000119
8672  15.983  -70.494  12.952 0.8000000119
18950  10.311  -58.711  12.719 0.5000000000
18961  10.191  -58.577  11.798 0.5000000000
18962  9.318  -59.253  11.402 0.5000000000
15384  8.486  -62.954  8.586 0.5000000000
15383  8.824  -63.020  9.697 0.6000000238
143310  8.963  -62.173  9.440 0.6000000238
15399  7.678  -62.455  6.433 0.6000000238
17235  6.680  -61.193  9.342 0.6000000238
14400  8.992  -64.226  9.758 0.6999999881
135269  8.396  -63.746  9.058 0.6999999881
150014  9.298  -65.321  10.179 0.6999999881
12548  8.819  -65.274  9.923 0.6999999881
9350  13.674  -69.786  15.684 0.6999999881
10878  12.888  -67.829  14.447 0.6999999881
10895  12.652  -67.243  13.456 0.8000000119
10874  17.901  -67.849  14.885 0.5000000000
7931  13.836  -71.039  15.278 0.6999999881
10116  17.956  -68.753  13.881 0.6000000238
8645  14.563  -70.897  14.817 0.8000000119
9372  16.888  -69.958  13.815 0.6999999881
8644  15.383  -70.485  14.544 0.8000000119
8655  15.709  -70.627  13.812 0.8000000119
18939  11.747  -57.439  13.543 0.5000000000
19867  11.031  -58.086  12.631 0.6000000238
19886  11.765  -56.907  11.549 0.5000000000
19887  10.996  -57.782  11.677 0.6000000238
18971  9.720  -58.740  10.751 0.6000000238
18104  9.131  -59.383  10.366 0.6000000238
147794  9.431  -58.846  9.855 0.6000000238
18105  8.503  -59.856  9.874 0.5000000000
142884  9.324  -61.523  9.092 0.5000000000
16332  8.256  -62.132  6.756 0.5000000000
135132  9.192  -62.289  10.430 0.6000000238
15410  7.572  -62.103  6.172 0.6000000238
15401  6.947  -62.500  6.906 0.6999999881
17220  7.959  -60.431  9.337 0.6000000238
147597  9.575  -63.173  11.269 0.6000000238
14381  9.661  -64.078  10.691 0.6999999881
13455  7.626  -64.231  8.723 0.6999999881
14419  7.750  -63.612  8.155 0.6999999881
14438  6.926  -63.047  7.141 0.8000000119
17244  6.809  -61.429  8.194 0.6999999881
14359  9.962  -63.713  11.570 0.6999999881
13419  10.003  -65.016  10.648 0.6999999881
13393  11.179  -65.475  11.932 0.6999999881
12519  10.971  -66.114  11.455 0.8000000119
11673  12.489  -66.872  13.106 0.8000000119
11679  11.502  -66.680  12.299 0.8000000119
10883  16.747  -68.144  15.168 0.5000000000
11656  14.854  -67.027  15.363 0.6000000238
10094  14.027  -68.921  15.291 0.8000000119
10887  13.382  -67.446  14.083 0.8000000119
9360  17.329  -69.290  14.174 0.6000000238
10884  15.968  -68.333  15.080 0.6999999881
9349  14.547  -69.662  15.367 0.8000000119
9361  16.571  -69.683  14.432 0.6999999881
9362  15.788  -70.013  14.780 0.6999999881
8643  16.182  -70.262  14.219 0.8000000119
134846  12.120  -56.475  14.009 0.4000000060
19878  11.833  -57.198  12.490 0.5000000000
19898  10.861  -57.464  10.530 0.4000000060
19899  9.899  -58.165  9.865 0.5000000000
18117  8.950  -59.284  9.303 0.5000000000
16316  9.387  -61.554  10.089 0.5000000000
17249  8.960  -60.339  6.536 0.6000000238
151153  8.005  -60.846  6.336 0.6000000238
18118  8.449  -59.830  8.748 0.6000000238
15353  9.660  -61.844  11.910 0.6000000238
17251  7.617  -61.009  6.476 0.6999999881
17243  7.356  -60.907  7.458 0.6999999881
15364  9.699  -62.746  11.958 0.6000000238
12504  11.493  -66.259  11.998 0.8000000119
11664  14.137  -66.892  14.717 0.6999999881
10107  14.929  -68.794  15.082 0.6999999881
10108  14.162  -67.910  14.597 0.8000000119
10894  13.168  -67.072  13.607 0.8000000119
131819  15.061  -68.184  14.897 0.6999999881
20886  12.452  -55.951  12.676 0.4000000060
21929  12.228  -55.846  13.317 0.4000000060
151652  11.333  -55.499  14.461 0.4000000060
19897  11.713  -56.464  10.625 0.5000000000
20901  12.363  -56.047  11.517 0.4000000060
137609  10.905  -55.281  15.115 0.5000000000
18979  9.269  -58.509  8.901 0.5000000000
19005  8.788  -58.219  7.279 0.5000000000
149071  8.446  -58.947  7.293 0.5000000000
19985  9.475  -57.395  7.191 0.5000000000
17242  7.869  -60.178  7.010 0.6999999881
14334  10.776  -64.244  12.721 0.6000000238
12489  12.364  -66.304  13.117 0.8000000119
11657  13.561  -66.077  15.128 0.6000000238
138950  13.037  -65.979  14.422 0.6000000238
13358  12.487  -65.141  14.670 0.6999999881
13377  11.992  -65.239  13.737 0.6999999881
10886  13.739  -67.295  14.251 0.6999999881
23022  9.142  -54.452  15.115 0.3000000119
21975  11.881  -54.862  10.667 0.4000000060
21957  12.196  -55.394  11.551 0.3000000119
21943  11.503  -55.078  12.802 0.4000000060
145117  11.416  -55.372  13.716 0.4000000060
143553  10.490  -55.056  14.117 0.4000000060
21921  9.797  -54.804  14.645 0.5000000000
20916  10.853  -56.708  9.525 0.4000000060
23032  8.580  -54.574  14.069 0.3000000119
135133  10.213  -57.444  9.321 0.4000000060
18141  9.191  -58.861  6.565 0.5000000000
19944  8.568  -56.845  8.049 0.4000000060
18131  9.518  -58.950  6.660 0.6000000238
20965  9.044  -55.509  8.155 0.4000000060
19020  9.657  -58.317  6.909 0.4000000060
19945  8.658  -56.575  8.097 0.5000000000
13378  11.379  -64.837  13.080 0.6999999881
136446  12.615  -65.890  13.822 0.6999999881
23021  10.343  -54.719  15.720 0.4000000060
21922  9.375  -54.708  13.719 0.4000000060
23034  7.190  -53.982  13.351 0.3000000119
151919  11.818  -55.152  10.135 0.3000000119
20966  8.947  -55.589  8.047 0.4000000060
20999  10.313  -57.007  7.134 0.4000000060
20984  9.633  -56.349  7.480 0.4000000060
149730  10.965  -54.078  11.578 0.3000000119
143885  10.433  -54.383  12.193 0.3000000119
21930  10.035  -54.707  13.047 0.4000000060
23060  8.398  -53.835  12.650 0.3000000119
23045  7.594  -54.030  13.104 0.3000000119
23077  11.598  -54.484  11.109 0.3000000119
22009  9.721  -54.655  8.481 0.3000000119
22027  8.767  -54.604  8.015 0.3000000119
22010  9.001  -54.575  7.999 0.3000000119
22042  10.604  -56.246  7.275 0.3000000119
146397  9.090  -53.822  12.161 0.3000000119
24115  8.264  -53.885  12.263 0.3000000119
23078  9.852  -53.820  11.899 0.3000000119
152322  9.502  -53.511  13.026 0.3000000119
23134  9.542  -53.668  8.326 0.3000000119
24220  9.783  -53.362  8.160 0.3000000119
23149  10.406  -54.213  7.611 0.3000000119
151367  7.999  -54.247  14.431 0.3000000119
24155  10.351  -53.178  11.568 0.3000000119
25178  10.323  -52.985  11.758 0.3000000119
25250  10.080  -52.652  8.608 0.3000000119
11781  17.510  -65.848  5.632 0.6000000238
12611  17.015  -65.237  5.300 0.6999999881
12589  15.843  -65.541  6.289 0.6999999881
12600  15.261  -65.028  5.825 0.6999999881
18990  8.812  -57.770  7.950 0.4000000060
18133  8.543  -59.469  6.647 0.6000000238
24116  7.563  -53.747  13.210 0.3000000119
4300  21.822  -77.872  8.087 0.6999999881
5331  19.770  -75.223  10.401 0.6999999881
131343  22.853  -81.319  4.365 0.6000000238
153249  22.608  -74.243  5.241 0.6000000238
8708  20.091  -70.212  9.536 0.6999999881
2824  22.915  -81.536  0.769 0.8000000119
15427  13.128  -61.791  3.929 0.6999999881
151940  15.547  -63.585  4.483 0.6000000238
13486  12.368  -64.408  5.879 0.6000000238
16395  17.788  -61.327  2.226 0.6999999881
136532  20.083  -69.351  8.318 0.8000000119
10246  18.637  -68.153  3.637 0.5000000000
11023  18.350  -67.517  3.009 0.6000000238
12654  18.732  -64.895  1.387 0.6000000238
8633  14.195  -70.445  15.402 0.8000000119
142529  22.381  -81.780  8.459 0.4000000060
2266  22.579  -80.828  8.614 0.4000000060
1844  24.813  -82.937  6.706 0.3000000119
1839  23.052  -82.362  7.816 0.4000000060
1840  22.363  -82.843  8.369 0.4000000060
142766  24.962  -79.882  6.511 0.4000000060
2785  24.413  -80.279  7.082 0.5000000000
2797  25.082  -80.819  6.421 0.3000000119
2274  24.388  -81.107  6.942 0.4000000060
2265  23.103  -81.303  7.931 0.4000000060
2289  25.167  -81.953  6.421 0.3000000119
2275  23.951  -81.894  7.251 0.3000000119
2796  25.734  -80.467  5.748 0.4000000060
3308  25.429  -79.375  5.900 0.4000000060
3320  26.097  -80.212  5.107 0.3000000119
133468  26.113  -81.514  5.660 0.3000000119
1851  26.685  -83.589  5.380 0.4000000060
2288  26.463  -82.591  5.578 0.3000000119
1498  26.843  -83.664  4.849 0.4000000060
1491  26.873  -83.719  4.945 0.4000000060
1492  26.386  -84.372  4.958 0.4000000060
3823  25.748  -79.177  5.237 0.4000000060
3329  26.030  -79.753  4.635 0.4000000060
3337  25.968  -80.199  3.714 0.4000000060
151454  25.306  -78.327  2.877 0.5000000000
2807  26.763  -81.349  5.006 0.4000000060
1858  27.152  -83.070  4.978 0.4000000060
2298  27.149  -82.683  4.784 0.5000000000
2314  26.841  -82.015  3.772 0.4000000060
1863  26.767  -83.054  4.555 0.4000000060
1860  24.022  -82.910  5.205 0.6000000238
1859  25.678  -83.787  4.711 0.4000000060
152497  24.926  -78.717  2.061 0.6000000238
3343  25.383  -80.382  2.555 0.6000000238
150800  25.004  -79.370  2.282 0.6000000238
2822  25.013  -81.657  1.645 0.6000000238
3344  24.558  -80.559  1.283 0.6999999881
2315  26.197  -82.087  3.085 0.5000000000
2323  25.297  -82.155  1.939 0.6000000238
2826  23.941  -81.582  0.718 0.6999999881
4357  24.543  -78.322  0.738 0.6999999881
3854  23.784  -79.579  -0.394 0.6999999881
145970  24.363  -79.390  0.967 0.6999999881
3857  22.850  -79.761  -0.899 0.6999999881
135590  22.663  -77.892  1.561 0.6999999881
3347  23.446  -80.856  0.103 0.6999999881
3350  23.063  -80.234  -0.422 0.6999999881
2827  23.106  -81.394  0.213 0.6999999881
4371  24.508  -78.741  -1.549 0.5000000000
4372  23.540  -78.900  -1.534 0.6000000238
3856  23.353  -79.641  -1.053 0.6999999881
3859  23.061  -79.378  -1.291 0.6000000238
4367  22.538  -78.961  -0.921 0.6999999881
154526  22.437  -78.237  -0.889 0.6999999881
152577  23.535  -80.156  -0.058 0.6999999881
4359  22.288  -78.027  -0.143 0.6999999881
144719  22.568  -77.619  0.913 0.6000000238
147860  22.776  -78.684  -1.264 0.6000000238
4910  23.241  -78.203  -1.471 0.6000000238
4911  22.481  -77.852  -1.023 0.6000000238
6046  21.487  -74.286  3.188 0.5000000000
5344  19.204  -75.726  10.048 0.6000000238
4803  19.560  -76.235  9.448 0.6000000238
4887  22.444  -77.000  0.711 0.6000000238
5433  22.621  -76.014  1.515 0.6000000238
5424  21.861  -75.385  1.422 0.5000000000
6055  22.216  -74.784  2.589 0.5000000000
5333  18.284  -75.007  10.381 0.6000000238
5938  19.562  -74.517  10.612 0.6000000238
5332  18.966  -75.134  10.445 0.6000000238
4900  22.156  -77.293  -0.496 0.6000000238
5434  21.842  -76.458  0.309 0.5000000000
5423  22.598  -75.344  2.220 0.5000000000
136272  17.598  -72.080  9.580 0.6000000238
7326  18.166  -72.189  10.134 0.6000000238
7315  18.273  -73.013  10.286 0.6000000238
5940  17.959  -74.475  10.282 0.6000000238
6615  18.440  -73.770  10.434 0.6000000238
8018  19.532  -71.541  10.489 0.6000000238
7314  19.058  -72.302  10.597 0.6000000238
8028  18.011  -71.426  9.892 0.6000000238
9423  18.204  -69.773  9.431 0.6000000238
144926  18.591  -70.863  10.087 0.6000000238
9422  18.952  -69.527  9.523 0.6000000238
8710  18.792  -70.235  9.860 0.6000000238
10180  18.492  -68.415  8.643 0.5000000000
8709  19.519  -70.149  9.782 0.6000000238
9437  19.682  -69.085  8.710 0.5000000000
7328  17.040  -73.156  8.907 0.6999999881
8030  17.117  -72.414  9.010 0.6000000238
8711  17.907  -70.613  9.602 0.6000000238
10181  17.615  -68.553  8.577 0.6000000238
150132  17.983  -67.921  8.355 0.6000000238
9475  15.082  -69.391  6.487 0.6000000238
8040  17.225  -70.664  9.066 0.6000000238
8721  17.526  -70.100  9.182 0.6000000238
10962  17.242  -67.727  8.074 0.5000000000
8736  16.368  -69.927  8.019 0.6000000238
10202  15.677  -68.263  7.306 0.6000000238
10218  15.230  -68.701  6.797 0.6000000238
10219  14.789  -68.711  6.229 0.6000000238
8041  16.742  -71.088  8.543 0.6000000238
10974  17.456  -67.117  7.530 0.6000000238
10182  16.717  -68.471  8.146 0.6000000238
10201  16.358  -67.906  7.728 0.5000000000
10976  15.850  -67.428  7.286 0.6000000238
10993  15.126  -67.877  6.708 0.5000000000
10994  14.744  -67.212  6.318 0.5000000000
12588  16.711  -65.565  6.134 0.6000000238
11750  16.084  -66.672  7.111 0.6000000238
145580  15.353  -66.914  6.755 0.6000000238
11769  14.772  -66.328  6.212 0.6000000238
147681  14.192  -66.197  5.593 0.6999999881
11782  13.762  -66.498  5.106 0.6999999881
11794  13.338  -66.204  4.370 0.6999999881
11025  13.263  -66.793  3.315 0.6999999881
12590  15.154  -65.667  6.198 0.6000000238
12613  13.893  -64.803  4.819 0.6999999881
11783  13.756  -65.694  5.078 0.6999999881
12614  13.154  -65.212  4.203 0.6999999881
11803  12.798  -65.874  3.396 0.6000000238
13509  14.850  -63.709  4.649 0.6000000238
6047  20.488  -74.046  2.870 0.5000000000
6033  21.641  -73.927  4.013 0.5000000000
6699  19.455  -73.701  2.606 0.5000000000
6689  20.892  -73.823  3.562 0.5000000000
6682  20.763  -73.461  4.245 0.6000000238
6707  18.375  -73.254  1.252 0.6000000238
6700  18.696  -73.339  2.246 0.6000000238
6690  20.047  -73.517  3.439 0.6000000238
6672  20.515  -72.996  4.832 0.6000000238
7374  20.493  -72.485  5.579 0.6000000238
6701  18.428  -72.809  2.347 0.5000000000
7399  19.265  -72.509  3.866 0.6000000238
7375  19.891  -72.103  5.217 0.6000000238
141331  18.386  -71.683  2.866 0.6000000238
8094  19.247  -71.365  4.376 0.5000000000
7387  19.431  -72.044  4.572 0.6000000238
8075  20.239  -71.846  5.888 0.6000000238
8095  18.768  -71.202  3.560 0.5000000000
8076  19.760  -71.483  5.205 0.6000000238
9491  19.413  -69.402  5.042 0.5000000000
9504  18.997  -69.853  3.914 0.5000000000
9474  20.065  -69.620  6.433 0.6000000238
8765  19.498  -70.499  4.956 0.6000000238
1866  26.234  -82.386  3.638 0.6000000238
139886  24.426  -82.042  1.203 0.6999999881
6681  21.587  -73.613  4.794 0.5000000000
11749  16.934  -66.575  7.136 0.6000000238
13496  14.655  -64.495  5.195 0.6999999881
6671  21.276  -73.184  5.480 0.6000000238
8064  20.234  -71.054  5.947 0.6000000238
155792  19.782  -69.773  5.630 0.6000000238
1845  23.909  -83.107  7.304 0.3000000119
2786  23.780  -80.772  7.511 0.4000000060
1852  25.876  -83.161  6.091 0.3000000119
2299  27.103  -82.277  4.968 0.4000000060
138691  25.811  -79.239  4.180 0.4000000060
2814  26.608  -81.117  4.276 0.3000000119
129741  25.530  -79.279  3.364 0.5000000000
2806  27.100  -82.105  4.534 0.5000000000
2818  26.056  -81.622  2.929 0.5000000000
2308  26.907  -82.445  4.299 0.5000000000
3858  23.728  -79.290  -1.352 0.6999999881
9439  17.551  -69.446  8.941 0.6000000238
11817  12.824  -66.535  2.554 0.6000000238
6691  19.029  -73.070  3.118 0.6000000238
8143  18.615  -72.095  1.632 0.5000000000
6683  19.856  -73.020  4.047 0.6000000238
7386  19.901  -72.494  4.687 0.6000000238
149127  18.329  -72.242  2.439 0.5000000000
7388  18.895  -71.924  3.740 0.6000000238
8129  18.362  -71.772  2.197 0.5000000000
150135  19.064  -70.712  4.052 0.5000000000
2700  24.458  -80.203  16.617 0.4000000060
2709  24.876  -80.500  15.992 0.4000000060
2181  24.572  -81.220  16.255 0.5000000000
1748  22.707  -82.010  18.251 0.5000000000
1394  21.919  -82.360  18.561 0.5000000000
1084  19.830  -83.966  18.512 0.5000000000
155217  23.073  -81.795  18.016 0.5000000000
2173  23.415  -81.500  17.747 0.5000000000
2708  25.437  -80.352  15.411 0.4000000060
2707  26.135  -79.744  15.020 0.4000000060
2718  25.960  -80.730  14.656 0.5000000000
2235  20.338  -81.449  11.459 0.3000000119
1822  20.510  -82.035  10.628 0.3000000119
2257  21.021  -81.859  9.796 0.3000000119
2162  22.865  -81.176  18.506 0.4000000060
2163  22.268  -81.565  19.091 0.5000000000
1738  21.239  -82.647  19.276 0.5000000000
2690  23.485  -80.430  18.082 0.4000000060
2689  24.038  -79.895  17.393 0.4000000060
2699  25.133  -79.565  16.266 0.3000000119
3213  25.192  -78.974  17.275 0.3000000119
2204  26.922  -81.315  13.213 0.4000000060
3221  26.887  -79.074  15.163 0.3000000119
2730  27.137  -80.214  13.669 0.4000000060
151957  26.434  -81.048  13.964 0.5000000000
2716  27.626  -79.440  14.301 0.3000000119
2757  20.455  -80.670  11.926 0.3000000119
2220  20.149  -81.249  12.514 0.3000000119
2245  20.753  -81.254  10.547 0.3000000119
2244  21.216  -81.051  9.935 0.3000000119
2267  21.661  -82.280  9.006 0.3000000119
137424  23.117  -80.459  18.953 0.3000000119
2677  23.563  -79.959  18.699 0.3000000119
140272  27.713  -79.045  15.031 0.3000000119
2216  27.550  -81.364  12.289 0.4000000060
2203  27.533  -80.521  13.058 0.4000000060
3242  28.365  -79.570  13.888 0.3000000119
3253  20.899  -79.275  12.795 0.4000000060
3268  20.647  -79.940  12.332 0.4000000060
3246  20.722  -79.892  13.307 0.4000000060
2721  20.921  -80.836  14.241 0.4000000060
135031  21.660  -80.795  14.457 0.4000000060
2194  22.139  -81.476  14.479 0.5000000000
137335  21.335  -79.650  10.764 0.3000000119
2770  20.638  -80.771  11.128 0.3000000119
2769  21.099  -80.463  10.497 0.3000000119
2256  21.778  -81.239  9.219 0.3000000119
2662  23.617  -80.059  19.395 0.3000000119
2753  29.111  -81.195  11.507 0.3000000119
2754  28.390  -81.217  11.707 0.3000000119
1820  27.691  -83.198  9.373 0.4000000060
1460  27.177  -83.852  9.756 0.4000000060
3230  28.378  -79.359  14.594 0.3000000119
2740  28.880  -80.466  12.407 0.3000000119
2728  28.633  -79.930  13.227 0.3000000119
2729  27.940  -79.834  13.427 0.3000000119
2234  24.698  -82.248  11.700 0.5000000000
2233  25.280  -82.648  10.710 0.5000000000
4262  22.116  -77.047  13.428 0.3000000119
155043  21.744  -77.609  13.112 0.3000000119
4263  21.611  -77.953  12.254 0.3000000119
155139  21.128  -78.862  13.056 0.3000000119
139434  21.226  -79.192  13.584 0.4000000060
2732  23.780  -80.352  13.873 0.5000000000
2205  23.855  -81.289  13.357 0.5000000000
3760  21.254  -78.718  12.460 0.3000000119
2733  21.047  -79.979  14.006 0.4000000060
2720  21.510  -80.101  14.314 0.4000000060
150538  22.033  -80.220  14.482 0.5000000000
2719  23.213  -80.795  14.081 0.5000000000
153927  21.608  -79.954  10.110 0.3000000119
2779  21.644  -80.511  9.731 0.3000000119
2778  22.195  -80.479  9.172 0.3000000119
2781  23.282  -80.346  8.179 0.4000000060
2229  29.328  -82.086  10.355 0.3000000119
1831  28.279  -83.040  8.828 0.4000000060
2705  29.011  -79.805  14.961 0.3000000119
3241  29.358  -80.292  12.990 0.3000000119
2739  29.571  -80.845  12.153 0.3000000119
1469  27.288  -83.370  9.295 0.4000000060
3229  29.100  -79.831  13.937 0.3000000119
1462  26.173  -83.688  9.994 0.4000000060
145625  26.381  -80.758  10.672 0.4000000060
2232  25.763  -81.534  10.686 0.5000000000
5307  22.837  -75.753  13.683 0.3000000119
2742  25.185  -80.617  12.256 0.5000000000
2218  25.175  -81.453  11.530 0.5000000000
4250  22.274  -77.308  14.072 0.3000000119
3252  25.102  -79.973  12.844 0.4000000060
4267  22.077  -76.992  12.352 0.3000000119
4251  21.836  -77.785  13.808 0.4000000060
3738  22.129  -78.740  14.383 0.4000000060
3244  24.486  -79.694  13.647 0.5000000000
2731  24.535  -80.562  13.069 0.5000000000
3772  21.480  -78.603  11.700 0.3000000119
3746  21.681  -78.533  14.030 0.4000000060
3234  21.599  -79.338  14.179 0.5000000000
3233  22.110  -79.551  14.439 0.5000000000
3281  22.010  -79.256  10.084 0.3000000119
3782  22.776  -78.736  9.639 0.4000000060
3287  23.184  -79.076  9.002 0.3000000119
3288  22.600  -79.368  9.408 0.4000000060
2782  22.769  -79.903  8.854 0.4000000060
138695  21.079  -81.268  6.862 0.5000000000
3298  23.903  -79.856  7.699 0.3000000119
2191  30.169  -82.265  14.588 0.3000000119
2727  30.227  -81.372  13.068 0.3000000119
1838  28.799  -82.982  8.650 0.3000000119
2715  29.895  -81.140  13.798 0.3000000119
2777  27.676  -81.952  8.910 0.3000000119
2768  27.070  -81.016  9.850 0.5000000000
3280  26.906  -80.188  10.666 0.4000000060
5897  23.302  -75.062  13.660 0.3000000119
3266  26.459  -79.976  11.337 0.5000000000
4777  22.540  -76.544  13.855 0.3000000119
3243  25.367  -79.211  13.097 0.4000000060
3251  25.833  -79.784  12.197 0.4000000060
150163  22.606  -77.621  14.368 0.4000000060
3737  22.715  -78.212  14.485 0.4000000060
3736  23.519  -78.314  14.489 0.4000000060
132233  24.726  -78.930  13.872 0.4000000060
150943  22.074  -77.484  11.498 0.3000000119
135443  22.509  -77.664  10.663 0.3000000119
137925  22.916  -79.036  14.520 0.4000000060
3245  23.583  -79.623  14.284 0.5000000000
3781  23.402  -78.327  9.186 0.4000000060
2799  21.337  -80.471  6.924 0.5000000000
3294  23.515  -79.461  8.360 0.4000000060
3293  24.109  -79.020  7.884 0.5000000000
2290  21.384  -81.989  6.510 0.5000000000
2202  30.612  -82.341  14.014 0.3000000119
5346  17.650  -75.230  10.102 0.5000000000
3265  27.128  -79.539  11.092 0.3000000119
3279  27.516  -80.062  10.358 0.3000000119
5345  18.333  -75.615  10.160 0.5000000000
5347  16.831  -75.418  9.539 0.6000000238
5911  23.638  -73.888  12.878 0.3000000119
129889  23.016  -74.803  12.167 0.3000000119
4759  23.117  -76.296  14.257 0.3000000119
4758  23.934  -76.172  14.423 0.3000000119
3759  26.122  -78.934  12.529 0.4000000060
3250  26.655  -79.213  11.816 0.4000000060
4277  20.016  -76.865  8.956 0.5000000000
5969  15.947  -74.917  8.056 0.5000000000
4236  23.233  -77.644  14.497 0.3000000119
4235  24.017  -77.677  14.474 0.3000000119
3744  24.391  -78.345  14.299 0.3000000119
147793  25.930  -77.812  13.433 0.3000000119
4288  20.599  -77.652  8.749 0.5000000000
4796  22.609  -76.833  11.072 0.3000000119
3801  21.479  -78.660  7.883 0.5000000000
4275  23.573  -77.585  9.370 0.3000000119
3299  21.172  -79.519  7.584 0.5000000000
4274  23.989  -77.283  8.905 0.4000000060
3787  24.256  -78.242  8.077 0.5000000000
2798  22.146  -80.353  5.892 0.5000000000
146338  24.565  -77.883  7.658 0.4000000060
2809  21.759  -81.107  6.119 0.6000000238
150754  25.407  -76.349  5.454 0.3000000119
132702  25.339  -77.086  5.819 0.4000000060
3812  25.073  -78.547  6.473 0.4000000060
3297  24.495  -79.436  7.230 0.3000000119
2302  22.132  -81.666  5.749 0.6000000238
138933  25.567  -75.974  4.840 0.3000000119
4847  25.563  -76.976  5.056 0.5000000000
4322  25.542  -77.941  5.360 0.4000000060
138568  25.444  -78.572  5.738 0.4000000060
1862  22.129  -82.680  6.190 0.6000000238
5395  25.834  -75.433  4.161 0.3000000119
4331  25.647  -77.694  4.539 0.4000000060
3834  25.771  -78.686  4.801 0.4000000060
4856  25.620  -76.539  4.132 0.4000000060
4340  25.558  -77.436  3.568 0.5000000000
5954  17.323  -74.548  9.783 0.6000000238
5955  16.713  -74.519  9.136 0.6000000238
6588  24.242  -73.460  13.009 0.3000000119
148973  24.123  -74.306  13.674 0.3000000119
5306  24.968  -74.967  14.242 0.3000000119
6628  17.177  -73.775  9.316 0.6000000238
154378  16.366  -74.467  8.417 0.6000000238
142447  23.383  -74.147  12.349 0.3000000119
4776  24.967  -75.970  14.348 0.3000000119
129284  25.450  -76.758  14.069 0.3000000119
5984  16.226  -74.085  7.643 0.6000000238
6611  23.865  -73.623  11.035 0.3000000119
4234  24.579  -76.967  14.357 0.3000000119
4248  25.385  -77.472  13.943 0.3000000119
6651  15.991  -73.256  7.126 0.6000000238
4270  23.182  -77.224  10.121 0.3000000119
7363  15.403  -72.325  6.285 0.6000000238
144492  15.652  -72.924  6.537 0.6000000238
7376  15.037  -72.351  5.610 0.6000000238
7377  14.709  -72.288  4.877 0.5000000000
4298  24.660  -77.257  7.522 0.4000000060
4312  25.232  -77.847  6.199 0.4000000060
5407  25.824  -75.737  3.413 0.4000000060
4865  25.599  -76.517  3.079 0.5000000000
7284  25.131  -72.587  12.430 0.3000000119
6587  25.081  -73.026  13.095 0.3000000119
6575  24.835  -73.677  13.524 0.3000000119
5896  25.237  -74.201  13.954 0.3000000119
4775  26.071  -76.267  13.871 0.3000000119
7327  17.562  -72.917  9.626 0.5000000000
143591  24.498  -72.905  12.329 0.3000000119
5923  23.441  -74.227  11.557 0.3000000119
7338  16.735  -72.850  8.336 0.5000000000
5968  16.669  -73.733  8.469 0.6000000238
6598  24.321  -72.932  11.436 0.3000000119
131912  26.079  -77.154  13.549 0.3000000119
6650  16.414  -73.301  7.807 0.6000000238
6610  24.467  -73.133  10.557 0.3000000119
7350  15.765  -72.351  6.949 0.6000000238
4823  24.517  -76.657  8.034 0.3000000119
4811  24.222  -76.718  8.742 0.3000000119
8077  15.123  -71.646  5.985 0.6000000238
8096  14.595  -71.421  4.440 0.6000000238
7349  16.288  -72.422  7.683 0.6000000238
139378  16.245  -70.758  7.831 0.5000000000
8737  15.643  -70.842  7.046 0.6000000238
8750  15.168  -70.890  6.240 0.6000000238
153008  14.945  -71.197  5.761 0.6000000238
130157  14.515  -70.820  3.727 0.6000000238
8784  14.546  -70.479  4.554 0.6000000238
8802  14.462  -70.009  3.481 0.5000000000
143186  16.732  -71.976  8.444 0.5000000000
136219  15.880  -70.044  7.433 0.5000000000
9492  14.595  -69.847  5.294 0.6000000238
9536  14.305  -68.699  1.133 0.5000000000
11832  12.922  -66.914  1.990 0.6000000238
10271  13.812  -67.968  1.392 0.6000000238
10289  14.023  -68.512  0.465 0.5000000000
11052  12.697  -67.452  1.350 0.6000000238
10282  12.838  -68.378  0.450 0.6000000238
131996  15.371  -70.096  6.735 0.5000000000
10247  14.234  -68.675  4.556 0.5000000000
149869  14.190  -68.764  3.921 0.5000000000
9506  14.374  -69.413  4.360 0.6000000238
11013  13.702  -67.237  4.442 0.6000000238
10259  14.047  -68.350  3.199 0.5000000000
10270  14.185  -68.553  2.255 0.5000000000
11024  13.689  -67.627  3.258 0.6000000238
13511  13.183  -64.198  3.818 0.6000000238
11038  13.384  -67.277  2.228 0.6000000238
10283  12.420  -67.833  1.108 0.5000000000
8647  9.959  -70.681  14.224 0.5000000000
9460  16.214  -69.280  7.821 0.5000000000
9476  14.721  -69.402  5.898 0.5000000000
134331  14.134  -68.041  5.016 0.6000000238
9341  9.423  -68.821  16.365 0.5000000000
10096  8.715  -68.533  16.283 0.6000000238
8636  9.952  -70.080  15.713 0.6000000238
8646  10.637  -71.006  14.815 0.6000000238
9363  9.323  -70.090  14.701 0.5000000000
146504  11.234  -71.427  13.540 0.5000000000
7991  10.908  -71.439  12.643 0.5000000000
10260  11.239  -68.067  3.026 0.5000000000
138307  11.372  -67.554  2.232 0.5000000000
10896  11.867  -67.253  13.344 0.6000000238
11674  10.749  -66.687  12.853 0.6999999881
10889  11.356  -67.109  14.535 0.6000000238
11667  10.631  -66.486  14.335 0.6999999881
139416  9.254  -65.519  15.622 0.6000000238
12462  8.737  -66.132  16.348 0.6000000238
10858  11.236  -68.023  16.283 0.6000000238
11658  10.550  -66.731  15.726 0.6000000238
10888  12.147  -67.573  14.375 0.6000000238
10080  12.013  -68.685  16.171 0.6000000238
133479  10.466  -68.062  16.530 0.6000000238
11637  9.974  -66.903  16.441 0.5000000000
11639  8.222  -66.871  16.595 0.6000000238
148551  13.029  -69.076  15.739 0.6000000238
9339  11.569  -69.367  16.420 0.6000000238
131864  10.291  -68.742  16.536 0.5000000000
10083  9.139  -68.189  16.540 0.6000000238
8622  12.015  -70.081  16.323 0.6000000238
9340  10.806  -69.360  16.484 0.6000000238
150661  12.307  -71.556  14.760 0.6000000238
7934  11.641  -70.802  16.046 0.6000000238
7951  11.451  -71.428  14.581 0.6000000238
7969  11.835  -71.503  12.979 0.5000000000
8006  10.758  -71.671  11.291 0.5000000000
8702  11.891  -71.491  10.076 0.5000000000
8031  11.602  -71.722  9.226 0.5000000000
132834  11.756  -71.178  8.047 0.5000000000
11668  9.827  -65.626  14.498 0.6000000238
12485  9.165  -65.003  14.888 0.6999999881
8634  13.364  -70.611  15.689 0.5000000000
7968  12.706  -71.531  13.294 0.6000000238
7989  12.502  -71.494  12.408 0.6000000238
148275  11.585  -71.645  11.424 0.5000000000
8688  12.873  -71.235  11.170 0.6000000238
151052  12.439  -70.955  10.134 0.5000000000
9426  12.655  -69.835  9.161 0.6000000238
9443  12.169  -70.026  8.643 0.6000000238
14295  11.050  -63.298  14.155 0.4000000060
12523  7.997  -64.941  10.549 0.6999999881
14361  6.524  -63.454  10.773 0.5000000000
141508  6.535  -63.249  11.795 0.5000000000
13359  11.453  -64.149  14.073 0.6000000238
134924  11.012  -63.954  13.525 0.5000000000
13396  7.769  -63.822  12.211 0.6000000238
13380  7.596  -63.592  13.396 0.5000000000
13345  12.567  -64.332  15.459 0.5000000000
12521  9.279  -65.825  11.027 0.6000000238
13395  8.265  -64.750  11.550 0.8000000119
135539  9.820  -66.196  11.422 0.6999999881
12491  9.168  -65.093  12.989 0.8000000119
13361  7.482  -64.038  14.504 0.6999999881
8004  13.118  -71.318  11.813 0.6000000238
8701  12.935  -70.860  10.560 0.6000000238
14362  5.965  -62.872  11.623 0.5000000000
15331  10.391  -62.570  13.227 0.5000000000
13421  7.400  -64.565  9.812 0.6999999881
14338  5.278  -62.828  12.708 0.5000000000
15298  12.620  -62.766  16.032 0.4000000060
155666  11.731  -62.893  15.183 0.4000000060
14284  12.820  -63.598  16.072 0.4000000060
12476  13.603  -65.325  16.010 0.5000000000
11636  14.268  -66.154  15.909 0.4000000060
135670  5.940  -62.925  9.455 0.5000000000
15366  5.409  -62.374  11.452 0.5000000000
16301  10.548  -61.649  13.398 0.3000000119
15352  9.991  -62.192  12.673 0.3000000119
13422  6.825  -64.012  9.947 0.6000000238
138453  13.482  -63.747  16.615 0.4000000060
152282  14.164  -65.332  16.515 0.4000000060
11655  15.756  -67.142  15.790 0.4000000060
14402  6.379  -63.557  8.805 0.6000000238
13456  6.993  -63.946  8.556 0.6000000238
11635  15.218  -66.456  16.299 0.4000000060
15385  5.998  -62.482  9.065 0.5000000000
153010  5.663  -62.416  10.358 0.5000000000
18059  12.327  -59.796  14.509 0.3000000119
17197  10.728  -60.764  13.102 0.3000000119
17203  10.219  -61.175  12.467 0.3000000119
16310  9.863  -61.037  11.534 0.4000000060
12459  15.710  -65.924  16.998 0.3000000119
11654  16.777  -67.059  15.907 0.4000000060
11653  17.721  -66.854  15.711 0.4000000060
17210  10.388  -60.246  10.992 0.4000000060
14422  6.225  -62.627  8.313 0.6000000238
16317  5.431  -61.447  10.368 0.4000000060
17218  10.185  -60.267  9.904 0.4000000060
18058  12.977  -59.355  14.938 0.3000000119
18068  12.169  -59.564  13.598 0.3000000119
16326  6.351  -61.696  8.916 0.5000000000
17232  9.666  -60.904  9.487 0.4000000060
131361  9.481  -61.020  8.078 0.4000000060
18142  8.971  -59.409  6.455 0.5000000000
141939  10.147  -59.661  8.120 0.4000000060
153661  9.856  -59.625  7.340 0.4000000060
19963  13.020  -56.745  7.888 0.3000000119
20983  12.491  -56.489  7.249 0.3000000119
19943  11.617  -57.577  8.041 0.3000000119
19983  10.896  -57.191  7.224 0.3000000119
22041  11.640  -56.221  7.144 0.3000000119
21920  11.891  -55.885  14.275 0.4000000060
20982  13.136  -56.474  7.209 0.3000000119
149303  26.591  -77.719  12.984 0.3000000119
4284  24.332  -77.431  8.253 0.4000000060
18989  10.602  -58.647  7.672 0.3000000119
9425  13.460  -69.653  9.578 0.6000000238
21913  11.506  -55.837  15.629 0.4000000060
12477  13.011  -65.216  15.379 0.5000000000
19002  10.833  -58.088  7.535 0.3000000119
155488  24.895  -79.139  6.686 0.3000000119
151231  24.660  -79.440  16.964 0.4000000060
2172  23.972  -81.065  17.105 0.5000000000
1396  20.478  -83.450  18.500 0.5000000000
2192  26.017  -81.737  14.357 0.5000000000
2743  20.378  -80.540  12.891 0.4000000060
3202  23.918  -79.669  18.173 0.4000000060
2217  27.005  -82.467  12.605 0.4000000060
2756  20.796  -80.107  11.358 0.4000000060
130967  20.227  -81.120  13.287 0.4000000060
1726  21.989  -82.123  20.529 0.3000000119
3219  28.224  -79.137  15.384 0.3000000119
2741  28.175  -80.398  12.705 0.3000000119
129682  27.784  -82.033  11.277 0.4000000060
1794  27.394  -82.745  11.515 0.4000000060
3267  21.128  -79.307  11.736 0.3000000119
3777  21.637  -78.883  10.950 0.4000000060
2241  28.629  -82.525  9.752 0.4000000060
1461  26.957  -83.976  9.790 0.4000000060
2787  20.511  -80.172  7.649 0.5000000000
3289  22.121  -79.910  9.548 0.4000000060
2738  30.381  -81.741  12.342 0.3000000119
2255  27.562  -82.934  8.851 0.4000000060
146940  26.966  -83.110  9.050 0.4000000060
147522  26.390  -81.721  9.941 0.5000000000
2755  25.799  -80.636  11.464 0.5000000000
4760  22.848  -77.026  14.330 0.3000000119
3771  21.860  -78.139  11.217 0.3000000119
3776  22.294  -78.439  10.395 0.3000000119
2767  27.935  -80.806  9.452 0.3000000119
2242  26.985  -82.338  9.195 0.4000000060
153678  25.779  -78.726  13.040 0.3000000119
4285  23.899  -77.910  8.707 0.4000000060
3264  27.838  -79.336  10.885 0.3000000119
3743  26.148  -78.341  12.981 0.3000000119
4834  24.959  -76.999  6.700 0.4000000060
4313  24.870  -77.863  7.002 0.4000000060
3799  24.627  -78.583  7.313 0.4000000060
146056  25.812  -75.146  4.762 0.3000000119
134275  25.818  -74.781  14.212 0.3000000119
8053  15.941  -71.599  7.349 0.6000000238
5305  26.375  -75.477  14.095 0.3000000119
137019  26.834  -76.122  13.728 0.3000000119
6609  25.153  -72.775  10.174 0.3000000119
9518  14.303  -69.118  3.271 0.5000000000
11037  13.852  -67.915  2.387 0.6000000238
11675  9.770  -65.687  13.350 0.6999999881
13379  8.532  -64.222  13.798 0.6999999881
146822  9.059  -65.519  11.729 0.6999999881
145539  7.262  -64.148  10.619 0.6000000238
17196  11.088  -60.853  13.786 0.3000000119
18069  11.423  -60.065  13.141 0.3000000119
3813  22.479  -78.693  6.405 0.5000000000
3800  22.207  -78.275  7.351 0.5000000000
152445  24.464  -78.769  -0.305 0.6000000238
140523  14.487  -67.985  5.924 0.4000000060
11005  14.184  -67.106  5.574 0.5000000000
11833  12.529  -66.978  1.798 0.5000000000
13525  12.459  -63.674  3.489 0.5000000000
12624  12.087  -64.783  3.174 0.5000000000
11818  12.407  -66.472  2.330 0.5000000000
11039  11.235  -66.890  2.433 0.5000000000
12641  11.557  -65.698  2.873 0.5000000000
150667  13.569  -62.501  3.453 0.5000000000
11026  10.881  -67.261  3.007 0.4000000060
13540  11.786  -64.913  3.141 0.5000000000
12642  11.048  -65.783  3.237 0.5000000000
10261  10.863  -67.657  3.694 0.5000000000
14484  11.778  -63.553  3.706 0.6000000238
12625  11.239  -65.144  3.388 0.5000000000
11795  10.522  -66.114  4.121 0.5000000000
130757  11.819  -70.121  8.080 0.5000000000
13512  11.362  -64.071  3.893 0.6000000238
9478  11.076  -68.806  5.714 0.5000000000
9477  11.275  -69.034  6.537 0.5000000000
12615  10.731  -65.384  4.235 0.6000000238
11014  10.512  -67.248  4.837 0.6000000238
10236  10.664  -67.985  5.304 0.5000000000
14470  12.037  -62.931  3.815 0.6000000238
151089  11.419  -64.649  4.822 0.6000000238
129721  10.625  -66.003  4.763 0.6000000238
10220  11.313  -68.443  6.827 0.6000000238
12602  11.441  -65.233  5.346 0.6000000238
10203  11.908  -68.596  7.507 0.5000000000
9442  12.460  -69.413  8.545 0.5000000000
131851  11.121  -65.995  5.486 0.6000000238
10996  10.757  -67.482  5.596 0.6000000238
12463  7.647  -66.194  16.322 0.5000000000
13347  7.803  -64.728  15.304 0.5000000000
150690  8.621  -64.974  15.337 0.5000000000
9441  13.068  -69.157  8.785 0.6000000238
11770  12.220  -66.160  6.586 0.6000000238
10185  12.510  -68.765  8.167 0.6000000238
134685  11.619  -67.126  6.556 0.6000000238
10978  11.667  -67.834  7.052 0.6000000238
11753  12.227  -67.191  7.077 0.6000000238
18116  10.504  -59.665  9.201 0.3000000119
19856  11.810  -57.355  14.574 0.3000000119
4349  25.296  -77.280  2.506 0.4000000060
4350  24.894  -78.090  1.813 0.5000000000
2301  22.805  -82.363  5.514 0.5000000000
153158  22.648  -81.542  5.113 0.5000000000
4899  24.926  -77.736  0.480 0.4000000060
4365  25.175  -78.560  -1.069 0.4000000060
3814  21.927  -78.981  7.210 0.4000000060
3309  22.493  -79.481  5.683 0.4000000060
3310  22.001  -79.620  6.625 0.4000000060
2808  22.387  -80.971  5.174 0.4000000060
5458  25.767  -76.333  -1.338 0.4000000060
4908  25.415  -77.389  -1.817 0.4000000060
4375  24.130  -78.401  -1.731 0.4000000060
4373  25.932  -77.731  -1.847 0.4000000060
4374  25.024  -78.154  -1.987 0.4000000060
135715  22.772  -77.289  -1.052 0.4000000060
12591  12.009  -65.438  6.076 0.5000000000
13485  13.042  -63.947  6.423 0.5000000000
12576  12.718  -65.747  6.867 0.5000000000
12575  13.416  -65.244  7.267 0.5000000000
12574  14.085  -64.622  7.697 0.5000000000
155401  13.388  -66.863  7.687 0.5000000000
11740  14.767  -66.104  8.412 0.5000000000
14296  6.742  -63.596  14.032 0.4000000060
14311  6.407  -63.380  13.340 0.4000000060
12561  14.077  -65.677  7.803 0.5000000000
10965  12.523  -67.873  7.667 0.5000000000
4366  24.164  -79.264  -1.120 0.5000000000
4370  25.559  -78.154  -1.665 0.4000000060
4909  24.103  -77.556  -1.561 0.4000000060
1407  21.000  -83.394  17.843 0.4000000060
1093  21.473  -83.931  17.342 0.4000000060
147608  21.816  -88.815  16.856 0.4000000060
1757  22.734  -82.734  17.794 0.4000000060
1406  21.885  -83.171  17.748 0.4000000060
140371  22.299  -87.993  16.852 0.4000000060
1092  22.485  -83.954  17.384 0.4000000060
437  24.302  -87.582  17.227 0.4000000060
438  23.329  -87.497  17.169 0.4000000060
599  22.190  -86.783  16.829 0.4000000060
1755  23.958  -82.281  17.254 0.5000000000
1756  23.374  -82.399  17.661 0.5000000000
1404  23.994  -83.084  17.387 0.4000000060
153779  22.884  -83.448  17.567 0.4000000060
598  22.976  -86.055  17.124 0.4000000060
1767  24.915  -82.093  15.779 0.5000000000
1763  24.410  -82.195  16.595 0.5000000000
141582  24.270  -84.019  17.360 0.4000000060
152269  22.931  -84.498  17.365 0.4000000060
1412  24.840  -83.133  16.077 0.4000000060
1413  24.413  -83.185  17.022 0.4000000060
1101  26.192  -85.576  15.030 0.4000000060
819  25.292  -86.014  16.410 0.4000000060
811  24.674  -85.954  17.098 0.4000000060
812  23.988  -85.959  17.368 0.4000000060
813  23.355  -85.070  17.341 0.4000000060
605  25.156  -86.832  16.639 0.4000000060
596  24.546  -86.800  17.180 0.4000000060
137670  25.539  -84.215  15.414 0.5000000000
1099  24.832  -84.128  16.625 0.4000000060
1098  25.357  -85.145  16.023 0.4000000060
131321  24.738  -85.049  16.962 0.4000000060
133112  24.157  -85.033  17.413 0.4000000060
826  27.097  -85.863  13.116 0.3000000119
839  26.627  -86.022  12.607 0.3000000119
1114  27.049  -85.533  12.329 0.4000000060
1103  26.991  -85.457  13.563 0.3000000119
1434  27.209  -84.965  12.022 0.4000000060
1424  27.155  -85.097  12.921 0.4000000060
1111  24.118  -84.653  13.130 0.3000000119
1116  25.030  -84.837  12.043 0.4000000060
1115  26.202  -85.473  11.955 0.4000000060
1119  26.852  -85.112  11.575 0.4000000060
1435  25.848  -84.800  11.349 0.4000000060
1449  26.564  -84.699  10.958 0.4000000060
148217  26.728  -84.317  10.405 0.3000000119
1104  26.446  -84.972  14.386 0.3000000119
1448  27.140  -84.607  11.075 0.3000000119
136181  27.133  -84.337  12.608 0.4000000060
1426  24.292  -83.955  12.524 0.4000000060
1436  24.822  -83.784  11.735 0.4000000060
1809  24.827  -83.094  11.272 0.4000000060
1450  25.648  -83.985  10.775 0.4000000060
1416  26.677  -84.598  13.810 0.4000000060
1425  26.584  -83.741  13.571 0.4000000060
1418  23.144  -83.835  13.939 0.4000000060
1447  27.126  -84.201  10.308 0.3000000119
1427  23.299  -82.983  13.607 0.4000000060
147141  23.725  -83.652  13.164 0.4000000060
1782  23.515  -82.210  13.384 0.4000000060
1797  24.174  -82.162  12.543 0.4000000060
1417  26.071  -83.836  14.494 0.4000000060
1781  26.878  -83.365  12.908 0.3000000119
1808  27.310  -84.067  10.935 0.3000000119
1783  22.639  -82.284  14.236 0.4000000060
150766  21.759  -82.033  14.568 0.4000000060
2206  23.027  -81.487  14.069 0.4000000060
2219  24.602  -81.392  12.396 0.4000000060
1796  24.440  -82.832  11.948 0.4000000060
137417  26.451  -82.355  13.604 0.3000000119
2186  25.026  -81.212  15.659 0.4000000060
130736  25.411  -82.954  15.198 0.4000000060
2185  25.492  -81.713  15.052 0.4000000060
1772  25.950  -82.720  14.401 0.4000000060
4901  21.815  -76.559  -0.314 0.4000000060
1437  23.981  -83.051  12.639 0.4000000060
436  24.923  -87.540  16.789 0.4000000060
597  23.880  -86.796  17.324 0.4000000060
1091  23.479  -84.191  17.467 0.4000000060
1395  21.107  -82.920  18.454 0.5000000000
1405  23.554  -83.318  17.509 0.4000000060
1483  26.436  -84.276  5.330 0.4000000060
1490  27.067  -83.167  4.818 0.5000000000
1795  27.243  -83.920  11.904 0.3000000119
1807  27.506  -83.321  10.353 0.4000000060
1821  26.671  -83.391  9.466 0.4000000060
2193  22.454  -80.792  14.393 0.5000000000
2230  28.749  -81.718  10.822 0.3000000119
2231  28.181  -82.330  10.525 0.4000000060
2243  25.995  -82.613  9.913 0.5000000000
2254  28.452  -82.743  8.628 0.3000000119
2291  20.528  -81.867  7.155 0.5000000000
2325  23.315  -81.935  1.297 0.6999999881
2717  26.641  -79.878  14.381 0.4000000060
2734  20.600  -80.610  13.684 0.4000000060
2776  28.512  -81.753  8.694 0.3000000119
3178  24.067  -79.615  18.906 0.3000000119
3201  24.525  -79.328  17.705 0.4000000060
3231  23.940  -78.997  14.335 0.4000000060
3232  22.810  -80.022  14.419 0.5000000000
3348  22.954  -80.921  -0.081 0.6999999881
3745  22.103  -77.983  14.271 0.4000000060
3775  22.982  -77.984  9.870 0.3000000119
3788  23.733  -78.654  8.520 0.4000000060
3844  25.678  -78.424  3.969 0.5000000000
4249  24.749  -77.766  14.253 0.3000000119
4800  21.706  -76.566  8.945 0.8000000119
4802  20.473  -76.284  9.527 0.6999999881
4875  25.057  -77.298  1.480 0.5000000000
4876  23.086  -76.431  2.751 0.8000000119
5288  24.070  -75.297  14.260 0.3000000119
5343  20.052  -75.767  9.975 0.6999999881
5356  16.223  -75.152  8.876 0.6000000238
5396  23.224  -75.357  4.787 0.8000000119
5397  22.917  -74.681  4.377 0.6000000238
5912  23.237  -74.484  12.997 0.3000000119
5937  20.945  -74.187  10.492 0.6999999881
5939  18.732  -74.462  10.516 0.6000000238
5953  22.071  -73.949  9.503 0.6999999881
6000  22.849  -74.508  5.785 0.6000000238
6018  23.119  -75.067  5.446 0.8000000119
6599  23.764  -73.482  12.094 0.3000000119
6614  19.266  -73.762  10.672 0.6000000238
6616  17.725  -73.754  10.051 0.6000000238
6637  21.887  -73.139  9.216 0.8000000119
6660  21.867  -72.999  6.977 0.8000000119
6715  18.154  -73.139  0.321 0.6000000238
7347  21.332  -72.457  7.400 0.6999999881
7400  18.581  -72.424  3.072 0.5000000000
7416  18.326  -72.481  1.800 0.5000000000
7431  18.350  -72.847  0.827 0.5000000000
7932  13.024  -71.344  15.303 0.6999999881
7933  12.041  -71.355  15.473 0.6000000238
7949  13.805  -71.393  14.655 0.6999999881
7952  10.603  -71.177  13.952 0.5000000000
7967  13.595  -71.480  13.642 0.6999999881
7987  14.160  -71.236  12.954 0.6999999881
7990  11.687  -71.566  12.167 0.5000000000
8005  12.359  -71.478  11.612 0.6000000238
8019  18.787  -71.479  10.357 0.6000000238
8020  12.245  -71.411  10.794 0.6000000238
8021  11.400  -71.766  10.711 0.5000000000
8029  17.277  -71.454  9.203 0.6000000238
8052  16.389  -71.575  7.946 0.5000000000
8065  15.495  -71.609  6.647 0.6000000238
8078  14.795  -71.528  5.320 0.6000000238
8623  11.231  -70.060  16.386 0.6000000238
8632  15.007  -70.258  15.136 0.8000000119
8635  12.491  -70.789  15.956 0.6000000238
8656  15.048  -70.918  13.149 0.6999999881
8671  16.375  -70.330  13.570 0.8000000119
8700  13.524  -70.294  10.321 0.6000000238
8712  12.866  -70.356  9.868 0.6000000238
8722  16.883  -70.171  8.595 0.6000000238
8723  11.976  -70.903  8.691 0.5000000000
8749  20.024  -70.356  5.827 0.6000000238
8751  14.887  -70.082  6.044 0.5000000000
8766  14.777  -70.730  5.462 0.6000000238
9338  12.281  -69.439  16.249 0.6000000238
9348  15.280  -69.600  15.122 0.6999999881
9351  12.838  -69.990  16.131 0.5000000000
9352  10.036  -69.442  16.309 0.5000000000
9390  16.869  -70.062  12.915 0.8000000119
9391  16.197  -70.166  12.251 0.8000000119
9400  17.449  -69.255  12.526 0.6000000238
9412  16.189  -69.287  11.106 0.6999999881
9414  14.655  -69.627  10.367 0.8000000119
9421  19.594  -69.555  9.303 0.6000000238
9427  12.274  -70.763  9.386 0.5000000000
9438  18.357  -69.035  9.117 0.6000000238
9440  16.850  -69.291  8.400 0.6000000238
9459  19.828  -68.812  7.991 0.8000000119
9461  15.608  -69.214  7.207 0.6000000238
9462  11.635  -69.334  7.339 0.5000000000
10081  11.080  -68.655  16.474 0.6000000238
10082  9.821  -68.268  16.591 0.5000000000
10093  17.309  -68.189  14.982 0.5000000000
10095  12.063  -68.051  15.518 0.6000000238
10103  18.231  -68.041  14.277 0.5000000000
10104  17.662  -68.524  14.494 0.6000000238
10105  16.823  -68.813  14.761 0.6000000238
10106  15.884  -69.048  14.922 0.6999999881
10109  13.519  -68.171  14.775 0.8000000119
10154  16.154  -68.715  10.567 0.6000000238
10155  15.612  -68.670  10.112 0.6999999881
10164  19.080  -68.907  9.095 0.5000000000
10167  13.825  -68.882  9.084 0.6999999881
10183  14.144  -68.237  8.801 0.6999999881
10186  12.028  -69.347  8.040 0.5000000000
10221  10.906  -68.218  6.092 0.5000000000
10234  14.460  -68.880  5.333 0.5000000000
10235  10.943  -68.573  4.921 0.5000000000
10249  10.681  -67.772  4.480 0.5000000000
10272  11.561  -68.384  2.080 0.5000000000
10281  13.313  -67.991  0.857 0.5000000000
10859  10.550  -67.415  16.350 0.6000000238
10860  9.715  -67.583  16.597 0.5000000000
10861  8.728  -67.563  16.611 0.6000000238
10875  17.307  -67.602  15.398 0.5000000000
10876  16.296  -67.692  15.429 0.4000000060
10877  15.335  -67.716  15.107 0.6000000238
10879  11.325  -67.465  15.648 0.6000000238
10885  14.456  -67.557  14.738 0.6999999881
10897  11.267  -66.961  13.452 0.6000000238
10905  12.041  -67.029  12.759 0.8000000119
10906  11.421  -66.895  12.728 0.6000000238
10916  17.336  -68.219  11.255 0.5000000000
10949  16.336  -67.030  9.718 0.5000000000
10964  13.358  -67.396  7.926 0.5000000000
10973  18.866  -67.602  7.091 0.6000000238
10975  16.626  -67.233  7.517 0.6000000238
10977  12.892  -67.021  7.475 0.5000000000
10995  11.131  -67.701  6.353 0.6000000238
11021  20.830  -67.718  3.549 0.5000000000
11027  10.515  -66.951  3.884 0.5000000000
11040  10.793  -66.754  3.090 0.4000000060
11051  13.168  -67.393  1.534 0.6000000238
11053  11.901  -67.204  1.665 0.5000000000
11633  17.266  -66.398  16.381 0.4000000060
11634  16.229  -66.548  16.481 0.3000000119
11638  9.214  -66.844  16.578 0.6000000238
11659  9.652  -66.310  16.138 0.6000000238
11665  13.528  -66.791  14.087 0.6999999881
11666  12.918  -66.624  13.560 0.8000000119
11678  11.945  -66.547  12.616 0.8000000119
11681  10.324  -66.473  12.032 0.6999999881
11694  11.148  -66.480  11.777 0.8000000119
11695  10.545  -66.292  11.487 0.8000000119
11739  15.438  -66.052  8.893 0.5000000000
11751  13.290  -66.263  7.452 0.5000000000
11752  12.567  -66.510  7.052 0.6000000238
11764  20.615  -66.229  6.083 0.5000000000
11766  17.234  -66.140  6.505 0.6000000238
11767  16.411  -66.072  6.683 0.6000000238
11768  15.573  -66.179  6.601 0.6000000238
11771  11.631  -66.368  6.247 0.6000000238
11772  11.086  -66.898  5.919 0.6000000238
11784  10.653  -66.698  5.204 0.6000000238
11791  20.654  -66.270  4.336 0.5000000000
11804  10.721  -66.253  3.472 0.5000000000
11814  19.259  -66.504  1.803 0.6000000238
11816  18.046  -65.994  1.981 0.6000000238
11819  11.839  -66.433  2.261 0.5000000000
11820  11.151  -66.308  2.842 0.5000000000
12460  14.818  -65.675  16.756 0.4000000060
12461  14.535  -64.831  17.038 0.4000000060
12478  8.198  -65.444  15.867 0.5000000000
12490  11.841  -65.881  12.575 0.8000000119
12505  9.701  -66.043  12.284 0.6999999881
12520  10.371  -65.983  11.083 0.6999999881
12522  8.633  -65.454  10.949 0.6999999881
12533  9.843  -65.545  10.666 0.6999999881
12534  9.351  -65.554  10.490 0.6000000238
12535  8.718  -65.426  10.391 0.6000000238
12536  8.138  -65.040  9.799 0.6999999881
12599  16.169  -64.975  5.740 0.6999999881
12601  14.524  -65.441  5.629 0.6999999881
12603  11.006  -65.334  4.802 0.6000000238
12610  20.312  -65.501  4.656 0.5000000000
12621  20.181  -65.854  2.963 0.6000000238
12626  10.771  -65.538  3.710 0.6000000238
12636  19.228  -65.569  1.725 0.6000000238
12638  17.883  -65.091  1.562 0.6000000238
12639  12.294  -65.736  2.816 0.5000000000
12640  12.006  -65.674  2.680 0.5000000000
13334  13.816  -64.616  16.617 0.4000000060
13344  13.172  -64.469  16.077 0.4000000060
13346  8.548  -64.520  14.719 0.6999999881
13360  9.243  -64.893  14.101 0.6999999881
13394  10.474  -64.524  11.767 0.6999999881
13406  10.448  -65.459  11.153 0.6999999881
13407  7.674  -64.284  11.298 0.6000000238
13420  9.469  -64.843  10.188 0.6999999881
13436  8.915  -65.004  9.724 0.6999999881
13437  8.242  -64.835  9.412 0.6999999881
13438  7.554  -64.507  9.215 0.6999999881
13439  6.852  -64.098  9.275 0.6000000238
13453  14.411  -63.917  8.416 0.5000000000
13474  12.833  -64.837  6.633 0.5000000000
13487  11.815  -64.732  5.440 0.6000000238
13492  19.923  -65.022  5.157 0.5000000000
13497  11.909  -63.945  4.939 0.6999999881
13498  11.473  -63.981  4.265 0.6000000238
13513  11.089  -64.677  4.247 0.6000000238
13526  11.975  -63.987  3.392 0.5000000000
13527  11.529  -64.362  3.563 0.5000000000
13528  10.977  -64.783  3.820 0.6000000238
13538  19.176  -64.652  1.849 0.6000000238
13539  17.708  -64.184  1.389 0.5000000000
13554  18.020  -64.505  1.282 0.6000000238
14285  12.160  -63.367  15.453 0.5000000000
14294  11.570  -63.411  14.782 0.6000000238
14310  10.647  -63.296  13.394 0.5000000000
14335  10.222  -63.309  12.522 0.6000000238
14336  7.013  -63.351  12.504 0.5000000000
14337  6.053  -63.124  12.559 0.5000000000
14360  7.160  -63.635  11.569 0.6000000238
14382  6.340  -63.549  9.701 0.5000000000
14383  5.948  -62.909  10.483 0.5000000000
14401  8.229  -64.441  9.210 0.6999999881
14403  6.149  -63.064  8.434 0.6000000238
14420  7.168  -63.599  7.817 0.6999999881
14421  6.577  -63.390  7.963 0.8000000119
14436  13.747  -63.500  6.982 0.5000000000
14437  7.418  -63.026  7.002 0.6000000238
14456  18.588  -63.091  4.974 0.5000000000
14459  11.713  -63.379  4.144 0.6000000238
14464  19.284  -63.657  3.551 0.5000000000
14468  14.199  -63.082  3.887 0.6000000238
14469  13.237  -63.194  3.483 0.5000000000
14471  11.630  -63.486  3.898 0.6000000238
14480  18.719  -62.834  2.632 0.6999999881
14483  12.276  -63.045  3.624 0.6999999881
14500  18.510  -63.115  1.751 0.6000000238
14502  17.255  -63.600  1.877 0.5000000000
14514  18.562  -63.940  1.404 0.6000000238
14515  18.052  -63.899  1.236 0.6000000238
15309  11.381  -62.508  14.722 0.4000000060
15330  10.773  -62.492  13.934 0.4000000060
15365  9.452  -62.439  11.268 0.6000000238
15375  5.639  -62.177  9.907 0.5000000000
15393  8.037  -62.847  7.240 0.5000000000
15394  6.457  -62.903  7.665 0.6000000238
15400  7.304  -62.566  6.423 0.6000000238
15418  14.113  -62.063  5.271 0.5000000000
15419  13.383  -62.132  4.651 0.6000000238
15420  12.547  -62.322  4.033 0.6000000238
15425  18.173  -61.878  3.677 0.5000000000
15439  14.576  -61.596  3.170 0.6000000238
15440  13.308  -61.956  3.543 0.6999999881
15457  17.576  -61.935  2.020 0.6999999881
15458  16.602  -61.577  2.325 0.6999999881
15460  14.952  -61.062  2.937 0.6000000238
16311  9.493  -61.657  11.041 0.4000000060
16325  8.752  -61.981  8.060 0.5000000000
16327  5.902  -61.733  9.584 0.4000000060
16331  8.773  -61.279  6.728 0.6000000238
16333  7.089  -61.697  7.038 0.6999999881
16334  6.495  -62.201  7.874 0.6000000238
16335  6.191  -62.164  8.749 0.5000000000
16339  8.262  -61.029  6.304 0.6000000238
16340  7.984  -61.788  6.228 0.6000000238
16341  7.412  -61.967  6.310 0.6000000238
16347  7.760  -61.521  6.214 0.6000000238
16353  16.804  -61.169  4.374 0.5000000000
16361  17.826  -61.264  3.054 0.6000000238
16363  16.372  -60.628  3.684 0.5000000000
16366  13.994  -61.453  3.605 0.6999999881
16380  16.785  -60.548  2.841 0.6999999881
16381  14.043  -61.528  3.435 0.6999999881
16396  17.506  -61.023  2.249 0.6999999881
16398  15.966  -60.933  2.552 0.6000000238
17186  11.470  -60.960  14.426 0.3000000119
17195  11.714  -60.266  14.075 0.3000000119
17209  10.879  -59.877  11.671 0.4000000060
17219  9.734  -60.909  10.578 0.4000000060
17231  9.965  -60.282  8.764 0.4000000060
17233  7.886  -60.359  8.121 0.6999999881
17234  7.352  -60.920  8.762 0.6000000238
17241  9.640  -60.161  7.497 0.4000000060
17250  8.161  -60.206  6.663 0.6000000238
17256  8.484  -60.237  6.547 0.6000000238
17267  15.928  -60.500  3.177 0.6999999881
17268  15.205  -60.647  3.345 0.6999999881
17282  17.068  -60.741  2.385 0.6000000238
17284  15.467  -60.715  2.920 0.6999999881
18067  12.786  -59.125  14.047 0.3000000119
18123  10.634  -59.089  8.405 0.3000000119
18124  10.098  -59.134  7.194 0.3000000119
18125  8.301  -59.480  6.895 0.6000000238
18132  9.441  -59.519  6.730 0.4000000060
18940  10.795  -58.476  13.550 0.5000000000
18970  10.359  -58.201  10.946 0.6000000238
18980  8.634  -58.863  8.099 0.5000000000
18991  8.688  -58.277  7.490 0.5000000000
19003  10.160  -58.537  7.071 0.3000000119
19004  9.065  -58.252  6.977 0.5000000000
19021  8.799  -58.878  6.638 0.5000000000
19920  9.433  -56.594  8.481 0.4000000060
19921  9.401  -57.624  8.635 0.5000000000
19964  12.229  -56.885  7.574 0.3000000119
19965  11.218  -57.369  7.447 0.3000000119
19966  10.412  -57.907  7.208 0.4000000060
19967  8.898  -57.387  7.577 0.5000000000
19982  11.754  -56.782  7.368 0.3000000119
19984  10.143  -57.623  7.072 0.4000000060
20887  12.291  -56.419  13.090 0.4000000060
20891  12.450  -55.864  12.154 0.4000000060
20892  12.344  -56.342  12.289 0.4000000060
20944  11.217  -54.980  9.370 0.3000000119
20945  10.545  -55.763  8.875 0.4000000060
20985  9.019  -56.451  7.782 0.4000000060
20997  12.186  -56.347  7.140 0.3000000119
20998  11.507  -56.663  7.283 0.3000000119
21942  12.263  -55.577  12.427 0.4000000060
22025  11.056  -55.450  7.299 0.3000000119
22026  9.718  -55.193  7.642 0.3000000119
23033  7.660  -54.196  13.552 0.3000000119
23044  8.493  -54.334  13.081 0.4000000060
23058  11.668  -54.821  11.937 0.3000000119
23059  9.201  -54.187  12.389 0.3000000119
23098  10.833  -53.376  11.090 0.3000000119
23135  9.339  -53.897  8.133 0.3000000119
23150  9.325  -54.120  7.944 0.3000000119
24101  8.781  -53.382  13.553 0.3000000119
24134  9.666  -53.679  11.999 0.3000000119
24202  10.503  -52.970  8.058 0.3000000119
24203  9.798  -53.084  8.632 0.3000000119
25249  10.674  -52.575  8.392 0.3000000119
129347  9.060  -55.578  7.892 0.4000000060
129947  20.836  -75.673  9.960 0.6999999881
130730  12.076  -66.681  6.695 0.6000000238
130812  13.953  -68.156  4.102 0.6000000238
131528  9.262  -69.527  15.663 0.5000000000
131697  12.126  -55.587  10.737 0.4000000060
131888  23.614  -76.960  14.461 0.3000000119
133071  22.656  -80.957  19.310 0.3000000119
133465  8.546  -58.859  6.955 0.6000000238
133531  11.022  -56.735  7.170 0.3000000119
133550  12.062  -71.612  13.913 0.6000000238
133726  17.238  -67.591  10.783 0.5000000000
134817  10.432  -60.525  11.838 0.4000000060
135163  19.664  -64.434  3.851 0.5000000000
135246  25.644  -75.469  14.211 0.3000000119
136841  8.444  -64.370  12.665 0.8000000119
136854  21.822  -74.768  9.682 0.6999999881
138281  9.259  -63.151  10.556 0.6000000238
138293  9.070  -53.784  12.385 0.3000000119
138623  25.337  -78.342  13.669 0.3000000119
139557  29.548  -80.921  14.470 0.3000000119
139739  15.370  -73.069  5.948 0.6000000238
140307  11.600  -55.796  9.799 0.4000000060
140396  12.433  -64.823  3.360 0.6000000238
140508  8.241  -59.614  7.584 0.5000000000
140740  10.723  -70.609  15.749 0.6000000238
141148  15.081  -70.942  14.117 0.8000000119
141817  8.486  -59.611  11.011 0.6000000238
141905  18.930  -73.150  10.626 0.6000000238
142087  10.022  -66.061  15.381 0.6000000238
143043  8.638  -56.135  8.109 0.4000000060
143141  21.008  -73.321  4.859 0.6000000238
143969  14.569  -67.010  8.511 0.6000000238
146590  20.371  -74.664  10.529 0.6999999881
146807  10.171  -66.289  12.739 0.6999999881
146866  16.094  -68.623  7.666 0.6000000238
147084  23.384  -75.667  14.141 0.3000000119
147112  11.798  -67.836  1.578 0.5000000000
147595  18.479  -71.200  2.444 0.5000000000
147709  16.130  -62.195  2.598 0.6000000238
148229  10.503  -66.604  4.569 0.6000000238
148265  8.793  -57.430  7.804 0.5000000000
148406  14.018  -69.809  10.150 0.8000000119
148649  10.086  -70.523  15.017 0.6000000238
149258  10.272  -66.168  13.534 0.6999999881
149327  12.779  -68.381  15.352 0.6999999881
149782  10.534  -69.945  16.265 0.6000000238
149916  10.155  -64.605  11.093 0.6999999881
150087  20.002  -70.634  10.066 0.6999999881
150707  18.057  -67.293  15.237 0.4000000060
151137  7.259  -53.965  13.299 0.3000000119
151487  11.965  -64.273  14.779 0.6000000238
151565  7.771  -53.945  13.059 0.3000000119
151771  21.460  -78.373  13.262 0.3000000119
152039  11.707  -71.450  8.613 0.5000000000
152555  17.908  -67.518  7.941 0.6000000238
152991  14.662  -71.043  4.958 0.6000000238
154236  19.900  -70.857  5.466 0.6000000238
154324  26.555  -82.693  9.427 0.5000000000
154495  25.136  -79.114  16.760 0.3000000119
155053  11.305  -71.161  15.406 0.6000000238
155174  9.328  -60.744  6.985 0.6000000238
155363  10.988  -71.603  11.908 0.5000000000
155828  25.641  -78.593  5.283 0.4000000060
156274  20.696  -83.083  19.040 0.5000000000
