#Insight Transform File V1.0
#Transform 0
Transform: AffineTransform_float_3_3
Parameters: 0.999999 -0.000173885 -0.000875777 0.000174068 1 0.000104098 0.00087574 -0.000104402 0.999999 -0.0469626 -0.0175903 0.32566
FixedParameters: 0 0 0

#Transform 1
Transform: AffineTransform_float_3_3
Parameters: 0.999999 -2.49064e-05 -0.00129074 2.45577e-05 1 0.000281313 0.00129094 -0.000280988 0.999999 -0.0504244 -0.0567686 0.272299
FixedParameters: 0 0 0

#Transform 2
Transform: AffineTransform_float_3_3
Parameters: 0.999999 0.000105638 -0.00133065 -0.000105721 1 6.14444e-06 0.00133067 -5.48595e-06 0.999999 -0.0511982 -0.00386206 0.27717
FixedParameters: 0 0 0

#Transform 3
Transform: AffineTransform_float_3_3
Parameters: 0.999999 7.45117e-05 -0.00071808 -7.42524e-05 1 0.00020931 0.000718068 -0.000210128 1 -0.0621468 -0.0660173 0.253585
FixedParameters: 0 0 0

#Transform 4
Transform: AffineTransform_float_3_3
Parameters: 0.999999 0.000449573 -0.000796431 -0.000450152 1 0.000274594 0.000796828 -0.000274791 0.999999 -0.0536599 -0.0555111 0.251955
FixedParameters: 0 0 0

#Transform 5
Transform: AffineTransform_float_3_3
Parameters: 0.999999 0.000446537 -0.000797356 -0.000446934 1 0.000362698 0.000797873 -0.000361974 0.999999 -0.0515729 -0.0499461 0.226542
FixedParameters: 0 0 0

#Transform 6
Transform: AffineTransform_float_3_3
Parameters: 0.999999 8.5392e-05 -0.000821149 -8.51044e-05 1 0.000761507 0.000821537 -0.000760981 1 -0.0536565 -0.0427822 0.230705
FixedParameters: 0 0 0

#Transform 7
Transform: AffineTransform_float_3_3
Parameters: 0.999999 0.000692291 -0.00064714 -0.000691899 1 -0.00064112 0.000646975 0.000640643 0.999999 -0.0901582 -0.048223 0.132344
FixedParameters: 0 0 0

#Transform 8
Transform: AffineTransform_float_3_3
Parameters: 1 0.000107696 -0.000387697 -0.000107761 1 -8.29986e-05 0.000387679 8.30821e-05 1 -0.0421133 0.0233851 0.0710381
FixedParameters: 0 0 0

#Transform 9
Transform: AffineTransform_float_3_3
Parameters: 1 4.75755e-05 -0.000456804 -4.7855e-05 1 -0.000305912 0.000456775 0.000305955 1 -0.0449145 -0.0580846 0.0760533
FixedParameters: 0 0 0

#Transform 10
Transform: AffineTransform_float_3_3
Parameters: 1 0.000348276 -0.000437784 -0.000347712 1 -0.000470397 0.000437263 0.00047069 1 -0.0374361 -0.0230439 0.0665693
FixedParameters: 0 0 0

#Transform 11
Transform: AffineTransform_float_3_3
Parameters: 1 0.000101008 -0.000439752 -0.000100198 1 -0.000187447 0.000439521 0.000187524 1 -0.0337746 -0.0377743 0.0731184
FixedParameters: 0 0 0

#Transform 12
Transform: AffineTransform_float_3_3
Parameters: 1 0.00011534 -0.000371907 -0.000114571 1 -0.000221946 0.000371619 0.000221095 1 -0.0385179 -0.0363742 0.0666677
FixedParameters: 0 0 0

#Transform 13
Transform: AffineTransform_float_3_3
Parameters: 1 9.89393e-05 -0.000452128 -9.81428e-05 1 -0.00019782 0.000451896 0.000197898 1 -0.0439339 -0.0235498 0.0706045
FixedParameters: 0 0 0

#Transform 14
Transform: AffineTransform_float_3_3
Parameters: 1 0.0001009 -0.000445353 -0.000100118 1 -0.00021719 0.000445116 0.000217268 1 -0.0435452 -0.0135745 0.0683734
FixedParameters: 0 0 0

#Transform 15
Transform: AffineTransform_float_3_3
Parameters: 1 -7.64e-06 -0.000411987 7.45746e-06 1 -0.000221534 0.000411991 0.000221528 1 -0.0415274 -0.0092075 0.0896229
FixedParameters: 0 0 0

#Transform 16
Transform: AffineTransform_float_3_3
Parameters: 1 -1.46644e-05 -0.000421811 1.44779e-05 1 -0.000221145 0.000421817 0.000221133 1 -0.0407851 0.00601164 0.0750622
FixedParameters: 0 0 0

#Transform 17
Transform: AffineTransform_float_3_3
Parameters: 1 -0.000225705 -0.000639266 0.000226037 1 0.000258988 0.000639149 -0.000259276 1 -0.0201636 -0.00774825 0.0318242
FixedParameters: 0 0 0

#Transform 18
Transform: AffineTransform_float_3_3
Parameters: 1 -0.000161216 -0.000488337 0.000161244 1 2.76507e-05 0.000488328 -2.78082e-05 1 -0.0206851 0.0124265 0.0772285
FixedParameters: 0 0 0

#Transform 19
Transform: AffineTransform_float_3_3
Parameters: 1 -0.00021677 0.000202539 0.000216643 1 0.000313399 -0.000202675 -0.000313311 1 -0.00694905 -0.0343479 0.00693543
FixedParameters: 0 0 0

#Transform 20
Transform: AffineTransform_float_3_3
Parameters: 1 -0.00022267 0.000148789 0.000222617 1 0.000178016 -0.000148869 -0.00017795 1 -0.00814429 0.0175725 0.0126189
FixedParameters: 0 0 0

#Transform 21
Transform: AffineTransform_float_3_3
Parameters: 1 -0.000246828 3.96699e-05 0.000246807 1 0.000265709 -3.9801e-05 -0.000265689 1 -0.0111292 -0.0537191 0.0245687
FixedParameters: 0 0 0

#Transform 22
Transform: AffineTransform_float_3_3
Parameters: 1 -0.000258741 -6.56261e-06 0.000258935 1 0.000353168 7.35828e-06 -0.000353231 1 -0.00518772 -0.0163159 0.038308
FixedParameters: 0 0 0

#Transform 23
Transform: AffineTransform_float_3_3
Parameters: 1 -6.62587e-05 -0.000243866 6.61454e-05 1 -0.00023229 0.000243896 0.000232258 1 -0.00755824 -0.0130502 0.014008
FixedParameters: 0 0 0

#Transform 24
Transform: AffineTransform_float_3_3
Parameters: 1 -0.000678052 -6.03465e-05 0.000677777 0.999999 -0.000714212 6.03363e-05 0.000714189 1 0.00354787 0.00348122 0.024733
FixedParameters: 0 0 0

#Transform 25
Transform: AffineTransform_float_3_3
Parameters: 1 -0.000421542 -5.91318e-05 0.000422413 0.999999 -0.000878815 5.96802e-05 0.000878754 0.999999 -0.0010982 -0.0100872 0.0251534
FixedParameters: 0 0 0

#Transform 26
Transform: AffineTransform_float_3_3
Parameters: 1 -8.30995e-05 -0.000124828 8.32115e-05 1 0.000448912 0.000124753 -0.000448933 1 -0.0123335 -0.0579033 0.155715
FixedParameters: 0 0 0

#Transform 27
Transform: AffineTransform_float_3_3
Parameters: 0.999999 -0.000252256 -0.000709692 0.000252296 1 -1.21035e-06 0.000709736 1.77692e-06 0.999999 -0.00286072 0.0103102 0.0836164
FixedParameters: 0 0 0

#Transform 28
Transform: AffineTransform_float_3_3
Parameters: 1 -0.000156319 -0.000216106 0.00015632 1 2.53499e-06 0.000216105 -2.60255e-06 1 -0.00900194 0.0133323 0.0996327
FixedParameters: 0 0 0

#Transform 29
Transform: AffineTransform_float_3_3
Parameters: 1 -0.000198496 -0.000364781 0.00019879 1 0.000402581 0.000364621 -0.000402726 1 -0.00665451 -0.0124805 0.0386397
FixedParameters: 0 0 0

#Transform 30
Transform: AffineTransform_float_3_3
Parameters: 1 -0.0001743 -0.00101272 0.000177453 0.999997 0.00240988 0.00101235 -0.00241022 0.999996 -0.0028415 -0.000861469 0.170642
FixedParameters: 0 0 0

#Transform 31
Transform: AffineTransform_float_3_3
Parameters: 1 -0.000187576 -0.00109616 0.000188133 1 0.000744415 0.00109609 -0.000744439 0.999999 -0.0422319 -0.0560462 0.201801
FixedParameters: 0 0 0

#Transform 32
Transform: AffineTransform_float_3_3
Parameters: 0.999999 0.000363288 -0.000626244 -0.000363447 1 -9.36942e-05 0.000626133 9.32246e-05 1 -0.019734 -0.0113016 0.105293
FixedParameters: 0 0 0

#Transform 33
Transform: AffineTransform_float_3_3
Parameters: 1 0.000191164 -0.000965353 -0.000189408 0.999999 0.00150642 0.000965205 -0.00150561 0.999999 -0.0381779 -0.0756366 -0.0270645
FixedParameters: 0 0 0

#Transform 34
Transform: AffineTransform_float_3_3
Parameters: 0.999998 0.000271498 -0.00167822 -0.000269035 0.999999 0.00138019 0.00167839 -0.00137975 0.999997 -0.029441 -0.046833 0.00829244
FixedParameters: 0 0 0

#Transform 35
Transform: AffineTransform_float_3_3
Parameters: 1 0.000418326 -0.00112428 -0.000419502 1 -0.00104014 0.00112419 0.00104101 0.999999 -0.0164623 -0.0124539 -0.0976595
FixedParameters: 0 0 0

#Transform 36
Transform: AffineTransform_float_3_3
Parameters: 0.999999 -3.92156e-05 -0.000885706 3.763e-05 1 -0.000958104 0.000885825 0.000958034 0.999999 -0.0165738 -0.0444805 -0.214951
FixedParameters: 0 0 0

#Transform 37
Transform: AffineTransform_float_3_3
Parameters: 0.999999 0.000242805 -0.00104082 -0.000244072 0.999999 -0.0012213 0.00104106 0.00122173 0.999998 -0.0186126 -0.0380866 -0.206907
FixedParameters: 0 0 0

#Transform 38
Transform: AffineTransform_float_3_3
Parameters: 1 7.30588e-05 -0.00116611 -7.43171e-05 1 -0.000957792 0.00116577 0.000957953 0.999999 -0.0208907 -0.102418 -0.135645
FixedParameters: 0 0 0

#Transform 39
Transform: AffineTransform_float_3_3
Parameters: 0.999999 0.00023026 -0.00101105 -0.000230919 0.999999 -0.000814338 0.00101055 0.000815168 0.999999 -0.0116924 -0.0706514 -0.132966
FixedParameters: 0 0 0

#Transform 40
Transform: AffineTransform_float_3_3
Parameters: 0.999999 6.53073e-05 -0.000841458 -6.61785e-05 1 -0.000493263 0.00084135 0.000492449 0.999999 -0.00822537 -0.0524568 -0.141651
FixedParameters: 0 0 0

#Transform 41
Transform: AffineTransform_float_3_3
Parameters: 0.999999 -0.000142462 -0.000745562 0.00014157 0.999999 -0.00132702 0.00074579 0.0013268 0.999999 0.00548612 -0.0684169 -0.175734
FixedParameters: 0 0 0

#Transform 42
Transform: AffineTransform_float_3_3
Parameters: 1 0.000181774 -0.000682273 -0.000182739 0.999999 -0.00172378 0.00068252 0.00172395 0.999999 -0.0168524 -0.0775814 -0.147745
FixedParameters: 0 0 0

#Transform 43
Transform: AffineTransform_float_3_3
Parameters: 1 0.000252642 -0.000600615 -0.000253801 0.999998 -0.00196416 0.000599517 0.00196445 0.999998 -0.0184676 -0.0490449 -0.114537
FixedParameters: 0 0 0

#Transform 44
Transform: AffineTransform_float_3_3
Parameters: 1 0.000268358 -0.000436741 -0.000269549 0.999999 -0.00183476 0.000436823 0.00183494 0.999998 -0.0223173 -0.0807323 -0.0828245
FixedParameters: 0 0 0

#Transform 45
Transform: AffineTransform_float_3_3
Parameters: 1 0.000247181 -0.000664146 -0.000248564 1 -0.00112517 0.000663633 0.00112549 0.999999 0.00154491 -0.0648829 -0.0684402
FixedParameters: 0 0 0

#Transform 46
Transform: AffineTransform_float_3_3
Parameters: 0.999999 0.000493807 -0.000715833 -0.000495198 0.999999 -0.00118165 0.000715688 0.0011823 0.999999 -0.0147437 -0.0812499 -0.0571412
FixedParameters: 0 0 0

#Transform 47
Transform: AffineTransform_float_3_3
Parameters: 1 0.000257057 -0.000357461 -0.000256735 0.999999 -0.00133359 0.000357606 0.0013337 0.999999 -0.00142479 -0.0418874 -0.10154
FixedParameters: 0 0 0

#Transform 48
Transform: AffineTransform_float_3_3
Parameters: 0.999999 0.000347738 -0.000713054 -0.000348751 0.999999 -0.00168313 0.000712757 0.00168356 0.999999 -0.019782 -0.0489299 -0.0763717
FixedParameters: 0 0 0

#Transform 49
Transform: AffineTransform_float_3_3
Parameters: 0.999999 0.000462253 -0.000730518 -0.00046333 0.999998 -0.00158227 0.00072984 0.00158195 0.999998 -0.0195044 -0.0620573 -0.080929
FixedParameters: 0 0 0

#Transform 50
Transform: AffineTransform_float_3_3
Parameters: 0.999999 0.00034839 -0.000714744 -0.000349451 0.999999 -0.00171308 0.000714423 0.0017135 0.999999 -0.0192602 -0.0837883 -0.0784094
FixedParameters: 0 0 0

#Transform 51
Transform: AffineTransform_float_3_3
Parameters: 0.999999 0.000556374 -0.000734674 -0.000557016 0.999999 -0.00130539 0.000734051 0.00130613 0.999999 -0.0208667 -0.0480162 -0.117036
FixedParameters: 0 0 0

#Transform 52
Transform: AffineTransform_float_3_3
Parameters: 0.999999 0.000339613 -0.000692187 -0.000340155 0.999999 -0.00131282 0.000692124 0.00131322 0.999999 -0.0206056 -0.0404264 -0.10253
FixedParameters: 0 0 0

#Transform 53
Transform: AffineTransform_float_3_3
Parameters: 0.999999 0.000434752 -0.000710835 -0.000435338 0.999999 -0.00130956 0.000710526 0.0013101 0.999999 -0.0207775 -0.0813687 -0.0998868
FixedParameters: 0 0 0

#Transform 54
Transform: AffineTransform_float_3_3
Parameters: 0.999999 0.000296699 -0.000984185 -0.000298013 0.999999 -0.00175217 0.000982803 0.0017518 0.999998 -0.0139643 -0.0504763 -0.0866648
FixedParameters: 0 0 0

#Transform 55
Transform: AffineTransform_float_3_3
Parameters: 0.999999 0.000408121 -0.000933302 -0.000408646 0.999999 -0.00154709 0.00093272 0.00154777 0.999999 -0.0170005 -0.0675177 -0.0855346
FixedParameters: 0 0 0

#Transform 56
Transform: AffineTransform_float_3_3
Parameters: 0.999999 0.000703301 -0.000786554 -0.000704463 0.999998 -0.00174085 0.000785956 0.00174182 0.999998 -0.0222965 -0.0452789 -0.110127
FixedParameters: 0 0 0

#Transform 57
Transform: AffineTransform_float_3_3
Parameters: 0.999999 0.000665055 -0.000779039 -0.00066638 0.999998 -0.00174216 0.000777594 0.00174312 0.999998 -0.0221399 -0.0527671 -0.103427
FixedParameters: 0 0 0

#Transform 58
Transform: AffineTransform_float_3_3
Parameters: 0.999999 0.00033295 -0.000799286 -0.000334358 0.999999 -0.00174874 0.000798994 0.0017492 0.999998 -0.0184295 -0.0772347 -0.109733
FixedParameters: 0 0 0

#Transform 59
Transform: AffineTransform_float_3_3
Parameters: 0.999999 0.000349259 -0.000716996 -0.000350385 0.999999 -0.001753 0.000716645 0.00175343 0.999998 -0.0176514 -0.0377803 -0.123562
FixedParameters: 0 0 0

#Transform 60
Transform: AffineTransform_float_3_3
Parameters: 0.999999 0.000244519 -0.000792615 -0.000245707 0.999999 -0.00162394 0.000792694 0.00162426 0.999999 -0.0160996 -0.0573638 -0.11198
FixedParameters: 0 0 0

#Transform 61
Transform: AffineTransform_float_3_3
Parameters: 0.999999 0.000105188 -0.000865493 -0.000106449 0.999999 -0.0013566 0.000865057 0.00135677 0.999998 -0.0128361 -0.0505202 -0.115559
FixedParameters: 0 0 0

#Transform 62
Transform: AffineTransform_float_3_3
Parameters: 1 0.000832781 -0.000948376 -0.000834377 0.999999 -0.00159234 0.000947486 0.00159286 0.999999 -0.027861 -0.0426725 -0.128784
FixedParameters: 0 0 0

#Transform 63
Transform: AffineTransform_float_3_3
Parameters: 1 0.000168691 -0.000699297 -0.000169955 1 -0.001118 0.000699942 0.00111818 0.999999 -0.0171059 -0.0796218 -0.118633
FixedParameters: 0 0 0

#Transform 64
Transform: AffineTransform_float_3_3
Parameters: 0.999999 0.000407691 -0.000718244 -0.000408647 0.999998 -0.00155421 0.000717805 0.00155473 0.999998 -0.0177281 -0.0169503 -0.145788
FixedParameters: 0 0 0

#Transform 65
Transform: AffineTransform_float_3_3
Parameters: 1 0.000729284 -0.00076713 -0.000730111 0.999999 -0.00127143 0.000766016 0.00127156 0.999999 -0.0223558 -0.027558 -0.140038
FixedParameters: 0 0 0

#Transform 66
Transform: AffineTransform_float_3_3
Parameters: 0.999999 -0.0001175 -0.000894755 0.000116799 0.999999 -0.00155135 0.000894841 0.00155149 0.999999 -0.00892206 -0.0402884 -0.123408
FixedParameters: 0 0 0

#Transform 67
Transform: AffineTransform_float_3_3
Parameters: 0.999999 -0.000551507 -0.000726684 0.000552061 1 0.000352402 0.000726338 -0.000352279 0.999999 0.00688215 0.0404773 -0.140887
FixedParameters: 0 0 0

#Transform 68
Transform: AffineTransform_float_3_3
Parameters: 1 -0.000521192 -0.000331375 0.000522335 0.999997 0.00241093 0.000330166 -0.00241133 0.999997 0.00283698 0.0262993 -0.202325
FixedParameters: 0 0 0

#Transform 69
Transform: AffineTransform_float_3_3
Parameters: 1 0.00010868 -0.000507101 -0.000108146 0.999999 0.00137739 0.000507638 -0.00137727 0.999999 0.0127255 -0.0129094 -0.118501
FixedParameters: 0 0 0

#Transform 70
Transform: AffineTransform_float_3_3
Parameters: 0.999999 6.54294e-05 -0.000558008 -6.17678e-05 0.999984 0.00560213 0.000558276 -0.00560156 0.999984 -0.0839587 0.00214679 -0.313158
FixedParameters: 0 0 0

#Transform 71
Transform: AffineTransform_float_3_3
Parameters: 0.999999 -5.15314e-05 -0.00139743 5.47328e-05 0.999997 0.00221613 0.0013969 -0.00221582 0.999996 -0.0206703 -0.00179069 -0.536852
FixedParameters: 0 0 0

#Transform 72
Transform: AffineTransform_float_3_3
Parameters: 0.999998 0.000330439 -0.0021937 -0.000325578 0.999999 0.00184765 0.00219455 -0.00184629 0.999996 -0.00573002 0.00204686 -0.400149
FixedParameters: 0 0 0

#Transform 73
Transform: AffineTransform_float_3_3
Parameters: 0.999998 0.000405733 -0.00154505 -0.000403163 0.999999 0.00181275 0.00154618 -0.00181196 0.999997 -0.00611607 -0.0343364 -0.375349
FixedParameters: 0 0 0

#Transform 74
Transform: AffineTransform_float_3_3
Parameters: 0.999999 0.000123824 -0.00151921 -0.000120973 1 0.0012554 0.00151977 -0.00125465 0.999998 -0.000123913 -0.0104692 -0.331218
FixedParameters: 0 0 0

#Transform 75
Transform: AffineTransform_float_3_3
Parameters: 0.999998 0.000332765 -0.00190467 -0.000330351 0.999999 0.00176515 0.00190468 -0.00176427 0.999996 -0.0132705 -0.0489676 -0.324441
FixedParameters: 0 0 0

#Transform 76
Transform: AffineTransform_float_3_3
Parameters: 0.999998 0.00034378 -0.00192423 -0.000342038 0.999999 0.00129584 0.00192477 -0.0012946 0.999998 -0.0149986 0.01853 -0.279525
FixedParameters: 0 0 0

#Transform 77
Transform: AffineTransform_float_3_3
Parameters: 0.999999 0.000413725 -0.00157895 -0.00041204 0.999999 0.00119572 0.0015803 -0.00119494 0.999998 -0.026741 -0.0521813 -0.297059
FixedParameters: 0 0 0

#Transform 78
Transform: AffineTransform_float_3_3
Parameters: 0.999999 0.000371226 -0.00174853 -0.000369234 0.999999 0.00150081 0.00174921 -0.00149997 0.999997 -0.0278507 -0.0139147 -0.285567
FixedParameters: 0 0 0

#Transform 79
Transform: AffineTransform_float_3_3
Parameters: 0.999998 0.000417155 -0.00158553 -0.000414729 1 0.00108194 0.00158665 -0.00108116 0.999998 -0.0266284 0.0123427 -0.256127
FixedParameters: 0 0 0

#Transform 80
Transform: AffineTransform_float_3_3
Parameters: 0.999999 0.000481033 -0.00138331 -0.000480313 1 0.000311664 0.00138358 -0.000310882 0.999999 -0.046294 -0.0483458 -0.290742
FixedParameters: 0 0 0

#Transform 81
Transform: AffineTransform_float_3_3
Parameters: 0.999998 0.000434874 -0.00163333 -0.000434247 1 0.000235513 0.00163351 -0.00023464 0.999998 -0.0306893 -0.00464627 -0.268807
FixedParameters: 0 0 0

#Transform 82
Transform: AffineTransform_float_3_3
Parameters: 0.999998 0.000434874 -0.00163333 -0.000434247 1 0.000235513 0.00163351 -0.00023464 0.999998 -0.04105 -0.0252251 -0.259423
FixedParameters: 0 0 0

#Transform 83
Transform: AffineTransform_float_3_3
Parameters: 0.999998 0.000434874 -0.00163333 -0.000434247 1 0.000235513 0.00163351 -0.00023464 0.999998 -0.0408939 -0.0242728 -0.254537
FixedParameters: 0 0 0

#Transform 84
Transform: AffineTransform_float_3_3
Parameters: 0.999998 0.000503322 -0.00166822 -0.00050288 1 -0.000173631 0.0016688 0.000174692 0.999998 -0.0273959 -0.0207386 -0.260889
FixedParameters: 0 0 0

#Transform 85
Transform: AffineTransform_float_3_3
Parameters: 0.999999 0.000527739 -0.00177454 -0.00052744 0.999999 0.000167646 0.00177461 -0.000167243 0.999998 -0.0352406 -0.0151973 -0.20992
FixedParameters: 0 0 0

#Transform 86
Transform: AffineTransform_float_3_3
Parameters: 0.999998 0.000327457 -0.00159654 -0.000325845 1 0.000536349 0.00159691 -0.000534928 0.999998 -0.039048 -0.0350501 -0.201578
FixedParameters: 0 0 0

#Transform 87
Transform: AffineTransform_float_3_3
Parameters: 0.999998 -6.20694e-05 -0.00159438 6.26618e-05 1 0.000522818 0.00159453 -0.000522628 0.999998 -0.031371 -0.00940332 -0.17952
FixedParameters: 0 0 0

#Transform 88
Transform: AffineTransform_float_3_3
Parameters: 0.999998 0.000524104 -0.00150215 -0.000522407 0.999999 0.00130028 0.00150289 -0.0013001 0.999998 -0.0397559 0.0123305 -0.182795
FixedParameters: 0 0 0

#Transform 89
Transform: AffineTransform_float_3_3
Parameters: 0.999999 0.000519594 -0.00162621 -0.000518523 1 0.000688852 0.00162699 -0.000688999 0.999998 -0.0404851 -0.0210597 -0.19251
FixedParameters: 0 0 0

#Transform 90
Transform: AffineTransform_float_3_3
Parameters: 0.999998 0.000343633 -0.00159117 -0.000342523 0.999999 0.000699793 0.00159182 -0.000699237 0.999998 -0.0372393 -0.0144262 -0.161076
FixedParameters: 0 0 0

#Transform 91
Transform: AffineTransform_float_3_3
Parameters: 0.999999 0.000513424 -0.00160949 -0.000511372 1 0.000984444 0.00161066 -0.000983331 0.999999 -0.0396495 -0.0185025 -0.159469
FixedParameters: 0 0 0

#Transform 92
Transform: AffineTransform_float_3_3
Parameters: 0.999999 0.00018239 -0.00153224 -0.000180617 0.999999 0.00122455 0.0015331 -0.00122453 0.999998 -0.0341048 0.0102341 -0.169329
FixedParameters: 0 0 0

#Transform 93
Transform: AffineTransform_float_3_3
Parameters: 0.999999 -3.16896e-05 -0.00148318 3.38001e-05 0.999999 0.00136486 0.00148354 -0.00136456 0.999998 -0.0317111 -0.00137725 -0.15467
FixedParameters: 0 0 0

#Transform 94
Transform: AffineTransform_float_3_3
Parameters: 0.999999 0.000571593 -0.00134553 -0.000569655 0.999998 0.00152596 0.0013467 -0.00152489 0.999998 -0.0419017 -0.00191317 -0.139669
FixedParameters: 0 0 0

#Transform 95
Transform: AffineTransform_float_3_3
Parameters: 0.999999 0.000662942 -0.00162951 -0.000660471 0.999999 0.00115952 0.00163023 -0.00115784 0.999998 -0.0229111 0.0214979 -0.149047
FixedParameters: 0 0 0

#Transform 96
Transform: AffineTransform_float_3_3
Parameters: 0.999999 0.000265121 -0.00149794 -0.000261587 0.999997 0.00219139 0.00149877 -0.00219106 0.999996 -0.0202839 -0.0145409 -0.156606
FixedParameters: 0 0 0

#Transform 97
Transform: AffineTransform_float_3_3
Parameters: 1 0.000333894 -0.00103444 -0.00033353 0.999999 0.000715272 0.00103509 -0.000715118 1 -0.0264377 0.0126201 -0.218091
FixedParameters: 0 0 0

#Transform 98
Transform: AffineTransform_float_3_3
Parameters: 1 0.000452462 -0.0010468 -0.000451623 0.999999 0.000474117 0.00104714 -0.000474093 0.999999 -0.0465695 -0.00727914 -0.242759
FixedParameters: 0 0 0

#Transform 99
Transform: AffineTransform_float_3_3
Parameters: 0.999999 3.61224e-05 -0.00125533 -3.56703e-05 1 0.000624438 0.00125554 -0.000624884 0.999999 -0.00988744 0.0188733 -0.20226
FixedParameters: 0 0 0

#Transform 100
Transform: AffineTransform_float_3_3
Parameters: 1 0.000417234 -0.0011096 -0.000416489 0.999999 0.000838698 0.00111047 -0.000838308 0.999999 -0.0278062 -0.00395197 -0.195966
FixedParameters: 0 0 0

#Transform 101
Transform: AffineTransform_float_3_3
Parameters: 1 0.000350734 -0.0010341 -0.000350033 1 0.00092184 0.00103391 -0.00092197 0.999999 -0.0240364 -0.0053459 -0.196574
FixedParameters: 0 0 0

#Transform 102
Transform: AffineTransform_float_3_3
Parameters: 0.999999 0.000147544 -0.000763543 -0.000147393 1 0.000729674 0.000764016 -0.000729063 1 -0.0150154 -0.00686876 -0.207453
FixedParameters: 0 0 0

#Transform 103
Transform: AffineTransform_float_3_3
Parameters: 0.999999 0.000351936 -0.000914805 -0.00035182 1 6.3532e-05 0.000914849 -6.28882e-05 0.999999 -0.0282607 0.0164999 -0.205585
FixedParameters: 0 0 0

#Transform 104
Transform: AffineTransform_float_3_3
Parameters: 1 6.22555e-05 -0.00106023 -6.2105e-05 1 0.000137241 0.00106022 -0.000137657 1 -0.0104247 -0.0120571 -0.222252
FixedParameters: 0 0 0

#Transform 105
Transform: AffineTransform_float_3_3
Parameters: 1 -0.000298443 -0.0010166 0.00029755 1 -0.000390675 0.00101686 0.000390446 1 -0.00746697 0.0209454 -0.210621
FixedParameters: 0 0 0

#Transform 106
Transform: AffineTransform_float_3_3
Parameters: 1 8.60793e-05 -0.00109161 -8.70437e-05 1 -0.000377364 0.00109152 0.000377006 1 -0.00453937 -0.0063414 -0.194237
FixedParameters: 0 0 0

#Transform 107
Transform: AffineTransform_float_3_3
Parameters: 1 -0.00031175 -0.000982226 0.000312096 1 0.000226197 0.000982104 -0.000226433 1 -0.0181959 -0.00898126 -0.175442
FixedParameters: 0 0 0

#Transform 108
Transform: AffineTransform_float_3_3
Parameters: 1 4.48378e-05 -0.00106689 -4.51002e-05 1 -5.71463e-05 0.00106686 5.66949e-05 1 -0.0208826 0.0273371 -0.185165
FixedParameters: 0 0 0

#Transform 109
Transform: AffineTransform_float_3_3
Parameters: 1 -5.25605e-05 -0.00106136 5.17813e-05 1 -0.000320262 0.00106142 0.000320529 1 -0.00265998 0.0241483 -0.188537
FixedParameters: 0 0 0

#Transform 110
Transform: AffineTransform_float_3_3
Parameters: 1 -0.000135143 -0.00105192 0.000135068 1 -0.000451995 0.00105187 0.000452076 1 0.00164604 0.0230169 -0.205471
FixedParameters: 0 0 0

#Transform 111
Transform: AffineTransform_float_3_3
Parameters: 1 -0.00029969 -0.00101338 0.000298917 1 -0.000332781 0.00101359 0.000332551 1 -0.0170626 0.0155642 -0.186399
FixedParameters: 0 0 0

#Transform 112
Transform: AffineTransform_float_3_3
Parameters: 1 2.1226e-05 -0.00105023 -2.19339e-05 1 0.000174766 0.00105045 -0.000174332 1 -0.00467491 -0.027516 -0.199794
FixedParameters: 0 0 0

#Transform 113
Transform: AffineTransform_float_3_3
Parameters: 0.999999 0.000408843 -0.000664721 -0.00040868 1 0.000122886 0.000664821 -0.000122343 1 -0.0131637 0.0289301 -0.204212
FixedParameters: 0 0 0

#Transform 114
Transform: AffineTransform_float_3_3
Parameters: 1 0.000266749 -0.000350756 -0.000266193 0.999997 0.00213264 0.000351197 -0.00213239 0.999997 -0.0163529 -0.0490883 -0.0979895
FixedParameters: 0 0 0

#Transform 115
Transform: AffineTransform_float_3_3
Parameters: 1 0.000721208 -0.00077244 -0.000718946 0.999994 0.00335827 0.000775144 -0.00335696 0.999994 -0.0162283 0.0330998 -0.227085
FixedParameters: 0 0 0

#Transform 116
Transform: AffineTransform_float_3_3
Parameters: 1 8.07163e-05 -6.61946e-05 -7.9973e-05 0.99998 0.00631707 6.65389e-05 -0.00631697 0.99998 0.0117688 -0.0357377 -0.470806
FixedParameters: 0 0 0

#Transform 117
Transform: AffineTransform_float_3_3
Parameters: 0.999998 -0.000724792 -0.00156659 0.000735408 0.999975 0.00692784 0.00156127 -0.0069284 0.999974 -0.0184662 0.0827181 -0.290445
FixedParameters: 0 0 0

#Transform 118
Transform: AffineTransform_float_3_3
Parameters: 0.999998 -0.000470875 -0.00213164 0.000491563 0.999952 0.00981704 0.00212643 -0.00981816 0.99995 -0.0566595 -0.0660909 0.0271319
FixedParameters: 0 0 0

#Transform 119
Transform: AffineTransform_float_3_3
Parameters: 0.999997 1.20062e-05 -0.00209239 5.53022e-06 0.999963 0.00868277 0.0020925 -0.00868204 0.99996 -0.0295502 0.114375 -0.0985471
FixedParameters: 0 0 0
