#!ascii label  , from subject sub-v2s10x28954_ses-1 vox2ras=TkReg
968
50119  35.742  -31.053  73.609 0.0000000000
68565  45.351  -12.881  59.104 0.0000000000
129536  39.211  -22.758  66.570 0.0000000000
47802  17.793  -33.515  85.594 0.0000000000
53235  28.832  -28.442  78.389 0.0000000000
115905  37.817  -17.874  65.432 0.0000000000
51070  22.370  -30.299  80.533 0.0000000000
48941  21.568  -33.324  83.812 0.0000000000
50043  26.638  -31.599  79.407 0.0000000000
67686  50.691  -13.616  59.133 0.0000000000
54251  36.150  -27.276  74.448 0.0000000000
56956  38.146  -24.488  72.485 0.0000000000
52230  40.214  -28.995  74.955 0.0000000000
71328  48.795  -9.527  58.535 0.0000000000
69543  52.704  -11.129  56.540 0.0000000000
68534  42.077  -11.940  62.618 0.0000000000
65824  44.853  -15.154  62.752 0.0000000000
64831  40.844  -16.781  62.800 0.0000000000
62010  42.875  -19.739  66.082 0.0000000000
46804  35.162  -33.862  78.023 0.0000000000
44702  17.435  -36.706  89.453 0.0000000000
43591  13.675  -37.576  91.462 0.0000000000
45583  11.043  -35.287  94.656 0.0000000000
52236  31.989  -29.883  74.898 0.0000000000
47890  31.016  -32.824  78.657 0.0000000000
58873  34.960  -22.593  70.297 0.0000000000
58857  40.261  -23.485  71.846 0.0000000000
72135  55.732  -7.880  55.105 0.0000000000
67688  47.669  -13.929  59.001 0.0000000000
66797  47.517  -14.051  60.444 0.0000000000
53288  36.170  -28.924  73.329 0.0000000000
126301  38.201  -28.022  72.687 0.0000000000
51145  38.742  -30.433  74.324 0.0000000000
70396  45.623  -10.610  60.665 0.0000000000
71316  47.700  -9.306  60.733 0.0000000000
69513  46.757  -11.865  58.325 0.0000000000
68590  48.819  -12.219  57.508 0.0000000000
42512  10.550  -38.782  96.369 0.0000000000
67656  40.600  -13.918  62.586 0.0000000000
66772  39.371  -14.638  63.707 0.0000000000
61004  38.239  -20.715  65.019 0.0000000000
61015  39.849  -20.305  64.335 0.0000000000
59947  41.201  -21.375  66.254 0.0000000000
58898  41.985  -22.639  68.391 0.0000000000
47816  19.291  -33.402  84.327 0.0000000000
47785  20.975  -34.192  85.829 0.0000000000
45674  19.833  -35.342  86.832 0.0000000000
118842  19.501  -35.848  89.791 0.0000000000
45666  17.119  -35.609  87.360 0.0000000000
134594  14.376  -35.507  90.834 0.0000000000
44667  11.996  -36.807  93.000 0.0000000000
52213  30.454  -29.012  76.635 0.0000000000
49054  30.890  -32.407  76.572 0.0000000000
50079  28.932  -31.002  76.967 0.0000000000
48983  26.055  -32.026  81.740 0.0000000000
48981  28.688  -32.343  81.714 0.0000000000
56083  40.661  -25.161  74.324 0.0000000000
58826  39.350  -23.958  72.331 0.0000000000
65779  38.953  -15.571  66.459 0.0000000000
134108  38.292  -18.790  67.666 0.0000000000
60975  36.811  -20.668  67.275 0.0000000000
48970  24.380  -32.236  82.464 0.0000000000
117358  23.352  -32.621  84.341 0.0000000000
48972  21.652  -32.319  82.362 0.0000000000
51045  19.514  -30.917  83.086 0.0000000000
121599  17.955  -31.154  85.287 0.0000000000
52183  27.094  -29.598  77.979 0.0000000000
52185  25.636  -28.894  78.665 0.0000000000
135844  24.212  -31.081  79.590 0.0000000000
56074  35.425  -25.273  75.352 0.0000000000
56959  35.141  -24.671  73.647 0.0000000000
118832  36.912  -25.976  72.761 0.0000000000
54262  39.914  -26.732  73.600 0.0000000000
72124  52.423  -8.367  57.146 0.0000000000
70425  50.475  -10.415  56.983 0.0000000000
68587  51.384  -12.545  57.306 0.0000000000
68544  43.304  -12.697  60.733 0.0000000000
66799  45.173  -14.429  60.534 0.0000000000
131390  43.010  -14.386  61.254 0.0000000000
64842  43.045  -16.182  62.664 0.0000000000
63949  43.389  -17.659  64.463 0.0000000000
63965  38.873  -16.750  63.809 0.0000000000
133882  41.799  -18.713  64.202 0.0000000000
49051  35.611  -32.782  75.747 0.0000000000
49048  37.926  -31.942  76.597 0.0000000000
70369  43.845  -10.540  63.244 0.0000000000
48904  16.234  -33.182  87.849 0.0000000000
44713  15.626  -36.133  89.048 0.0000000000
43608  15.732  -37.374  90.415 0.0000000000
43572  15.535  -38.202  92.605 0.0000000000
41677  13.208  -39.352  93.578 0.0000000000
42525  11.055  -38.879  94.483 0.0000000000
44636  9.347  -36.561  95.234 0.0000000000
45563  8.223  -35.165  96.155 0.0000000000
50108  33.512  -31.309  73.995 0.0000000000
47933  32.840  -33.060  75.746 0.0000000000
114978  33.041  -33.559  77.977 0.0000000000
49009  28.434  -31.794  79.441 0.0000000000
58915  36.595  -22.721  67.711 0.0000000000
57916  36.353  -23.909  71.718 0.0000000000
122508  37.834  -24.068  70.318 0.0000000000
57947  39.954  -23.773  68.980 0.0000000000
51126  39.569  -30.511  76.824 0.0000000000
72145  57.017  -8.640  53.384 0.0000000000
71340  53.787  -9.558  55.723 0.0000000000
71348  55.549  -10.170  54.480 0.0000000000
67689  46.823  -13.813  58.978 0.0000000000
66806  47.932  -13.991  59.682 0.0000000000
66808  46.439  -14.095  59.501 0.0000000000
51157  36.210  -30.308  73.456 0.0000000000
51156  37.247  -30.376  73.536 0.0000000000
136833  37.330  -31.159  73.958 0.0000000000
68554  44.836  -12.219  59.731 0.0000000000
69493  45.923  -10.932  59.803 0.0000000000
68564  46.084  -12.435  58.666 0.0000000000
123236  46.767  -12.680  58.312 0.0000000000
42513  9.577  -38.139  96.700 0.0000000000
66764  39.831  -13.584  64.664 0.0000000000
66750  39.841  -13.760  65.479 0.0000000000
58936  38.539  -21.924  65.693 0.0000000000
59958  40.003  -21.501  65.342 0.0000000000
136226  39.800  -21.998  65.797 0.0000000000
58910  41.393  -22.277  67.600 0.0000000000
58911  40.532  -22.705  67.377 0.0000000000
47801  18.670  -33.670  84.945 0.0000000000
46707  19.161  -34.484  85.431 0.0000000000
46708  18.329  -34.318  85.688 0.0000000000
45676  18.256  -35.377  86.589 0.0000000000
45677  17.427  -35.045  86.652 0.0000000000
53248  30.007  -28.760  77.441 0.0000000000
126487  29.323  -29.762  76.586 0.0000000000
132820  29.012  -29.457  76.966 0.0000000000
130008  25.939  -32.210  82.623 0.0000000000
126607  34.279  -22.530  74.820 0.0000000000
127617  40.999  -24.024  74.162 0.0000000000
61980  37.293  -19.968  67.091 0.0000000000
128307  37.550  -19.485  68.546 0.0000000000
50022  23.454  -31.824  81.202 0.0000000000
129912  22.542  -32.187  82.037 0.0000000000
50012  22.068  -31.699  81.598 0.0000000000
51044  19.992  -30.365  82.644 0.0000000000
52108  19.367  -29.996  83.499 0.0000000000
51033  18.414  -30.870  84.573 0.0000000000
53219  26.279  -28.116  79.094 0.0000000000
52149  23.044  -29.582  80.057 0.0000000000
51098  23.712  -30.326  79.590 0.0000000000
51084  23.033  -30.797  80.148 0.0000000000
50021  24.052  -31.730  80.689 0.0000000000
56085  35.841  -25.711  73.743 0.0000000000
55212  36.087  -26.468  74.053 0.0000000000
52243  39.075  -28.968  73.418 0.0000000000
54264  38.559  -27.247  72.854 0.0000000000
54256  40.177  -27.588  73.906 0.0000000000
55210  40.550  -26.780  74.250 0.0000000000
53267  40.755  -28.393  75.293 0.0000000000
71321  48.406  -9.318  59.386 0.0000000000
71326  50.464  -8.956  57.861 0.0000000000
71334  50.013  -9.689  57.530 0.0000000000
67714  49.844  -13.029  57.722 0.0000000000
68588  50.448  -12.442  57.315 0.0000000000
67698  50.945  -13.520  58.308 0.0000000000
127768  42.345  -12.297  61.825 0.0000000000
67664  43.129  -13.556  60.874 0.0000000000
68546  42.162  -12.922  61.626 0.0000000000
66782  40.465  -14.938  62.507 0.0000000000
66780  41.752  -14.896  61.865 0.0000000000
64843  42.057  -16.246  62.509 0.0000000000
64829  43.510  -16.556  63.406 0.0000000000
63961  42.139  -17.423  63.436 0.0000000000
64787  38.436  -16.214  66.157 0.0000000000
65815  38.577  -15.721  64.710 0.0000000000
63951  38.381  -17.081  64.347 0.0000000000
62012  41.522  -20.190  65.206 0.0000000000
63029  41.043  -18.855  63.878 0.0000000000
62011  42.213  -19.622  65.316 0.0000000000
63015  42.902  -19.069  65.444 0.0000000000
47902  35.373  -33.490  77.208 0.0000000000
47900  36.976  -33.118  77.420 0.0000000000
69459  42.483  -11.236  64.108 0.0000000000
69467  42.573  -11.356  63.127 0.0000000000
120357  43.512  -11.307  61.675 0.0000000000
128604  22.307  -33.131  84.064 0.0000000000
128860  22.164  -33.272  84.824 0.0000000000
44701  18.239  -36.521  89.690 0.0000000000
45636  19.482  -35.656  90.539 0.0000000000
44684  18.347  -36.385  90.580 0.0000000000
44685  17.803  -36.625  91.178 0.0000000000
47744  15.812  -33.334  89.228 0.0000000000
46658  15.713  -34.845  88.206 0.0000000000
46638  15.545  -34.281  88.969 0.0000000000
44688  13.707  -36.459  91.331 0.0000000000
44696  14.681  -36.620  90.153 0.0000000000
43590  14.548  -37.817  91.154 0.0000000000
121651  15.989  -37.847  91.860 0.0000000000
42559  14.159  -38.274  91.694 0.0000000000
42534  14.468  -38.922  93.185 0.0000000000
130431  13.412  -38.793  92.630 0.0000000000
44654  11.901  -35.926  93.556 0.0000000000
43552  11.560  -37.834  93.309 0.0000000000
44656  10.620  -37.073  94.098 0.0000000000
43532  10.253  -37.614  94.497 0.0000000000
44635  10.162  -36.553  94.539 0.0000000000
52224  32.409  -29.549  75.472 0.0000000000
52235  33.275  -29.891  74.334 0.0000000000
51148  32.568  -30.252  74.474 0.0000000000
49090  33.037  -32.067  74.488 0.0000000000
50092  32.052  -31.675  74.789 0.0000000000
49034  30.642  -32.485  77.206 0.0000000000
47921  31.804  -33.060  76.981 0.0000000000
47889  31.726  -33.144  78.536 0.0000000000
50054  26.884  -31.095  78.590 0.0000000000
50053  27.512  -31.129  78.411 0.0000000000
50042  27.525  -31.529  79.050 0.0000000000
48980  29.528  -32.547  81.393 0.0000000000
66779  44.784  -14.975  61.787 0.0000000000
116728  46.210  -14.446  61.847 0.0000000000
66778  46.294  -14.416  62.799 0.0000000000
116749  35.164  -20.758  69.855 0.0000000000
132162  35.533  -21.421  68.868 0.0000000000
58883  35.653  -22.639  69.056 0.0000000000
56958  35.940  -24.547  72.656 0.0000000000
57901  35.242  -24.179  72.748 0.0000000000
57886  36.743  -24.111  71.998 0.0000000000
58842  39.752  -23.698  72.231 0.0000000000
57914  38.408  -24.139  71.638 0.0000000000
57913  39.471  -23.860  70.800 0.0000000000
57949  38.151  -24.018  69.360 0.0000000000
127252  40.458  -23.689  70.422 0.0000000000
126841  41.377  -23.522  69.658 0.0000000000
50074  39.010  -31.046  76.975 0.0000000000
72996  56.586  -7.677  54.810 0.0000000000
70440  52.463  -10.258  56.479 0.0000000000
72133  52.938  -8.722  56.576 0.0000000000
70438  53.620  -10.470  56.025 0.0000000000
70447  55.164  -10.619  55.135 0.0000000000
69564  56.709  -11.174  54.756 0.0000000000
53186  22.392  -28.424  81.121 0.0000000000
137337  21.316  -29.838  81.361 0.0000000000
67687  49.503  -13.702  59.250 0.0000000000
115080  50.124  -13.444  59.881 0.0000000000
67674  48.622  -13.802  59.905 0.0000000000
53287  36.255  -28.318  73.373 0.0000000000
54257  36.783  -27.918  72.952 0.0000000000
121197  36.772  -28.709  73.040 0.0000000000
132243  38.472  -29.391  73.361 0.0000000000
51144  39.313  -29.959  74.554 0.0000000000
71310  46.788  -9.538  61.867 0.0000000000
70395  46.420  -10.242  60.402 0.0000000000
70407  46.714  -10.518  59.542 0.0000000000
70415  47.760  -10.573  58.386 0.0000000000
70427  48.836  -10.775  57.497 0.0000000000
68591  48.068  -11.983  57.626 0.0000000000
68573  48.270  -12.904  57.909 0.0000000000
42511  11.433  -39.282  95.828 0.0000000000
135049  41.512  -12.000  63.793 0.0000000000
67655  41.199  -13.173  62.404 0.0000000000
68516  40.676  -12.977  63.240 0.0000000000
66771  39.912  -14.296  63.115 0.0000000000
119522  39.770  -15.939  63.035 0.0000000000
62013  37.963  -19.780  64.824 0.0000000000
62029  38.464  -19.182  64.278 0.0000000000
61016  38.804  -20.158  64.388 0.0000000000
61002  40.306  -20.888  64.890 0.0000000000
59946  41.920  -20.923  66.452 0.0000000000
59935  42.415  -21.108  67.182 0.0000000000
58897  42.771  -22.101  68.420 0.0000000000
46784  35.002  -34.317  79.663 0.0000000000
47815  20.109  -33.626  84.159 0.0000000000
47798  21.581  -33.677  85.362 0.0000000000
47799  20.627  -34.080  84.878 0.0000000000
46689  20.367  -34.772  86.317 0.0000000000
46657  20.695  -34.834  88.110 0.0000000000
45652  18.712  -36.206  88.050 0.0000000000
44711  17.190  -36.482  88.679 0.0000000000
46622  15.022  -34.428  90.373 0.0000000000
45624  14.036  -35.534  91.370 0.0000000000
45625  13.442  -35.682  92.189 0.0000000000
43574  12.855  -37.589  92.199 0.0000000000
131303  13.093  -35.340  93.099 0.0000000000
45601  12.858  -34.918  93.766 0.0000000000
45582  11.982  -34.798  94.571 0.0000000000
51137  30.751  -30.034  75.417 0.0000000000
50093  31.345  -31.330  75.101 0.0000000000
51127  30.156  -30.273  75.772 0.0000000000
50078  29.596  -31.452  76.743 0.0000000000
49035  29.859  -32.055  77.448 0.0000000000
131942  26.530  -31.963  80.939 0.0000000000
48996  27.399  -31.985  80.778 0.0000000000
48982  27.153  -32.109  81.689 0.0000000000
120319  45.166  -15.368  63.606 0.0000000000
58860  34.504  -22.568  71.722 0.0000000000
56097  39.432  -24.858  73.395 0.0000000000
57884  38.822  -24.136  72.314 0.0000000000
57883  39.796  -23.890  73.028 0.0000000000
57882  40.563  -23.670  73.409 0.0000000000
72131  54.778  -7.783  56.142 0.0000000000
43505  7.652  -37.135  96.553 0.0000000000
65765  39.454  -15.736  67.222 0.0000000000
63908  38.541  -16.875  66.858 0.0000000000
63000  37.719  -18.540  66.039 0.0000000000
61995  37.432  -20.069  66.130 0.0000000000
61005  37.630  -20.782  65.657 0.0000000000
59949  37.804  -21.964  65.984 0.0000000000
114763  25.152  -32.277  82.962 0.0000000000
114767  25.104  -32.366  84.716 0.0000000000
48956  23.709  -32.434  82.832 0.0000000000
48957  22.818  -32.604  82.802 0.0000000000
48958  21.117  -32.924  83.039 0.0000000000
51057  20.557  -31.009  82.113 0.0000000000
50001  20.149  -31.542  82.682 0.0000000000
48959  20.227  -32.483  83.109 0.0000000000
48943  19.511  -32.789  83.725 0.0000000000
49990  18.221  -31.877  84.765 0.0000000000
49976  17.727  -31.842  85.565 0.0000000000
53249  28.239  -28.741  77.823 0.0000000000
131074  27.119  -28.205  78.663 0.0000000000
52184  26.345  -29.370  78.300 0.0000000000
51113  25.756  -30.044  78.503 0.0000000000
53221  24.495  -28.541  79.743 0.0000000000
51097  24.503  -30.507  79.176 0.0000000000
50045  24.862  -31.290  79.480 0.0000000000
48997  24.853  -31.804  80.797 0.0000000000
48969  25.207  -32.082  82.133 0.0000000000
57863  35.026  -24.110  76.163 0.0000000000
56947  34.645  -24.100  74.820 0.0000000000
56946  34.995  -24.732  74.662 0.0000000000
56101  35.661  -25.102  73.447 0.0000000000
56099  37.402  -25.070  72.744 0.0000000000
54265  37.538  -27.510  72.733 0.0000000000
55219  38.560  -26.188  72.887 0.0000000000
56098  38.535  -25.090  73.077 0.0000000000
55211  40.295  -25.905  73.941 0.0000000000
123371  40.931  -25.978  74.547 0.0000000000
72125  51.701  -8.716  57.370 0.0000000000
71332  51.472  -9.430  57.007 0.0000000000
69544  51.873  -10.875  56.600 0.0000000000
69524  50.202  -11.495  57.037 0.0000000000
134297  51.601  -11.738  56.843 0.0000000000
68555  44.058  -12.366  60.282 0.0000000000
67675  44.776  -13.950  59.970 0.0000000000
67676  43.924  -13.495  60.326 0.0000000000
66791  43.664  -14.152  60.808 0.0000000000
65835  44.050  -15.230  62.135 0.0000000000
66793  41.349  -14.057  61.943 0.0000000000
65837  42.598  -14.996  61.719 0.0000000000
65825  44.201  -15.886  63.015 0.0000000000
64828  44.192  -16.353  63.773 0.0000000000
64817  44.500  -16.548  64.348 0.0000000000
65796  38.859  -14.978  65.164 0.0000000000
64819  38.831  -15.959  63.929 0.0000000000
64832  40.048  -16.589  63.029 0.0000000000
63030  39.079  -18.562  63.782 0.0000000000
63043  40.693  -18.131  63.459 0.0000000000
63962  41.244  -17.478  63.168 0.0000000000
63041  42.492  -18.080  64.161 0.0000000000
49087  35.703  -32.322  74.752 0.0000000000
49065  37.118  -31.940  75.112 0.0000000000
49066  36.413  -32.354  75.416 0.0000000000
119369  37.421  -32.554  76.984 0.0000000000
69483  44.401  -10.840  61.610 0.0000000000
69495  44.106  -11.453  60.888 0.0000000000
49962  17.343  -31.721  86.453 0.0000000000
48903  16.620  -32.332  87.944 0.0000000000
47773  16.621  -33.233  87.111 0.0000000000
46674  16.652  -34.808  87.192 0.0000000000
45653  16.798  -36.072  88.066 0.0000000000
44703  16.672  -36.746  89.375 0.0000000000
130458  15.141  -35.566  89.390 0.0000000000
135829  15.533  -36.547  89.456 0.0000000000
43607  16.394  -37.298  90.418 0.0000000000
43588  16.679  -37.409  91.595 0.0000000000
43571  16.174  -37.735  92.710 0.0000000000
41672  13.118  -39.558  94.261 0.0000000000
43551  12.222  -37.861  92.748 0.0000000000
42536  12.139  -38.752  93.296 0.0000000000
41667  11.547  -39.424  94.935 0.0000000000
42518  10.771  -38.992  95.369 0.0000000000
42519  9.983  -38.438  95.751 0.0000000000
43515  8.995  -37.134  96.033 0.0000000000
45584  9.959  -35.483  95.002 0.0000000000
132948  8.827  -36.445  95.785 0.0000000000
124434  8.233  -36.679  96.261 0.0000000000
51158  35.287  -30.207  73.472 0.0000000000
52248  33.895  -29.815  73.963 0.0000000000
50120  34.854  -30.955  73.579 0.0000000000
49088  34.780  -32.361  74.473 0.0000000000
47931  34.725  -33.078  75.785 0.0000000000
137336  33.849  -33.509  76.731 0.0000000000
49052  32.149  -32.770  75.750 0.0000000000
116997  32.851  -33.443  77.317 0.0000000000
47886  33.826  -33.781  78.099 0.0000000000
51120  28.358  -30.562  77.368 0.0000000000
50064  28.654  -31.328  77.761 0.0000000000
49008  29.398  -32.075  79.257 0.0000000000
48995  28.252  -31.980  80.445 0.0000000000
48994  29.679  -32.488  80.553 0.0000000000
48993  30.465  -32.780  80.049 0.0000000000
121607  46.000  -14.482  60.689 0.0000000000
60960  36.500  -20.530  68.076 0.0000000000
58929  36.700  -22.051  67.111 0.0000000000
58914  37.832  -23.093  66.990 0.0000000000
118612  34.304  -23.396  73.738 0.0000000000
135812  34.438  -22.889  72.361 0.0000000000
58859  34.857  -22.949  71.079 0.0000000000
116418  37.762  -24.184  71.743 0.0000000000
121258  36.439  -23.807  71.222 0.0000000000
125724  36.357  -23.534  69.895 0.0000000000
57950  37.097  -23.792  69.437 0.0000000000
57966  38.608  -23.876  68.466 0.0000000000
57978  39.146  -23.588  67.753 0.0000000000
57963  41.515  -23.226  68.797 0.0000000000
50104  38.420  -31.078  74.881 0.0000000000
51135  39.142  -30.528  75.240 0.0000000000
135495  40.048  -29.647  76.036 0.0000000000
52191  40.718  -29.730  77.137 0.0000000000
53256  41.013  -28.778  76.099 0.0000000000
72994  58.425  -7.168  54.372 0.0000000000
72132  54.053  -8.070  56.366 0.0000000000
72136  55.013  -8.190  55.460 0.0000000000
70448  54.365  -10.342  55.496 0.0000000000
71344  54.859  -9.670  54.850 0.0000000000
72141  55.232  -8.711  54.840 0.0000000000
71347  56.069  -9.561  53.946 0.0000000000
71351  57.215  -9.537  52.981 0.0000000000
67690  45.934  -13.626  59.083 0.0000000000
50118  36.627  -31.105  73.739 0.0000000000
69504  45.548  -11.845  59.322 0.0000000000
67702  46.442  -13.202  58.630 0.0000000000
130134  9.209  -37.935  97.656 0.0000000000
58935  39.203  -22.304  65.979 0.0000000000
58926  39.981  -22.417  66.493 0.0000000000
58912  39.644  -23.067  67.182 0.0000000000
46709  17.559  -34.238  86.129 0.0000000000
121958  18.062  -34.825  86.196 0.0000000000
53234  29.648  -28.598  78.274 0.0000000000
121777  29.094  -28.779  77.508 0.0000000000
48955  25.894  -32.362  83.429 0.0000000000
48954  26.590  -32.489  83.889 0.0000000000
58804  34.464  -22.855  75.493 0.0000000000
50023  22.623  -31.335  80.887 0.0000000000
48986  22.830  -31.894  81.544 0.0000000000
51071  21.695  -30.757  81.146 0.0000000000
50034  23.361  -31.441  80.556 0.0000000000
52231  39.691  -29.206  74.239 0.0000000000
53276  39.676  -28.336  73.622 0.0000000000
53275  40.248  -28.385  74.419 0.0000000000
54250  40.717  -27.600  74.682 0.0000000000
71320  49.066  -8.982  59.047 0.0000000000
71327  49.613  -9.100  58.359 0.0000000000
70413  49.181  -9.909  57.786 0.0000000000
67699  50.131  -13.508  58.357 0.0000000000
67697  51.677  -13.586  58.672 0.0000000000
42517  13.373  -39.373  95.785 0.0000000000
68535  41.777  -12.630  62.183 0.0000000000
65839  40.479  -15.918  62.653 0.0000000000
64844  41.280  -16.288  62.539 0.0000000000
115595  42.614  -16.768  63.087 0.0000000000
64830  41.723  -16.869  62.844 0.0000000000
63919  38.018  -17.004  65.838 0.0000000000
63936  37.966  -17.262  64.964 0.0000000000
61001  42.112  -20.290  65.896 0.0000000000
47885  35.936  -33.722  77.857 0.0000000000
68524  41.930  -11.710  63.526 0.0000000000
69476  42.731  -11.610  62.181 0.0000000000
44693  17.616  -36.790  90.286 0.0000000000
44687  14.236  -37.082  90.781 0.0000000000
42546  14.134  -38.689  92.379 0.0000000000
43573  13.505  -38.366  92.067 0.0000000000
45603  11.586  -35.615  94.081 0.0000000000
44655  11.263  -36.739  93.629 0.0000000000
44634  10.956  -36.219  94.187 0.0000000000
129907  32.673  -29.722  74.793 0.0000000000
51149  31.922  -30.726  74.668 0.0000000000
50109  32.619  -31.217  74.341 0.0000000000
49020  30.464  -32.495  78.076 0.0000000000
47905  31.306  -32.853  77.723 0.0000000000
134437  31.374  -33.090  79.161 0.0000000000
50055  26.059  -31.021  78.687 0.0000000000
65834  45.541  -14.784  62.316 0.0000000000
66770  45.650  -14.838  63.275 0.0000000000
60933  34.586  -21.418  70.988 0.0000000000
60932  34.840  -20.785  70.675 0.0000000000
59897  34.815  -21.638  70.179 0.0000000000
58884  35.200  -22.243  69.501 0.0000000000
56957  37.024  -24.513  72.353 0.0000000000
58858  39.352  -23.835  71.616 0.0000000000
128553  40.059  -23.646  71.236 0.0000000000
57912  40.833  -23.467  71.213 0.0000000000
72990  56.458  -7.370  55.698 0.0000000000
71341  53.056  -9.659  56.246 0.0000000000
70439  53.064  -10.569  56.351 0.0000000000
53187  21.569  -28.877  81.535 0.0000000000
53170  22.069  -27.883  81.936 0.0000000000
116454  48.506  -13.878  59.075 0.0000000000
137446  48.107  -13.893  60.206 0.0000000000
51155  38.232  -30.083  73.619 0.0000000000
52244  37.597  -29.329  73.156 0.0000000000
52232  38.982  -29.727  73.850 0.0000000000
70386  45.312  -10.410  61.618 0.0000000000
116429  46.172  -10.024  61.280 0.0000000000
69503  46.305  -11.390  59.021 0.0000000000
69502  47.036  -10.922  58.707 0.0000000000
70406  47.559  -10.028  59.253 0.0000000000
69511  48.135  -11.068  57.729 0.0000000000
69512  47.458  -11.453  58.025 0.0000000000
67701  47.358  -13.287  58.430 0.0000000000
126075  48.181  -13.575  58.515 0.0000000000
67700  49.081  -13.459  58.281 0.0000000000
128792  11.378  -39.026  96.624 0.0000000000
68515  41.037  -12.377  64.098 0.0000000000
67638  39.674  -13.809  63.927 0.0000000000
65826  39.787  -15.199  62.971 0.0000000000
59957  40.755  -21.191  65.542 0.0000000000
133246  41.436  -20.779  65.747 0.0000000000
59936  41.672  -21.567  67.020 0.0000000000
58909  42.183  -21.797  67.786 0.0000000000
134949  42.656  -22.718  68.888 0.0000000000
68514  41.782  -11.746  64.477 0.0000000000
47800  19.635  -34.062  84.749 0.0000000000
46690  19.529  -34.972  86.092 0.0000000000
46706  20.060  -34.530  85.454 0.0000000000
46673  20.582  -34.887  87.213 0.0000000000
45663  20.084  -35.457  87.714 0.0000000000
45664  19.309  -35.842  87.393 0.0000000000
128133  17.800  -35.691  87.075 0.0000000000
45665  18.483  -35.877  87.213 0.0000000000
44719  17.739  -36.152  87.830 0.0000000000
44710  18.059  -36.486  88.757 0.0000000000
46595  14.214  -34.750  92.150 0.0000000000
46576  12.652  -34.501  94.386 0.0000000000
52198  30.751  -28.898  77.396 0.0000000000
116560  31.115  -29.008  76.764 0.0000000000
52212  31.065  -29.141  76.187 0.0000000000
52225  30.595  -29.470  75.874 0.0000000000
51129  28.878  -30.229  76.903 0.0000000000
51128  29.484  -30.549  76.384 0.0000000000
50063  29.279  -31.518  77.362 0.0000000000
116856  25.670  -31.879  80.882 0.0000000000
59874  34.310  -21.637  72.675 0.0000000000
136152  34.198  -22.103  72.920 0.0000000000
56084  40.031  -25.047  73.792 0.0000000000
56945  39.915  -24.376  73.503 0.0000000000
56944  40.537  -24.482  74.026 0.0000000000
57862  41.582  -23.851  74.626 0.0000000000
57871  41.126  -23.580  74.011 0.0000000000
64775  39.287  -16.490  67.427 0.0000000000
62989  38.169  -18.327  67.068 0.0000000000
61979  37.686  -19.182  66.837 0.0000000000
60990  37.160  -20.828  66.427 0.0000000000
59961  37.529  -21.353  65.943 0.0000000000
59950  37.204  -21.666  66.456 0.0000000000
114764  24.327  -32.374  83.339 0.0000000000
116756  22.051  -33.011  83.233 0.0000000000
52120  20.851  -29.419  81.920 0.0000000000
51056  20.963  -30.481  81.659 0.0000000000
124846  20.513  -30.187  82.122 0.0000000000
50002  19.476  -31.760  83.319 0.0000000000
48929  18.026  -32.732  85.110 0.0000000000
114905  28.041  -28.291  78.526 0.0000000000
53218  27.964  -28.033  79.426 0.0000000000
137037  26.399  -28.617  78.509 0.0000000000
52165  24.291  -29.499  79.203 0.0000000000
50032  25.253  -31.732  80.111 0.0000000000
50033  24.473  -31.571  80.073 0.0000000000
48985  24.394  -31.971  81.542 0.0000000000
133362  35.290  -24.797  76.037 0.0000000000
56936  34.946  -24.489  75.448 0.0000000000
56100  36.323  -25.260  72.918 0.0000000000
53286  37.502  -28.364  72.793 0.0000000000
54263  39.482  -27.484  73.284 0.0000000000
125981  39.230  -26.697  73.148 0.0000000000
55218  39.486  -25.769  73.333 0.0000000000
55204  41.154  -26.804  74.887 0.0000000000
71309  47.521  -9.206  61.562 0.0000000000
72117  52.005  -7.991  57.874 0.0000000000
72118  51.126  -8.345  58.115 0.0000000000
71333  50.788  -9.561  57.237 0.0000000000
71325  51.099  -8.968  57.499 0.0000000000
70424  51.235  -10.211  56.765 0.0000000000
71342  51.844  -9.998  56.651 0.0000000000
69526  48.609  -11.518  57.476 0.0000000000
69525  49.280  -11.499  57.277 0.0000000000
116466  50.931  -11.899  56.988 0.0000000000
67665  42.443  -13.573  61.326 0.0000000000
65845  43.987  -14.741  61.285 0.0000000000
65846  43.357  -15.014  61.692 0.0000000000
131728  42.316  -15.614  62.134 0.0000000000
65836  43.274  -15.556  62.200 0.0000000000
64818  43.803  -16.917  64.074 0.0000000000
66751  39.378  -14.438  65.772 0.0000000000
127230  39.013  -15.056  65.969 0.0000000000
64820  38.521  -16.384  64.341 0.0000000000
64833  39.365  -16.324  63.404 0.0000000000
63964  39.526  -17.098  63.425 0.0000000000
62028  39.430  -19.505  63.936 0.0000000000
63042  41.591  -18.134  63.694 0.0000000000
49050  36.340  -32.633  76.125 0.0000000000
130334  44.759  -10.437  62.329 0.0000000000
70377  43.999  -10.704  62.383 0.0000000000
69484  43.503  -11.931  60.885 0.0000000000
114766  24.130  -32.386  84.341 0.0000000000
46621  20.081  -35.259  90.025 0.0000000000
48888  16.221  -32.826  88.702 0.0000000000
46692  16.864  -34.148  86.697 0.0000000000
47774  16.329  -33.939  87.420 0.0000000000
45667  16.353  -35.361  87.724 0.0000000000
45654  16.039  -35.779  88.366 0.0000000000
44712  16.402  -36.376  88.796 0.0000000000
46639  15.130  -34.785  89.535 0.0000000000
45638  14.650  -35.494  90.139 0.0000000000
43609  14.984  -37.386  90.488 0.0000000000
44695  15.442  -36.947  89.852 0.0000000000
43628  16.172  -37.079  89.886 0.0000000000
126095  16.194  -37.540  91.002 0.0000000000
42535  13.669  -39.082  93.086 0.0000000000
123000  14.890  -38.917  94.012 0.0000000000
41671  13.968  -39.283  93.941 0.0000000000
41665  13.721  -39.458  94.862 0.0000000000
135440  12.416  -37.184  92.594 0.0000000000
42537  11.452  -38.596  93.813 0.0000000000
42524  11.814  -39.214  94.143 0.0000000000
43514  9.667  -37.643  95.247 0.0000000000
42526  10.339  -38.363  94.830 0.0000000000
130981  9.368  -37.808  96.175 0.0000000000
45561  9.789  -34.705  95.758 0.0000000000
45585  9.152  -35.739  95.502 0.0000000000
44620  8.445  -35.900  95.915 0.0000000000
44621  7.698  -36.012  96.191 0.0000000000
52247  34.951  -29.450  73.652 0.0000000000
51160  33.675  -30.366  73.863 0.0000000000
50121  34.149  -30.869  73.719 0.0000000000
50107  34.403  -31.629  73.933 0.0000000000
49068  33.376  -32.792  75.032 0.0000000000
47932  33.794  -33.235  75.894 0.0000000000
49071  30.876  -31.887  75.867 0.0000000000
49070  31.706  -32.196  75.430 0.0000000000
49053  31.524  -32.682  76.250 0.0000000000
116072  32.236  -33.260  77.730 0.0000000000
132083  32.432  -33.297  76.983 0.0000000000
47904  33.509  -33.586  77.343 0.0000000000
46795  34.156  -33.958  78.941 0.0000000000
47887  33.326  -33.693  78.779 0.0000000000
52200  27.773  -29.337  77.740 0.0000000000
51121  27.750  -30.109  77.678 0.0000000000
50052  28.169  -31.405  78.532 0.0000000000
49022  28.953  -31.753  78.568 0.0000000000
123547  28.060  -32.130  81.273 0.0000000000
47861  30.322  -32.812  80.981 0.0000000000
132306  29.787  -32.387  79.820 0.0000000000
66809  45.696  -14.190  59.826 0.0000000000
61951  36.607  -19.544  69.377 0.0000000000
60945  36.192  -20.307  68.849 0.0000000000
58900  36.064  -22.670  68.424 0.0000000000
59925  36.101  -22.022  67.907 0.0000000000
136055  37.136  -22.755  67.165 0.0000000000
57980  37.328  -23.286  67.674 0.0000000000
56960  34.775  -24.318  74.210 0.0000000000
123887  34.518  -23.868  74.221 0.0000000000
57887  34.713  -24.045  73.562 0.0000000000
114856  35.439  -23.756  72.088 0.0000000000
57902  34.619  -23.535  72.759 0.0000000000
57918  34.830  -23.237  71.878 0.0000000000
57917  35.568  -23.515  71.323 0.0000000000
57885  37.686  -24.219  72.154 0.0000000000
57898  38.502  -24.126  71.907 0.0000000000
117396  37.926  -24.101  70.903 0.0000000000
135261  37.802  -24.186  71.621 0.0000000000
57932  36.970  -23.888  70.634 0.0000000000
57933  36.021  -23.549  70.569 0.0000000000
57948  39.094  -23.977  69.234 0.0000000000
57965  39.402  -23.785  68.475 0.0000000000
57964  40.117  -23.429  68.061 0.0000000000
118788  40.787  -23.503  68.825 0.0000000000
133625  42.236  -23.360  69.839 0.0000000000
49085  37.649  -31.426  74.631 0.0000000000
50076  37.931  -31.624  75.600 0.0000000000
50090  39.068  -30.792  76.178 0.0000000000
52207  39.603  -30.184  76.040 0.0000000000
51125  40.045  -29.910  76.688 0.0000000000
52206  40.563  -29.397  76.422 0.0000000000
72995  57.510  -7.460  54.568 0.0000000000
73000  57.717  -7.804  53.627 0.0000000000
72149  57.703  -8.568  52.881 0.0000000000
115184  53.543  -8.800  56.126 0.0000000000
72137  54.252  -8.629  55.691 0.0000000000
70446  55.897  -10.933  54.895 0.0000000000
131437  55.465  -9.326  54.414 0.0000000000
72140  55.971  -8.515  54.336 0.0000000000
66807  47.172  -14.110  59.614 0.0000000000
66798  46.613  -14.318  60.184 0.0000000000
52246  35.764  -29.493  73.427 0.0000000000
52245  36.613  -29.514  73.288 0.0000000000
51146  37.998  -30.847  74.070 0.0000000000
69494  45.206  -11.350  60.101 0.0000000000
67636  40.713  -12.692  64.838 0.0000000000
67623  40.300  -13.176  65.151 0.0000000000
66765  39.314  -14.265  64.703 0.0000000000
124996  38.653  -21.383  65.241 0.0000000000
59959  39.248  -21.708  65.449 0.0000000000
59948  40.464  -21.795  65.990 0.0000000000
58925  40.866  -21.987  66.815 0.0000000000
46691  18.738  -34.940  86.097 0.0000000000
45675  19.036  -35.487  86.645 0.0000000000
135659  13.389  -34.704  93.550 0.0000000000
121811  29.883  -29.588  76.235 0.0000000000
52214  29.620  -29.073  76.825 0.0000000000
136067  26.644  -32.179  82.372 0.0000000000
48968  26.642  -32.352  83.092 0.0000000000
58814  34.134  -22.613  74.071 0.0000000000
56072  41.301  -25.241  74.816 0.0000000000
56935  41.128  -24.514  74.506 0.0000000000
61964  37.877  -19.340  67.941 0.0000000000
61965  37.174  -19.949  67.937 0.0000000000
48971  23.457  -32.182  82.047 0.0000000000
127671  21.238  -31.420  81.775 0.0000000000
52121  20.351  -29.605  82.448 0.0000000000
52107  19.956  -29.312  83.034 0.0000000000
51032  18.983  -30.928  83.689 0.0000000000
53220  25.437  -28.255  79.458 0.0000000000
53185  23.051  -28.548  80.575 0.0000000000
52148  23.745  -29.242  79.640 0.0000000000
50046  23.747  -31.261  80.019 0.0000000000
56073  35.793  -25.937  74.738 0.0000000000
120793  36.344  -26.072  73.230 0.0000000000
53284  38.948  -28.163  72.981 0.0000000000
54249  41.266  -27.566  75.361 0.0000000000
71322  47.847  -9.428  59.976 0.0000000000
71314  49.035  -8.745  59.793 0.0000000000
67715  49.124  -12.830  57.711 0.0000000000
68589  49.619  -12.293  57.373 0.0000000000
67713  50.712  -13.141  57.744 0.0000000000
67712  51.546  -13.283  57.846 0.0000000000
130050  52.215  -13.439  58.049 0.0000000000
69485  42.926  -12.053  61.335 0.0000000000
68545  42.658  -12.832  61.214 0.0000000000
66781  41.055  -14.691  62.145 0.0000000000
65838  41.312  -15.539  62.250 0.0000000000
63960  43.008  -17.220  63.767 0.0000000000
65780  38.594  -15.617  65.599 0.0000000000
64803  38.207  -16.419  65.107 0.0000000000
63950  38.911  -17.598  63.786 0.0000000000
61014  40.790  -20.222  64.650 0.0000000000
62027  40.468  -19.594  64.058 0.0000000000
62026  41.468  -19.466  64.557 0.0000000000
62025  42.316  -18.894  64.781 0.0000000000
47917  35.150  -33.219  76.457 0.0000000000
47916  35.892  -33.030  76.598 0.0000000000
47901  36.238  -33.286  77.272 0.0000000000
137396  36.584  -33.560  77.766 0.0000000000
69466  43.143  -10.818  63.686 0.0000000000
69475  43.247  -10.995  62.698 0.0000000000
48940  22.838  -32.862  83.796 0.0000000000
48928  22.852  -32.856  84.641 0.0000000000
117359  22.900  -32.763  85.483 0.0000000000
45646  19.003  -36.208  89.105 0.0000000000
45637  18.937  -36.154  90.088 0.0000000000
119961  18.913  -35.946  90.824 0.0000000000
45630  18.496  -36.038  91.413 0.0000000000
119247  17.306  -36.915  91.829 0.0000000000
47758  15.837  -33.784  88.244 0.0000000000
45655  15.461  -35.225  88.859 0.0000000000
115506  14.219  -36.111  90.732 0.0000000000
43589  15.364  -37.762  91.071 0.0000000000
124400  14.925  -38.260  91.846 0.0000000000
42545  14.847  -38.588  92.619 0.0000000000
43531  10.775  -37.983  93.952 0.0000000000
51147  33.081  -30.555  74.099 0.0000000000
122875  32.526  -31.892  74.625 0.0000000000
49069  32.501  -32.429  75.076 0.0000000000
49033  31.209  -32.755  76.936 0.0000000000
47888  32.511  -33.435  78.648 0.0000000000
51111  27.243  -30.548  78.108 0.0000000000
47850  29.311  -32.569  82.226 0.0000000000
66790  44.772  -14.694  61.073 0.0000000000
66789  45.519  -14.659  61.338 0.0000000000
126211  35.571  -20.865  69.113 0.0000000000
59910  35.224  -21.493  69.324 0.0000000000
58901  35.553  -21.982  68.699 0.0000000000
57900  36.132  -24.043  72.077 0.0000000000
130270  39.034  -23.967  71.962 0.0000000000
115763  38.661  -24.055  71.124 0.0000000000
135313  38.261  -24.111  70.790 0.0000000000
57931  38.728  -24.069  70.257 0.0000000000
57930  39.701  -23.886  69.876 0.0000000000
133581  40.472  -23.701  69.535 0.0000000000
57929  41.287  -23.525  70.545 0.0000000000
116412  38.580  -31.686  77.119 0.0000000000
50075  38.532  -31.385  76.343 0.0000000000
51119  39.634  -30.895  77.543 0.0000000000
72139  56.813  -8.090  54.016 0.0000000000
71331  52.239  -9.299  56.731 0.0000000000
70455  56.291  -10.524  54.224 0.0000000000
52134  21.874  -29.583  80.944 0.0000000000
53184  23.864  -27.963  80.933 0.0000000000
52150  22.472  -29.278  80.571 0.0000000000
130038  36.288  -27.668  73.529 0.0000000000
53285  38.320  -28.722  72.992 0.0000000000
71317  46.944  -9.641  60.986 0.0000000000
70394  47.181  -9.824  60.141 0.0000000000
70405  48.168  -9.910  58.715 0.0000000000
70414  48.441  -10.257  58.060 0.0000000000
68574  47.392  -12.417  57.966 0.0000000000
42510  12.375  -39.209  96.502 0.0000000000
68525  41.388  -12.323  63.083 0.0000000000
67637  40.234  -13.075  64.165 0.0000000000
67646  40.149  -13.556  63.387 0.0000000000
63016  37.753  -18.820  64.978 0.0000000000
63031  38.239  -18.063  64.421 0.0000000000
61003  39.280  -21.043  64.814 0.0000000000
133709  40.984  -20.669  65.185 0.0000000000
59924  42.952  -21.329  67.886 0.0000000000
59923  43.533  -21.690  68.511 0.0000000000
119031  34.993  -34.140  78.864 0.0000000000
46794  35.804  -34.112  78.556 0.0000000000
46783  35.727  -34.415  79.333 0.0000000000
48942  20.578  -33.248  83.604 0.0000000000
47814  21.154  -33.670  84.362 0.0000000000
45651  19.566  -35.896  88.316 0.0000000000
46608  14.609  -34.855  91.127 0.0000000000
44679  13.147  -36.752  91.858 0.0000000000
45614  12.711  -36.417  92.597 0.0000000000
45615  12.471  -35.693  93.320 0.0000000000
45602  12.272  -35.188  93.968 0.0000000000
131325  31.382  -29.515  75.508 0.0000000000
51136  31.286  -30.335  75.062 0.0000000000
50094  30.663  -30.875  75.430 0.0000000000
50077  30.077  -31.245  76.032 0.0000000000
49055  30.267  -32.005  76.600 0.0000000000
50031  26.095  -31.807  80.182 0.0000000000
49011  26.841  -31.853  80.271 0.0000000000
130904  27.954  -32.231  81.972 0.0000000000
123559  27.461  -32.345  82.640 0.0000000000
48967  28.421  -32.457  82.473 0.0000000000
59886  34.390  -21.685  71.766 0.0000000000
58874  34.596  -22.176  70.971 0.0000000000
56955  39.147  -24.363  72.977 0.0000000000
57872  40.492  -24.145  73.756 0.0000000000
58825  40.256  -23.529  72.877 0.0000000000
58841  40.595  -23.288  72.501 0.0000000000
72991  55.578  -7.520  55.921 0.0000000000
68604  53.856  -11.868  56.677 0.0000000000
69542  53.435  -11.239  56.458 0.0000000000
43504  8.469  -37.625  96.992 0.0000000000
65778  39.599  -14.895  66.765 0.0000000000
64786  38.900  -16.146  66.860 0.0000000000
126544  38.049  -17.679  66.451 0.0000000000
61994  37.620  -19.431  65.643 0.0000000000
62014  37.704  -20.178  65.376 0.0000000000
59960  38.050  -21.386  65.530 0.0000000000
58927  38.384  -22.570  66.353 0.0000000000
130438  25.866  -32.434  84.234 0.0000000000
114765  25.080  -32.358  83.833 0.0000000000
48939  23.529  -32.558  83.610 0.0000000000
48973  20.823  -31.784  82.252 0.0000000000
136064  20.774  -32.285  82.647 0.0000000000
49989  18.783  -31.853  83.969 0.0000000000
48944  18.683  -32.756  84.379 0.0000000000
48930  17.405  -32.607  85.891 0.0000000000
53236  27.483  -28.744  78.057 0.0000000000
137303  26.838  -28.843  78.192 0.0000000000
51112  26.531  -30.312  78.297 0.0000000000
52164  24.882  -28.886  79.057 0.0000000000
51096  24.998  -29.761  78.819 0.0000000000
128831  25.252  -30.779  78.893 0.0000000000
50044  25.666  -31.477  79.405 0.0000000000
48984  25.244  -31.917  81.435 0.0000000000
57864  34.646  -23.711  75.496 0.0000000000
56086  35.437  -25.265  74.275 0.0000000000
55221  36.606  -26.954  73.164 0.0000000000
55220  37.657  -26.621  72.779 0.0000000000
124019  37.761  -25.767  72.763 0.0000000000
70426  49.650  -10.603  57.261 0.0000000000
124402  51.042  -11.118  56.757 0.0000000000
69523  52.267  -11.634  56.734 0.0000000000
67691  44.623  -13.135  59.707 0.0000000000
120620  45.233  -13.592  59.480 0.0000000000
66800  44.371  -14.304  60.617 0.0000000000
67666  41.802  -13.419  61.789 0.0000000000
66792  42.120  -14.251  61.565 0.0000000000
65813  44.801  -15.924  63.962 0.0000000000
65814  38.902  -15.117  64.249 0.0000000000
65827  39.277  -15.516  63.502 0.0000000000
62038  40.078  -18.816  63.669 0.0000000000
63044  39.750  -17.941  63.500 0.0000000000
63963  40.344  -17.350  63.184 0.0000000000
63028  43.051  -18.399  64.938 0.0000000000
50105  36.154  -31.723  74.103 0.0000000000
49086  36.480  -32.020  74.733 0.0000000000
49049  37.106  -32.241  76.092 0.0000000000
47915  36.660  -32.792  76.758 0.0000000000
69482  44.851  -11.001  60.855 0.0000000000
117912  44.572  -11.649  60.322 0.0000000000
48927  23.472  -32.526  85.050 0.0000000000
117983  17.656  -31.002  86.074 0.0000000000
49949  17.114  -31.592  87.472 0.0000000000
48917  16.954  -32.458  86.807 0.0000000000
47786  17.096  -33.384  86.270 0.0000000000
135757  16.091  -34.542  87.687 0.0000000000
44705  15.081  -36.258  89.587 0.0000000000
44704  15.980  -36.696  89.391 0.0000000000
44694  16.877  -37.037  90.028 0.0000000000
44686  17.009  -37.182  90.883 0.0000000000
44678  16.746  -37.266  92.456 0.0000000000
124817  12.976  -39.665  94.968 0.0000000000
42547  12.806  -38.472  92.630 0.0000000000
117515  12.902  -39.090  93.071 0.0000000000
41678  12.554  -39.349  93.774 0.0000000000
41673  12.359  -39.546  94.565 0.0000000000
41666  12.297  -39.587  95.407 0.0000000000
45560  10.754  -34.548  95.415 0.0000000000
56064  35.793  -25.341  76.376 0.0000000000
51159  34.400  -30.104  73.644 0.0000000000
50106  35.283  -31.757  73.957 0.0000000000
122178  35.036  -32.785  75.108 0.0000000000
49089  33.889  -32.278  74.394 0.0000000000
49067  34.277  -32.871  75.055 0.0000000000
136303  34.851  -33.465  76.888 0.0000000000
47903  34.436  -33.665  77.376 0.0000000000
47920  32.284  -33.108  76.371 0.0000000000
47919  33.067  -33.387  76.606 0.0000000000
128877  34.511  -33.882  78.260 0.0000000000
52199  28.388  -29.584  77.335 0.0000000000
50065  27.886  -30.903  77.900 0.0000000000
49036  29.297  -31.771  77.910 0.0000000000
49021  29.714  -32.119  78.394 0.0000000000
49007  30.265  -32.500  79.091 0.0000000000
49010  27.529  -31.788  79.932 0.0000000000
122189  28.882  -32.251  80.928 0.0000000000
114294  29.093  -32.105  80.106 0.0000000000
47874  30.891  -32.891  79.374 0.0000000000
114162  31.307  -33.187  79.913 0.0000000000
136089  46.139  -14.491  61.258 0.0000000000
66788  46.740  -14.293  61.146 0.0000000000
61950  37.397  -19.216  69.191 0.0000000000
61966  36.914  -19.814  68.665 0.0000000000
60961  35.889  -21.229  68.381 0.0000000000
60976  36.378  -21.329  67.550 0.0000000000
59937  36.789  -21.327  66.913 0.0000000000
58928  37.476  -22.391  66.627 0.0000000000
58913  38.737  -23.202  67.017 0.0000000000
57873  34.332  -23.324  74.685 0.0000000000
58827  34.205  -22.680  73.104 0.0000000000
57899  37.008  -24.082  71.737 0.0000000000
57915  37.192  -24.061  71.530 0.0000000000
57934  35.344  -23.153  70.580 0.0000000000
57952  35.588  -23.062  69.801 0.0000000000
57951  36.197  -23.239  69.121 0.0000000000
57968  36.763  -23.338  68.417 0.0000000000
57967  37.665  -23.735  68.469 0.0000000000
57979  38.203  -23.560  67.667 0.0000000000
58899  41.068  -22.966  68.173 0.0000000000
57962  42.151  -23.151  69.165 0.0000000000
116697  36.920  -31.616  74.334 0.0000000000
50091  38.629  -31.103  75.640 0.0000000000
52220  39.793  -29.689  75.239 0.0000000000
52219  40.387  -29.148  75.686 0.0000000000
51118  40.178  -30.309  77.406 0.0000000000
53266  41.337  -28.145  75.844 0.0000000000
119752  53.491  -8.257  56.585 0.0000000000
69555  54.864  -11.094  55.645 0.0000000000
71345  54.340  -9.428  55.335 0.0000000000
122084  54.700  -8.908  55.194 0.0000000000
72146  56.444  -8.793  53.772 0.0000000000
70464  56.708  -10.125  53.569 0.0000000000
71352  56.644  -9.336  53.485 0.0000000000
47918  34.466  -33.394  76.517 0.0000000000
58843  34.299  -22.265  72.419 0.0000000000
67703  45.888  -13.085  58.748 0.0000000000
