#!ascii label  , from subject sub-v2s10x28954_ses-1 vox2ras=TkReg
910
54170  24.371  -26.982  84.455 0.0000000000
50969  34.214  -29.221  89.024 0.0000000000
66736  40.719  -13.631  66.965 0.0000000000
57855  34.829  -23.236  76.242 0.0000000000
53197  37.479  -28.180  81.824 0.0000000000
133149  53.025  -7.339  58.960 0.0000000000
63882  42.079  -17.046  70.078 0.0000000000
61936  38.035  -18.793  69.798 0.0000000000
53144  19.406  -28.600  84.734 0.0000000000
52049  28.955  -28.276  86.685 0.0000000000
51031  31.581  -29.656  83.878 0.0000000000
117015  26.298  -28.103  81.318 0.0000000000
71299  46.574  -9.351  63.601 0.0000000000
55072  26.308  -24.985  89.736 0.0000000000
55959  21.626  -25.130  89.106 0.0000000000
128802  44.673  -9.332  67.591 0.0000000000
52029  18.243  -28.676  89.810 0.0000000000
47732  15.686  -32.975  90.097 0.0000000000
61897  37.804  -19.001  75.787 0.0000000000
56043  37.237  -25.201  79.219 0.0000000000
52193  36.092  -29.501  76.966 0.0000000000
51082  33.789  -29.911  80.623 0.0000000000
62933  42.037  -17.810  71.983 0.0000000000
62965  40.397  -18.238  69.645 0.0000000000
62919  40.499  -18.300  72.450 0.0000000000
64735  44.585  -15.622  71.954 0.0000000000
54194  22.767  -27.287  82.613 0.0000000000
53172  20.560  -28.795  82.645 0.0000000000
54173  21.235  -26.841  84.248 0.0000000000
114607  26.404  -27.875  85.077 0.0000000000
116788  27.679  -29.255  84.010 0.0000000000
53153  26.048  -28.266  83.006 0.0000000000
53204  23.722  -28.583  80.210 0.0000000000
68502  41.280  -12.244  65.124 0.0000000000
67589  42.773  -12.419  69.233 0.0000000000
68476  42.754  -11.512  67.730 0.0000000000
69444  43.249  -10.816  65.701 0.0000000000
132988  21.143  -25.152  91.763 0.0000000000
55084  19.926  -26.018  89.499 0.0000000000
54088  19.435  -26.430  92.002 0.0000000000
49876  16.106  -31.133  94.222 0.0000000000
49897  16.552  -31.287  92.530 0.0000000000
131409  15.674  -32.916  92.443 0.0000000000
46584  13.761  -34.837  92.988 0.0000000000
46561  13.067  -33.865  94.759 0.0000000000
56032  38.802  -24.733  80.619 0.0000000000
54219  37.177  -27.156  80.097 0.0000000000
54230  37.033  -27.566  78.074 0.0000000000
52160  36.920  -28.728  79.222 0.0000000000
52132  30.326  -29.332  81.283 0.0000000000
51068  32.948  -29.945  81.878 0.0000000000
52162  31.483  -29.544  79.474 0.0000000000
52196  32.457  -29.755  77.425 0.0000000000
59842  35.738  -20.885  76.219 0.0000000000
61914  35.637  -19.724  73.329 0.0000000000
59863  34.212  -21.855  73.499 0.0000000000
73801  56.910  -6.600  57.894 0.0000000000
72976  54.316  -7.389  57.480 0.0000000000
66706  41.567  -14.632  68.744 0.0000000000
63906  39.848  -16.866  68.066 0.0000000000
66687  43.561  -14.197  70.724 0.0000000000
135980  31.790  -28.517  88.552 0.0000000000
51003  32.963  -29.618  85.778 0.0000000000
121210  29.648  -28.986  84.905 0.0000000000
52119  28.856  -29.325  82.378 0.0000000000
53218  27.964  -28.033  79.426 0.0000000000
72083  47.281  -8.400  65.486 0.0000000000
72097  48.476  -8.321  63.506 0.0000000000
72108  49.710  -8.047  60.792 0.0000000000
72112  50.867  -7.932  59.080 0.0000000000
54135  25.000  -26.148  86.462 0.0000000000
55098  23.409  -25.275  87.021 0.0000000000
55956  24.538  -24.654  89.026 0.0000000000
54123  27.535  -26.881  88.241 0.0000000000
70336  45.138  -9.423  65.896 0.0000000000
55106  20.644  -26.203  86.686 0.0000000000
119318  18.540  -28.613  86.945 0.0000000000
49948  17.414  -30.819  87.998 0.0000000000
51993  17.748  -29.276  92.205 0.0000000000
49930  17.094  -31.100  89.669 0.0000000000
46543  10.604  -34.048  96.058 0.0000000000
62887  39.594  -18.296  75.049 0.0000000000
59816  36.344  -21.790  77.659 0.0000000000
57836  37.710  -23.694  79.471 0.0000000000
56920  36.511  -24.459  78.073 0.0000000000
55196  36.764  -26.805  77.127 0.0000000000
53258  36.515  -28.131  76.279 0.0000000000
52233  34.815  -29.191  74.357 0.0000000000
49974  34.123  -30.199  84.746 0.0000000000
117752  35.041  -30.102  83.226 0.0000000000
51080  36.238  -29.293  80.662 0.0000000000
51107  35.265  -29.809  78.671 0.0000000000
52210  33.702  -29.669  75.905 0.0000000000
62922  37.708  -18.489  72.320 0.0000000000
60946  35.815  -20.059  69.614 0.0000000000
62906  42.790  -18.029  73.716 0.0000000000
132053  41.604  -17.992  72.446 0.0000000000
122568  41.366  -18.135  73.773 0.0000000000
63841  43.659  -17.635  73.210 0.0000000000
54182  23.512  -27.121  83.355 0.0000000000
54183  22.506  -27.001  83.404 0.0000000000
55123  22.701  -26.426  84.767 0.0000000000
54158  25.224  -26.987  85.123 0.0000000000
119185  25.902  -27.839  84.045 0.0000000000
53142  25.118  -27.459  83.941 0.0000000000
54193  23.865  -27.361  82.609 0.0000000000
67622  40.867  -12.781  65.628 0.0000000000
67600  41.820  -12.979  68.133 0.0000000000
68468  42.710  -11.895  68.444 0.0000000000
67610  41.668  -12.572  67.091 0.0000000000
68490  42.186  -11.859  66.703 0.0000000000
49877  15.651  -31.673  94.575 0.0000000000
48827  15.906  -31.837  93.758 0.0000000000
47698  15.054  -33.076  93.710 0.0000000000
47712  14.815  -34.041  92.580 0.0000000000
120350  14.418  -33.436  94.112 0.0000000000
46575  13.279  -34.310  94.126 0.0000000000
137305  38.782  -26.515  81.726 0.0000000000
53213  37.199  -27.586  80.762 0.0000000000
53214  36.918  -28.057  79.736 0.0000000000
52159  36.822  -28.523  80.178 0.0000000000
50978  34.657  -29.429  88.349 0.0000000000
53198  29.939  -29.049  79.842 0.0000000000
52163  30.709  -29.301  79.674 0.0000000000
53215  30.157  -28.876  79.007 0.0000000000
130535  31.018  -29.117  78.090 0.0000000000
58803  34.866  -22.299  76.113 0.0000000000
59853  34.881  -21.283  74.923 0.0000000000
72954  52.324  -7.350  60.296 0.0000000000
115009  53.296  -7.214  60.499 0.0000000000
72959  54.554  -6.903  59.186 0.0000000000
72967  55.204  -6.802  58.600 0.0000000000
72977  53.621  -7.518  57.620 0.0000000000
64761  41.671  -16.113  69.262 0.0000000000
64763  40.485  -16.300  68.359 0.0000000000
64762  41.146  -16.585  68.968 0.0000000000
62966  39.643  -18.533  69.712 0.0000000000
62978  39.535  -18.397  68.883 0.0000000000
61949  38.119  -19.098  68.881 0.0000000000
64736  43.700  -16.413  71.503 0.0000000000
64751  42.859  -15.793  70.311 0.0000000000
65743  42.609  -15.196  69.887 0.0000000000
53156  20.284  -28.412  83.439 0.0000000000
52095  18.590  -29.886  84.930 0.0000000000
52038  30.194  -28.205  87.999 0.0000000000
52063  30.506  -28.708  86.448 0.0000000000
52064  29.475  -28.686  85.921 0.0000000000
115036  26.896  -28.925  82.419 0.0000000000
52106  27.957  -29.514  83.299 0.0000000000
53166  27.514  -28.976  82.049 0.0000000000
53182  28.519  -28.933  81.144 0.0000000000
115209  27.226  -28.383  81.234 0.0000000000
53220  25.437  -28.255  79.458 0.0000000000
55205  36.119  -26.636  75.203 0.0000000000
71294  47.258  -8.673  64.699 0.0000000000
116195  47.922  -8.325  64.854 0.0000000000
72098  47.735  -8.764  63.330 0.0000000000
71315  48.436  -8.933  60.416 0.0000000000
71314  49.035  -8.745  59.793 0.0000000000
72113  50.142  -8.131  59.519 0.0000000000
55089  25.549  -25.602  88.040 0.0000000000
55090  24.765  -25.281  87.790 0.0000000000
55955  25.357  -24.736  89.446 0.0000000000
54112  27.132  -26.297  88.732 0.0000000000
54125  25.970  -26.245  87.502 0.0000000000
71279  45.788  -8.743  66.757 0.0000000000
71274  44.671  -9.503  67.094 0.0000000000
69466  43.143  -10.818  63.686 0.0000000000
55979  22.454  -25.240  87.675 0.0000000000
55105  21.623  -25.867  86.279 0.0000000000
55092  21.030  -25.693  87.974 0.0000000000
124784  18.626  -27.926  89.272 0.0000000000
54128  19.102  -27.229  88.648 0.0000000000
52040  18.274  -28.726  88.913 0.0000000000
129093  17.982  -29.611  87.755 0.0000000000
50971  17.635  -29.997  89.217 0.0000000000
51983  17.675  -28.925  93.088 0.0000000000
48855  16.152  -32.145  91.334 0.0000000000
49906  16.923  -31.022  91.295 0.0000000000
48874  16.579  -31.678  90.107 0.0000000000
48887  16.583  -31.916  89.133 0.0000000000
60851  37.459  -20.794  78.099 0.0000000000
56042  37.951  -24.948  79.982 0.0000000000
56905  38.392  -24.289  80.236 0.0000000000
56911  37.422  -24.334  79.277 0.0000000000
56912  36.993  -24.261  78.780 0.0000000000
56044  36.886  -24.978  78.647 0.0000000000
56052  36.604  -25.496  77.817 0.0000000000
123201  36.743  -26.263  77.600 0.0000000000
53246  36.781  -28.802  77.028 0.0000000000
53257  36.988  -28.018  76.943 0.0000000000
53247  36.253  -28.937  76.430 0.0000000000
53269  35.643  -28.624  74.752 0.0000000000
52221  35.148  -29.137  75.436 0.0000000000
124226  32.512  -29.778  84.922 0.0000000000
137496  33.364  -29.989  85.332 0.0000000000
51029  32.862  -30.640  83.896 0.0000000000
119511  33.618  -29.978  81.386 0.0000000000
50011  33.946  -30.491  82.778 0.0000000000
51066  34.444  -30.001  81.479 0.0000000000
50018  35.701  -29.621  82.044 0.0000000000
132690  35.132  -29.815  81.165 0.0000000000
133160  35.650  -29.696  79.391 0.0000000000
122410  34.778  -29.809  79.477 0.0000000000
52211  31.840  -29.365  76.437 0.0000000000
124630  32.960  -29.752  76.485 0.0000000000
62888  38.649  -18.541  75.427 0.0000000000
62909  39.065  -18.374  73.529 0.0000000000
124258  37.605  -18.642  74.118 0.0000000000
60923  34.643  -20.857  71.465 0.0000000000
61929  35.507  -19.651  71.525 0.0000000000
73810  57.938  -6.691  56.859 0.0000000000
63873  42.373  -17.246  70.720 0.0000000000
63883  41.440  -17.492  69.764 0.0000000000
62948  41.270  -18.028  70.810 0.0000000000
117012  40.134  -18.390  70.856 0.0000000000
62936  39.223  -18.477  71.054 0.0000000000
64716  44.954  -16.577  73.201 0.0000000000
63861  44.044  -16.737  72.039 0.0000000000
53171  21.247  -28.340  82.250 0.0000000000
53155  20.970  -27.906  83.038 0.0000000000
54174  20.440  -27.258  84.606 0.0000000000
53115  27.487  -28.188  85.720 0.0000000000
52066  27.892  -28.595  85.296 0.0000000000
53127  27.019  -28.685  84.289 0.0000000000
53152  26.703  -28.847  83.104 0.0000000000
53167  26.300  -28.477  82.280 0.0000000000
53183  25.677  -27.945  81.540 0.0000000000
130293  24.762  -27.727  81.537 0.0000000000
136274  23.243  -27.906  81.160 0.0000000000
70385  46.008  -9.858  62.169 0.0000000000
55942  25.882  -24.595  90.249 0.0000000000
69400  43.602  -11.362  69.986 0.0000000000
69409  43.364  -11.040  69.008 0.0000000000
70324  43.476  -10.551  68.011 0.0000000000
70338  43.895  -10.274  66.298 0.0000000000
69432  42.684  -11.317  66.106 0.0000000000
68501  41.971  -11.761  65.595 0.0000000000
55933  21.796  -24.790  90.977 0.0000000000
55073  20.831  -25.427  89.816 0.0000000000
55074  20.077  -25.794  90.557 0.0000000000
54101  19.421  -26.372  91.137 0.0000000000
53078  18.414  -27.794  90.991 0.0000000000
118129  16.943  -30.132  93.575 0.0000000000
49887  16.366  -31.262  93.423 0.0000000000
48846  16.087  -32.139  92.279 0.0000000000
134859  15.548  -33.358  91.289 0.0000000000
46594  14.793  -34.218  91.815 0.0000000000
55174  38.240  -25.447  80.480 0.0000000000
55175  37.352  -25.865  79.600 0.0000000000
55186  36.908  -26.742  77.920 0.0000000000
54229  36.928  -27.478  79.022 0.0000000000
53231  37.070  -28.377  78.495 0.0000000000
52176  36.728  -29.564  78.233 0.0000000000
52116  30.985  -29.314  82.389 0.0000000000
51042  32.476  -30.324  83.345 0.0000000000
52131  31.543  -29.374  81.927 0.0000000000
52130  32.082  -29.512  81.247 0.0000000000
51095  33.056  -29.874  79.946 0.0000000000
51110  33.202  -29.873  79.196 0.0000000000
131227  32.164  -29.727  78.213 0.0000000000
52197  31.560  -29.313  77.546 0.0000000000
60887  36.962  -19.608  76.077 0.0000000000
132284  36.252  -19.537  74.593 0.0000000000
60895  35.279  -20.573  74.536 0.0000000000
60904  34.536  -21.011  73.170 0.0000000000
73791  55.939  -6.554  59.030 0.0000000000
72974  56.183  -6.965  57.375 0.0000000000
66722  41.159  -13.860  68.004 0.0000000000
66737  40.060  -14.062  66.410 0.0000000000
65764  40.236  -15.362  67.822 0.0000000000
62977  40.295  -18.028  68.968 0.0000000000
62988  38.890  -18.179  67.896 0.0000000000
66674  45.523  -14.398  72.789 0.0000000000
67556  44.563  -13.811  71.598 0.0000000000
120094  44.439  -13.069  71.456 0.0000000000
131951  43.295  -13.527  70.312 0.0000000000
67577  42.451  -13.765  69.418 0.0000000000
52035  32.923  -28.894  88.859 0.0000000000
50979  33.995  -29.323  88.223 0.0000000000
50981  32.638  -29.051  87.587 0.0000000000
51004  32.090  -29.212  85.705 0.0000000000
51019  31.065  -29.334  84.276 0.0000000000
136109  28.278  -29.180  84.257 0.0000000000
52091  29.467  -29.207  83.443 0.0000000000
52103  29.998  -29.248  82.975 0.0000000000
52133  29.854  -29.259  81.682 0.0000000000
53199  29.203  -28.876  80.053 0.0000000000
53217  28.587  -28.259  79.032 0.0000000000
72092  49.873  -7.708  63.644 0.0000000000
71303  47.988  -8.814  61.990 0.0000000000
131901  48.627  -8.460  61.940 0.0000000000
72103  50.022  -7.753  61.726 0.0000000000
72956  50.436  -7.697  60.802 0.0000000000
72963  51.503  -7.509  59.640 0.0000000000
72971  51.701  -7.712  58.717 0.0000000000
72978  52.819  -7.725  57.707 0.0000000000
54144  24.847  -26.506  85.714 0.0000000000
54145  23.765  -26.197  85.629 0.0000000000
54136  24.161  -25.864  86.306 0.0000000000
55091  23.921  -24.980  87.674 0.0000000000
121517  22.914  -24.693  88.780 0.0000000000
132052  25.136  -24.430  90.139 0.0000000000
55944  22.537  -24.471  90.114 0.0000000000
55932  21.979  -24.653  91.923 0.0000000000
52016  33.227  -28.542  90.248 0.0000000000
52017  32.438  -28.378  90.061 0.0000000000
52028  30.481  -28.045  88.839 0.0000000000
53094  29.671  -27.791  88.511 0.0000000000
53085  28.353  -27.135  88.632 0.0000000000
53096  27.996  -27.408  87.768 0.0000000000
53106  26.897  -27.607  86.234 0.0000000000
54143  25.483  -26.696  86.062 0.0000000000
72067  46.874  -7.971  67.132 0.0000000000
72084  46.588  -8.489  66.102 0.0000000000
71296  45.882  -9.498  64.093 0.0000000000
70347  44.425  -9.875  65.713 0.0000000000
128717  44.682  -9.936  64.369 0.0000000000
116276  45.026  -10.142  63.028 0.0000000000
55113  21.965  -26.107  85.364 0.0000000000
55114  20.878  -26.332  85.794 0.0000000000
54162  19.532  -27.556  85.882 0.0000000000
54137  19.704  -26.642  88.056 0.0000000000
54147  19.344  -27.400  86.764 0.0000000000
53118  18.977  -28.144  86.426 0.0000000000
52068  18.222  -29.684  86.360 0.0000000000
51005  17.816  -30.295  86.603 0.0000000000
53068  18.492  -27.828  91.726 0.0000000000
52007  17.761  -29.228  90.960 0.0000000000
49917  17.239  -30.517  91.001 0.0000000000
129504  17.594  -29.960  89.967 0.0000000000
49940  17.380  -30.638  88.951 0.0000000000
46563  11.675  -34.298  95.212 0.0000000000
131093  41.119  -18.102  74.303 0.0000000000
61886  37.723  -19.399  76.589 0.0000000000
60876  36.473  -20.434  76.581 0.0000000000
59831  36.081  -21.233  76.970 0.0000000000
58786  35.365  -22.676  76.912 0.0000000000
128960  37.167  -23.120  78.801 0.0000000000
57845  36.262  -23.473  77.897 0.0000000000
57854  35.331  -23.683  76.859 0.0000000000
56928  35.544  -24.542  76.705 0.0000000000
56063  36.079  -26.014  75.810 0.0000000000
55197  36.460  -26.712  76.284 0.0000000000
54237  37.004  -27.488  77.358 0.0000000000
54244  36.764  -27.400  76.662 0.0000000000
54245  36.360  -27.312  75.728 0.0000000000
53277  36.027  -28.073  74.182 0.0000000000
53278  35.598  -28.776  73.781 0.0000000000
52128  37.812  -28.316  82.603 0.0000000000
121125  34.244  -29.603  86.896 0.0000000000
49959  34.288  -29.764  85.621 0.0000000000
115594  35.218  -29.713  84.776 0.0000000000
51041  33.064  -30.702  83.359 0.0000000000
49998  34.500  -30.468  83.825 0.0000000000
49997  35.385  -29.836  83.606 0.0000000000
50007  35.860  -29.717  83.052 0.0000000000
116908  36.854  -28.975  82.163 0.0000000000
51064  36.851  -28.746  81.546 0.0000000000
52144  36.684  -29.066  80.112 0.0000000000
51093  36.185  -29.686  78.787 0.0000000000
52177  35.869  -29.850  77.830 0.0000000000
52179  33.858  -30.018  78.048 0.0000000000
52195  34.063  -30.038  76.975 0.0000000000
52209  34.664  -29.614  76.146 0.0000000000
52222  34.260  -29.421  75.197 0.0000000000
62908  40.170  -18.289  73.309 0.0000000000
115000  39.180  -18.435  71.934 0.0000000000
133893  37.501  -18.629  70.500 0.0000000000
61913  36.295  -18.980  72.909 0.0000000000
62939  36.598  -18.690  71.432 0.0000000000
61937  37.079  -18.900  69.923 0.0000000000
72123  53.152  -7.990  57.028 0.0000000000
62907  41.976  -18.085  73.760 0.0000000000
121502  41.549  -18.097  73.096 0.0000000000
54171  23.356  -26.821  84.160 0.0000000000
131189  23.649  -26.563  84.921 0.0000000000
53129  25.173  -27.233  84.569 0.0000000000
54181  24.282  -27.194  83.785 0.0000000000
67611  41.078  -12.985  66.502 0.0000000000
67612  40.458  -13.372  66.033 0.0000000000
133948  41.277  -13.202  67.337 0.0000000000
48816  15.149  -32.215  94.965 0.0000000000
48828  15.368  -32.371  94.126 0.0000000000
47688  14.820  -32.855  94.566 0.0000000000
47699  14.704  -33.788  93.342 0.0000000000
47690  13.754  -33.706  94.470 0.0000000000
53179  38.220  -27.818  82.418 0.0000000000
53196  37.706  -27.695  81.605 0.0000000000
117414  37.105  -27.833  80.934 0.0000000000
135706  36.885  -28.405  81.160 0.0000000000
50968  34.972  -29.362  89.155 0.0000000000
53216  29.314  -28.547  79.193 0.0000000000
53234  29.648  -28.598  78.274 0.0000000000
53233  30.413  -28.835  78.161 0.0000000000
59844  34.557  -22.019  75.305 0.0000000000
72961  53.130  -7.277  59.663 0.0000000000
124413  53.726  -7.176  59.050 0.0000000000
72968  54.279  -7.141  58.271 0.0000000000
72969  53.331  -7.369  58.330 0.0000000000
64752  42.284  -16.165  69.797 0.0000000000
64753  41.666  -16.827  69.512 0.0000000000
62967  38.847  -18.736  69.277 0.0000000000
128307  37.550  -19.485  68.546 0.0000000000
61950  37.397  -19.216  69.191 0.0000000000
64745  42.714  -16.530  70.470 0.0000000000
64744  43.364  -15.928  70.903 0.0000000000
52093  19.645  -28.945  83.876 0.0000000000
52094  19.116  -29.445  84.412 0.0000000000
52082  18.906  -29.129  85.254 0.0000000000
52039  29.339  -28.009  87.654 0.0000000000
52048  29.865  -28.425  87.094 0.0000000000
116645  26.727  -28.594  81.877 0.0000000000
53202  26.421  -27.894  80.233 0.0000000000
71298  47.216  -8.955  63.912 0.0000000000
118469  47.161  -9.181  63.232 0.0000000000
72114  49.589  -8.569  59.222 0.0000000000
55081  25.938  -25.253  88.882 0.0000000000
121181  26.843  -25.621  89.348 0.0000000000
54113  26.345  -25.931  88.387 0.0000000000
71271  44.369  -9.426  68.229 0.0000000000
122198  44.978  -8.869  67.962 0.0000000000
71273  45.258  -8.960  67.267 0.0000000000
55970  22.491  -24.956  88.452 0.0000000000
55971  21.694  -25.343  88.278 0.0000000000
129381  17.954  -29.452  88.627 0.0000000000
52030  17.910  -29.379  89.492 0.0000000000
118189  17.417  -29.135  93.764 0.0000000000
47721  15.858  -32.854  90.934 0.0000000000
48865  16.182  -32.248  90.522 0.0000000000
48875  16.172  -32.455  89.642 0.0000000000
56910  37.767  -24.505  79.733 0.0000000000
120750  36.855  -25.847  78.318 0.0000000000
52192  36.605  -29.497  77.498 0.0000000000
52208  35.558  -29.345  76.304 0.0000000000
119467  32.136  -29.865  84.313 0.0000000000
51017  32.790  -30.322  84.407 0.0000000000
51030  32.320  -30.196  83.905 0.0000000000
121497  34.628  -29.882  80.453 0.0000000000
51094  33.898  -29.879  79.671 0.0000000000
62901  37.906  -18.681  74.872 0.0000000000
63863  42.610  -17.441  71.429 0.0000000000
62947  41.883  -17.733  71.143 0.0000000000
62918  41.162  -18.149  72.390 0.0000000000
62935  40.780  -18.262  71.462 0.0000000000
115018  39.941  -18.387  71.733 0.0000000000
64715  45.358  -16.037  73.795 0.0000000000
62916  42.997  -17.801  72.904 0.0000000000
63851  43.601  -17.372  72.398 0.0000000000
62932  42.797  -17.655  72.196 0.0000000000
63862  43.379  -17.117  71.704 0.0000000000
54184  21.515  -27.171  83.523 0.0000000000
54185  20.692  -27.546  83.821 0.0000000000
53116  27.004  -28.172  85.257 0.0000000000
131569  25.835  -27.932  83.517 0.0000000000
53141  26.316  -28.471  83.631 0.0000000000
114141  25.555  -27.896  82.247 0.0000000000
53169  23.017  -27.562  81.786 0.0000000000
53168  23.923  -27.609  81.702 0.0000000000
68461  43.224  -12.753  70.017 0.0000000000
69401  43.216  -11.913  69.648 0.0000000000
135682  43.008  -11.695  68.946 0.0000000000
69410  43.076  -11.252  68.284 0.0000000000
69420  43.191  -10.955  67.482 0.0000000000
69431  43.273  -10.841  66.628 0.0000000000
130923  42.750  -11.330  66.995 0.0000000000
55056  20.953  -25.304  90.812 0.0000000000
54089  18.839  -27.061  91.473 0.0000000000
54102  18.847  -27.037  90.645 0.0000000000
50921  16.373  -30.525  94.647 0.0000000000
49875  16.534  -30.610  93.880 0.0000000000
48836  15.750  -32.598  93.214 0.0000000000
48835  16.221  -31.900  93.062 0.0000000000
47710  15.759  -32.800  91.704 0.0000000000
47711  15.257  -33.499  91.992 0.0000000000
46607  15.169  -34.020  91.215 0.0000000000
46583  14.351  -34.349  92.988 0.0000000000
46595  14.214  -34.750  92.150 0.0000000000
46576  12.652  -34.501  94.386 0.0000000000
46562  12.406  -34.033  94.991 0.0000000000
54218  37.967  -26.934  81.135 0.0000000000
55162  38.525  -26.001  81.137 0.0000000000
55163  37.684  -26.295  80.350 0.0000000000
122562  37.116  -26.689  79.540 0.0000000000
52175  37.047  -29.095  78.538 0.0000000000
53232  37.081  -29.059  77.830 0.0000000000
124546  30.865  -29.287  81.757 0.0000000000
120663  31.139  -29.348  81.205 0.0000000000
52146  31.360  -29.499  80.403 0.0000000000
52145  32.220  -29.668  80.189 0.0000000000
52161  32.368  -29.781  79.143 0.0000000000
52181  31.553  -29.465  78.557 0.0000000000
60888  36.127  -20.140  75.796 0.0000000000
60894  35.843  -20.005  74.996 0.0000000000
60889  35.490  -20.704  75.386 0.0000000000
59854  34.328  -21.887  74.467 0.0000000000
60896  34.640  -21.149  74.054 0.0000000000
72975  55.169  -7.120  57.660 0.0000000000
72986  55.435  -7.304  56.760 0.0000000000
133763  54.592  -7.520  56.887 0.0000000000
65763  40.870  -14.731  68.176 0.0000000000
64774  39.871  -16.134  67.797 0.0000000000
64775  39.287  -16.490  67.427 0.0000000000
63907  39.151  -17.302  67.635 0.0000000000
62964  41.096  -17.984  70.024 0.0000000000
63884  40.866  -17.811  69.390 0.0000000000
134108  38.292  -18.790  67.666 0.0000000000
120721  38.550  -17.652  67.205 0.0000000000
64734  44.990  -15.586  72.423 0.0000000000
65723  45.391  -15.196  72.793 0.0000000000
65736  43.791  -15.043  71.082 0.0000000000
66682  44.668  -14.450  71.725 0.0000000000
66686  44.166  -14.347  71.300 0.0000000000
67564  43.983  -13.575  71.070 0.0000000000
135720  43.615  -13.603  70.695 0.0000000000
66695  42.267  -14.499  69.377 0.0000000000
66721  41.937  -13.789  68.814 0.0000000000
52036  32.464  -28.813  88.356 0.0000000000
52046  31.825  -28.700  87.668 0.0000000000
136918  30.276  -28.905  85.613 0.0000000000
52062  31.486  -28.827  86.620 0.0000000000
52079  31.112  -29.015  85.694 0.0000000000
51018  31.633  -29.422  84.816 0.0000000000
52080  30.629  -29.173  84.927 0.0000000000
133358  28.046  -29.014  84.528 0.0000000000
132624  28.137  -29.417  83.876 0.0000000000
52105  28.525  -29.516  82.878 0.0000000000
52092  28.572  -29.451  83.293 0.0000000000
52104  29.117  -29.396  82.850 0.0000000000
52118  29.665  -29.270  82.291 0.0000000000
53164  29.185  -29.166  81.643 0.0000000000
53200  28.478  -28.491  80.359 0.0000000000
120148  28.727  -28.385  79.637 0.0000000000
116116  24.602  -27.960  80.685 0.0000000000
53221  24.495  -28.541  79.743 0.0000000000
72072  48.024  -7.803  66.365 0.0000000000
72094  48.401  -8.216  64.309 0.0000000000
117677  48.602  -7.994  64.907 0.0000000000
72093  49.089  -7.892  64.116 0.0000000000
72096  49.255  -8.002  63.201 0.0000000000
71317  46.944  -9.641  60.986 0.0000000000
71309  47.521  -9.206  61.562 0.0000000000
72109  49.109  -8.461  60.587 0.0000000000
130251  48.719  -8.560  61.129 0.0000000000
72104  49.235  -8.196  61.413 0.0000000000
72100  49.312  -8.038  62.315 0.0000000000
72964  50.670  -7.669  59.961 0.0000000000
55968  24.221  -24.782  88.385 0.0000000000
55969  23.358  -24.765  88.360 0.0000000000
55957  23.490  -24.491  89.191 0.0000000000
56817  24.505  -24.109  90.559 0.0000000000
56818  23.526  -24.120  90.277 0.0000000000
56808  22.690  -24.265  91.095 0.0000000000
54111  27.905  -26.610  89.064 0.0000000000
53097  27.184  -27.178  87.306 0.0000000000
54134  25.695  -26.529  86.681 0.0000000000
65778  39.599  -14.895  66.765 0.0000000000
135480  46.161  -8.595  66.465 0.0000000000
71286  45.874  -8.876  66.066 0.0000000000
71287  45.760  -9.271  65.093 0.0000000000
70348  43.810  -10.347  65.293 0.0000000000
70369  43.845  -10.540  63.244 0.0000000000
70361  43.888  -10.333  64.266 0.0000000000
70368  44.515  -10.204  63.600 0.0000000000
137256  44.426  -10.403  62.910 0.0000000000
116862  23.304  -25.683  86.294 0.0000000000
130847  23.007  -26.179  85.306 0.0000000000
55104  22.696  -25.831  85.922 0.0000000000
54161  20.208  -26.990  85.393 0.0000000000
119784  19.994  -26.788  86.235 0.0000000000
55093  20.246  -26.083  88.457 0.0000000000
54127  19.577  -26.560  88.859 0.0000000000
53098  18.682  -28.008  88.298 0.0000000000
54138  19.217  -27.326  87.704 0.0000000000
53107  18.794  -28.031  87.324 0.0000000000
52067  18.670  -28.971  86.180 0.0000000000
52052  18.232  -29.219  87.017 0.0000000000
50991  17.712  -30.243  87.485 0.0000000000
137047  17.951  -29.782  87.049 0.0000000000
49961  17.454  -30.915  87.011 0.0000000000
49949  17.114  -31.592  87.472 0.0000000000
51992  18.072  -28.492  92.555 0.0000000000
52006  18.171  -28.545  91.940 0.0000000000
129511  18.118  -28.525  91.288 0.0000000000
136435  17.845  -29.103  91.551 0.0000000000
49886  16.747  -30.657  93.096 0.0000000000
50942  16.963  -30.612  92.360 0.0000000000
49918  17.019  -31.079  90.584 0.0000000000
49929  17.321  -30.522  90.296 0.0000000000
50960  17.497  -29.929  90.663 0.0000000000
131697  17.414  -30.446  89.668 0.0000000000
46541  12.294  -33.710  95.820 0.0000000000
47667  12.166  -33.246  96.749 0.0000000000
46542  11.415  -33.788  96.076 0.0000000000
62873  39.283  -18.393  75.940 0.0000000000
61872  37.698  -19.777  77.217 0.0000000000
60875  37.169  -20.047  76.902 0.0000000000
135065  37.408  -20.292  77.494 0.0000000000
59815  36.987  -21.637  78.219 0.0000000000
59830  36.805  -20.851  77.444 0.0000000000
58794  35.789  -21.961  77.201 0.0000000000
58785  36.005  -22.627  77.588 0.0000000000
57835  37.979  -23.947  79.864 0.0000000000
127735  37.627  -23.125  79.223 0.0000000000
57844  36.797  -23.633  78.547 0.0000000000
57846  35.741  -23.321  77.374 0.0000000000
56921  35.886  -24.110  77.393 0.0000000000
56053  36.109  -25.036  77.246 0.0000000000
56062  36.406  -26.034  76.916 0.0000000000
53268  36.104  -27.963  75.219 0.0000000000
52247  34.951  -29.450  73.652 0.0000000000
50989  33.175  -29.348  86.941 0.0000000000
50988  33.826  -29.474  87.322 0.0000000000
51002  33.670  -29.680  86.175 0.0000000000
49960  33.751  -30.041  85.256 0.0000000000
49973  34.626  -29.769  85.154 0.0000000000
49987  34.480  -30.209  84.315 0.0000000000
51054  32.590  -30.090  82.651 0.0000000000
137067  32.812  -30.488  83.004 0.0000000000
51053  33.249  -30.443  82.721 0.0000000000
50009  34.883  -30.231  82.927 0.0000000000
50010  34.234  -30.650  82.950 0.0000000000
132614  34.669  -30.431  83.495 0.0000000000
137145  34.745  -30.263  83.569 0.0000000000
49996  36.487  -29.490  83.684 0.0000000000
118130  36.303  -29.226  81.585 0.0000000000
51052  36.139  -29.456  82.379 0.0000000000
51079  36.430  -29.157  80.904 0.0000000000
52143  36.741  -28.648  80.757 0.0000000000
51092  36.267  -29.433  79.709 0.0000000000
52180  32.987  -29.960  78.348 0.0000000000
51109  33.742  -29.920  78.864 0.0000000000
135527  33.055  -29.585  75.692 0.0000000000
62898  40.491  -18.154  74.637 0.0000000000
121757  40.705  -18.199  73.894 0.0000000000
62899  39.843  -18.265  74.170 0.0000000000
117106  37.903  -18.495  73.310 0.0000000000
62921  38.651  -18.430  72.569 0.0000000000
62937  38.398  -18.462  71.657 0.0000000000
62938  37.419  -18.512  71.351 0.0000000000
120867  36.297  -19.307  73.877 0.0000000000
61921  35.564  -19.614  72.421 0.0000000000
61939  35.473  -19.941  70.557 0.0000000000
61928  36.057  -19.081  71.041 0.0000000000
61938  36.240  -19.252  70.156 0.0000000000
62952  36.786  -18.710  70.708 0.0000000000
73809  58.810  -6.479  56.580 0.0000000000
73798  59.430  -6.090  57.033 0.0000000000
72133  52.938  -8.722  56.576 0.0000000000
62917  42.194  -17.955  72.909 0.0000000000
54172  22.179  -26.663  84.100 0.0000000000
53128  25.837  -27.572  84.747 0.0000000000
53154  24.994  -27.575  83.091 0.0000000000
137387  24.177  -27.292  83.261 0.0000000000
67590  42.318  -13.083  69.032 0.0000000000
68469  42.394  -12.491  68.541 0.0000000000
68477  42.313  -12.143  67.724 0.0000000000
68491  41.500  -12.361  66.094 0.0000000000
55922  21.302  -25.025  92.684 0.0000000000
55041  20.634  -25.459  92.371 0.0000000000
116242  15.307  -33.401  92.919 0.0000000000
46574  13.942  -34.139  93.651 0.0000000000
47682  13.574  -33.422  95.219 0.0000000000
54211  38.549  -27.209  82.053 0.0000000000
53180  29.791  -29.226  80.621 0.0000000000
52147  30.543  -29.378  80.508 0.0000000000
52182  30.883  -29.153  78.829 0.0000000000
59843  35.136  -21.447  75.773 0.0000000000
130494  52.734  -7.292  61.076 0.0000000000
135716  55.275  -6.708  59.335 0.0000000000
65744  41.965  -15.380  69.288 0.0000000000
65749  41.150  -15.580  68.680 0.0000000000
63896  40.548  -17.294  68.747 0.0000000000
62979  38.600  -18.759  68.437 0.0000000000
133743  44.237  -16.164  71.849 0.0000000000
65737  43.208  -15.072  70.478 0.0000000000
52107  19.956  -29.312  83.034 0.0000000000
52037  31.061  -28.377  88.285 0.0000000000
52047  30.827  -28.517  87.388 0.0000000000
115193  27.417  -29.190  82.870 0.0000000000
53151  28.134  -29.316  82.600 0.0000000000
53165  28.385  -29.073  81.895 0.0000000000
117656  27.940  -28.817  81.426 0.0000000000
130874  27.975  -28.544  80.905 0.0000000000
53201  27.554  -28.030  80.332 0.0000000000
133647  27.050  -27.913  79.527 0.0000000000
53219  26.279  -28.116  79.094 0.0000000000
72095  47.854  -8.539  64.113 0.0000000000
71316  47.700  -9.306  60.733 0.0000000000
114593  49.569  -8.311  60.014 0.0000000000
72119  50.285  -8.475  58.680 0.0000000000
54126  25.249  -25.863  87.204 0.0000000000
55082  25.078  -25.031  88.566 0.0000000000
54124  26.736  -26.579  87.851 0.0000000000
133261  45.858  -8.549  67.196 0.0000000000
71280  45.226  -9.206  66.628 0.0000000000
69458  43.174  -10.792  64.710 0.0000000000
55099  22.355  -25.517  86.840 0.0000000000
55980  21.758  -25.501  87.600 0.0000000000
55100  21.292  -25.774  87.160 0.0000000000
55101  20.437  -26.150  87.573 0.0000000000
54115  19.056  -26.961  89.644 0.0000000000
52051  18.337  -28.817  87.852 0.0000000000
50982  17.688  -30.125  88.372 0.0000000000
48845  16.520  -31.484  91.696 0.0000000000
123073  16.819  -30.963  91.883 0.0000000000
48854  16.567  -31.568  90.933 0.0000000000
59803  37.677  -21.555  78.760 0.0000000000
57837  37.333  -23.718  79.040 0.0000000000
53245  37.161  -28.242  77.565 0.0000000000
53259  35.904  -28.680  75.759 0.0000000000
137601  33.033  -30.086  84.994 0.0000000000
51016  33.287  -30.353  84.782 0.0000000000
120769  33.193  -30.655  84.323 0.0000000000
51067  33.814  -30.239  82.119 0.0000000000
50020  34.502  -30.254  82.480 0.0000000000
50008  35.384  -29.861  82.641 0.0000000000
50019  35.111  -29.889  82.086 0.0000000000
51065  35.693  -29.583  81.347 0.0000000000
51081  35.542  -29.680  80.317 0.0000000000
129121  33.253  -30.029  77.468 0.0000000000
52223  33.287  -29.529  75.056 0.0000000000
129907  32.673  -29.722  74.793 0.0000000000
62900  38.897  -18.396  74.546 0.0000000000
118405  38.278  -18.489  74.096 0.0000000000
60922  34.994  -20.234  71.952 0.0000000000
128975  35.054  -20.280  71.226 0.0000000000
73811  57.080  -6.859  57.127 0.0000000000
63874  41.683  -17.627  70.379 0.0000000000
62934  41.407  -17.995  71.696 0.0000000000
62949  40.708  -18.257  70.444 0.0000000000
117633  40.171  -18.409  70.162 0.0000000000
115931  38.966  -18.631  70.146 0.0000000000
64725  45.223  -15.880  72.963 0.0000000000
64726  44.666  -16.245  72.406 0.0000000000
63850  44.335  -17.049  72.724 0.0000000000
63872  43.087  -16.827  71.076 0.0000000000
54195  21.799  -27.512  82.751 0.0000000000
53143  20.001  -28.067  84.250 0.0000000000
52050  28.143  -28.178  86.247 0.0000000000
53126  27.535  -28.725  84.751 0.0000000000
114443  26.406  -28.296  84.198 0.0000000000
53140  26.703  -28.786  83.748 0.0000000000
53139  27.270  -29.164  83.552 0.0000000000
134668  26.286  -28.324  81.825 0.0000000000
53184  23.864  -27.963  80.933 0.0000000000
135171  24.640  -27.594  82.242 0.0000000000
71305  46.650  -9.477  62.751 0.0000000000
55941  26.654  -24.864  90.512 0.0000000000
69389  44.023  -11.571  70.752 0.0000000000
70323  43.748  -10.085  68.574 0.0000000000
70329  44.075  -9.851  67.622 0.0000000000
124781  44.185  -9.940  66.944 0.0000000000
70330  43.700  -10.396  67.167 0.0000000000
69445  42.555  -11.277  65.113 0.0000000000
55945  21.656  -24.942  90.020 0.0000000000
55057  20.199  -25.724  91.634 0.0000000000
54114  19.415  -26.399  90.321 0.0000000000
53086  18.551  -27.862  90.182 0.0000000000
52018  18.148  -28.594  90.592 0.0000000000
47733  15.479  -33.579  90.624 0.0000000000
56022  39.117  -25.262  81.153 0.0000000000
55176  36.959  -26.091  78.739 0.0000000000
121923  36.928  -26.762  78.750 0.0000000000
52102  31.039  -29.431  83.158 0.0000000000
51043  31.872  -29.888  83.502 0.0000000000
51055  31.834  -29.672  82.787 0.0000000000
51069  32.228  -29.638  82.117 0.0000000000
51083  32.963  -29.805  80.873 0.0000000000
61898  37.221  -19.140  75.340 0.0000000000
61899  36.533  -19.537  75.262 0.0000000000
61906  35.685  -19.877  74.196 0.0000000000
60903  35.117  -20.423  73.682 0.0000000000
60910  35.020  -20.292  72.807 0.0000000000
60911  34.546  -20.915  72.298 0.0000000000
73790  56.762  -6.416  58.720 0.0000000000
73802  56.029  -6.697  58.193 0.0000000000
66723  40.424  -14.406  67.383 0.0000000000
65765  39.454  -15.736  67.222 0.0000000000
63895  41.166  -17.261  69.275 0.0000000000
63897  39.736  -17.754  68.358 0.0000000000
65730  45.032  -14.942  72.123 0.0000000000
66681  45.061  -14.095  72.110 0.0000000000
131019  43.974  -12.882  70.980 0.0000000000
67565  43.618  -13.108  70.613 0.0000000000
67576  42.825  -13.285  69.696 0.0000000000
66694  42.881  -14.214  70.022 0.0000000000
50970  33.525  -29.075  88.924 0.0000000000
50980  33.241  -29.191  88.063 0.0000000000
50990  32.407  -29.103  86.725 0.0000000000
132875  31.650  -29.569  84.295 0.0000000000
52065  28.486  -28.621  85.558 0.0000000000
122064  28.696  -28.932  84.796 0.0000000000
52081  28.852  -29.080  84.009 0.0000000000
114497  30.047  -29.132  84.191 0.0000000000
52090  30.567  -29.274  83.658 0.0000000000
127110  30.383  -29.248  82.575 0.0000000000
52117  30.348  -29.233  81.981 0.0000000000
133411  29.666  -29.258  81.216 0.0000000000
53181  29.137  -29.051  80.834 0.0000000000
53235  28.832  -28.442  78.389 0.0000000000
53203  25.408  -27.954  80.493 0.0000000000
57863  35.026  -24.110  76.163 0.0000000000
71304  47.455  -9.104  62.495 0.0000000000
72101  48.183  -8.605  62.674 0.0000000000
71308  48.176  -8.864  61.296 0.0000000000
122144  48.779  -8.288  62.740 0.0000000000
72099  49.960  -7.730  62.782 0.0000000000
72935  50.613  -7.565  63.276 0.0000000000
72942  50.757  -7.568  62.425 0.0000000000
72948  51.011  -7.538  61.517 0.0000000000
121299  50.058  -7.955  60.212 0.0000000000
72955  51.300  -7.478  60.590 0.0000000000
72962  52.358  -7.411  59.279 0.0000000000
72970  52.525  -7.542  58.457 0.0000000000
54159  24.502  -26.732  85.071 0.0000000000
55097  24.456  -25.512  87.017 0.0000000000
55978  23.119  -24.970  87.815 0.0000000000
55958  22.409  -24.712  89.249 0.0000000000
55943  24.446  -24.372  89.731 0.0000000000
55921  22.157  -24.427  92.788 0.0000000000
50959  34.460  -29.068  89.803 0.0000000000
52024  33.739  -28.876  89.682 0.0000000000
52025  33.030  -28.731  89.529 0.0000000000
52026  32.243  -28.521  89.221 0.0000000000
52027  31.309  -28.277  89.108 0.0000000000
53084  29.172  -27.358  88.995 0.0000000000
53095  28.838  -27.589  88.162 0.0000000000
53104  28.491  -27.831  87.247 0.0000000000
53105  27.680  -27.714  86.774 0.0000000000
137438  26.622  -27.724  85.626 0.0000000000
54133  26.407  -26.900  86.921 0.0000000000
53117  26.144  -27.235  86.028 0.0000000000
54157  25.677  -27.120  85.478 0.0000000000
72066  47.474  -7.819  66.890 0.0000000000
72073  47.234  -8.125  66.338 0.0000000000
72074  46.393  -8.370  66.788 0.0000000000
125276  46.565  -8.766  65.332 0.0000000000
71295  46.572  -9.103  64.467 0.0000000000
70337  44.574  -9.683  66.469 0.0000000000
70360  44.325  -10.002  64.974 0.0000000000
70359  44.920  -9.653  65.114 0.0000000000
129297  45.291  -9.632  64.499 0.0000000000
70367  45.203  -9.854  63.779 0.0000000000
71300  45.809  -9.731  63.110 0.0000000000
70376  45.391  -10.132  62.451 0.0000000000
55124  21.824  -26.450  84.683 0.0000000000
54160  21.055  -26.577  84.993 0.0000000000
53130  19.754  -27.785  85.061 0.0000000000
55083  20.876  -25.585  88.849 0.0000000000
54146  19.832  -26.695  87.150 0.0000000000
53131  19.189  -28.358  85.582 0.0000000000
52083  18.514  -29.591  85.677 0.0000000000
51020  18.126  -30.321  85.631 0.0000000000
117983  17.656  -31.002  86.074 0.0000000000
54074  18.881  -27.103  92.239 0.0000000000
50931  17.295  -29.654  93.337 0.0000000000
114531  17.459  -29.676  92.740 0.0000000000
49896  17.159  -30.541  91.686 0.0000000000
50951  17.510  -29.850  91.458 0.0000000000
52019  17.847  -29.326  90.261 0.0000000000
49941  17.031  -31.383  88.565 0.0000000000
46540  12.957  -33.594  95.518 0.0000000000
62897  41.650  -18.040  74.368 0.0000000000
61885  38.425  -18.791  76.296 0.0000000000
59832  35.468  -21.714  76.562 0.0000000000
58776  37.344  -22.421  78.769 0.0000000000
58784  36.654  -22.654  78.272 0.0000000000
133362  35.290  -24.797  76.037 0.0000000000
56064  35.793  -25.341  76.376 0.0000000000
54251  36.150  -27.276  74.448 0.0000000000
52127  37.953  -28.158  82.558 0.0000000000
49937  34.879  -29.536  87.614 0.0000000000
49947  34.089  -29.700  86.063 0.0000000000
49946  34.583  -29.605  86.587 0.0000000000
135076  35.238  -29.569  87.178 0.0000000000
49972  36.251  -29.576  85.384 0.0000000000
129546  33.535  -30.830  83.928 0.0000000000
50000  33.719  -30.724  83.294 0.0000000000
49999  34.225  -30.715  83.702 0.0000000000
49988  34.134  -30.637  84.160 0.0000000000
117796  35.054  -29.888  84.197 0.0000000000
123226  36.057  -29.621  84.394 0.0000000000
51051  36.877  -29.159  82.965 0.0000000000
134189  37.513  -28.622  82.685 0.0000000000
51063  37.295  -28.584  82.116 0.0000000000
52129  37.263  -28.448  81.821 0.0000000000
118300  36.854  -28.846  79.798 0.0000000000
118038  36.763  -29.232  79.144 0.0000000000
137471  34.183  -29.868  79.180 0.0000000000
51108  34.412  -29.886  78.692 0.0000000000
52178  34.777  -29.990  77.853 0.0000000000
52194  35.197  -29.922  76.985 0.0000000000
52234  33.962  -29.561  74.409 0.0000000000
131383  34.350  -29.543  73.916 0.0000000000
116181  40.965  -18.218  73.160 0.0000000000
62920  39.612  -18.377  72.598 0.0000000000
62951  38.246  -18.524  70.743 0.0000000000
61905  36.950  -19.028  74.557 0.0000000000
61912  37.008  -18.749  73.620 0.0000000000
62910  37.123  -18.592  72.872 0.0000000000
61920  36.057  -18.956  71.920 0.0000000000
62923  36.833  -18.626  72.143 0.0000000000
72122  53.863  -7.747  56.973 0.0000000000
119752  53.491  -8.257  56.585 0.0000000000
46524  10.882  -33.540  96.512 0.0000000000
49975  33.658  -30.551  84.513 0.0000000000
50987  34.351  -29.492  87.668 0.0000000000
62950  39.655  -18.505  70.360 0.0000000000
135000  42.495  -11.684  67.289 0.0000000000
