#!ascii label  , from subject sub-v2s10x30167_ses-1 vox2ras=TkReg
432
51282  -26.155  -12.861  -1.945 0.0000000000
54998  -27.060  -10.041  -7.366 0.0000000000
66002  -27.433  3.717  -9.514 0.0000000000
61737  -29.192  -1.403  -12.599 0.0000000000
59115  -31.554  -5.375  -10.241 0.0000000000
54962  -32.393  -9.520  -4.737 0.0000000000
67685  -26.258  5.668  -6.765 0.0000000000
60012  -31.169  -3.920  -12.494 0.0000000000
103249  -29.347  -5.439  -8.374 0.0000000000
53116  -26.297  -11.579  -5.346 0.0000000000
54988  -29.555  -9.988  -6.470 0.0000000000
113439  -29.324  -11.528  -3.681 0.0000000000
48767  -21.516  -16.607  -0.995 0.0000000000
51301  -23.852  -13.058  -4.813 0.0000000000
72549  -25.465  11.206  -7.616 0.0000000000
71072  -25.876  9.752  -8.436 0.0000000000
101645  -25.836  7.666  -10.640 0.0000000000
66858  -26.162  4.963  -12.440 0.0000000000
65182  -26.783  2.491  -14.117 0.0000000000
112303  -27.968  0.948  -10.916 0.0000000000
118550  -28.972  1.159  -14.245 0.0000000000
63518  -30.232  0.038  -11.577 0.0000000000
61713  -30.986  -1.167  -9.222 0.0000000000
98781  -31.393  -3.041  -6.908 0.0000000000
56755  -29.597  -8.105  -8.241 0.0000000000
57567  -31.908  -6.974  -6.365 0.0000000000
59108  -29.512  -4.494  -8.914 0.0000000000
115284  -28.333  -4.976  -7.278 0.0000000000
52197  -26.422  -12.132  -3.370 0.0000000000
108795  -27.949  -11.287  -4.287 0.0000000000
52198  -27.329  -12.108  -2.939 0.0000000000
106610  -19.427  -23.697  -1.212 0.0000000000
45016  -20.024  -22.018  -1.393 0.0000000000
44998  -20.962  -20.273  -0.454 0.0000000000
52213  -24.352  -12.331  -5.583 0.0000000000
52206  -23.096  -12.885  -4.847 0.0000000000
70269  -26.009  8.665  -9.564 0.0000000000
66810  -27.074  4.490  -7.557 0.0000000000
67712  -26.833  5.870  -9.647 0.0000000000
66847  -27.073  4.094  -11.270 0.0000000000
66857  -26.151  4.215  -13.137 0.0000000000
66019  -27.263  3.098  -11.453 0.0000000000
63516  -28.304  -0.247  -11.739 0.0000000000
63523  -27.979  0.616  -13.186 0.0000000000
63532  -29.328  0.126  -13.536 0.0000000000
110838  -29.689  0.633  -12.921 0.0000000000
62647  -30.498  -1.101  -13.066 0.0000000000
60007  -31.799  -4.297  -11.284 0.0000000000
60847  -31.585  -3.192  -11.401 0.0000000000
60001  -31.587  -3.841  -9.857 0.0000000000
99620  -31.328  -2.027  -7.985 0.0000000000
99723  -31.493  -4.329  -8.336 0.0000000000
56752  -27.015  -8.186  -6.922 0.0000000000
103666  -28.284  -7.432  -7.483 0.0000000000
55948  -28.284  -8.727  -7.177 0.0000000000
54040  -31.298  -9.938  -5.608 0.0000000000
54990  -31.397  -8.710  -6.460 0.0000000000
55928  -32.041  -8.378  -5.961 0.0000000000
57559  -32.091  -6.564  -5.383 0.0000000000
56720  -32.319  -7.301  -4.772 0.0000000000
48752  -22.258  -16.656  -0.278 0.0000000000
49562  -21.954  -15.416  -2.314 0.0000000000
102789  -23.081  -14.923  -0.781 0.0000000000
50384  -23.482  -14.336  -1.446 0.0000000000
113175  -29.313  -2.393  -10.456 0.0000000000
60851  -30.192  -2.759  -12.559 0.0000000000
111055  -30.483  -4.220  -11.686 0.0000000000
59119  -30.690  -4.988  -11.248 0.0000000000
58346  -31.152  -6.330  -10.812 0.0000000000
54044  -27.159  -10.966  -7.055 0.0000000000
54987  -28.214  -10.128  -7.153 0.0000000000
54036  -28.036  -10.713  -6.221 0.0000000000
54024  -29.249  -10.840  -4.950 0.0000000000
53107  -30.774  -11.132  -4.344 0.0000000000
47859  -22.063  -18.143  0.162 0.0000000000
54042  -25.335  -10.875  -6.409 0.0000000000
53115  -25.380  -11.879  -6.098 0.0000000000
114447  -25.171  -12.331  -4.941 0.0000000000
52181  -24.901  -12.728  -3.279 0.0000000000
73258  -24.789  12.625  -8.641 0.0000000000
71061  -24.339  9.682  -5.664 0.0000000000
71836  -25.691  10.465  -8.028 0.0000000000
71089  -25.224  9.499  -10.538 0.0000000000
70282  -24.791  8.478  -11.694 0.0000000000
68588  -25.098  6.917  -12.670 0.0000000000
68567  -26.765  6.632  -7.950 0.0000000000
113147  -26.257  6.211  -11.051 0.0000000000
101270  -24.842  6.139  -13.847 0.0000000000
66868  -25.406  4.449  -14.350 0.0000000000
66048  -25.972  3.965  -15.224 0.0000000000
66061  -27.470  3.594  -15.188 0.0000000000
65157  -27.569  2.516  -10.492 0.0000000000
65176  -27.253  1.945  -12.701 0.0000000000
108443  -27.895  1.878  -14.620 0.0000000000
66042  -28.408  3.195  -13.780 0.0000000000
65177  -29.234  2.200  -12.531 0.0000000000
64362  -30.177  0.909  -9.911 0.0000000000
61731  -30.936  -1.476  -11.827 0.0000000000
62628  -30.640  -0.525  -10.147 0.0000000000
58331  -28.658  -5.964  -7.384 0.0000000000
57587  -30.158  -7.107  -9.212 0.0000000000
56765  -31.087  -7.286  -9.761 0.0000000000
55002  -30.054  -8.948  -7.389 0.0000000000
56757  -30.753  -7.889  -7.711 0.0000000000
58332  -31.470  -6.059  -8.037 0.0000000000
58319  -31.595  -5.561  -6.829 0.0000000000
59082  -31.517  -4.448  -5.543 0.0000000000
51292  -23.407  -13.666  -3.391 0.0000000000
51280  -24.353  -13.236  -2.760 0.0000000000
51268  -25.626  -13.478  -1.460 0.0000000000
52183  -26.718  -12.492  -2.481 0.0000000000
52184  -27.558  -12.581  -2.247 0.0000000000
52170  -27.018  -12.903  -1.802 0.0000000000
44052  -19.201  -22.943  -1.582 0.0000000000
44053  -20.470  -23.431  -1.485 0.0000000000
118031  -27.257  3.971  -7.906 0.0000000000
66831  -27.342  4.487  -9.203 0.0000000000
66838  -27.262  4.310  -10.174 0.0000000000
66009  -27.383  3.484  -10.453 0.0000000000
61730  -28.954  -1.514  -11.698 0.0000000000
62634  -28.528  -0.793  -11.177 0.0000000000
62640  -28.627  -0.800  -12.190 0.0000000000
62646  -28.873  -0.680  -12.987 0.0000000000
61747  -29.508  -1.224  -13.207 0.0000000000
61754  -29.763  -0.896  -13.416 0.0000000000
61755  -30.124  -1.723  -13.287 0.0000000000
103035  -31.706  -4.761  -10.605 0.0000000000
100288  -31.557  -4.476  -9.462 0.0000000000
59993  -31.486  -3.621  -8.599 0.0000000000
116950  -31.516  -5.043  -9.120 0.0000000000
55947  -26.869  -9.167  -7.082 0.0000000000
112374  -27.552  -8.780  -7.047 0.0000000000
54999  -27.711  -9.636  -7.242 0.0000000000
112102  -32.011  -9.609  -5.334 0.0000000000
54977  -31.759  -9.211  -5.893 0.0000000000
54978  -32.284  -8.976  -5.317 0.0000000000
56729  -32.366  -8.158  -5.108 0.0000000000
55916  -32.546  -8.771  -4.564 0.0000000000
55908  -32.637  -8.593  -3.890 0.0000000000
98919  -32.671  -9.319  -3.994 0.0000000000
48753  -22.841  -15.835  -0.295 0.0000000000
60842  -29.517  -2.937  -9.877 0.0000000000
109877  -29.833  -3.218  -11.215 0.0000000000
106977  -30.061  -4.628  -10.083 0.0000000000
59113  -30.167  -5.555  -9.921 0.0000000000
59114  -30.796  -5.846  -10.914 0.0000000000
58345  -30.710  -6.491  -10.464 0.0000000000
53117  -26.829  -11.287  -5.802 0.0000000000
53126  -27.365  -11.040  -6.492 0.0000000000
54023  -27.735  -11.001  -5.417 0.0000000000
118579  -28.583  -11.485  -3.711 0.0000000000
114997  -28.474  -10.976  -4.883 0.0000000000
53106  -29.775  -11.221  -4.342 0.0000000000
54025  -30.195  -10.734  -4.956 0.0000000000
53093  -30.254  -11.570  -3.723 0.0000000000
52200  -29.754  -11.940  -3.127 0.0000000000
112083  -18.433  -22.911  -0.912 0.0000000000
44037  -19.002  -22.764  -0.344 0.0000000000
46932  -21.591  -19.131  0.152 0.0000000000
53124  -25.932  -11.360  -6.491 0.0000000000
52208  -24.381  -12.587  -5.239 0.0000000000
52195  -24.616  -12.664  -4.352 0.0000000000
52196  -25.498  -12.349  -3.865 0.0000000000
72539  -25.289  11.139  -6.768 0.0000000000
72548  -25.131  11.909  -7.214 0.0000000000
72562  -25.226  11.973  -8.123 0.0000000000
112279  -25.046  11.985  -8.886 0.0000000000
71069  -25.836  9.675  -7.543 0.0000000000
71066  -25.523  9.619  -6.842 0.0000000000
72571  -25.250  10.880  -9.438 0.0000000000
71852  -25.364  10.190  -9.879 0.0000000000
71859  -24.725  10.229  -10.658 0.0000000000
108462  -25.717  9.774  -9.222 0.0000000000
69433  -26.173  7.967  -9.797 0.0000000000
70276  -25.632  8.601  -10.406 0.0000000000
70283  -25.335  8.152  -11.240 0.0000000000
69446  -24.971  7.869  -12.079 0.0000000000
69447  -25.527  7.325  -11.509 0.0000000000
67707  -27.035  5.805  -7.837 0.0000000000
67719  -26.612  5.571  -10.656 0.0000000000
67725  -26.227  5.686  -11.688 0.0000000000
68582  -25.800  6.469  -11.736 0.0000000000
67724  -25.566  5.745  -12.813 0.0000000000
100217  -25.111  5.219  -14.090 0.0000000000
104931  -25.652  4.788  -13.445 0.0000000000
66041  -26.322  3.266  -14.011 0.0000000000
66040  -25.817  3.913  -14.577 0.0000000000
66049  -26.441  3.269  -14.622 0.0000000000
66060  -26.831  3.737  -15.350 0.0000000000
107624  -27.071  3.173  -14.907 0.0000000000
63501  -28.210  0.754  -10.026 0.0000000000
64354  -27.933  1.583  -9.907 0.0000000000
116505  -27.676  1.707  -10.972 0.0000000000
65168  -27.403  2.209  -11.663 0.0000000000
64366  -27.637  1.282  -11.923 0.0000000000
63539  -28.825  0.817  -14.142 0.0000000000
105690  -28.078  1.259  -14.312 0.0000000000
64387  -28.538  1.461  -14.310 0.0000000000
65194  -28.268  2.102  -14.448 0.0000000000
65183  -28.573  2.339  -14.044 0.0000000000
66033  -28.780  2.663  -13.203 0.0000000000
65184  -29.065  1.847  -13.651 0.0000000000
63517  -29.823  0.714  -11.932 0.0000000000
103755  -29.563  1.426  -12.246 0.0000000000
64367  -29.667  1.505  -11.239 0.0000000000
63511  -29.976  0.817  -10.880 0.0000000000
60011  -30.757  -3.223  -12.709 0.0000000000
61750  -31.198  -2.178  -13.028 0.0000000000
60859  -31.264  -2.713  -12.802 0.0000000000
61726  -31.157  -2.005  -10.255 0.0000000000
109805  -30.867  -1.319  -10.747 0.0000000000
61725  -30.859  -1.104  -9.914 0.0000000000
63503  -30.504  0.182  -9.421 0.0000000000
62616  -30.740  -0.378  -8.735 0.0000000000
60813  -31.274  -2.556  -6.217 0.0000000000
114142  -27.579  -5.639  -6.847 0.0000000000
56754  -28.742  -8.087  -7.737 0.0000000000
56762  -29.332  -7.444  -8.282 0.0000000000
56763  -30.246  -7.624  -8.931 0.0000000000
56769  -30.815  -7.358  -9.741 0.0000000000
56764  -30.792  -7.556  -9.236 0.0000000000
102756  -29.059  -9.673  -6.918 0.0000000000
54989  -30.008  -9.453  -6.839 0.0000000000
56742  -31.773  -7.721  -6.412 0.0000000000
55941  -31.031  -8.106  -6.910 0.0000000000
102100  -31.344  -7.386  -7.285 0.0000000000
57582  -31.393  -7.051  -8.121 0.0000000000
106089  -31.561  -6.508  -7.134 0.0000000000
106067  -31.526  -5.098  -7.358 0.0000000000
58305  -31.903  -5.780  -4.718 0.0000000000
116515  -31.820  -5.745  -5.439 0.0000000000
100413  -31.684  -5.095  -5.071 0.0000000000
50385  -24.445  -14.004  -1.189 0.0000000000
51267  -23.847  -13.709  -2.115 0.0000000000
99396  -24.731  -13.473  -1.827 0.0000000000
116202  -25.044  -13.741  -1.303 0.0000000000
59991  -29.154  -3.671  -8.365 0.0000000000
59107  -28.917  -4.288  -7.815 0.0000000000
53103  -26.118  -11.816  -4.490 0.0000000000
53104  -26.978  -11.359  -4.811 0.0000000000
53090  -27.111  -11.658  -3.822 0.0000000000
53091  -27.988  -11.689  -3.351 0.0000000000
53092  -28.829  -11.835  -3.119 0.0000000000
52199  -28.207  -12.234  -2.660 0.0000000000
110368  -28.372  -12.801  -2.029 0.0000000000
43144  -18.873  -23.438  -0.778 0.0000000000
45980  -20.530  -19.628  -0.648 0.0000000000
44999  -21.618  -20.749  -0.385 0.0000000000
53113  -24.012  -11.933  -5.550 0.0000000000
53102  -23.456  -12.268  -5.021 0.0000000000
52207  -23.778  -12.704  -5.176 0.0000000000
99967  -23.242  -13.287  -4.779 0.0000000000
71829  -24.684  10.415  -5.932 0.0000000000
70259  -26.190  8.987  -8.003 0.0000000000
99500  -26.039  9.150  -8.960 0.0000000000
70260  -26.315  8.252  -8.745 0.0000000000
69434  -26.474  7.379  -9.178 0.0000000000
67708  -27.203  5.318  -8.751 0.0000000000
117962  -26.900  4.806  -10.663 0.0000000000
66846  -26.597  4.919  -11.461 0.0000000000
104314  -26.587  4.275  -12.217 0.0000000000
66018  -26.791  3.461  -12.323 0.0000000000
118607  -26.681  2.986  -12.853 0.0000000000
63510  -27.995  0.412  -11.760 0.0000000000
63515  -27.844  0.662  -12.494 0.0000000000
63524  -28.280  -0.021  -12.582 0.0000000000
63531  -28.687  0.140  -13.439 0.0000000000
63540  -29.138  0.804  -13.993 0.0000000000
64381  -29.203  1.173  -14.000 0.0000000000
63525  -29.443  0.509  -13.529 0.0000000000
117017  -29.761  0.120  -13.250 0.0000000000
111418  -30.114  -0.116  -12.786 0.0000000000
59125  -31.426  -4.754  -11.957 0.0000000000
60852  -31.501  -2.981  -12.237 0.0000000000
60843  -31.501  -3.043  -10.140 0.0000000000
99009  -31.236  -2.001  -9.070 0.0000000000
99004  -31.451  -2.853  -8.879 0.0000000000
98780  -31.440  -2.869  -7.791 0.0000000000
59980  -31.470  -3.634  -7.577 0.0000000000
101969  -27.256  -7.300  -6.951 0.0000000000
56753  -27.839  -8.083  -7.213 0.0000000000
55949  -29.079  -8.622  -7.616 0.0000000000
54976  -30.362  -9.993  -6.140 0.0000000000
98529  -30.928  -9.385  -6.340 0.0000000000
114617  -31.610  -8.205  -6.454 0.0000000000
56728  -32.195  -7.525  -5.704 0.0000000000
57553  -32.097  -6.478  -4.326 0.0000000000
57543  -31.960  -6.373  -3.387 0.0000000000
57554  -32.263  -7.179  -3.829 0.0000000000
49550  -21.678  -16.012  -1.704 0.0000000000
48768  -22.089  -16.046  -0.798 0.0000000000
49551  -22.355  -15.453  -1.205 0.0000000000
50383  -22.652  -14.802  -1.795 0.0000000000
50398  -23.013  -14.253  -2.550 0.0000000000
50367  -23.968  -14.626  -0.650 0.0000000000
61723  -28.876  -1.555  -10.484 0.0000000000
61738  -29.530  -2.155  -12.249 0.0000000000
61748  -29.829  -1.997  -12.922 0.0000000000
60846  -29.846  -2.857  -12.009 0.0000000000
60005  -30.513  -3.645  -12.237 0.0000000000
59992  -29.520  -3.686  -9.346 0.0000000000
60006  -30.981  -4.723  -12.135 0.0000000000
59120  -31.213  -5.427  -11.221 0.0000000000
58350  -31.248  -6.042  -10.900 0.0000000000
109789  -31.345  -6.139  -10.636 0.0000000000
111113  -26.855  -10.592  -7.179 0.0000000000
54986  -27.472  -10.457  -7.268 0.0000000000
54045  -27.831  -10.733  -6.994 0.0000000000
54046  -28.673  -10.277  -6.486 0.0000000000
54037  -28.623  -10.672  -5.606 0.0000000000
54038  -29.612  -10.387  -5.738 0.0000000000
54039  -30.554  -10.350  -5.497 0.0000000000
54026  -31.150  -10.556  -4.936 0.0000000000
54027  -31.961  -10.169  -4.893 0.0000000000
54012  -32.473  -10.118  -4.158 0.0000000000
53108  -31.839  -10.828  -4.176 0.0000000000
44025  -19.695  -21.234  0.459 0.0000000000
47887  -20.808  -17.232  -1.307 0.0000000000
46954  -21.165  -18.545  -0.307 0.0000000000
47874  -21.561  -17.479  -0.402 0.0000000000
47875  -22.385  -17.345  0.142 0.0000000000
54043  -26.134  -10.638  -6.766 0.0000000000
113998  -26.586  -11.001  -6.852 0.0000000000
109623  -26.092  -11.635  -6.095 0.0000000000
53114  -24.724  -11.995  -5.971 0.0000000000
52209  -25.605  -11.961  -5.552 0.0000000000
52182  -25.808  -12.543  -2.842 0.0000000000
73247  -24.980  12.686  -7.761 0.0000000000
71832  -25.198  10.401  -6.501 0.0000000000
71833  -25.534  10.416  -7.174 0.0000000000
72563  -25.398  11.237  -8.641 0.0000000000
72570  -24.896  11.536  -9.492 0.0000000000
71080  -25.686  9.329  -9.791 0.0000000000
70275  -25.010  8.907  -11.153 0.0000000000
71097  -24.244  9.062  -11.833 0.0000000000
70289  -24.297  8.431  -12.411 0.0000000000
69453  -24.349  7.769  -13.100 0.0000000000
101205  -24.340  7.033  -13.937 0.0000000000
113056  -26.702  6.857  -8.719 0.0000000000
69440  -26.335  7.157  -10.066 0.0000000000
100447  -26.473  6.385  -10.304 0.0000000000
68577  -26.063  6.871  -10.887 0.0000000000
67738  -24.513  5.648  -14.758 0.0000000000
116139  -24.901  4.943  -15.057 0.0000000000
115742  -25.735  4.299  -13.788 0.0000000000
66878  -25.277  4.490  -15.028 0.0000000000
65127  -27.470  2.408  -8.327 0.0000000000
101736  -27.510  3.046  -9.724 0.0000000000
65167  -27.022  2.692  -12.421 0.0000000000
65175  -26.753  2.602  -13.340 0.0000000000
64373  -27.537  1.210  -12.960 0.0000000000
64372  -27.160  1.819  -13.593 0.0000000000
65192  -27.007  2.503  -14.582 0.0000000000
65193  -27.636  2.788  -14.670 0.0000000000
66051  -28.095  3.008  -14.441 0.0000000000
64374  -29.421  1.299  -13.235 0.0000000000
65158  -29.515  2.375  -10.625 0.0000000000
64361  -29.820  1.551  -10.297 0.0000000000
60861  -30.640  -2.021  -13.230 0.0000000000
61739  -30.976  -1.660  -12.802 0.0000000000
62641  -30.576  -0.818  -12.248 0.0000000000
61732  -31.286  -2.213  -11.517 0.0000000000
62635  -30.598  -0.629  -11.133 0.0000000000
63512  -30.373  0.164  -10.480 0.0000000000
101573  -31.009  -1.070  -8.138 0.0000000000
57581  -28.695  -6.816  -7.709 0.0000000000
58339  -29.366  -6.552  -8.408 0.0000000000
58340  -30.049  -6.419  -9.522 0.0000000000
57593  -30.654  -6.956  -10.020 0.0000000000
57594  -31.092  -6.926  -10.381 0.0000000000
57595  -31.266  -6.817  -10.233 0.0000000000
55000  -28.593  -9.260  -7.132 0.0000000000
55950  -29.828  -8.623  -7.879 0.0000000000
55940  -30.628  -8.874  -6.947 0.0000000000
55951  -30.379  -8.438  -7.556 0.0000000000
56756  -30.366  -7.936  -8.354 0.0000000000
98652  -31.052  -7.548  -8.667 0.0000000000
57588  -31.374  -7.029  -9.205 0.0000000000
58341  -31.492  -6.039  -9.467 0.0000000000
59109  -31.490  -5.116  -8.235 0.0000000000
59099  -31.491  -4.381  -7.406 0.0000000000
59970  -31.440  -3.755  -6.740 0.0000000000
103859  -31.744  -6.088  -6.163 0.0000000000
59086  -31.519  -4.583  -6.511 0.0000000000
59965  -31.410  -3.786  -5.952 0.0000000000
51300  -22.869  -13.774  -4.269 0.0000000000
107932  -23.423  -13.421  -4.378 0.0000000000
51293  -24.081  -13.129  -3.851 0.0000000000
51281  -25.241  -12.971  -2.292 0.0000000000
52214  -24.895  -12.257  -5.684 0.0000000000
53105  -28.882  -11.234  -4.297 0.0000000000
53123  -25.188  -11.584  -6.258 0.0000000000
53125  -26.639  -11.202  -6.551 0.0000000000
55001  -29.414  -9.067  -7.305 0.0000000000
56721  -32.506  -7.980  -4.252 0.0000000000
57580  -27.932  -6.565  -7.059 0.0000000000
57598  -31.198  -6.511  -10.676 0.0000000000
58312  -31.657  -5.234  -5.913 0.0000000000
59121  -31.465  -5.336  -11.129 0.0000000000
60000  -29.996  -3.963  -10.615 0.0000000000
60013  -31.593  -3.911  -12.139 0.0000000000
60017  -31.047  -3.080  -12.903 0.0000000000
60018  -31.296  -3.361  -12.521 0.0000000000
60857  -30.568  -2.487  -13.041 0.0000000000
60858  -31.015  -2.403  -13.139 0.0000000000
61724  -29.373  -2.278  -11.393 0.0000000000
61740  -31.311  -2.213  -12.505 0.0000000000
61749  -30.858  -1.870  -13.154 0.0000000000
62615  -30.742  -0.583  -9.452 0.0000000000
62651  -29.257  -0.518  -13.360 0.0000000000
62652  -30.316  -1.415  -13.248 0.0000000000
63530  -28.236  0.776  -13.823 0.0000000000
63533  -29.892  -0.411  -13.342 0.0000000000
64379  -27.346  1.821  -14.342 0.0000000000
64380  -27.657  1.204  -13.729 0.0000000000
64386  -27.433  2.148  -14.654 0.0000000000
65144  -27.662  2.392  -9.290 0.0000000000
65195  -28.811  1.600  -14.206 0.0000000000
65994  -27.402  3.835  -8.601 0.0000000000
66031  -25.911  3.898  -13.939 0.0000000000
66032  -26.411  3.419  -13.248 0.0000000000
66050  -27.810  3.741  -15.051 0.0000000000
66823  -27.313  4.542  -8.272 0.0000000000
66837  -27.079  5.089  -9.858 0.0000000000
67684  -25.646  5.593  -6.531 0.0000000000
68573  -26.625  6.633  -9.459 0.0000000000
70253  -25.975  8.838  -7.157 0.0000000000
71843  -25.580  10.399  -8.952 0.0000000000
98491  -26.938  6.202  -8.729 0.0000000000
98782  -31.370  -3.222  -6.249 0.0000000000
116462  -30.479  -5.283  -10.609 0.0000000000
117528  -26.493  3.846  -12.722 0.0000000000
