#!ascii label  , from subject sub-v2s10x30167_ses-1 vox2ras=TkReg
1891
57946  50.499  -5.035  38.732 0.0000000000
40224  42.156  -25.387  58.487 0.0000000000
110650  28.058  -27.835  60.562 0.0000000000
33130  30.254  -33.404  65.266 0.0000000000
36451  38.770  -28.454  65.657 0.0000000000
38505  33.948  -27.523  53.240 0.0000000000
53689  44.683  -10.947  40.808 0.0000000000
58749  59.191  -5.270  39.107 0.0000000000
50186  50.760  -14.720  49.031 0.0000000000
45998  41.436  -19.453  50.515 0.0000000000
40312  32.534  -25.643  46.924 0.0000000000
38355  31.275  -26.674  65.952 0.0000000000
34824  25.716  -31.040  62.938 0.0000000000
40095  27.777  -25.900  67.814 0.0000000000
106004  33.941  -28.018  63.432 0.0000000000
53615  53.209  -10.489  48.560 0.0000000000
42050  44.535  -23.123  63.134 0.0000000000
43030  47.355  -22.188  58.973 0.0000000000
45942  46.576  -19.403  54.941 0.0000000000
43070  41.286  -22.180  54.867 0.0000000000
44026  36.953  -21.898  50.109 0.0000000000
40240  37.143  -25.203  53.746 0.0000000000
36609  28.243  -29.412  52.032 0.0000000000
112983  29.039  -28.463  48.432 0.0000000000
59593  54.391  -3.802  37.953 0.0000000000
55422  54.552  -8.433  36.867 0.0000000000
34881  29.324  -31.287  55.477 0.0000000000
33197  28.743  -33.561  58.143 0.0000000000
105198  41.400  -28.312  60.844 0.0000000000
36583  38.238  -29.799  55.102 0.0000000000
36532  36.860  -29.231  59.980 0.0000000000
38458  31.855  -26.754  57.693 0.0000000000
55378  47.032  -8.205  40.012 0.0000000000
37375  27.665  -28.542  71.888 0.0000000000
33121  29.672  -34.059  67.814 0.0000000000
99258  56.285  -3.346  43.417 0.0000000000
57890  52.536  -6.194  43.546 0.0000000000
112667  49.795  -8.679  44.416 0.0000000000
51967  47.182  -12.799  45.873 0.0000000000
47839  46.897  -17.018  44.199 0.0000000000
47727  52.329  -16.888  53.197 0.0000000000
101813  46.845  -17.451  49.873 0.0000000000
48579  41.370  -16.878  46.433 0.0000000000
46983  36.730  -18.612  46.174 0.0000000000
36632  35.006  -29.419  49.148 0.0000000000
40091  31.930  -25.206  69.061 0.0000000000
39256  29.240  -25.782  66.645 0.0000000000
40080  31.050  -24.324  70.034 0.0000000000
38342  33.203  -26.918  67.391 0.0000000000
40193  44.593  -25.013  60.217 0.0000000000
42108  44.968  -23.571  58.952 0.0000000000
43952  44.592  -21.615  56.943 0.0000000000
42139  41.563  -23.448  56.963 0.0000000000
42167  39.312  -23.395  54.758 0.0000000000
113332  39.106  -25.291  56.174 0.0000000000
34900  25.510  -31.764  52.060 0.0000000000
35740  25.412  -30.696  50.305 0.0000000000
58752  52.836  -4.049  38.347 0.0000000000
57142  53.749  -6.557  37.431 0.0000000000
57150  51.339  -6.603  36.683 0.0000000000
36554  27.843  -29.155  57.006 0.0000000000
116822  29.446  -32.128  56.295 0.0000000000
34859  28.007  -31.252  58.487 0.0000000000
34822  27.738  -32.515  64.141 0.0000000000
33160  31.047  -33.519  61.085 0.0000000000
31393  31.540  -34.839  61.778 0.0000000000
30600  31.444  -37.243  63.660 0.0000000000
39277  42.104  -25.946  64.923 0.0000000000
37458  39.806  -28.262  63.670 0.0000000000
36520  39.528  -29.485  60.351 0.0000000000
36498  37.986  -29.147  62.749 0.0000000000
38399  31.215  -27.571  62.631 0.0000000000
38419  33.009  -27.564  60.580 0.0000000000
106000  30.113  -27.274  59.277 0.0000000000
37563  28.707  -27.970  55.795 0.0000000000
54546  45.990  -9.235  39.964 0.0000000000
54577  46.313  -9.738  37.727 0.0000000000
52868  45.266  -11.625  37.979 0.0000000000
33965  27.369  -32.737  68.285 0.0000000000
56220  50.583  -7.296  43.571 0.0000000000
55328  53.085  -8.384  45.726 0.0000000000
51919  51.901  -12.136  49.413 0.0000000000
52768  49.987  -11.162  47.229 0.0000000000
51104  49.105  -14.019  47.947 0.0000000000
50207  46.750  -14.968  45.394 0.0000000000
105027  48.467  -16.453  46.473 0.0000000000
45976  44.365  -19.160  52.771 0.0000000000
47733  47.004  -17.778  52.161 0.0000000000
46956  43.893  -17.778  50.075 0.0000000000
47809  44.382  -16.745  47.922 0.0000000000
46965  41.155  -18.345  48.572 0.0000000000
47824  39.276  -17.620  46.315 0.0000000000
46017  39.128  -19.062  48.031 0.0000000000
44055  34.370  -21.570  47.697 0.0000000000
36585  35.932  -29.677  54.151 0.0000000000
36599  36.659  -29.742  52.327 0.0000000000
36608  34.107  -29.631  51.123 0.0000000000
38582  28.794  -27.469  46.524 0.0000000000
57153  60.126  -7.359  36.810 0.0000000000
56281  58.980  -7.193  37.806 0.0000000000
37464  30.352  -27.401  63.723 0.0000000000
37497  26.623  -28.871  61.760 0.0000000000
38383  27.829  -27.141  64.340 0.0000000000
37438  25.876  -28.773  65.188 0.0000000000
35597  26.634  -30.400  66.637 0.0000000000
99019  36.566  -28.116  67.394 0.0000000000
36467  36.227  -28.600  64.404 0.0000000000
37434  34.605  -28.061  65.651 0.0000000000
37437  32.208  -27.357  64.830 0.0000000000
54491  55.107  -8.550  47.285 0.0000000000
51075  53.663  -13.467  51.079 0.0000000000
108730  47.537  -20.631  57.186 0.0000000000
44964  44.432  -20.269  54.743 0.0000000000
44985  41.602  -20.554  52.426 0.0000000000
45005  39.554  -20.560  50.433 0.0000000000
44004  38.985  -21.949  52.043 0.0000000000
42205  37.195  -23.197  51.915 0.0000000000
41246  34.682  -24.786  50.794 0.0000000000
39386  30.898  -26.585  52.039 0.0000000000
38545  32.098  -27.632  50.728 0.0000000000
36627  28.157  -29.068  50.158 0.0000000000
57956  56.848  -5.390  38.268 0.0000000000
56265  57.569  -7.299  38.809 0.0000000000
57123  55.114  -7.591  38.512 0.0000000000
34023  29.278  -32.306  59.543 0.0000000000
39297  43.236  -26.015  62.558 0.0000000000
38431  42.376  -27.419  59.515 0.0000000000
38465  40.034  -27.562  57.324 0.0000000000
36538  40.513  -29.102  58.575 0.0000000000
113233  37.784  -30.113  57.391 0.0000000000
37549  35.639  -28.397  56.202 0.0000000000
115632  35.776  -28.632  61.680 0.0000000000
101210  33.994  -27.410  58.226 0.0000000000
38482  32.738  -26.637  55.659 0.0000000000
110495  29.789  -26.892  54.787 0.0000000000
36595  28.797  -29.680  53.738 0.0000000000
57105  48.640  -6.507  39.227 0.0000000000
56300  49.251  -7.016  36.752 0.0000000000
56290  47.669  -7.909  37.341 0.0000000000
38319  27.300  -27.219  69.869 0.0000000000
34794  28.641  -31.198  68.318 0.0000000000
34771  29.784  -32.161  69.947 0.0000000000
32221  32.128  -34.922  67.170 0.0000000000
60436  57.049  -2.427  39.442 0.0000000000
59557  54.523  -2.943  39.825 0.0000000000
105167  52.598  -4.064  40.774 0.0000000000
57919  51.244  -4.935  41.317 0.0000000000
57079  49.655  -6.646  42.087 0.0000000000
55366  48.210  -8.249  42.489 0.0000000000
54524  47.531  -9.759  43.475 0.0000000000
54494  51.773  -9.601  46.477 0.0000000000
53650  48.617  -10.677  45.317 0.0000000000
52823  45.793  -11.669  43.320 0.0000000000
51139  45.100  -13.922  43.597 0.0000000000
50238  45.362  -16.120  42.366 0.0000000000
48539  52.286  -15.830  50.916 0.0000000000
103342  49.896  -18.346  54.333 0.0000000000
109788  49.371  -17.469  51.353 0.0000000000
47791  50.090  -17.085  48.516 0.0000000000
101578  47.393  -17.388  46.895 0.0000000000
48586  44.224  -16.383  45.247 0.0000000000
45030  36.376  -20.266  47.731 0.0000000000
38490  37.812  -27.468  54.758 0.0000000000
100555  35.600  -27.376  51.409 0.0000000000
39419  33.821  -27.498  47.826 0.0000000000
37628  31.495  -28.932  48.164 0.0000000000
37648  32.642  -29.000  45.785 0.0000000000
40092  31.106  -25.036  69.112 0.0000000000
41016  31.658  -23.914  69.916 0.0000000000
40206  43.643  -25.495  59.466 0.0000000000
41128  44.646  -24.723  59.796 0.0000000000
41159  43.342  -24.266  58.632 0.0000000000
42122  42.821  -23.637  57.978 0.0000000000
41161  41.714  -24.768  58.036 0.0000000000
41188  39.974  -24.158  56.365 0.0000000000
40226  40.639  -25.672  57.707 0.0000000000
114172  51.285  -4.651  38.457 0.0000000000
57961  51.524  -5.360  37.152 0.0000000000
57945  50.847  -5.238  37.685 0.0000000000
37531  27.667  -28.202  58.783 0.0000000000
35679  27.661  -29.899  57.634 0.0000000000
36534  26.836  -29.386  59.101 0.0000000000
33986  28.726  -32.684  64.756 0.0000000000
33141  30.849  -33.800  62.858 0.0000000000
110222  31.281  -34.246  63.342 0.0000000000
30603  31.677  -36.046  63.230 0.0000000000
32246  32.248  -35.299  64.419 0.0000000000
37404  39.053  -28.083  67.174 0.0000000000
37414  39.922  -28.047  66.073 0.0000000000
38379  40.779  -27.397  65.206 0.0000000000
37446  39.438  -28.290  64.830 0.0000000000
98914  38.587  -28.830  63.247 0.0000000000
36481  38.023  -28.830  63.707 0.0000000000
38410  29.861  -27.542  61.578 0.0000000000
38421  30.509  -27.533  61.102 0.0000000000
38436  29.440  -27.471  59.752 0.0000000000
38449  28.308  -27.743  58.336 0.0000000000
53698  45.134  -10.261  40.273 0.0000000000
53706  44.955  -10.369  39.191 0.0000000000
53707  44.570  -11.003  38.953 0.0000000000
56199  54.937  -7.509  45.851 0.0000000000
56200  53.608  -7.795  45.314 0.0000000000
55338  54.261  -8.005  45.861 0.0000000000
51095  51.067  -13.914  49.282 0.0000000000
117314  50.103  -13.345  48.548 0.0000000000
50191  50.180  -14.820  48.552 0.0000000000
50193  48.900  -14.924  47.555 0.0000000000
49373  49.932  -15.611  48.254 0.0000000000
45991  42.507  -19.442  51.514 0.0000000000
46926  43.725  -18.598  51.326 0.0000000000
46946  42.634  -18.611  50.306 0.0000000000
47781  42.721  -17.832  49.122 0.0000000000
46959  41.533  -18.628  49.343 0.0000000000
46966  40.453  -18.754  48.596 0.0000000000
46003  40.394  -19.483  49.552 0.0000000000
37585  35.440  -29.221  53.843 0.0000000000
36593  35.136  -29.630  52.733 0.0000000000
37598  34.130  -28.660  52.157 0.0000000000
57138  59.486  -6.685  38.066 0.0000000000
57119  58.812  -6.649  38.826 0.0000000000
38381  30.217  -26.970  64.603 0.0000000000
38392  28.503  -27.389  63.634 0.0000000000
38367  29.185  -26.583  64.994 0.0000000000
40106  28.435  -25.721  67.198 0.0000000000
39258  27.491  -26.562  65.898 0.0000000000
38356  26.867  -26.952  66.658 0.0000000000
36446  26.141  -29.557  66.610 0.0000000000
38345  26.567  -27.646  67.254 0.0000000000
37396  36.414  -27.732  67.982 0.0000000000
37419  35.898  -28.075  66.817 0.0000000000
37408  34.731  -27.519  67.296 0.0000000000
38354  32.052  -26.857  66.190 0.0000000000
38353  32.886  -27.105  66.400 0.0000000000
38365  31.701  -26.991  65.369 0.0000000000
37451  30.837  -27.334  64.170 0.0000000000
42082  46.881  -22.939  59.884 0.0000000000
43019  47.969  -21.892  59.813 0.0000000000
43940  48.764  -21.222  58.901 0.0000000000
44922  48.146  -20.830  57.675 0.0000000000
44923  47.315  -21.216  57.729 0.0000000000
43060  43.060  -21.955  56.158 0.0000000000
43966  44.233  -21.147  56.041 0.0000000000
43978  43.211  -21.082  54.966 0.0000000000
44975  42.636  -20.514  53.458 0.0000000000
43990  41.438  -21.363  53.627 0.0000000000
44002  40.433  -21.405  52.586 0.0000000000
43081  40.255  -22.214  53.799 0.0000000000
41200  37.975  -24.133  53.972 0.0000000000
42191  38.122  -23.115  52.931 0.0000000000
41217  37.253  -24.067  52.991 0.0000000000
41245  35.286  -24.284  50.974 0.0000000000
40256  35.762  -25.551  52.285 0.0000000000
37599  28.994  -28.054  51.983 0.0000000000
37606  29.178  -27.972  51.149 0.0000000000
36618  28.142  -29.246  51.136 0.0000000000
58762  55.751  -4.835  37.723 0.0000000000
57957  56.022  -6.104  38.007 0.0000000000
57958  55.020  -5.513  37.517 0.0000000000
56269  53.884  -8.165  38.462 0.0000000000
99594  27.968  -31.458  54.459 0.0000000000
34057  26.921  -32.572  55.362 0.0000000000
36516  25.750  -29.956  62.036 0.0000000000
34836  26.635  -31.250  60.376 0.0000000000
33999  27.678  -32.379  60.907 0.0000000000
32296  30.689  -34.533  60.344 0.0000000000
98147  30.275  -34.262  59.630 0.0000000000
38397  42.145  -27.032  62.669 0.0000000000
39287  42.840  -25.754  63.537 0.0000000000
112114  42.838  -26.725  61.966 0.0000000000
38417  43.203  -26.902  60.447 0.0000000000
37517  42.074  -27.962  59.765 0.0000000000
37527  41.432  -28.120  58.790 0.0000000000
36518  40.987  -28.837  59.640 0.0000000000
35643  38.342  -29.785  60.207 0.0000000000
35648  38.579  -29.968  59.542 0.0000000000
36540  37.418  -29.691  58.663 0.0000000000
36552  36.775  -29.397  57.153 0.0000000000
36553  36.270  -28.750  57.649 0.0000000000
37459  34.875  -28.367  63.695 0.0000000000
36501  35.573  -28.558  62.892 0.0000000000
37475  34.648  -28.280  62.796 0.0000000000
104560  32.565  -27.286  58.815 0.0000000000
38432  33.534  -27.568  59.954 0.0000000000
107380  32.969  -27.134  58.178 0.0000000000
38468  33.555  -26.980  56.781 0.0000000000
38469  32.807  -26.689  56.401 0.0000000000
39345  32.033  -26.494  55.185 0.0000000000
112720  30.670  -26.570  55.781 0.0000000000
105896  28.908  -29.108  55.492 0.0000000000
98347  29.102  -29.137  54.713 0.0000000000
35712  29.264  -30.665  54.936 0.0000000000
56246  48.228  -7.000  40.031 0.0000000000
56271  48.069  -7.200  37.774 0.0000000000
56272  47.457  -7.653  38.287 0.0000000000
53721  47.187  -10.664  37.426 0.0000000000
38312  27.640  -27.119  70.819 0.0000000000
113792  27.087  -28.971  69.424 0.0000000000
107329  27.481  -29.222  70.264 0.0000000000
33950  29.124  -32.858  69.868 0.0000000000
33103  30.369  -33.260  69.268 0.0000000000
33949  30.630  -32.881  69.175 0.0000000000
31336  31.334  -34.666  67.551 0.0000000000
113566  32.083  -36.529  66.628 0.0000000000
31349  30.731  -35.461  66.750 0.0000000000
59581  58.072  -2.679  39.643 0.0000000000
60399  56.224  -2.477  41.770 0.0000000000
105044  54.860  -2.889  40.945 0.0000000000
59558  53.725  -3.435  40.377 0.0000000000
59551  54.260  -3.546  41.442 0.0000000000
57897  53.170  -5.238  43.080 0.0000000000
58717  52.125  -4.751  41.806 0.0000000000
57908  51.599  -5.322  42.166 0.0000000000
57086  49.980  -6.151  41.720 0.0000000000
57078  50.369  -6.308  42.342 0.0000000000
55357  49.954  -8.075  43.950 0.0000000000
56221  49.648  -7.591  43.198 0.0000000000
55348  49.250  -8.662  43.973 0.0000000000
55367  47.691  -8.976  42.868 0.0000000000
106408  48.676  -9.245  44.069 0.0000000000
53629  53.767  -9.849  48.018 0.0000000000
54493  52.781  -9.326  46.655 0.0000000000
54480  52.235  -9.950  47.170 0.0000000000
52770  48.558  -11.878  46.567 0.0000000000
53642  49.644  -10.803  46.422 0.0000000000
52787  48.262  -11.471  45.759 0.0000000000
112766  47.591  -10.897  44.528 0.0000000000
52807  46.703  -11.713  44.387 0.0000000000
51987  45.530  -12.415  43.622 0.0000000000
51977  46.320  -12.501  44.657 0.0000000000
48593  47.118  -16.621  44.622 0.0000000000
49396  46.089  -15.553  43.934 0.0000000000
110405  46.158  -16.968  43.033 0.0000000000
107464  45.450  -17.267  43.249 0.0000000000
48521  52.125  -16.656  52.230 0.0000000000
104557  48.440  -19.316  55.634 0.0000000000
45939  49.631  -18.743  55.121 0.0000000000
46876  48.159  -18.622  54.387 0.0000000000
47745  46.642  -17.652  51.417 0.0000000000
47732  47.933  -17.665  52.242 0.0000000000
101399  47.967  -17.507  50.663 0.0000000000
47756  49.784  -17.405  50.386 0.0000000000
47793  48.330  -17.455  48.634 0.0000000000
107213  48.954  -17.330  47.596 0.0000000000
47795  46.686  -17.294  48.428 0.0000000000
48568  42.908  -16.739  47.170 0.0000000000
48567  43.892  -16.580  47.120 0.0000000000
113645  43.000  -16.167  45.412 0.0000000000
97856  42.887  -15.941  44.441 0.0000000000
48598  41.245  -16.083  44.537 0.0000000000
98275  40.690  -16.345  44.990 0.0000000000
46988  37.857  -17.965  45.966 0.0000000000
102667  38.408  -17.181  45.058 0.0000000000
44034  38.123  -21.072  49.929 0.0000000000
45014  37.791  -20.702  49.286 0.0000000000
44044  37.036  -20.933  49.054 0.0000000000
45040  34.323  -20.369  46.467 0.0000000000
37559  39.405  -28.456  56.534 0.0000000000
38478  39.095  -27.789  56.343 0.0000000000
37572  38.211  -28.513  54.911 0.0000000000
36614  35.657  -29.505  50.368 0.0000000000
37603  36.188  -28.894  51.119 0.0000000000
116554  35.526  -28.603  50.127 0.0000000000
38556  34.746  -27.969  49.296 0.0000000000
38564  34.658  -28.566  48.453 0.0000000000
37622  29.884  -28.384  49.379 0.0000000000
37621  31.988  -28.768  49.167 0.0000000000
37630  29.773  -28.502  48.563 0.0000000000
114203  30.696  -28.095  45.854 0.0000000000
37659  32.751  -28.545  44.950 0.0000000000
56284  55.931  -8.121  38.383 0.0000000000
100634  56.219  -7.874  37.335 0.0000000000
56288  50.705  -7.854  36.878 0.0000000000
39241  31.050  -25.928  67.307 0.0000000000
109034  30.023  -26.012  66.266 0.0000000000
40104  30.405  -25.444  68.034 0.0000000000
40105  29.386  -25.491  67.629 0.0000000000
40094  28.718  -25.461  68.161 0.0000000000
39239  32.754  -26.434  67.959 0.0000000000
41091  44.966  -24.350  61.687 0.0000000000
42071  45.824  -23.385  61.437 0.0000000000
41100  45.606  -23.976  60.437 0.0000000000
42094  45.661  -23.843  59.876 0.0000000000
43032  45.743  -22.911  58.753 0.0000000000
43040  46.183  -22.204  58.270 0.0000000000
100780  43.929  -22.777  57.815 0.0000000000
43051  42.698  -22.485  56.666 0.0000000000
43062  41.605  -22.467  55.657 0.0000000000
43071  40.518  -22.450  54.593 0.0000000000
42155  40.393  -23.403  55.886 0.0000000000
41195  38.889  -24.136  55.193 0.0000000000
40236  37.758  -25.373  54.604 0.0000000000
35726  27.467  -30.500  52.411 0.0000000000
35733  26.956  -30.258  51.112 0.0000000000
35735  25.739  -30.981  51.062 0.0000000000
58764  53.511  -4.356  37.608 0.0000000000
57959  53.960  -5.442  37.182 0.0000000000
108807  53.096  -4.970  37.109 0.0000000000
57143  52.825  -6.512  37.002 0.0000000000
36566  28.676  -29.595  56.241 0.0000000000
34048  29.350  -31.890  55.987 0.0000000000
35677  29.337  -30.909  56.618 0.0000000000
34869  29.394  -31.296  57.191 0.0000000000
33200  30.157  -32.566  57.667 0.0000000000
33989  27.076  -32.312  63.363 0.0000000000
33995  27.598  -32.644  61.876 0.0000000000
33149  29.164  -33.334  62.169 0.0000000000
32287  31.552  -34.305  61.199 0.0000000000
30605  30.173  -37.014  62.615 0.0000000000
38378  41.388  -27.024  64.428 0.0000000000
37472  40.914  -27.933  62.518 0.0000000000
36509  40.058  -29.117  60.812 0.0000000000
36496  39.803  -28.827  61.793 0.0000000000
36511  38.498  -29.496  61.335 0.0000000000
36512  37.418  -29.375  61.284 0.0000000000
102625  32.645  -27.686  63.252 0.0000000000
98829  33.138  -27.742  62.622 0.0000000000
38407  31.968  -27.567  61.386 0.0000000000
97911  31.794  -27.413  59.870 0.0000000000
38446  30.735  -27.037  58.666 0.0000000000
38459  30.083  -26.784  56.974 0.0000000000
38460  29.062  -27.278  57.159 0.0000000000
37551  28.391  -28.604  56.364 0.0000000000
55379  46.560  -8.806  40.513 0.0000000000
55403  46.442  -8.800  38.471 0.0000000000
54556  45.869  -9.210  39.008 0.0000000000
52876  45.745  -10.937  37.779 0.0000000000
33939  27.338  -32.308  70.094 0.0000000000
33105  28.560  -33.107  68.896 0.0000000000
32232  29.645  -35.016  66.122 0.0000000000
33131  28.055  -33.853  65.967 0.0000000000
57067  53.393  -6.404  44.049 0.0000000000
115115  51.360  -6.825  43.598 0.0000000000
57054  52.731  -7.405  44.618 0.0000000000
56209  51.744  -7.757  44.582 0.0000000000
55340  50.884  -8.833  45.214 0.0000000000
52743  52.704  -11.235  49.227 0.0000000000
53631  51.704  -10.617  47.856 0.0000000000
116204  50.966  -12.081  48.830 0.0000000000
52755  49.624  -11.951  47.726 0.0000000000
51951  48.267  -12.873  46.974 0.0000000000
51123  46.780  -13.936  45.800 0.0000000000
50200  47.676  -14.807  46.529 0.0000000000
49384  47.644  -15.559  46.066 0.0000000000
48584  47.672  -16.751  45.302 0.0000000000
45960  45.434  -19.198  53.762 0.0000000000
46891  46.843  -18.518  53.462 0.0000000000
46907  45.650  -18.479  52.505 0.0000000000
46943  45.023  -17.877  51.098 0.0000000000
47760  45.567  -17.590  50.518 0.0000000000
109283  45.808  -17.153  48.811 0.0000000000
47780  43.609  -17.526  49.209 0.0000000000
47798  43.040  -17.397  48.540 0.0000000000
47822  41.448  -17.319  47.206 0.0000000000
47823  40.296  -17.366  46.516 0.0000000000
47812  40.344  -17.881  47.367 0.0000000000
46980  39.188  -18.200  47.001 0.0000000000
46976  37.993  -18.832  47.168 0.0000000000
43129  35.526  -22.487  49.509 0.0000000000
44046  35.584  -21.484  48.526 0.0000000000
101102  34.401  -22.312  48.399 0.0000000000
43156  32.807  -22.138  46.833 0.0000000000
43181  31.991  -22.393  45.007 0.0000000000
100632  37.010  -30.305  54.802 0.0000000000
36591  37.445  -29.968  53.820 0.0000000000
35717  36.553  -30.212  53.456 0.0000000000
35732  35.336  -30.149  51.722 0.0000000000
35738  34.537  -30.055  50.207 0.0000000000
38574  28.281  -27.767  47.241 0.0000000000
38584  26.954  -27.628  46.147 0.0000000000
57970  59.782  -6.675  37.502 0.0000000000
57148  59.707  -7.167  37.452 0.0000000000
117761  58.357  -7.676  35.513 0.0000000000
97914  29.096  -27.570  62.323 0.0000000000
37511  27.678  -28.001  61.175 0.0000000000
38401  28.398  -27.595  62.828 0.0000000000
37465  26.774  -28.247  63.082 0.0000000000
36468  26.161  -28.652  63.758 0.0000000000
39272  28.449  -26.330  65.525 0.0000000000
38369  27.152  -27.085  65.145 0.0000000000
35623  25.573  -29.854  64.392 0.0000000000
35611  25.706  -30.099  65.116 0.0000000000
100443  26.972  -31.435  65.163 0.0000000000
34813  28.228  -31.855  65.889 0.0000000000
36444  37.799  -28.502  66.599 0.0000000000
36465  37.410  -28.595  65.220 0.0000000000
36453  36.669  -28.528  65.745 0.0000000000
97492  35.101  -28.308  65.051 0.0000000000
37448  34.227  -28.040  64.855 0.0000000000
37421  34.159  -27.567  66.783 0.0000000000
37435  33.703  -27.724  65.313 0.0000000000
37450  32.946  -27.670  64.217 0.0000000000
37462  32.079  -27.593  63.715 0.0000000000
37478  30.704  -27.517  63.249 0.0000000000
52004  43.965  -12.364  40.683 0.0000000000
52019  44.289  -12.422  38.680 0.0000000000
52012  43.669  -13.281  39.382 0.0000000000
55326  55.167  -8.187  46.868 0.0000000000
53600  54.461  -10.596  49.544 0.0000000000
52731  53.605  -11.366  49.784 0.0000000000
51085  52.492  -13.437  50.128 0.0000000000
50179  52.105  -14.291  50.042 0.0000000000
44936  48.271  -20.218  56.899 0.0000000000
102881  47.037  -19.681  55.768 0.0000000000
43958  45.642  -21.278  57.094 0.0000000000
44953  45.443  -20.341  55.688 0.0000000000
45943  45.690  -19.512  54.548 0.0000000000
44973  44.165  -19.980  53.988 0.0000000000
44983  43.111  -19.976  52.981 0.0000000000
44993  41.316  -20.299  51.693 0.0000000000
45011  39.972  -20.011  49.993 0.0000000000
44994  40.567  -20.557  51.431 0.0000000000
44015  39.427  -21.409  51.586 0.0000000000
44017  38.005  -21.957  51.054 0.0000000000
43082  39.502  -22.485  53.526 0.0000000000
43098  37.855  -22.824  52.222 0.0000000000
43118  36.567  -22.540  50.493 0.0000000000
42219  35.525  -23.546  50.576 0.0000000000
102174  34.151  -24.139  49.746 0.0000000000
40299  33.047  -25.725  48.476 0.0000000000
38506  33.036  -26.963  52.683 0.0000000000
38521  33.467  -27.950  51.858 0.0000000000
99834  31.470  -26.897  51.383 0.0000000000
37613  29.484  -28.116  50.296 0.0000000000
37623  28.450  -28.734  49.434 0.0000000000
36620  26.751  -29.885  50.375 0.0000000000
36637  27.074  -29.148  49.240 0.0000000000
99641  57.890  -5.451  38.725 0.0000000000
57120  58.076  -6.965  38.973 0.0000000000
57943  57.633  -6.510  38.849 0.0000000000
56266  56.535  -7.665  38.663 0.0000000000
55396  54.994  -8.294  38.360 0.0000000000
57141  54.611  -6.603  37.778 0.0000000000
56268  54.679  -8.118  38.545 0.0000000000
36535  26.547  -29.930  59.744 0.0000000000
34846  28.663  -31.823  58.981 0.0000000000
34033  30.615  -32.825  58.457 0.0000000000
34009  30.797  -32.912  59.800 0.0000000000
105462  30.775  -33.228  58.858 0.0000000000
112071  43.933  -24.409  63.058 0.0000000000
39305  44.072  -25.724  61.142 0.0000000000
39313  43.575  -26.336  60.072 0.0000000000
115413  42.465  -26.461  58.989 0.0000000000
39333  40.923  -26.462  58.087 0.0000000000
38442  41.418  -27.564  58.551 0.0000000000
37537  40.643  -28.295  57.953 0.0000000000
103326  39.882  -29.184  57.376 0.0000000000
36530  39.798  -29.525  59.591 0.0000000000
109775  39.086  -30.006  58.288 0.0000000000
35687  38.732  -30.036  56.680 0.0000000000
35701  37.059  -30.114  55.660 0.0000000000
36576  36.094  -29.123  55.673 0.0000000000
37562  35.151  -28.182  54.904 0.0000000000
36483  36.767  -28.727  63.863 0.0000000000
109039  36.969  -29.097  62.087 0.0000000000
36533  36.099  -28.659  60.458 0.0000000000
37508  34.501  -27.906  61.157 0.0000000000
37519  35.211  -28.089  60.450 0.0000000000
37529  35.694  -28.162  59.087 0.0000000000
112210  34.910  -27.706  57.694 0.0000000000
38467  34.344  -27.367  56.271 0.0000000000
38493  33.901  -27.143  54.727 0.0000000000
115972  31.964  -26.455  53.861 0.0000000000
39359  30.685  -26.476  53.712 0.0000000000
108853  29.114  -28.068  53.245 0.0000000000
38484  29.398  -27.292  55.396 0.0000000000
36594  29.056  -28.867  53.971 0.0000000000
36603  28.486  -29.557  52.897 0.0000000000
35720  27.759  -30.688  53.137 0.0000000000
57929  49.777  -5.485  39.147 0.0000000000
57145  49.403  -6.275  37.458 0.0000000000
117808  48.934  -6.425  37.896 0.0000000000
54576  46.886  -9.706  37.378 0.0000000000
97702  47.724  -9.768  37.192 0.0000000000
52018  44.840  -12.421  38.149 0.0000000000
41017  31.056  -23.819  70.228 0.0000000000
40081  30.070  -24.619  70.308 0.0000000000
40082  29.145  -25.145  70.491 0.0000000000
39212  28.418  -25.767  70.706 0.0000000000
116377  27.435  -26.521  69.325 0.0000000000
37397  26.820  -28.267  68.753 0.0000000000
34795  27.600  -30.868  67.175 0.0000000000
33975  29.778  -32.515  66.784 0.0000000000
103457  28.161  -30.346  70.684 0.0000000000
34783  29.493  -31.651  69.344 0.0000000000
101850  30.613  -32.733  67.827 0.0000000000
101224  31.564  -34.038  66.319 0.0000000000
30586  32.571  -36.606  65.465 0.0000000000
115634  59.150  -4.422  39.378 0.0000000000
111892  58.099  -3.744  39.164 0.0000000000
59582  56.995  -3.069  38.722 0.0000000000
59583  55.846  -3.149  38.478 0.0000000000
102338  57.531  -1.634  41.182 0.0000000000
60430  55.396  -2.717  39.237 0.0000000000
59584  54.361  -3.220  38.871 0.0000000000
59572  53.646  -3.384  39.366 0.0000000000
59586  52.459  -3.964  39.098 0.0000000000
117291  51.576  -4.388  39.967 0.0000000000
58715  53.705  -4.070  41.941 0.0000000000
97548  51.920  -4.437  40.832 0.0000000000
57928  50.396  -5.054  39.775 0.0000000000
57921  49.786  -5.563  40.176 0.0000000000
57098  49.299  -6.124  40.537 0.0000000000
56238  48.356  -7.292  41.161 0.0000000000
56228  50.016  -6.908  42.823 0.0000000000
56230  48.589  -7.572  42.077 0.0000000000
55372  47.896  -7.910  41.640 0.0000000000
54536  46.699  -9.028  41.354 0.0000000000
54530  46.538  -9.565  41.914 0.0000000000
53678  46.364  -10.231  42.492 0.0000000000
115805  53.243  -8.806  46.274 0.0000000000
55329  52.311  -9.006  46.044 0.0000000000
54505  50.434  -9.478  45.568 0.0000000000
53641  50.421  -10.503  46.716 0.0000000000
53648  50.023  -10.133  45.977 0.0000000000
54506  49.550  -9.760  45.262 0.0000000000
53660  47.540  -10.410  44.052 0.0000000000
53669  46.842  -10.457  43.387 0.0000000000
52844  45.063  -11.177  41.755 0.0000000000
52835  44.727  -11.938  42.206 0.0000000000
51994  44.523  -12.872  42.654 0.0000000000
50212  45.834  -14.566  44.325 0.0000000000
50224  45.177  -14.976  43.035 0.0000000000
114013  52.965  -14.644  50.885 0.0000000000
105761  51.312  -15.817  49.632 0.0000000000
47717  50.891  -17.647  53.527 0.0000000000
46904  48.451  -17.915  53.069 0.0000000000
46903  49.281  -17.708  52.884 0.0000000000
47729  50.709  -17.420  52.503 0.0000000000
47754  51.267  -16.840  50.744 0.0000000000
48547  50.967  -16.470  49.494 0.0000000000
48556  50.189  -16.580  48.443 0.0000000000
110993  49.443  -16.905  47.410 0.0000000000
47817  48.397  -17.069  46.166 0.0000000000
97706  47.243  -17.255  45.261 0.0000000000
47808  45.470  -16.758  47.386 0.0000000000
48576  45.746  -16.850  45.636 0.0000000000
48585  45.853  -17.162  44.563 0.0000000000
48595  45.076  -16.871  44.138 0.0000000000
113028  39.424  -16.719  45.055 0.0000000000
47851  38.188  -16.822  43.222 0.0000000000
46005  38.971  -19.948  49.075 0.0000000000
46011  37.925  -19.794  48.219 0.0000000000
46026  36.363  -19.244  46.627 0.0000000000
45031  35.551  -20.496  47.490 0.0000000000
45039  35.128  -20.099  46.774 0.0000000000
39336  40.130  -26.556  57.466 0.0000000000
39344  38.204  -26.621  55.422 0.0000000000
39355  37.030  -26.152  53.904 0.0000000000
98933  37.393  -28.802  53.384 0.0000000000
38503  36.479  -27.311  52.831 0.0000000000
39369  36.066  -26.460  52.595 0.0000000000
39384  35.125  -26.492  51.287 0.0000000000
39408  34.050  -26.779  49.460 0.0000000000
107209  33.196  -26.524  47.824 0.0000000000
37611  32.708  -28.612  50.274 0.0000000000
36617  33.253  -29.466  49.828 0.0000000000
36635  32.987  -29.652  48.081 0.0000000000
37651  30.041  -28.266  47.190 0.0000000000
36645  32.336  -29.376  47.120 0.0000000000
36651  33.551  -29.343  46.744 0.0000000000
109683  33.545  -28.691  45.976 0.0000000000
38592  33.418  -28.215  45.364 0.0000000000
56282  58.236  -7.306  38.421 0.0000000000
56307  56.821  -7.318  36.034 0.0000000000
56312  57.375  -7.455  35.043 0.0000000000
57151  50.538  -6.438  36.700 0.0000000000
40216  42.998  -25.257  58.890 0.0000000000
41160  42.503  -24.536  58.342 0.0000000000
41162  41.077  -25.000  57.743 0.0000000000
40225  41.427  -25.666  58.199 0.0000000000
37521  27.841  -27.997  59.739 0.0000000000
37522  27.151  -28.648  59.346 0.0000000000
105019  27.330  -28.385  60.288 0.0000000000
33137  29.628  -33.316  64.487 0.0000000000
117070  30.790  -33.864  63.491 0.0000000000
102097  30.813  -33.871  64.361 0.0000000000
33136  31.700  -34.586  64.228 0.0000000000
37416  38.800  -28.342  66.922 0.0000000000
37415  39.429  -28.086  66.731 0.0000000000
37431  38.988  -28.388  66.414 0.0000000000
37430  39.503  -28.255  66.001 0.0000000000
36480  38.489  -28.608  64.480 0.0000000000
36464  38.004  -28.554  65.422 0.0000000000
38411  28.850  -27.610  61.334 0.0000000000
38422  29.639  -27.518  60.672 0.0000000000
38423  28.725  -27.641  60.224 0.0000000000
38437  28.485  -27.689  59.283 0.0000000000
53688  45.348  -10.491  41.317 0.0000000000
53699  44.530  -10.918  39.768 0.0000000000
56188  55.176  -7.783  46.435 0.0000000000
51096  50.441  -14.031  48.820 0.0000000000
115770  50.443  -15.350  48.716 0.0000000000
45997  42.190  -19.160  50.784 0.0000000000
46927  42.939  -18.850  51.065 0.0000000000
46947  41.856  -18.868  50.064 0.0000000000
46002  41.121  -19.197  49.792 0.0000000000
46960  40.780  -18.930  49.132 0.0000000000
38504  34.603  -28.092  53.623 0.0000000000
37586  35.005  -29.016  53.266 0.0000000000
37587  34.414  -28.397  52.864 0.0000000000
57941  59.220  -6.055  38.863 0.0000000000
38366  30.874  -26.797  65.209 0.0000000000
115402  30.041  -26.610  65.220 0.0000000000
39270  30.435  -26.428  65.779 0.0000000000
107424  27.555  -26.258  66.907 0.0000000000
38344  27.053  -26.761  67.699 0.0000000000
107860  36.343  -27.258  68.274 0.0000000000
97989  35.617  -27.688  67.502 0.0000000000
38340  34.961  -27.259  67.965 0.0000000000
38380  31.284  -27.175  64.684 0.0000000000
43021  46.814  -22.745  59.366 0.0000000000
43020  47.436  -22.355  59.580 0.0000000000
43929  48.030  -21.759  59.230 0.0000000000
43949  47.962  -21.463  58.451 0.0000000000
43941  46.989  -21.871  58.359 0.0000000000
43969  42.020  -21.878  55.173 0.0000000000
43968  42.761  -21.632  55.442 0.0000000000
43979  42.475  -21.352  54.676 0.0000000000
43980  41.720  -21.609  54.400 0.0000000000
43991  40.686  -21.623  53.355 0.0000000000
43981  40.962  -21.868  54.121 0.0000000000
41201  37.424  -24.449  53.544 0.0000000000
41202  36.813  -24.752  53.084 0.0000000000
41218  36.244  -24.730  52.394 0.0000000000
40255  36.333  -25.551  52.866 0.0000000000
37607  28.605  -28.655  51.553 0.0000000000
59592  55.355  -3.841  37.913 0.0000000000
58763  54.949  -4.484  37.600 0.0000000000
34885  28.864  -31.112  54.696 0.0000000000
34882  28.624  -31.749  55.306 0.0000000000
35635  25.638  -30.388  62.664 0.0000000000
34832  25.832  -30.804  61.992 0.0000000000
34831  26.337  -31.585  61.729 0.0000000000
32297  29.641  -34.710  60.139 0.0000000000
38398  41.645  -27.573  62.195 0.0000000000
37489  41.898  -27.753  61.318 0.0000000000
112316  42.678  -27.324  61.031 0.0000000000
37504  42.083  -27.903  60.498 0.0000000000
37505  41.541  -28.423  60.057 0.0000000000
98159  37.579  -29.575  60.366 0.0000000000
36531  37.474  -29.638  59.529 0.0000000000
111253  36.867  -29.238  59.106 0.0000000000
36541  36.829  -29.268  58.169 0.0000000000
38445  32.215  -27.039  58.345 0.0000000000
117948  32.473  -26.907  57.927 0.0000000000
38457  32.745  -26.812  57.353 0.0000000000
38470  31.866  -26.595  56.715 0.0000000000
39339  30.849  -26.599  56.431 0.0000000000
35702  29.449  -30.867  55.562 0.0000000000
36577  29.247  -30.070  55.104 0.0000000000
56257  47.503  -7.575  39.435 0.0000000000
106120  28.009  -26.945  71.802 0.0000000000
116607  27.694  -27.684  71.496 0.0000000000
37382  27.447  -28.208  70.749 0.0000000000
33104  29.627  -33.310  69.336 0.0000000000
33111  29.925  -33.711  68.719 0.0000000000
32200  30.800  -33.686  68.689 0.0000000000
32211  30.684  -34.163  68.270 0.0000000000
32222  30.265  -34.643  67.242 0.0000000000
61299  58.193  -1.227  41.657 0.0000000000
61283  57.944  -0.729  42.090 0.0000000000
59549  56.897  -2.589  43.225 0.0000000000
59550  55.529  -3.090  42.142 0.0000000000
57898  52.208  -5.679  42.982 0.0000000000
58707  52.403  -5.120  42.482 0.0000000000
57077  51.187  -5.946  42.612 0.0000000000
54514  49.343  -9.217  44.566 0.0000000000
53630  52.739  -10.232  47.855 0.0000000000
51966  47.905  -12.265  46.195 0.0000000000
52788  47.583  -11.836  45.449 0.0000000000
51976  46.952  -12.179  45.064 0.0000000000
51968  46.514  -13.113  45.331 0.0000000000
116499  46.705  -16.820  43.978 0.0000000000
47850  46.402  -17.044  43.584 0.0000000000
48606  45.890  -17.202  43.027 0.0000000000
45941  47.708  -19.188  55.151 0.0000000000
45940  48.687  -18.894  55.068 0.0000000000
45958  47.202  -18.781  54.284 0.0000000000
47758  47.177  -17.530  50.653 0.0000000000
47776  47.877  -17.476  49.750 0.0000000000
104644  47.292  -17.433  48.961 0.0000000000
97465  42.427  -16.573  46.420 0.0000000000
114488  41.998  -16.362  45.785 0.0000000000
97678  42.066  -16.068  44.943 0.0000000000
48587  41.314  -16.387  45.432 0.0000000000
48588  40.580  -16.732  45.697 0.0000000000
46982  37.577  -18.484  46.428 0.0000000000
46989  37.152  -18.089  45.655 0.0000000000
44035  37.380  -21.313  49.688 0.0000000000
44036  36.628  -21.555  49.444 0.0000000000
36574  39.147  -29.090  56.150 0.0000000000
37560  38.821  -28.510  55.823 0.0000000000
98252  38.546  -29.246  55.370 0.0000000000
36622  35.282  -29.591  49.744 0.0000000000
114573  35.537  -29.083  49.862 0.0000000000
37618  35.230  -29.108  49.241 0.0000000000
37619  35.018  -28.751  48.975 0.0000000000
37627  34.831  -29.089  48.596 0.0000000000
98569  29.048  -28.602  49.061 0.0000000000
55407  55.265  -8.393  37.779 0.0000000000
56297  55.347  -8.024  36.723 0.0000000000
39226  31.436  -25.632  68.289 0.0000000000
40093  29.915  -25.052  68.940 0.0000000000
39225  32.325  -25.760  68.521 0.0000000000
39240  31.934  -26.237  67.642 0.0000000000
40180  45.012  -24.630  60.789 0.0000000000
41145  44.591  -24.324  59.405 0.0000000000
41127  45.109  -24.174  59.669 0.0000000000
41144  45.055  -23.927  59.398 0.0000000000
42107  45.572  -23.549  59.370 0.0000000000
43033  45.046  -22.893  58.408 0.0000000000
42120  44.393  -23.158  58.362 0.0000000000
42138  42.347  -23.118  57.230 0.0000000000
43043  43.203  -22.792  57.444 0.0000000000
43052  41.938  -22.749  56.457 0.0000000000
42154  41.172  -23.068  56.188 0.0000000000
41179  39.650  -25.033  56.646 0.0000000000
41189  39.307  -24.545  55.914 0.0000000000
41196  38.224  -24.686  54.717 0.0000000000
41190  38.680  -25.007  55.540 0.0000000000
34905  26.132  -31.217  51.877 0.0000000000
35727  26.913  -30.605  51.880 0.0000000000
58765  52.567  -4.571  37.615 0.0000000000
57149  51.851  -5.999  36.723 0.0000000000
57960  52.359  -5.283  37.000 0.0000000000
57144  52.095  -6.837  36.878 0.0000000000
35691  29.172  -30.428  56.230 0.0000000000
35678  28.598  -30.294  56.867 0.0000000000
35664  27.451  -30.451  58.320 0.0000000000
35663  28.348  -30.847  57.696 0.0000000000
34857  30.092  -31.911  57.644 0.0000000000
34858  29.303  -31.604  58.071 0.0000000000
115423  27.061  -32.154  63.973 0.0000000000
33994  28.283  -33.097  62.375 0.0000000000
33988  28.029  -32.907  63.237 0.0000000000
33140  31.457  -34.182  62.405 0.0000000000
33147  30.981  -33.640  61.985 0.0000000000
32288  31.276  -34.626  61.043 0.0000000000
31394  31.093  -35.238  61.626 0.0000000000
31395  30.177  -35.597  61.571 0.0000000000
31389  31.348  -35.521  62.443 0.0000000000
30604  31.012  -36.543  62.944 0.0000000000
29835  30.611  -37.887  63.250 0.0000000000
29828  31.164  -38.526  64.028 0.0000000000
39248  41.146  -26.413  66.200 0.0000000000
37445  40.256  -27.866  64.504 0.0000000000
112556  40.866  -27.469  64.184 0.0000000000
37444  40.556  -27.851  63.461 0.0000000000
38390  41.372  -27.369  63.302 0.0000000000
37473  40.159  -28.335  62.675 0.0000000000
97655  40.534  -28.371  61.949 0.0000000000
36497  38.787  -29.163  62.107 0.0000000000
114398  38.170  -29.372  61.898 0.0000000000
114340  37.963  -29.491  61.461 0.0000000000
36499  37.636  -29.297  62.023 0.0000000000
37477  32.048  -27.623  63.056 0.0000000000
111724  32.582  -27.662  62.643 0.0000000000
37494  32.026  -27.617  62.241 0.0000000000
38435  30.358  -27.443  60.147 0.0000000000
113398  31.314  -27.495  60.598 0.0000000000
38434  31.031  -27.304  59.585 0.0000000000
38447  29.897  -26.985  57.876 0.0000000000
117583  29.792  -27.172  58.557 0.0000000000
37541  27.661  -28.430  57.766 0.0000000000
38461  28.319  -27.783  57.433 0.0000000000
113635  28.032  -28.335  56.998 0.0000000000
55389  46.421  -8.687  39.452 0.0000000000
53716  45.158  -10.772  38.345 0.0000000000
54569  45.481  -9.900  38.643 0.0000000000
98474  45.800  -11.661  37.709 0.0000000000
52026  46.293  -12.132  37.631 0.0000000000
33952  26.890  -32.394  69.017 0.0000000000
33951  28.017  -32.741  69.407 0.0000000000
33122  28.512  -33.678  67.103 0.0000000000
33113  27.904  -33.194  67.683 0.0000000000
57068  52.339  -6.740  43.950 0.0000000000
57053  53.461  -6.892  44.462 0.0000000000
56201  52.357  -8.036  45.073 0.0000000000
55346  51.338  -8.254  44.859 0.0000000000
55339  51.852  -8.621  45.449 0.0000000000
52744  51.742  -11.298  48.718 0.0000000000
51935  50.156  -12.486  48.400 0.0000000000
51936  49.444  -13.010  48.067 0.0000000000
51950  48.950  -12.345  47.337 0.0000000000
51937  48.809  -13.195  47.584 0.0000000000
51112  47.890  -13.864  46.865 0.0000000000
51105  48.478  -13.942  47.401 0.0000000000
49375  48.675  -15.794  47.087 0.0000000000
49383  48.114  -15.681  46.511 0.0000000000
97786  47.940  -16.306  45.903 0.0000000000
48583  48.210  -16.851  45.905 0.0000000000
45975  45.143  -18.906  53.020 0.0000000000
46908  44.840  -18.648  52.301 0.0000000000
46944  44.205  -18.077  50.847 0.0000000000
46925  44.533  -18.395  51.575 0.0000000000
47761  44.744  -17.632  50.302 0.0000000000
47779  44.506  -17.425  49.518 0.0000000000
46964  41.976  -18.081  48.919 0.0000000000
47799  41.802  -17.751  48.246 0.0000000000
103729  41.772  -17.423  47.655 0.0000000000
47811  41.116  -17.792  47.757 0.0000000000
97447  40.925  -17.460  47.054 0.0000000000
46967  39.851  -18.880  48.316 0.0000000000
46974  39.644  -18.455  47.600 0.0000000000
46975  38.806  -18.690  47.380 0.0000000000
46018  38.374  -19.266  47.788 0.0000000000
43130  34.784  -22.754  49.178 0.0000000000
43139  33.567  -22.751  48.137 0.0000000000
43157  32.255  -22.752  46.317 0.0000000000
43166  32.173  -22.359  45.613 0.0000000000
42276  31.892  -23.088  45.450 0.0000000000
35711  36.505  -30.135  54.133 0.0000000000
101763  37.065  -30.317  54.024 0.0000000000
35718  36.101  -30.096  53.567 0.0000000000
36600  34.914  -29.880  52.148 0.0000000000
35724  35.537  -30.065  52.460 0.0000000000
36607  34.683  -30.010  51.450 0.0000000000
107193  35.092  -30.193  50.847 0.0000000000
36615  34.446  -30.017  50.826 0.0000000000
56294  59.280  -7.456  36.993 0.0000000000
37479  29.554  -27.489  63.175 0.0000000000
37495  28.123  -27.735  62.011 0.0000000000
38393  27.558  -27.702  63.255 0.0000000000
116170  27.511  -27.537  63.867 0.0000000000
36485  26.132  -28.951  62.978 0.0000000000
38384  26.806  -27.970  63.803 0.0000000000
39271  29.388  -26.178  65.744 0.0000000000
39257  28.337  -25.995  66.258 0.0000000000
101596  26.758  -27.166  65.892 0.0000000000
38370  26.390  -27.845  65.382 0.0000000000
36469  25.764  -29.075  64.440 0.0000000000
35622  25.794  -30.626  64.428 0.0000000000
36455  25.824  -29.477  65.658 0.0000000000
35610  26.119  -30.255  65.901 0.0000000000
35609  26.932  -31.013  66.047 0.0000000000
34814  27.558  -31.562  65.725 0.0000000000
37407  37.199  -28.051  67.835 0.0000000000
38339  37.559  -27.747  67.872 0.0000000000
37406  38.061  -28.112  67.575 0.0000000000
37418  37.444  -28.419  67.140 0.0000000000
36445  37.305  -28.498  66.304 0.0000000000
37432  36.618  -28.395  66.582 0.0000000000
37420  34.956  -27.890  66.605 0.0000000000
37433  35.674  -28.384  65.942 0.0000000000
38341  34.078  -27.163  67.599 0.0000000000
38352  33.560  -27.280  66.888 0.0000000000
37436  32.955  -27.405  65.453 0.0000000000
107363  32.945  -27.588  64.700 0.0000000000
104240  32.428  -27.577  64.218 0.0000000000
37463  31.253  -27.488  63.774 0.0000000000
38400  30.086  -27.543  62.447 0.0000000000
109114  43.865  -12.197  39.921 0.0000000000
52730  54.269  -11.294  50.247 0.0000000000
51887  53.918  -12.670  50.973 0.0000000000
51084  53.266  -13.035  50.531 0.0000000000
51076  52.940  -14.016  50.581 0.0000000000
44951  47.309  -20.174  56.525 0.0000000000
45923  47.903  -19.641  56.076 0.0000000000
43951  45.197  -21.880  57.558 0.0000000000
101673  45.777  -21.845  57.768 0.0000000000
44955  43.938  -20.794  55.264 0.0000000000
44939  45.051  -20.864  56.298 0.0000000000
44954  44.702  -20.558  55.509 0.0000000000
45925  45.853  -19.839  55.274 0.0000000000
44963  45.165  -20.021  55.006 0.0000000000
45944  44.904  -19.681  54.279 0.0000000000
44976  41.874  -20.782  53.185 0.0000000000
44984  42.355  -20.270  52.701 0.0000000000
44992  42.060  -20.011  51.968 0.0000000000
44986  40.859  -20.826  52.155 0.0000000000
44003  39.691  -21.659  52.324 0.0000000000
44014  40.151  -21.138  51.859 0.0000000000
44016  38.713  -21.678  51.321 0.0000000000
43072  39.753  -22.734  54.311 0.0000000000
42178  39.025  -23.062  53.999 0.0000000000
42192  37.496  -23.479  52.624 0.0000000000
43110  37.592  -22.557  51.486 0.0000000000
43111  36.870  -22.846  51.214 0.0000000000
43119  35.853  -22.842  50.201 0.0000000000
42218  36.209  -23.201  50.883 0.0000000000
42220  34.754  -23.969  50.269 0.0000000000
41260  34.171  -24.753  50.221 0.0000000000
41261  33.652  -24.799  49.617 0.0000000000
39372  31.801  -26.610  52.366 0.0000000000
37614  28.705  -28.564  50.675 0.0000000000
38547  29.994  -27.479  50.822 0.0000000000
97356  28.938  -28.559  49.832 0.0000000000
35739  26.230  -30.455  50.699 0.0000000000
36619  27.496  -29.635  50.753 0.0000000000
36629  26.497  -29.569  49.607 0.0000000000
36638  26.241  -29.188  48.789 0.0000000000
57140  55.373  -6.752  38.220 0.0000000000
57122  56.102  -7.384  38.648 0.0000000000
56267  55.553  -8.010  38.654 0.0000000000
55397  54.201  -8.498  38.333 0.0000000000
34055  28.868  -32.194  55.992 0.0000000000
34056  27.907  -32.333  55.653 0.0000000000
34049  28.165  -32.559  56.275 0.0000000000
37512  26.780  -28.771  60.979 0.0000000000
36525  26.387  -29.665  60.618 0.0000000000
34024  27.998  -32.135  59.866 0.0000000000
113807  27.186  -31.567  59.878 0.0000000000
34845  29.754  -32.136  58.660 0.0000000000
34022  30.307  -32.539  59.217 0.0000000000
33161  30.010  -33.339  61.522 0.0000000000
33998  29.650  -32.931  60.787 0.0000000000
33177  30.482  -33.127  60.568 0.0000000000
102796  29.359  -34.286  59.376 0.0000000000
32305  30.265  -33.741  59.059 0.0000000000
99446  42.262  -25.385  65.242 0.0000000000
40142  42.524  -25.555  64.455 0.0000000000
101073  42.957  -25.218  63.986 0.0000000000
99919  43.471  -25.240  63.084 0.0000000000
40167  44.071  -24.998  62.400 0.0000000000
40168  43.847  -25.571  62.047 0.0000000000
38430  43.010  -26.903  59.799 0.0000000000
39321  43.298  -26.243  59.582 0.0000000000
39322  42.574  -26.772  59.263 0.0000000000
39328  41.945  -26.852  58.771 0.0000000000
38441  41.949  -27.450  59.011 0.0000000000
37528  40.856  -28.539  58.396 0.0000000000
37536  41.057  -28.061  58.334 0.0000000000
36550  40.399  -28.900  57.935 0.0000000000
37538  40.178  -28.582  57.460 0.0000000000
36519  40.301  -29.224  59.998 0.0000000000
112086  38.440  -30.156  58.440 0.0000000000
35661  38.711  -30.096  58.917 0.0000000000
35675  38.485  -30.167  57.598 0.0000000000
35674  39.323  -29.765  57.440 0.0000000000
35688  38.005  -30.251  56.713 0.0000000000
112715  37.601  -30.208  56.063 0.0000000000
35689  37.306  -29.956  56.676 0.0000000000
36564  36.220  -28.883  56.638 0.0000000000
37561  35.610  -28.651  55.318 0.0000000000
37550  35.099  -27.909  55.784 0.0000000000
36466  36.811  -28.615  64.941 0.0000000000
103411  37.210  -28.679  64.456 0.0000000000
37491  35.335  -28.500  62.109 0.0000000000
36500  36.465  -28.801  62.915 0.0000000000
36514  36.174  -28.790  62.058 0.0000000000
36513  36.748  -29.071  61.486 0.0000000000
36523  36.198  -28.783  61.288 0.0000000000
37510  32.838  -27.625  61.665 0.0000000000
37493  33.760  -27.809  61.870 0.0000000000
37509  33.696  -27.661  60.948 0.0000000000
38443  34.203  -27.596  59.290 0.0000000000
37520  34.383  -27.727  60.256 0.0000000000
102315  35.047  -27.839  59.612 0.0000000000
114101  35.674  -28.287  59.832 0.0000000000
37530  34.925  -27.740  58.685 0.0000000000
110361  35.654  -28.172  58.153 0.0000000000
100852  33.593  -26.923  55.748 0.0000000000
38480  34.503  -27.503  55.323 0.0000000000
38481  33.025  -26.657  54.914 0.0000000000
39350  33.317  -26.852  53.881 0.0000000000
39353  30.445  -26.557  54.558 0.0000000000
39352  31.440  -26.423  54.314 0.0000000000
38494  29.821  -26.874  54.008 0.0000000000
38507  29.633  -27.241  53.192 0.0000000000
38472  29.192  -27.295  56.296 0.0000000000
38471  29.947  -26.716  56.032 0.0000000000
36586  29.068  -29.877  54.512 0.0000000000
37576  29.126  -28.310  54.424 0.0000000000
35719  28.388  -30.254  53.441 0.0000000000
57104  49.222  -6.013  39.624 0.0000000000
57125  49.180  -6.096  38.524 0.0000000000
107018  48.551  -6.637  38.252 0.0000000000
56289  48.411  -7.465  36.983 0.0000000000
55414  48.234  -8.268  36.831 0.0000000000
55416  46.617  -9.105  37.707 0.0000000000
98787  48.717  -10.005  37.237 0.0000000000
101372  44.438  -13.135  38.325 0.0000000000
51181  44.971  -13.341  37.884 0.0000000000
41993  31.334  -23.543  69.920 0.0000000000
41018  30.547  -23.977  70.767 0.0000000000
40069  29.854  -24.416  71.255 0.0000000000
39213  27.739  -26.438  70.162 0.0000000000
38329  27.027  -27.178  68.798 0.0000000000
35578  27.700  -30.170  68.991 0.0000000000
36427  27.000  -29.271  68.825 0.0000000000
35586  27.716  -30.480  68.184 0.0000000000
33976  28.854  -31.982  66.628 0.0000000000
34804  28.729  -31.552  67.433 0.0000000000
34760  28.827  -31.692  70.643 0.0000000000
99568  28.022  -30.984  71.854 0.0000000000
35560  28.455  -31.157  71.166 0.0000000000
97564  28.119  -30.578  71.504 0.0000000000
105238  28.727  -31.177  70.567 0.0000000000
35568  29.200  -31.511  70.112 0.0000000000
113731  31.524  -33.898  67.836 0.0000000000
33963  30.983  -33.027  68.456 0.0000000000
113114  31.206  -33.366  67.920 0.0000000000
33120  31.393  -33.679  67.173 0.0000000000
114860  32.173  -34.734  66.253 0.0000000000
32245  32.440  -35.323  65.570 0.0000000000
32220  32.386  -35.431  66.483 0.0000000000
29808  31.785  -38.122  65.993 0.0000000000
31358  29.989  -36.057  65.964 0.0000000000
58735  59.137  -3.544  39.691 0.0000000000
58736  58.852  -3.751  39.578 0.0000000000
59571  58.907  -2.888  40.020 0.0000000000
60428  57.726  -1.901  40.376 0.0000000000
60437  56.306  -2.568  39.037 0.0000000000
60411  57.775  -1.287  42.375 0.0000000000
60413  55.664  -2.488  40.446 0.0000000000
114149  52.927  -3.777  40.401 0.0000000000
59573  52.978  -3.683  39.712 0.0000000000
58724  52.274  -4.032  40.015 0.0000000000
58737  51.762  -4.311  39.203 0.0000000000
58706  53.147  -4.673  42.400 0.0000000000
58725  51.059  -4.709  40.359 0.0000000000
57920  50.469  -5.243  40.762 0.0000000000
57087  49.420  -6.379  41.335 0.0000000000
57088  48.813  -6.668  40.815 0.0000000000
56237  49.006  -6.960  41.676 0.0000000000
57069  50.821  -6.564  43.062 0.0000000000
55365  48.905  -7.893  42.862 0.0000000000
55373  47.200  -8.425  41.198 0.0000000000
98804  47.612  -8.509  42.071 0.0000000000
53677  47.001  -9.659  42.726 0.0000000000
100296  47.129  -9.035  42.040 0.0000000000
53687  45.934  -10.038  41.684 0.0000000000
55327  54.219  -8.392  46.254 0.0000000000
54492  54.055  -8.906  46.816 0.0000000000
54504  51.344  -9.253  45.805 0.0000000000
54495  50.859  -9.853  46.253 0.0000000000
52753  51.054  -11.226  48.243 0.0000000000
53632  50.759  -10.834  47.535 0.0000000000
52786  48.930  -11.116  46.105 0.0000000000
53649  49.304  -10.453  45.702 0.0000000000
117093  49.051  -10.192  45.262 0.0000000000
53658  48.766  -9.909  44.750 0.0000000000
53659  48.085  -10.472  44.642 0.0000000000
52822  46.448  -11.300  43.692 0.0000000000
52821  47.077  -11.033  44.135 0.0000000000
52833  46.079  -10.929  42.977 0.0000000000
52834  45.449  -11.413  42.571 0.0000000000
117058  45.325  -13.128  43.850 0.0000000000
51988  44.924  -12.996  43.384 0.0000000000
51140  44.615  -13.908  42.997 0.0000000000
51147  44.183  -13.880  42.236 0.0000000000
51124  46.416  -14.122  45.249 0.0000000000
50211  46.315  -14.991  44.726 0.0000000000
49404  45.798  -16.076  43.124 0.0000000000
50223  45.548  -14.814  43.721 0.0000000000
105619  44.930  -16.092  41.805 0.0000000000
49337  52.813  -15.517  51.431 0.0000000000
49349  52.630  -15.206  50.868 0.0000000000
50178  52.363  -14.779  50.409 0.0000000000
49350  51.965  -15.477  50.292 0.0000000000
102594  50.478  -18.483  54.941 0.0000000000
46874  50.668  -18.096  54.280 0.0000000000
47706  51.306  -17.811  54.245 0.0000000000
46888  50.162  -17.986  53.787 0.0000000000
46906  46.494  -18.291  52.697 0.0000000000
46890  47.780  -18.389  53.620 0.0000000000
46905  47.421  -18.098  52.871 0.0000000000
47743  48.483  -17.522  51.313 0.0000000000
47731  48.871  -17.619  52.222 0.0000000000
47730  49.848  -17.503  52.160 0.0000000000
47741  50.585  -17.339  51.723 0.0000000000
47740  51.347  -17.067  51.734 0.0000000000
47742  50.188  -17.367  51.183 0.0000000000
47774  49.605  -17.346  49.353 0.0000000000
47773  50.513  -17.106  49.488 0.0000000000
48548  50.530  -16.711  48.927 0.0000000000
107308  49.751  -16.879  47.876 0.0000000000
101001  48.327  -17.326  46.777 0.0000000000
47818  47.801  -17.298  46.016 0.0000000000
47819  46.961  -17.322  46.193 0.0000000000
47796  45.204  -16.894  48.366 0.0000000000
48577  44.636  -16.508  46.171 0.0000000000
48565  45.314  -16.673  46.566 0.0000000000
113061  45.114  -16.659  45.160 0.0000000000
48596  43.900  -16.313  44.325 0.0000000000
48597  42.095  -15.810  43.849 0.0000000000
47833  39.783  -17.019  45.676 0.0000000000
47834  39.029  -17.131  45.443 0.0000000000
47843  37.250  -17.458  44.097 0.0000000000
47842  38.089  -17.039  44.170 0.0000000000
45012  39.281  -20.298  49.717 0.0000000000
45020  37.494  -20.385  48.609 0.0000000000
45019  38.249  -20.171  48.835 0.0000000000
45029  37.163  -20.033  47.975 0.0000000000
46019  37.588  -19.447  47.571 0.0000000000
46020  36.775  -19.636  47.346 0.0000000000
44054  35.201  -21.170  47.897 0.0000000000
45032  34.728  -20.765  47.242 0.0000000000
45046  33.960  -20.006  45.634 0.0000000000
46028  34.698  -19.653  46.024 0.0000000000
38454  40.608  -27.257  57.850 0.0000000000
39337  39.502  -27.142  56.864 0.0000000000
38479  38.475  -27.647  55.590 0.0000000000
39343  38.822  -26.856  56.213 0.0000000000
39348  37.607  -26.253  54.650 0.0000000000
39349  37.306  -27.016  54.189 0.0000000000
36598  37.145  -29.740  53.069 0.0000000000
37584  37.516  -29.391  53.628 0.0000000000
37595  37.056  -29.057  52.666 0.0000000000
38532  36.140  -28.207  51.566 0.0000000000
38520  36.546  -28.204  52.338 0.0000000000
39383  36.016  -27.385  52.134 0.0000000000
39370  35.563  -26.517  51.945 0.0000000000
39397  35.168  -27.301  50.716 0.0000000000
39418  34.231  -27.661  48.571 0.0000000000
39409  33.564  -26.676  48.609 0.0000000000
39426  33.421  -27.287  46.953 0.0000000000
37605  33.078  -28.233  51.030 0.0000000000
37612  31.705  -28.151  49.914 0.0000000000
115509  31.505  -28.743  48.744 0.0000000000
37620  32.527  -28.891  49.627 0.0000000000
36626  32.155  -29.225  48.504 0.0000000000
116721  33.439  -29.691  49.245 0.0000000000
38573  29.174  -27.939  47.241 0.0000000000
38581  29.748  -27.785  46.553 0.0000000000
110462  31.644  -28.718  46.054 0.0000000000
37650  30.981  -28.574  46.820 0.0000000000
37649  32.012  -29.101  46.603 0.0000000000
36644  33.007  -29.571  47.251 0.0000000000
36652  32.884  -29.368  46.543 0.0000000000
37636  33.970  -28.941  46.678 0.0000000000
37647  33.450  -29.087  46.115 0.0000000000
37672  32.935  -28.191  44.196 0.0000000000
37658  33.154  -28.314  44.873 0.0000000000
39436  33.339  -27.430  45.904 0.0000000000
97340  60.428  -7.909  36.109 0.0000000000
114918  58.373  -7.052  38.825 0.0000000000
56283  57.133  -7.740  38.276 0.0000000000
56296  57.278  -7.497  37.115 0.0000000000
105222  56.353  -7.290  35.049 0.0000000000
113743  49.869  -6.488  36.819 0.0000000000
56299  50.134  -7.061  36.544 0.0000000000
40079  31.884  -24.451  69.547 0.0000000000
40205  44.190  -25.299  59.840 0.0000000000
41129  44.203  -24.935  59.593 0.0000000000
41146  43.838  -24.723  59.220 0.0000000000
42109  44.151  -23.931  58.852 0.0000000000
42121  43.631  -23.402  58.222 0.0000000000
42123  42.006  -23.921  57.705 0.0000000000
42140  40.758  -23.795  56.709 0.0000000000
41177  41.237  -24.242  57.420 0.0000000000
41178  40.437  -24.747  57.168 0.0000000000
40230  39.976  -25.589  57.241 0.0000000000
58753  52.080  -4.349  38.348 0.0000000000
58766  51.726  -4.795  37.635 0.0000000000
57971  50.998  -5.805  36.871 0.0000000000
36555  27.383  -29.169  57.812 0.0000000000
37532  27.176  -28.888  58.466 0.0000000000
36543  27.140  -29.616  58.368 0.0000000000
35650  26.875  -30.164  58.972 0.0000000000
33138  28.819  -33.114  63.855 0.0000000000
33142  29.977  -33.563  63.508 0.0000000000
31388  31.731  -35.169  62.658 0.0000000000
32259  31.804  -34.819  63.146 0.0000000000
31380  32.008  -35.652  63.623 0.0000000000
30599  32.028  -36.684  64.046 0.0000000000
38351  40.012  -27.540  66.537 0.0000000000
38362  40.890  -27.016  66.061 0.0000000000
38363  40.349  -27.599  66.009 0.0000000000
37429  40.070  -27.939  65.547 0.0000000000
37474  39.355  -28.670  62.838 0.0000000000
112451  39.121  -28.552  63.797 0.0000000000
38409  30.612  -27.558  61.926 0.0000000000
38408  31.289  -27.563  61.674 0.0000000000
111984  29.178  -27.404  58.880 0.0000000000
54547  45.638  -9.696  40.348 0.0000000000
54557  45.466  -9.739  39.538 0.0000000000
52869  44.680  -11.628  38.502 0.0000000000
33940  26.145  -31.957  69.507 0.0000000000
56208  54.240  -7.230  45.092 0.0000000000
51920  51.404  -13.027  49.349 0.0000000000
51921  50.683  -13.162  48.904 0.0000000000
51103  49.792  -14.045  48.397 0.0000000000
50192  49.558  -14.921  48.073 0.0000000000
49374  49.343  -15.799  47.651 0.0000000000
45990  43.277  -19.163  51.776 0.0000000000
45989  44.053  -18.878  52.054 0.0000000000
46945  43.413  -18.343  50.565 0.0000000000
46957  43.100  -18.102  49.797 0.0000000000
46958  42.308  -18.359  49.586 0.0000000000
46008  40.094  -19.209  48.919 0.0000000000
36592  35.577  -29.808  53.274 0.0000000000
37597  34.664  -29.226  52.503 0.0000000000
36601  34.383  -29.438  51.820 0.0000000000
57954  59.540  -6.065  38.359 0.0000000000
57955  59.259  -6.494  38.573 0.0000000000
57139  59.046  -6.915  38.380 0.0000000000
37452  30.015  -27.228  64.098 0.0000000000
38391  29.518  -27.323  63.776 0.0000000000
38382  29.050  -27.004  64.275 0.0000000000
38357  26.434  -27.753  66.355 0.0000000000
37423  26.051  -28.639  66.045 0.0000000000
37409  26.298  -28.556  66.929 0.0000000000
36436  26.424  -29.311  67.413 0.0000000000
38343  32.418  -26.693  67.063 0.0000000000
38364  32.366  -27.147  65.617 0.0000000000
101333  31.708  -27.467  64.199 0.0000000000
43011  46.728  -22.958  60.497 0.0000000000
43010  47.370  -22.456  60.146 0.0000000000
43916  47.728  -21.835  60.412 0.0000000000
44921  48.827  -20.844  58.205 0.0000000000
43959  43.736  -21.748  56.481 0.0000000000
43967  43.485  -21.397  55.724 0.0000000000
44965  43.675  -20.521  54.483 0.0000000000
44966  42.913  -20.765  54.224 0.0000000000
43989  42.186  -21.085  53.915 0.0000000000
44001  41.168  -21.128  52.865 0.0000000000
43992  39.950  -21.905  53.073 0.0000000000
42168  38.585  -23.761  54.413 0.0000000000
42179  38.370  -23.429  53.641 0.0000000000
42180  37.747  -23.750  53.306 0.0000000000
42193  36.801  -23.959  52.375 0.0000000000
42206  36.530  -23.529  51.591 0.0000000000
41230  36.238  -24.150  51.862 0.0000000000
41231  35.645  -24.685  51.721 0.0000000000
41232  35.067  -24.928  51.316 0.0000000000
38523  30.104  -26.840  52.380 0.0000000000
38534  30.479  -26.965  51.456 0.0000000000
38535  29.656  -27.403  51.689 0.0000000000
58751  56.338  -4.022  38.136 0.0000000000
56285  53.466  -7.522  37.972 0.0000000000
33211  29.065  -32.515  56.662 0.0000000000
36502  26.160  -29.265  62.228 0.0000000000
35644  26.376  -30.468  60.439 0.0000000000
35638  26.063  -30.216  61.263 0.0000000000
115215  27.197  -31.875  60.385 0.0000000000
34011  28.899  -32.542  60.443 0.0000000000
102934  31.316  -34.100  60.365 0.0000000000
33175  31.203  -33.599  60.063 0.0000000000
32298  28.799  -34.784  59.985 0.0000000000
38389  41.938  -26.718  63.700 0.0000000000
39288  42.296  -26.123  64.063 0.0000000000
103715  42.553  -26.374  63.074 0.0000000000
100940  43.528  -26.213  61.583 0.0000000000
112077  43.246  -26.753  61.134 0.0000000000
38418  42.644  -27.461  60.142 0.0000000000
37526  41.890  -27.880  59.261 0.0000000000
37518  41.526  -28.357  59.373 0.0000000000
36528  41.032  -28.761  58.957 0.0000000000
35642  39.069  -29.804  59.931 0.0000000000
35649  37.989  -29.886  59.786 0.0000000000
35662  38.037  -30.064  59.062 0.0000000000
36551  37.345  -29.740  57.716 0.0000000000
37447  35.482  -28.483  64.393 0.0000000000
36484  35.911  -28.625  63.712 0.0000000000
38433  32.594  -27.451  59.665 0.0000000000
38444  33.294  -27.426  59.001 0.0000000000
38456  33.485  -27.131  57.555 0.0000000000
39338  32.175  -26.565  55.981 0.0000000000
39346  31.442  -26.539  55.889 0.0000000000
38483  30.135  -26.671  55.306 0.0000000000
35713  28.801  -30.429  54.252 0.0000000000
34891  28.250  -30.873  53.939 0.0000000000
34886  27.059  -31.834  54.182 0.0000000000
56256  48.028  -7.049  38.820 0.0000000000
53722  46.337  -10.368  37.615 0.0000000000
52874  47.183  -11.834  37.665 0.0000000000
37389  27.092  -28.163  69.623 0.0000000000
36421  27.612  -29.806  69.679 0.0000000000
33930  27.979  -32.111  70.871 0.0000000000
33937  29.451  -32.516  70.037 0.0000000000
33936  30.077  -32.743  69.612 0.0000000000
33102  30.814  -33.321  68.809 0.0000000000
32210  31.213  -34.095  68.295 0.0000000000
31335  31.922  -35.028  67.337 0.0000000000
31347  32.137  -35.621  66.906 0.0000000000
31348  31.683  -35.844  66.840 0.0000000000
60427  58.592  -1.930  40.519 0.0000000000
60398  57.505  -1.956  42.896 0.0000000000
59559  53.249  -3.803  41.087 0.0000000000
57896  53.963  -4.867  43.201 0.0000000000
57909  50.637  -5.633  41.739 0.0000000000
56210  50.908  -7.840  44.286 0.0000000000
55358  49.262  -8.178  43.459 0.0000000000
102063  48.565  -8.622  43.350 0.0000000000
54523  48.114  -9.291  43.578 0.0000000000
54478  54.491  -9.222  47.523 0.0000000000
54479  53.311  -9.606  47.301 0.0000000000
52769  49.262  -11.511  46.904 0.0000000000
52805  47.891  -11.106  45.089 0.0000000000
52806  47.318  -11.451  44.756 0.0000000000
51986  46.107  -12.032  43.978 0.0000000000
51978  45.734  -12.836  44.252 0.0000000000
49391  46.855  -15.763  44.855 0.0000000000
49395  46.588  -16.109  44.254 0.0000000000
49403  46.335  -16.590  43.589 0.0000000000
49417  45.619  -16.996  42.499 0.0000000000
48607  45.299  -17.228  42.639 0.0000000000
48529  52.567  -16.055  51.758 0.0000000000
48530  51.894  -16.437  51.236 0.0000000000
45922  49.141  -19.219  55.701 0.0000000000
45921  49.864  -19.194  55.900 0.0000000000
46875  49.052  -18.496  54.371 0.0000000000
47744  47.514  -17.575  51.435 0.0000000000
115346  49.105  -17.462  50.819 0.0000000000
47757  48.802  -17.457  50.218 0.0000000000
47775  48.790  -17.465  49.281 0.0000000000
98459  49.310  -17.359  48.484 0.0000000000
47792  49.646  -17.132  47.863 0.0000000000
47794  47.714  -17.420  47.828 0.0000000000
47807  46.867  -17.290  47.656 0.0000000000
47810  43.382  -16.938  47.887 0.0000000000
48578  43.485  -16.419  46.293 0.0000000000
98300  41.090  -15.897  43.726 0.0000000000
48600  39.485  -16.459  44.346 0.0000000000
47825  38.454  -17.600  45.770 0.0000000000
113957  37.684  -17.525  45.108 0.0000000000
45006  38.835  -20.805  50.186 0.0000000000
45013  38.549  -20.507  49.494 0.0000000000
45021  36.718  -20.601  48.392 0.0000000000
44065  33.182  -21.437  46.500 0.0000000000
44064  33.934  -21.081  46.901 0.0000000000
45041  33.545  -20.705  46.108 0.0000000000
37548  39.898  -28.258  57.125 0.0000000000
38466  39.609  -27.886  56.850 0.0000000000
116687  37.770  -28.190  54.443 0.0000000000
36606  36.298  -29.718  51.636 0.0000000000
37596  36.542  -29.057  51.813 0.0000000000
112516  36.306  -29.306  51.375 0.0000000000
114429  35.851  -28.988  50.492 0.0000000000
38533  35.695  -28.216  50.766 0.0000000000
38544  35.222  -27.996  50.063 0.0000000000
38565  34.347  -28.295  47.864 0.0000000000
102131  30.479  -27.884  50.004 0.0000000000
117159  31.053  -28.355  49.287 0.0000000000
37629  30.706  -28.539  48.642 0.0000000000
38594  29.461  -27.286  45.656 0.0000000000
37660  31.889  -28.550  45.275 0.0000000000
56301  49.013  -7.883  36.646 0.0000000000
55424  49.761  -7.640  36.612 0.0000000000
55413  49.890  -8.497  36.880 0.0000000000
39255  30.785  -26.239  66.480 0.0000000000
39242  30.091  -25.773  67.027 0.0000000000
102623  28.144  -25.676  68.594 0.0000000000
39238  33.630  -26.521  68.171 0.0000000000
39254  31.612  -26.491  66.757 0.0000000000
42061  44.647  -23.884  62.546 0.0000000000
42060  45.318  -23.651  61.901 0.0000000000
41101  45.530  -23.973  61.152 0.0000000000
42070  46.119  -23.487  60.818 0.0000000000
41113  45.120  -24.443  60.078 0.0000000000
42083  46.250  -23.447  60.160 0.0000000000
42093  46.257  -23.285  59.639 0.0000000000
116124  46.217  -23.029  59.211 0.0000000000
43031  46.585  -22.535  58.828 0.0000000000
43041  45.440  -22.369  58.100 0.0000000000
43042  44.629  -22.413  57.775 0.0000000000
43049  43.876  -22.242  57.207 0.0000000000
43050  43.302  -22.226  56.786 0.0000000000
43061  42.368  -22.218  55.904 0.0000000000
43063  40.813  -22.721  55.400 0.0000000000
42166  40.041  -23.026  55.101 0.0000000000
42156  39.618  -23.741  55.556 0.0000000000
41197  37.632  -24.873  54.146 0.0000000000
36610  27.625  -29.982  51.697 0.0000000000
35734  26.401  -30.688  51.344 0.0000000000
34906  25.303  -31.569  51.409 0.0000000000
34912  24.987  -31.345  50.641 0.0000000000
101609  54.353  -4.674  37.445 0.0000000000
102534  53.206  -5.698  36.952 0.0000000000
56286  52.655  -7.523  37.596 0.0000000000
35690  29.603  -31.015  56.098 0.0000000000
34875  29.642  -31.482  56.125 0.0000000000
34868  29.822  -31.706  56.813 0.0000000000
34042  29.888  -32.108  56.762 0.0000000000
34043  29.674  -32.655  57.280 0.0000000000
34823  26.283  -31.661  63.134 0.0000000000
33990  26.744  -32.153  62.395 0.0000000000
105239  27.520  -32.659  62.657 0.0000000000
33148  30.011  -33.503  62.513 0.0000000000
33159  31.451  -33.845  60.697 0.0000000000
31398  30.748  -35.028  61.030 0.0000000000
101993  41.380  -26.750  65.314 0.0000000000
38377  41.800  -26.450  64.650 0.0000000000
106599  41.196  -28.124  61.665 0.0000000000
37490  40.639  -28.616  61.226 0.0000000000
36510  39.240  -29.380  61.165 0.0000000000
36521  38.787  -29.654  60.645 0.0000000000
97793  38.092  -29.622  60.878 0.0000000000
103910  33.221  -27.799  63.308 0.0000000000
37476  33.839  -27.948  62.677 0.0000000000
38420  32.265  -27.522  60.631 0.0000000000
101478  31.789  -27.239  59.020 0.0000000000
111590  31.524  -26.937  58.339 0.0000000000
39334  31.104  -26.639  57.137 0.0000000000
98166  30.871  -26.770  57.813 0.0000000000
38448  29.026  -27.343  58.018 0.0000000000
38473  28.469  -27.838  56.609 0.0000000000
36565  29.210  -30.239  55.698 0.0000000000
55388  46.905  -8.152  38.873 0.0000000000
54568  46.056  -9.455  38.202 0.0000000000
53723  45.777  -10.149  37.927 0.0000000000
52875  46.370  -11.237  37.597 0.0000000000
33938  28.424  -32.509  70.242 0.0000000000
33112  29.090  -33.577  68.359 0.0000000000
32223  29.124  -34.289  66.596 0.0000000000
33123  27.240  -33.343  66.400 0.0000000000
102010  51.695  -6.302  43.295 0.0000000000
56219  51.574  -7.300  44.099 0.0000000000
55347  50.469  -8.453  44.606 0.0000000000
54513  50.051  -9.011  45.006 0.0000000000
53616  52.388  -10.743  48.454 0.0000000000
52754  50.378  -11.584  48.027 0.0000000000
51952  47.661  -13.052  46.506 0.0000000000
51113  47.317  -13.852  46.342 0.0000000000
50206  47.179  -14.876  45.989 0.0000000000
50199  48.246  -14.869  47.053 0.0000000000
49390  47.365  -15.902  45.396 0.0000000000
47832  47.348  -17.017  44.808 0.0000000000
47715  52.481  -17.106  54.103 0.0000000000
45959  46.262  -18.981  54.047 0.0000000000
46892  45.959  -18.690  53.257 0.0000000000
46924  45.340  -18.239  51.793 0.0000000000
46923  46.163  -18.042  51.976 0.0000000000
47746  45.831  -17.761  51.281 0.0000000000
47759  46.340  -17.543  50.651 0.0000000000
111250  46.100  -17.457  49.984 0.0000000000
47777  46.355  -17.347  49.283 0.0000000000
47778  45.438  -17.382  49.638 0.0000000000
117449  45.061  -17.162  49.045 0.0000000000
47797  44.401  -17.123  48.788 0.0000000000
113840  43.743  -17.120  48.500 0.0000000000
102789  42.471  -17.279  47.899 0.0000000000
47821  42.045  -16.992  47.159 0.0000000000
47813  39.734  -17.883  47.013 0.0000000000
46973  40.425  -18.372  48.041 0.0000000000
46981  38.464  -18.222  46.599 0.0000000000
43128  36.248  -22.209  49.804 0.0000000000
44037  35.887  -21.808  49.185 0.0000000000
43138  35.208  -22.113  48.833 0.0000000000
44047  34.955  -21.727  48.287 0.0000000000
43148  33.187  -22.461  47.478 0.0000000000
44056  33.517  -21.768  47.244 0.0000000000
44066  32.541  -21.874  46.059 0.0000000000
35699  38.141  -30.136  55.329 0.0000000000
35710  37.703  -30.161  54.649 0.0000000000
35716  37.036  -30.198  53.369 0.0000000000
106799  36.633  -30.183  52.837 0.0000000000
100774  36.053  -30.266  52.929 0.0000000000
35723  36.058  -30.224  52.061 0.0000000000
35737  35.717  -29.985  50.841 0.0000000000
35743  35.043  -30.112  50.072 0.0000000000
36623  34.764  -29.918  49.538 0.0000000000
97357  27.828  -28.173  47.842 0.0000000000
37640  28.675  -28.259  47.882 0.0000000000
37641  27.519  -27.817  47.240 0.0000000000
38583  27.732  -27.493  46.505 0.0000000000
38596  27.450  -27.364  45.569 0.0000000000
38595  28.350  -27.146  45.735 0.0000000000
56304  60.151  -7.690  36.512 0.0000000000
56305  59.493  -8.036  36.031 0.0000000000
55427  54.081  -8.152  35.818 0.0000000000
37496  27.223  -28.277  61.800 0.0000000000
37480  27.448  -27.924  62.525 0.0000000000
37481  26.722  -28.557  62.371 0.0000000000
36503  25.686  -29.704  62.835 0.0000000000
36486  25.697  -29.428  63.672 0.0000000000
38368  28.134  -26.682  64.962 0.0000000000
103607  26.866  -27.544  64.481 0.0000000000
103382  26.246  -28.301  64.528 0.0000000000
35633  25.574  -30.372  63.549 0.0000000000
35632  25.909  -31.176  63.750 0.0000000000
101247  26.569  -31.755  63.870 0.0000000000
34819  26.338  -31.300  64.483 0.0000000000
34815  26.230  -30.790  65.194 0.0000000000
34818  27.072  -31.870  64.460 0.0000000000
33982  27.816  -32.128  65.155 0.0000000000
33985  29.487  -32.926  65.230 0.0000000000
37405  38.636  -28.182  67.290 0.0000000000
37417  38.213  -28.449  67.063 0.0000000000
36443  38.293  -28.459  66.370 0.0000000000
36452  37.658  -28.476  65.992 0.0000000000
101854  37.221  -28.539  65.684 0.0000000000
36454  36.023  -28.496  65.067 0.0000000000
112659  34.711  -28.278  64.431 0.0000000000
105059  34.046  -28.032  64.150 0.0000000000
98278  34.193  -27.758  66.091 0.0000000000
37422  33.575  -27.489  66.140 0.0000000000
37449  33.489  -27.781  64.518 0.0000000000
37460  33.334  -27.804  63.913 0.0000000000
37461  32.745  -27.678  63.790 0.0000000000
100728  31.512  -27.554  63.370 0.0000000000
117392  29.479  -27.568  61.949 0.0000000000
52853  44.227  -11.597  40.287 0.0000000000
52860  44.210  -11.719  39.299 0.0000000000
52011  43.866  -12.593  39.332 0.0000000000
51174  44.146  -13.900  38.424 0.0000000000
54477  55.406  -8.581  47.982 0.0000000000
54463  54.861  -9.452  48.278 0.0000000000
53614  54.208  -10.173  48.721 0.0000000000
113820  53.632  -10.761  49.151 0.0000000000
51901  52.808  -12.330  49.948 0.0000000000
51900  53.701  -12.103  50.423 0.0000000000
51902  52.078  -12.974  49.752 0.0000000000
51086  51.775  -13.750  49.696 0.0000000000
50185  51.390  -14.565  49.536 0.0000000000
45904  48.741  -19.615  56.289 0.0000000000
43950  46.434  -21.534  57.713 0.0000000000
44937  46.651  -20.770  56.989 0.0000000000
44938  45.872  -20.576  56.343 0.0000000000
105601  45.999  -20.143  55.805 0.0000000000
45961  44.653  -19.433  53.505 0.0000000000
45962  43.868  -19.673  53.259 0.0000000000
44974  43.409  -20.260  53.717 0.0000000000
45977  43.583  -19.425  52.515 0.0000000000
45978  42.807  -19.695  52.254 0.0000000000
45992  41.732  -19.696  51.266 0.0000000000
45999  40.687  -19.726  50.258 0.0000000000
45003  40.991  -19.990  50.988 0.0000000000
45004  40.273  -20.290  50.700 0.0000000000
44995  39.830  -20.815  51.167 0.0000000000
44023  39.139  -21.124  50.871 0.0000000000
44024  38.435  -21.400  50.604 0.0000000000
44025  37.698  -21.642  50.364 0.0000000000
43096  39.263  -22.242  52.761 0.0000000000
43083  38.781  -22.776  53.244 0.0000000000
43097  38.560  -22.534  52.483 0.0000000000
43109  38.315  -22.284  51.741 0.0000000000
43117  37.295  -22.255  50.772 0.0000000000
42232  35.168  -23.186  49.856 0.0000000000
42233  34.436  -23.490  49.501 0.0000000000
42234  33.638  -23.944  49.134 0.0000000000
98754  33.847  -27.854  52.533 0.0000000000
38522  32.531  -27.273  51.620 0.0000000000
38546  30.997  -27.330  50.644 0.0000000000
37631  28.220  -28.576  48.670 0.0000000000
35744  25.937  -30.095  49.975 0.0000000000
36628  27.333  -29.415  49.933 0.0000000000
37624  27.816  -28.965  49.409 0.0000000000
117178  27.492  -28.811  48.892 0.0000000000
106759  27.316  -28.514  48.334 0.0000000000
57942  58.644  -6.113  38.963 0.0000000000
57121  57.164  -7.247  38.882 0.0000000000
57944  56.784  -6.731  38.720 0.0000000000
57124  54.256  -7.531  38.293 0.0000000000
36524  26.720  -29.107  59.972 0.0000000000
98096  27.252  -30.861  58.898 0.0000000000
35651  26.789  -30.831  59.608 0.0000000000
114846  29.894  -31.862  58.056 0.0000000000
116003  30.394  -32.625  58.029 0.0000000000
33201  29.851  -33.175  57.869 0.0000000000
34000  26.926  -32.179  61.561 0.0000000000
34010  29.992  -32.652  60.073 0.0000000000
34008  31.021  -33.194  59.736 0.0000000000
34021  30.880  -32.882  59.080 0.0000000000
33196  30.295  -33.344  58.456 0.0000000000
108781  44.126  -23.678  63.330 0.0000000000
113469  44.460  -24.573  62.248 0.0000000000
99209  44.467  -25.056  61.559 0.0000000000
40181  44.481  -25.250  60.757 0.0000000000
39306  43.655  -26.295  60.745 0.0000000000
39312  44.074  -25.680  60.323 0.0000000000
39320  43.793  -25.815  59.825 0.0000000000
39327  42.929  -26.076  59.159 0.0000000000
40217  42.324  -26.088  58.754 0.0000000000
116472  41.905  -25.909  58.484 0.0000000000
106800  41.630  -26.371  58.456 0.0000000000
39332  41.232  -27.060  58.323 0.0000000000
38453  40.884  -27.718  58.120 0.0000000000
37547  40.404  -27.971  57.618 0.0000000000
108906  39.699  -28.860  56.855 0.0000000000
36562  39.305  -29.446  56.686 0.0000000000
37506  40.831  -28.786  60.407 0.0000000000
36529  40.490  -29.206  59.256 0.0000000000
36539  40.053  -29.480  58.932 0.0000000000
35647  39.349  -29.843  59.081 0.0000000000
35660  39.868  -29.492  58.208 0.0000000000
36575  38.658  -29.738  55.861 0.0000000000
35700  37.587  -30.234  55.402 0.0000000000
113410  36.443  -29.857  55.033 0.0000000000
36563  36.666  -29.589  56.107 0.0000000000
102412  35.930  -29.304  54.913 0.0000000000
37574  35.542  -28.957  54.522 0.0000000000
37575  35.125  -28.537  54.074 0.0000000000
99578  37.729  -28.683  64.502 0.0000000000
36482  37.472  -28.819  63.672 0.0000000000
107367  37.228  -29.009  62.863 0.0000000000
36522  36.833  -29.172  60.804 0.0000000000
37492  34.543  -28.168  61.976 0.0000000000
37507  35.383  -28.380  61.299 0.0000000000
36542  36.283  -28.712  59.530 0.0000000000
110458  36.301  -28.702  58.628 0.0000000000
37539  35.641  -28.234  57.166 0.0000000000
38455  34.219  -27.349  57.212 0.0000000000
37540  35.014  -27.731  56.719 0.0000000000
38492  34.637  -27.770  54.437 0.0000000000
102263  34.131  -27.417  53.982 0.0000000000
39357  32.446  -26.578  53.487 0.0000000000
39358  31.618  -26.438  53.355 0.0000000000
39373  30.836  -26.485  52.818 0.0000000000
117837  30.196  -26.700  53.209 0.0000000000
38524  29.390  -27.597  52.509 0.0000000000
116592  28.958  -28.273  52.670 0.0000000000
99867  29.041  -28.208  55.037 0.0000000000
38495  29.383  -27.546  54.594 0.0000000000
108491  29.291  -27.776  53.901 0.0000000000
36602  28.823  -28.892  53.173 0.0000000000
35725  28.040  -30.107  52.588 0.0000000000
34899  26.915  -31.119  52.717 0.0000000000
34892  27.440  -31.298  53.634 0.0000000000
112688  26.004  -31.719  52.674 0.0000000000
57947  49.919  -5.564  38.070 0.0000000000
57126  48.714  -6.793  37.427 0.0000000000
55402  46.993  -8.346  37.872 0.0000000000
55415  47.447  -8.851  37.231 0.0000000000
54575  48.346  -9.120  36.890 0.0000000000
52027  45.547  -12.487  37.759 0.0000000000
51180  45.815  -13.447  37.640 0.0000000000
98549  28.995  -25.240  69.247 0.0000000000
40070  29.193  -25.082  71.544 0.0000000000
39227  28.097  -25.809  69.519 0.0000000000
39228  27.494  -26.244  68.571 0.0000000000
38330  26.717  -27.631  68.060 0.0000000000
36435  26.913  -29.698  68.151 0.0000000000
35587  26.756  -30.125  67.397 0.0000000000
34805  27.933  -31.470  66.459 0.0000000000
33980  29.994  -32.922  66.004 0.0000000000
36414  27.812  -29.569  71.364 0.0000000000
35569  28.464  -30.653  69.930 0.0000000000
35577  28.620  -30.918  69.192 0.0000000000
34782  30.132  -32.319  69.321 0.0000000000
33964  30.404  -32.507  68.613 0.0000000000
34793  29.644  -31.845  68.513 0.0000000000
34803  29.678  -32.174  67.634 0.0000000000
115007  30.826  -33.467  66.193 0.0000000000
33129  31.060  -33.795  65.470 0.0000000000
98141  32.172  -34.835  65.125 0.0000000000
30598  32.388  -36.200  64.548 0.0000000000
30587  32.384  -37.264  64.935 0.0000000000
30566  32.416  -36.733  66.236 0.0000000000
58748  59.346  -4.510  39.237 0.0000000000
98235  58.655  -4.806  39.140 0.0000000000
58750  57.453  -4.347  38.594 0.0000000000
60412  56.895  -1.904  41.418 0.0000000000
60429  56.584  -2.192  40.043 0.0000000000
110088  55.002  -3.273  38.448 0.0000000000
59585  53.574  -3.657  38.502 0.0000000000
116266  53.054  -3.680  38.998 0.0000000000
58738  51.043  -4.615  39.410 0.0000000000
58716  52.756  -4.308  41.474 0.0000000000
57910  49.868  -5.779  41.075 0.0000000000
114538  48.815  -6.443  40.058 0.0000000000
56247  47.659  -7.687  40.605 0.0000000000
56229  49.308  -7.276  42.450 0.0000000000
54537  46.124  -9.447  40.995 0.0000000000
54538  45.593  -9.937  40.953 0.0000000000
53640  51.271  -10.221  46.995 0.0000000000
54515  48.069  -9.803  44.154 0.0000000000
53679  45.702  -10.692  42.174 0.0000000000
52845  44.434  -11.742  41.258 0.0000000000
51993  45.177  -12.169  42.965 0.0000000000
51130  45.998  -13.666  44.784 0.0000000000
51131  45.533  -13.804  44.157 0.0000000000
104318  44.709  -14.980  42.395 0.0000000000
49358  51.673  -15.068  49.840 0.0000000000
49365  50.929  -15.411  49.200 0.0000000000
47716  51.804  -17.437  53.766 0.0000000000
115076  48.570  -18.331  53.786 0.0000000000
46889  49.352  -18.096  53.614 0.0000000000
47718  50.013  -17.681  53.117 0.0000000000
47728  51.586  -17.214  52.815 0.0000000000
47755  50.667  -17.180  50.435 0.0000000000
47772  51.050  -16.802  50.003 0.0000000000
48540  51.571  -16.237  50.269 0.0000000000
48555  50.699  -16.176  49.022 0.0000000000
49366  50.334  -15.977  48.569 0.0000000000
48564  49.723  -16.435  47.901 0.0000000000
48574  49.070  -16.622  47.115 0.0000000000
101072  49.480  -17.018  47.419 0.0000000000
47806  49.014  -17.047  46.893 0.0000000000
48575  48.656  -16.903  46.474 0.0000000000
47831  47.855  -17.049  45.491 0.0000000000
116994  46.984  -17.215  44.546 0.0000000000
106837  46.097  -16.983  47.990 0.0000000000
109797  46.482  -17.115  47.106 0.0000000000
48566  44.717  -16.606  47.062 0.0000000000
47820  46.096  -16.920  46.439 0.0000000000
109052  46.551  -17.207  45.656 0.0000000000
114397  46.526  -17.274  44.904 0.0000000000
47840  46.500  -17.211  44.165 0.0000000000
48594  45.937  -17.269  43.680 0.0000000000
48589  40.030  -16.495  45.020 0.0000000000
47841  38.857  -16.799  44.657 0.0000000000
46004  39.677  -19.719  49.321 0.0000000000
46009  39.407  -19.423  48.666 0.0000000000
46010  38.683  -19.616  48.429 0.0000000000
46025  37.184  -19.058  46.901 0.0000000000
44045  36.309  -21.219  48.778 0.0000000000
45022  35.933  -20.836  48.169 0.0000000000
46021  35.938  -19.839  47.086 0.0000000000
107641  39.347  -26.041  56.727 0.0000000000
40233  38.647  -25.889  55.937 0.0000000000
40234  38.122  -25.620  55.188 0.0000000000
40237  37.406  -25.553  54.227 0.0000000000
36584  37.949  -29.473  54.485 0.0000000000
37573  37.745  -28.778  54.106 0.0000000000
38491  37.399  -27.952  53.941 0.0000000000
38519  36.913  -28.119  53.136 0.0000000000
103348  36.893  -27.179  53.564 0.0000000000
39356  36.539  -26.368  53.232 0.0000000000
40241  36.727  -25.581  53.410 0.0000000000
40266  35.263  -25.601  51.671 0.0000000000
40267  34.770  -25.609  51.125 0.0000000000
39398  34.648  -27.172  50.100 0.0000000000
98970  34.272  -26.342  50.185 0.0000000000
40285  33.872  -25.676  49.960 0.0000000000
40286  33.461  -25.761  49.239 0.0000000000
40311  32.870  -26.322  47.214 0.0000000000
37604  33.799  -28.908  51.435 0.0000000000
37610  33.486  -29.182  50.677 0.0000000000
36616  33.930  -29.834  50.386 0.0000000000
36624  33.994  -29.891  49.528 0.0000000000
36633  34.532  -29.642  48.854 0.0000000000
37639  29.530  -28.404  47.871 0.0000000000
37638  30.597  -28.598  47.843 0.0000000000
116917  30.338  -28.170  46.624 0.0000000000
37637  31.624  -29.014  47.419 0.0000000000
36636  32.241  -29.391  47.765 0.0000000000
36642  34.398  -29.331  48.166 0.0000000000
38571  34.428  -28.932  47.665 0.0000000000
38572  34.065  -28.337  47.135 0.0000000000
108406  33.228  -28.664  45.499 0.0000000000
38580  33.695  -28.270  46.275 0.0000000000
39427  32.881  -26.515  46.471 0.0000000000
39437  32.900  -26.631  45.581 0.0000000000
56295  58.184  -7.390  37.519 0.0000000000
56306  58.073  -7.436  36.288 0.0000000000
56319  57.409  -7.790  34.187 0.0000000000
105288  54.821  -7.712  35.568 0.0000000000
57962  50.208  -5.876  37.177 0.0000000000
56298  50.875  -7.099  36.640 0.0000000000
29807  32.316  -37.507  65.833 0.0000000000
30567  32.012  -37.428  66.346 0.0000000000
31346  32.366  -36.058  66.511 0.0000000000
31356  32.611  -35.981  65.961 0.0000000000
31357  30.972  -36.468  66.471 0.0000000000
31368  32.535  -35.847  65.166 0.0000000000
31399  29.906  -35.195  60.824 0.0000000000
32209  31.588  -34.349  67.741 0.0000000000
32272  31.592  -34.548  62.038 0.0000000000
32303  31.028  -33.364  59.531 0.0000000000
32304  30.861  -33.814  59.635 0.0000000000
33095  29.836  -33.007  69.744 0.0000000000
33110  31.243  -33.692  68.355 0.0000000000
33119  31.761  -34.336  67.224 0.0000000000
33128  31.591  -34.335  65.279 0.0000000000
33143  29.000  -33.346  62.945 0.0000000000
33146  31.543  -33.976  61.510 0.0000000000
33162  28.722  -32.981  61.418 0.0000000000
33176  31.056  -33.377  60.298 0.0000000000
33195  30.412  -33.111  58.313 0.0000000000
33974  30.688  -33.082  67.000 0.0000000000
33981  28.954  -32.403  65.749 0.0000000000
34034  30.355  -32.452  58.295 0.0000000000
34827  26.105  -31.463  62.436 0.0000000000
34830  26.719  -31.771  60.979 0.0000000000
34847  27.594  -31.472  59.259 0.0000000000
34856  30.156  -32.263  57.567 0.0000000000
35676  37.878  -30.104  58.180 0.0000000000
35730  36.024  -30.012  51.344 0.0000000000
35731  35.672  -30.145  51.357 0.0000000000
35742  35.395  -29.952  50.339 0.0000000000
36428  26.533  -28.585  67.918 0.0000000000
36456  25.689  -29.468  64.968 0.0000000000
36515  26.251  -29.491  61.468 0.0000000000
36613  36.055  -29.513  51.004 0.0000000000
36625  32.842  -29.462  49.021 0.0000000000
36634  33.757  -29.707  48.592 0.0000000000
36643  33.910  -29.437  47.488 0.0000000000
37600  28.646  -28.807  52.383 0.0000000000
38555  35.269  -28.616  49.542 0.0000000000
39351  32.379  -26.520  54.278 0.0000000000
39371  32.239  -26.570  52.947 0.0000000000
39385  34.678  -26.433  50.694 0.0000000000
40275  34.334  -25.587  50.553 0.0000000000
42207  35.884  -23.870  51.287 0.0000000000
43147  33.807  -22.163  47.810 0.0000000000
43928  48.554  -21.328  59.476 0.0000000000
44952  46.521  -20.177  56.174 0.0000000000
45924  46.372  -19.825  55.596 0.0000000000
51169  43.941  -13.177  38.825 0.0000000000
99709  26.192  -31.005  61.089 0.0000000000
100544  42.280  -27.301  61.821 0.0000000000
100769  38.160  -30.244  55.973 0.0000000000
105367  31.010  -26.461  55.184 0.0000000000
109508  29.334  -32.080  70.297 0.0000000000
114515  42.394  -17.666  48.556 0.0000000000
114785  50.838  -17.204  51.130 0.0000000000
115394  31.142  -33.709  59.877 0.0000000000
115901  27.665  -32.535  69.739 0.0000000000
117604  37.309  -29.275  53.151 0.0000000000
