#Insight Transform File V1.0
#Transform 0
Transform: AffineTransform_float_3_3
Parameters: 1 1.35922e-05 0.000610754 -1.53128e-05 0.999999 0.00129298 -0.000610679 -0.00129299 0.999999 0.00525304 -0.0115567 0.0131763
FixedParameters: 0 0 0

#Transform 1
Transform: AffineTransform_float_3_3
Parameters: 1 -0.000301208 0.000537987 0.000300881 1 0.000304423 -0.00053817 -0.000304099 1 0.0279804 -0.0316625 0.0249071
FixedParameters: 0 0 0

#Transform 2
Transform: AffineTransform_float_3_3
Parameters: 1 -0.000305262 0.000519424 0.000305172 1 8.64362e-05 -0.000519477 -8.61191e-05 1 0.0297282 -0.0489252 0.0316755
FixedParameters: 0 0 0

#Transform 3
Transform: AffineTransform_float_3_3
Parameters: 1 0.000148728 0.00048749 -0.000148453 1 0.000704111 -0.000487514 -0.000704291 0.999999 0.0498272 -0.0834044 0.0836327
FixedParameters: 0 0 0

#Transform 4
Transform: AffineTransform_float_3_3
Parameters: 1 -5.71395e-05 0.00054184 5.74028e-05 1 0.000644044 -0.000542147 -0.000644017 0.999999 0.0191015 -0.0398904 0.125431
FixedParameters: 0 0 0

#Transform 5
Transform: AffineTransform_float_3_3
Parameters: 1 -0.000289988 -0.000419853 0.00029082 0.999999 0.000709614 0.00042041 -0.000709793 0.999999 0.0224723 0.0142099 0.0566656
FixedParameters: 0 0 0

#Transform 6
Transform: AffineTransform_float_3_3
Parameters: 1 0.000516417 -0.000145379 -0.000516419 0.999999 0.00176717 0.00014631 -0.00176708 0.999999 0.0193625 0.00139019 0.0591929
FixedParameters: 0 0 0

#Transform 7
Transform: AffineTransform_float_3_3
Parameters: 1 0.00031512 -0.000304383 -0.000315589 0.999999 0.00142628 0.000304584 -0.00142611 0.999999 0.0221343 -0.00447308 0.0177124
FixedParameters: 0 0 0

#Transform 8
Transform: AffineTransform_float_3_3
Parameters: 1 0.000317707 -0.000287987 -0.000317041 0.999998 0.00229779 0.000288589 -0.00229766 0.999998 0.0465006 -0.148037 0.0811462
FixedParameters: 0 0 0

#Transform 9
Transform: AffineTransform_float_3_3
Parameters: 1 0.000344153 -0.000187715 -0.000343823 0.999999 0.000878574 0.000188319 -0.000878444 0.999999 0.0413781 -0.0327391 0.0461166
FixedParameters: 0 0 0

#Transform 10
Transform: AffineTransform_float_3_3
Parameters: 1 -6.7346e-06 0.000556144 6.05263e-06 0.999999 0.000825476 -0.000555185 -0.000825405 0.999999 0.0424037 -0.0273297 -0.00161998
FixedParameters: 0 0 0

#Transform 11
Transform: AffineTransform_float_3_3
Parameters: 1 -8.12317e-05 0.000245791 8.09779e-05 1 0.000516289 -0.000245874 -0.00051625 1 0.0284142 -0.0324503 -0.000920609
FixedParameters: 0 0 0

#Transform 12
Transform: AffineTransform_float_3_3
Parameters: 1 0.000403122 6.93754e-05 -0.00040221 1 0.000356387 -6.93214e-05 -0.000356478 1 0.0237124 -0.0385898 0.0172688
FixedParameters: 0 0 0

#Transform 13
Transform: AffineTransform_float_3_3
Parameters: 1 -0.000131513 3.46102e-05 0.000131514 1 -2.2075e-05 -3.46044e-05 2.20841e-05 1 0.0310217 -0.0869244 0.0281082
FixedParameters: 0 0 0

#Transform 14
Transform: AffineTransform_float_3_3
Parameters: 1 -7.89944e-05 0.000247675 7.92204e-05 1 -0.000456158 -0.000247603 0.000456197 1 0.0236719 -0.0192514 0.010193
FixedParameters: 0 0 0

#Transform 15
Transform: AffineTransform_float_3_3
Parameters: 0.999999 3.01841e-05 0.000708957 -3.13621e-05 0.999999 0.000842299 -0.00070883 -0.000842771 1 0.019319 -0.0508879 0.0209716
FixedParameters: 0 0 0

#Transform 16
Transform: AffineTransform_float_3_3
Parameters: 1 -2.53184e-05 0.000477297 2.47543e-05 1 0.000590925 -0.000477326 -0.000590901 0.999999 0.0245105 -0.0229424 0.00599571
FixedParameters: 0 0 0

#Transform 17
Transform: AffineTransform_float_3_3
Parameters: 0.999999 -6.316e-05 0.00079211 6.30061e-05 1 9.72116e-05 -0.000792122 -9.71117e-05 0.999999 0.0127257 0.0342943 -0.0197013
FixedParameters: 0 0 0

#Transform 18
Transform: AffineTransform_float_3_3
Parameters: 1 -0.000405842 0.000763379 0.000404663 0.999998 0.00156604 -0.000763841 -0.00156628 0.999998 0.0248792 -0.103809 0.050958
FixedParameters: 0 0 0

#Transform 19
Transform: AffineTransform_float_3_3
Parameters: 0.999999 0.000246465 0.000666626 -0.000246523 0.999999 0.000764929 -0.000666479 -0.000764834 1 0.00875937 -0.0206741 0.0132268
FixedParameters: 0 0 0

#Transform 20
Transform: AffineTransform_float_3_3
Parameters: 1 0.000226567 -0.000102763 -0.000226487 1 0.000388039 0.000102939 -0.000387992 1 0.0067688 -0.00222273 0.00856012
FixedParameters: 0 0 0

#Transform 21
Transform: AffineTransform_float_3_3
Parameters: 1 0.000487297 0.000318737 -0.000487503 1 0.000322424 -0.000318423 -0.000322735 1 -0.00753767 -0.0994438 0.0483334
FixedParameters: 0 0 0

#Transform 22
Transform: AffineTransform_float_3_3
Parameters: 0.999999 0.000618744 0.000592334 -0.000618912 0.999999 -0.000681419 -0.000593013 0.000682066 1 -0.0123474 -0.0887543 0.0426164
FixedParameters: 0 0 0

#Transform 23
Transform: AffineTransform_float_3_3
Parameters: 0.999999 0.000475866 0.000826878 -0.000476571 1 -0.000155303 -0.000826793 0.00015455 0.999999 0.0132831 -0.0798882 0.0281434
FixedParameters: 0 0 0

#Transform 24
Transform: AffineTransform_float_3_3
Parameters: 1 -2.38853e-06 -0.000160456 2.56769e-06 1 0.000998275 0.000160488 -0.000998273 1 -0.00471727 -0.230258 0.254144
FixedParameters: 0 0 0

#Transform 25
Transform: AffineTransform_float_3_3
Parameters: 1 0.000210845 0.00023537 -0.000210492 0.999999 -0.000748426 -0.000235685 0.000748327 0.999999 -0.0163641 -0.0452776 0.094638
FixedParameters: 0 0 0

#Transform 26
Transform: AffineTransform_float_3_3
Parameters: 1 0.000136545 0.000286377 -0.000136008 1 -0.00118437 -0.000286662 0.0011843 1 -0.0207206 -0.0334227 0.0244351
FixedParameters: 0 0 0

#Transform 27
Transform: AffineTransform_float_3_3
Parameters: 1 9.83584e-06 -0.000234796 -1.06878e-05 0.999999 -0.00151349 0.000234802 0.0015135 0.999999 -0.0119179 -0.0312303 0.0236856
FixedParameters: 0 0 0

#Transform 28
Transform: AffineTransform_float_3_3
Parameters: 1 -6.95507e-05 -0.000557288 6.85837e-05 0.999999 -0.000867902 0.000557411 0.000868284 1 -0.0158863 0.0711071 0.0194841
FixedParameters: 0 0 0

#Transform 29
Transform: AffineTransform_float_3_3
Parameters: 1 3.70944e-05 -0.00012674 -3.69583e-05 0.999997 -0.00214404 0.000126423 0.00214402 0.999997 -0.0158027 0.00948621 0.0118617
FixedParameters: 0 0 0

#Transform 30
Transform: AffineTransform_float_3_3
Parameters: 1 4.05628e-05 -0.000113425 -4.05533e-05 0.999998 -0.00233153 0.000113115 0.00233151 0.999998 -0.00324063 -0.0295809 0.0207278
FixedParameters: 0 0 0

#Transform 31
Transform: AffineTransform_float_3_3
Parameters: 1 0.000246295 0.000500163 -0.000245161 0.999997 -0.0021428 -0.000499939 0.00214266 0.999997 -0.00350255 -0.0275754 0.0200301
FixedParameters: 0 0 0

#Transform 32
Transform: AffineTransform_float_3_3
Parameters: 1 0.000206417 0.000559056 -0.000204585 0.999996 -0.00279313 -0.000558852 0.00279301 0.999996 -0.000674826 0.0793312 -0.0752626
FixedParameters: 0 0 0

#Transform 33
Transform: AffineTransform_float_3_3
Parameters: 1 -0.000194797 0.000672334 0.000196909 0.999996 -0.002987 -0.000671713 0.00298725 0.999996 0.0100588 -0.0382006 -0.00968603
FixedParameters: 0 0 0

#Transform 34
Transform: AffineTransform_float_3_3
Parameters: 1 -0.000166659 0.000786996 0.00016856 0.999995 -0.00292889 -0.000786292 0.00292875 0.999996 0.00824698 -0.0388045 -0.0306344
FixedParameters: 0 0 0

#Transform 35
Transform: AffineTransform_float_3_3
Parameters: 0.999999 -0.000116211 0.000988265 0.000118672 0.999994 -0.00336309 -0.000988418 0.00336243 0.999994 -0.000659107 -0.0794566 0.000875818
FixedParameters: 0 0 0

#Transform 36
Transform: AffineTransform_float_3_3
Parameters: 0.999999 0.000339808 0.000919181 -0.000336898 0.999994 -0.00348412 -0.000919646 0.00348368 0.999993 0.00967777 0.01849 -0.0487031
FixedParameters: 0 0 0

#Transform 37
Transform: AffineTransform_float_3_3
Parameters: 0.999999 0.000175067 0.00107422 -0.000172318 0.999995 -0.00305901 -0.00107536 0.00305869 0.999994 0.0105348 -0.0384654 -0.0796249
FixedParameters: 0 0 0

#Transform 38
Transform: AffineTransform_float_3_3
Parameters: 1 -5.80452e-05 0.00122475 6.23197e-05 0.999995 -0.00330721 -0.00122443 0.00330741 0.999994 0.0118846 -0.0482326 -0.0450175
FixedParameters: 0 0 0

#Transform 39
Transform: AffineTransform_float_3_3
Parameters: 1 -0.000207819 0.00126659 0.000213244 0.999991 -0.00434872 -0.00126543 0.00434928 0.999989 0.010873 -0.0210853 -0.0624524
FixedParameters: 0 0 0

#Transform 40
Transform: AffineTransform_float_3_3
Parameters: 0.999999 -0.000193797 0.00127224 0.000199434 0.99999 -0.00446816 -0.00127111 0.00446916 0.999989 -0.00933888 -0.0356345 -0.0453732
FixedParameters: 0 0 0

#Transform 41
Transform: AffineTransform_float_3_3
Parameters: 0.999999 -0.00059041 0.00130915 0.000595354 0.999993 -0.00366859 -0.00130768 0.00366911 0.999992 -0.0112315 -0.0348722 -0.00207089
FixedParameters: 0 0 0

#Transform 42
Transform: AffineTransform_float_3_3
Parameters: 0.999999 -0.000574034 0.00136741 0.000580097 0.99999 -0.00448236 -0.00136473 0.00448296 0.999989 -0.0158172 0.0158634 -0.0502895
FixedParameters: 0 0 0

#Transform 43
Transform: AffineTransform_float_3_3
Parameters: 0.999999 -0.000595381 0.00128151 0.000601558 0.99999 -0.00445203 -0.00127892 0.00445209 0.999989 -0.0320458 -0.0192797 -0.0307904
FixedParameters: 0 0 0

#Transform 44
Transform: AffineTransform_float_3_3
Parameters: 1 -0.000633482 0.00112575 0.000639533 0.99999 -0.00465546 -0.00112282 0.00465627 0.999988 -0.0300443 0.000120384 -0.012493
FixedParameters: 0 0 0

#Transform 45
Transform: AffineTransform_float_3_3
Parameters: 0.999999 -0.000576093 0.00135998 0.000582899 0.99999 -0.00437871 -0.00135774 0.00438016 0.999989 -0.0141454 0.00164171 -0.0170163
FixedParameters: 0 0 0

#Transform 46
Transform: AffineTransform_float_3_3
Parameters: 0.999999 -0.000556708 0.00143536 0.000563817 0.999989 -0.00468376 -0.00143257 0.0046844 0.999988 0.00116689 0.00237073 -0.034088
FixedParameters: 0 0 0

#Transform 47
Transform: AffineTransform_float_3_3
Parameters: 0.999999 -0.00051749 0.0015978 0.000524223 0.999991 -0.00430143 -0.00159562 0.00430215 0.999989 -0.0267424 -0.0148925 -0.0315184
FixedParameters: 0 0 0

#Transform 48
Transform: AffineTransform_float_3_3
Parameters: 0.999999 -0.000610192 0.00121956 0.000616215 0.999989 -0.00467432 -0.00121653 0.00467435 0.999988 -0.0360296 0.0467578 -0.04668
FixedParameters: 0 0 0

#Transform 49
Transform: AffineTransform_float_3_3
Parameters: 0.999999 -0.000585192 0.00132001 0.00059227 0.999989 -0.0047176 -0.00131715 0.00471815 0.999988 -0.034163 -0.0524257 -0.029175
FixedParameters: 0 0 0

#Transform 50
Transform: AffineTransform_float_3_3
Parameters: 0.999999 -0.000372248 0.00133537 0.000378515 0.999989 -0.0047167 -0.00133429 0.00471673 0.999988 -0.0364068 0.0154545 -0.111883
FixedParameters: 0 0 0

#Transform 51
Transform: AffineTransform_float_3_3
Parameters: 1 -0.000399251 0.00126645 0.000405189 0.999988 -0.0048495 -0.00126508 0.00485043 0.999987 -0.0314259 -0.000153533 -0.0960459
FixedParameters: 0 0 0

#Transform 52
Transform: AffineTransform_float_3_3
Parameters: 0.999999 -0.00057052 0.0013799 0.000577035 0.999989 -0.00465689 -0.00137702 0.0046575 0.999989 -0.0153716 -0.0332458 -0.0807138
FixedParameters: 0 0 0

#Transform 53
Transform: AffineTransform_float_3_3
Parameters: 0.999999 -0.000735434 0.00139886 0.000741376 0.99999 -0.00437166 -0.00139591 0.00437268 0.999989 -0.0195094 0.0199613 -0.119563
FixedParameters: 0 0 0

#Transform 54
Transform: AffineTransform_float_3_3
Parameters: 0.999999 -0.000372302 0.00137926 0.000380141 0.999986 -0.00529115 -0.00137762 0.00529122 0.999985 -0.025773 0.0889868 -0.138618
FixedParameters: 0 0 0

#Transform 55
Transform: AffineTransform_float_3_3
Parameters: 0.999999 -0.000673786 0.000639983 0.000674462 0.999999 -0.00168552 -0.000638371 0.00168636 0.999999 -0.0421576 -0.194857 0.184054
FixedParameters: 0 0 0

#Transform 56
Transform: AffineTransform_float_3_3
Parameters: 0.999999 -0.000500236 0.000851781 0.00050297 0.999993 -0.00373182 -0.000850216 0.00373257 0.999992 -0.044548 0.0189634 0.0502855
FixedParameters: 0 0 0

#Transform 57
Transform: AffineTransform_float_3_3
Parameters: 0.999999 -0.000523527 0.00122656 0.000529958 0.999988 -0.00487081 -0.00122409 0.00487064 0.999987 -0.0276757 -0.00747941 0.0126508
FixedParameters: 0 0 0

#Transform 58
Transform: AffineTransform_float_3_3
Parameters: 0.999999 -0.000543103 0.00134585 0.000549892 0.999985 -0.00539383 -0.00134207 0.00539437 0.999984 -0.0120232 -0.00207777 -0.048368
FixedParameters: 0 0 0

#Transform 59
Transform: AffineTransform_float_3_3
Parameters: 0.999998 -0.000911899 0.00169792 0.000918876 0.999989 -0.00473757 -0.00169411 0.00473912 0.999987 -0.0185516 -0.0797238 -0.0285868
FixedParameters: 0 0 0

#Transform 60
Transform: AffineTransform_float_3_3
Parameters: 0.999998 -0.000823552 0.00194363 0.00083491 0.999984 -0.00562366 -0.00193882 0.00562582 0.999982 -0.0213948 0.0582757 -0.0642762
FixedParameters: 0 0 0

#Transform 61
Transform: AffineTransform_float_3_3
Parameters: 0.999999 -0.000884382 0.00135649 0.000888877 0.999992 -0.00378472 -0.00135239 0.00378613 0.999992 -0.0482941 -0.100099 -0.0385425
FixedParameters: 0 0 0

#Transform 62
Transform: AffineTransform_float_3_3
Parameters: 1 -0.000234663 0.000660069 0.000236058 0.999994 -0.0036203 -0.000659574 0.00362057 0.999993 -0.0735406 -0.0508291 0.043057
FixedParameters: 0 0 0

#Transform 63
Transform: AffineTransform_float_3_3
Parameters: 0.999999 -0.000347422 0.00119344 0.000353388 0.999986 -0.00529292 -0.00119108 0.00529286 0.999986 -0.0959613 0.0387167 -0.0530913
FixedParameters: 0 0 0

#Transform 64
Transform: AffineTransform_float_3_3
Parameters: 1 -0.000348324 0.00125475 0.000354555 0.999988 -0.0049697 -0.00125271 0.00496967 0.999987 -0.0695407 -0.0726386 -0.0351769
FixedParameters: 0 0 0

#Transform 65
Transform: AffineTransform_float_3_3
Parameters: 0.999999 -0.000358639 0.0012126 0.00036494 0.999985 -0.0055074 -0.00121096 0.0055082 0.999984 -0.0673784 0.00120588 -0.0543295
FixedParameters: 0 0 0

#Transform 66
Transform: AffineTransform_float_3_3
Parameters: 0.999999 -0.000602018 0.0013142 0.000609138 0.999981 -0.00604392 -0.00131078 0.00604445 0.999981 -0.0669866 0.00682645 -0.0596169
FixedParameters: 0 0 0

#Transform 67
Transform: AffineTransform_float_3_3
Parameters: 0.999999 -0.000259293 0.00164161 0.000268385 0.999985 -0.00545493 -0.00164058 0.0054549 0.999984 -0.0668115 -0.0736614 -0.0370251
FixedParameters: 0 0 0

#Transform 68
Transform: AffineTransform_float_3_3
Parameters: 0.999999 -0.000251261 0.00166946 0.000260715 0.999983 -0.00584586 -0.00166801 0.00584586 0.999981 -0.0705036 -0.027374 -0.0563702
FixedParameters: 0 0 0

#Transform 69
Transform: AffineTransform_float_3_3
Parameters: 0.999999 0.000108855 0.00154399 -0.00010024 0.999986 -0.00537399 -0.00154415 0.00537431 0.999985 -0.0802472 0.0757524 -0.121027
FixedParameters: 0 0 0

#Transform 70
Transform: AffineTransform_float_3_3
Parameters: 0.999998 0.000355973 0.00196573 -0.000345557 0.999985 -0.00540977 -0.00196787 0.0054096 0.999984 -0.0490523 -0.0288197 -0.119898
FixedParameters: 0 0 0

#Transform 71
Transform: AffineTransform_float_3_3
Parameters: 0.999998 0.000181469 0.00189819 -0.000171131 0.999985 -0.00539173 -0.00189964 0.00539171 0.999983 -0.0611311 -0.106149 -0.0862798
FixedParameters: 0 0 0

#Transform 72
Transform: AffineTransform_float_3_3
Parameters: 0.999999 0.000375657 0.00152797 -0.000366464 0.999982 -0.00603841 -0.00153014 0.00603756 0.99998 -0.0696424 0.0770227 -0.190655
FixedParameters: 0 0 0

#Transform 73
Transform: AffineTransform_float_3_3
Parameters: 0.999999 8.45664e-05 0.00153191 -7.68879e-05 0.999987 -0.00513579 -0.00153272 0.00513478 0.999986 -0.061963 -0.0765926 -0.124444
FixedParameters: 0 0 0

#Transform 74
Transform: AffineTransform_float_3_3
Parameters: 0.999998 0.000112868 0.00186008 -0.000102327 0.999982 -0.00593004 -0.00186056 0.00593033 0.99998 -0.0684807 0.0516981 -0.130226
FixedParameters: 0 0 0

#Transform 75
Transform: AffineTransform_float_3_3
Parameters: 0.999998 -0.00014993 0.00181648 0.000159922 0.999984 -0.00578755 -0.00181606 0.00578818 0.999981 -0.0798503 -0.0287092 -0.107557
FixedParameters: 0 0 0

#Transform 76
Transform: AffineTransform_float_3_3
Parameters: 0.999998 -1.23132e-05 0.00199344 2.35338e-05 0.999982 -0.006037 -0.00199305 0.00603685 0.99998 -0.0773383 0.0220365 -0.108329
FixedParameters: 0 0 0

#Transform 77
Transform: AffineTransform_float_3_3
Parameters: 0.999998 -8.32177e-05 0.00173116 9.01959e-05 0.999991 -0.00413971 -0.00173061 0.00413968 0.99999 -0.0668145 -0.0129901 -0.0768399
FixedParameters: 0 0 0

#Transform 78
Transform: AffineTransform_float_3_3
Parameters: 0.999998 0.00142493 0.00146992 -0.00142873 0.999996 0.00210756 -0.00146668 -0.0021093 0.999997 -0.0936396 0.0134976 -0.0106357
FixedParameters: 0 0 0

#Transform 79
Transform: AffineTransform_float_3_3
Parameters: 0.999998 0.00141142 0.00143856 -0.00141708 0.999992 0.00377746 -0.00143337 -0.00377932 0.999992 -0.0966704 0.0425167 -0.0131051
FixedParameters: 0 0 0

#Transform 80
Transform: AffineTransform_float_3_3
Parameters: 0.999998 0.00141517 0.00144068 -0.00141963 0.999995 0.00286432 -0.00143669 -0.00286607 0.999995 -0.112286 0.00806677 0.0101641
FixedParameters: 0 0 0

#Transform 81
Transform: AffineTransform_float_3_3
Parameters: 0.999998 0.00135032 0.00142178 -0.00135306 0.999997 0.00188713 -0.00141848 -0.0018889 0.999997 -0.0901751 0.0133013 -0.0344482
FixedParameters: 0 0 0

#Transform 82
Transform: AffineTransform_float_3_3
Parameters: 0.999999 0.0015415 0.000887753 -0.00154224 0.999998 0.000889633 -0.000886391 -0.000890698 0.999999 -0.0688252 0.0838171 -0.137768
FixedParameters: 0 0 0

#Transform 83
Transform: AffineTransform_float_3_3
Parameters: 1 0.00110269 0.000366604 -0.00110296 0.999998 0.00133369 -0.000364936 -0.00133371 0.999999 -0.0697334 -0.284236 0.174905
FixedParameters: 0 0 0

#Transform 84
Transform: AffineTransform_float_3_3
Parameters: 0.999999 0.0014977 7.92191e-05 -0.00149709 0.999999 0.000626948 -7.86185e-05 -0.000626856 0.999999 -0.0883094 -0.0766624 0.12174
FixedParameters: 0 0 0

#Transform 85
Transform: AffineTransform_float_3_3
Parameters: 0.999998 0.00162169 0.000445506 -0.00162117 0.999999 -0.000350961 -0.000445821 0.000350895 0.999999 -0.0900739 -0.07128 0.0193173
FixedParameters: 0 0 0

#Transform 86
Transform: AffineTransform_float_3_3
Parameters: 0.999999 0.00124527 0.000981103 -0.00124483 0.999999 -0.000605986 -0.000981479 0.000604528 0.999999 -0.0979329 -0.00583007 0.0261149
FixedParameters: 0 0 0

#Transform 87
Transform: AffineTransform_float_3_3
Parameters: 0.999999 0.00117532 0.00074689 -0.00117477 1 -0.000377958 -0.000747849 0.000377088 1 -0.107355 -0.0776985 0.00702445
FixedParameters: 0 0 0

#Transform 88
Transform: AffineTransform_float_3_3
Parameters: 0.999998 0.00176974 0.00158177 -0.00177772 0.999986 0.00501635 -0.00157222 -0.00501957 0.999986 -0.103943 -0.0423595 0.0528617
FixedParameters: 0 0 0

#Transform 89
Transform: AffineTransform_float_3_3
Parameters: 0.999997 0.00201485 0.000317788 -0.0020168 0.999981 0.00586004 -0.000305964 -0.00586135 0.999982 -0.127906 -0.0712165 0.114277
FixedParameters: 0 0 0

#Transform 90
Transform: AffineTransform_float_3_3
Parameters: 0.999998 0.00143241 0.00123675 -0.00143737 0.999992 0.0036653 -0.00123146 -0.00366707 0.999993 -0.116838 -0.0702915 0.127882
FixedParameters: 0 0 0

#Transform 91
Transform: AffineTransform_float_3_3
Parameters: 0.999997 0.00141386 0.00191518 -0.00141701 0.999997 0.00157913 -0.00191258 -0.00158157 0.999997 -0.143198 -0.012934 0.0679847
FixedParameters: 0 0 0

#Transform 92
Transform: AffineTransform_float_3_3
Parameters: 0.999997 0.00141345 0.00184428 -0.0014165 0.999998 0.00177046 -0.00184231 -0.00177326 0.999997 -0.132954 -0.127747 0.0989385
FixedParameters: 0 0 0

#Transform 93
Transform: AffineTransform_float_3_3
Parameters: 0.999997 0.00114293 0.00235791 -0.00114546 0.999998 0.00138697 -0.00235681 -0.00139031 0.999996 -0.121161 -0.026498 0.0724978
FixedParameters: 0 0 0

#Transform 94
Transform: AffineTransform_float_3_3
Parameters: 0.999997 0.00119607 0.00211777 -0.0012006 0.999997 0.00212304 -0.00211588 -0.00212616 0.999996 -0.116766 -0.0940916 0.0945958
FixedParameters: 0 0 0

#Transform 95
Transform: AffineTransform_float_3_3
Parameters: 0.999997 0.00144881 0.00198718 -0.00145232 0.999997 0.00155164 -0.00198552 -0.00155449 0.999997 -0.102018 -0.0559362 0.0437472
FixedParameters: 0 0 0

#Transform 96
Transform: AffineTransform_float_3_3
Parameters: 0.999997 0.00127395 0.00212146 -0.00127437 0.999999 0.000416097 -0.00212088 -0.000418397 0.999998 -0.0888867 -0.0609507 0.0607463
FixedParameters: 0 0 0

#Transform 97
Transform: AffineTransform_float_3_3
Parameters: 0.999996 0.00119282 0.00236155 -0.00118973 0.999999 -0.00095606 -0.00236253 0.000952822 0.999997 -0.088897 0.0364541 0.0329025
FixedParameters: 0 0 0

#Transform 98
Transform: AffineTransform_float_3_3
Parameters: 0.999997 0.00113014 0.00219663 -0.00113269 0.999999 0.0010203 -0.00219596 -0.00102272 0.999997 -0.0836676 -0.131703 0.0792777
FixedParameters: 0 0 0

#Transform 99
Transform: AffineTransform_float_3_3
Parameters: 0.999998 0.00109575 0.002096 -0.00109489 0.999999 -0.000567138 -0.00209695 0.000564869 0.999998 -0.103254 0.00691422 -0.0097675
FixedParameters: 0 0 0

#Transform 100
Transform: AffineTransform_float_3_3
Parameters: 0.999997 0.000845767 0.00264214 -0.000842838 0.999999 -0.00102332 -0.00264334 0.00102121 0.999996 -0.105183 0.00947549 0.0335673
FixedParameters: 0 0 0

#Transform 101
Transform: AffineTransform_float_3_3
Parameters: 0.999996 0.00114639 0.00260954 -0.00114451 0.999999 -0.000974571 -0.00261004 0.00097105 0.999996 -0.100706 -0.0677169 0.0524504
FixedParameters: 0 0 0

#Transform 102
Transform: AffineTransform_float_3_3
Parameters: 0.999996 0.00116171 0.00266447 -0.00115843 0.999998 -0.00139837 -0.00266574 0.00139514 0.999995 -0.10366 -0.034849 0.036671
FixedParameters: 0 0 0

#Transform 103
Transform: AffineTransform_float_3_3
Parameters: 0.999996 0.00115479 0.00263395 -0.00115103 0.999998 -0.0015332 -0.00263548 0.00152962 0.999995 -0.0902404 -0.0166257 0.00847879
FixedParameters: 0 0 0

#Transform 104
Transform: AffineTransform_float_3_3
Parameters: 0.999995 0.00123203 0.00295353 -0.00122823 0.999998 -0.00132571 -0.00295486 0.00132185 0.999995 -0.0747883 -0.0817362 0.029199
FixedParameters: 0 0 0

#Transform 105
Transform: AffineTransform_float_3_3
Parameters: 0.999995 0.00119278 0.00322439 -0.00118859 0.999998 -0.00143753 -0.00322665 0.00143368 0.999994 -0.0676014 -0.10296 0.00572624
FixedParameters: 0 0 0

#Transform 106
Transform: AffineTransform_float_3_3
Parameters: 0.999993 0.0010429 0.00352729 -0.00103585 0.999997 -0.00213557 -0.00352882 0.00213224 0.999991 -0.0469466 -0.0785735 -0.0101324
FixedParameters: 0 0 0

#Transform 107
Transform: AffineTransform_float_3_3
Parameters: 0.999992 0.001072 0.00377104 -0.00106546 0.999998 -0.00179395 -0.00377317 0.00178936 0.999991 -0.0659266 -0.116257 -0.00810229
FixedParameters: 0 0 0

#Transform 108
Transform: AffineTransform_float_3_3
Parameters: 0.999992 0.00101834 0.00377815 -0.00100977 0.999997 -0.00220635 -0.00378065 0.00220219 0.99999 -0.0673397 -0.0910278 -0.0178638
FixedParameters: 0 0 0

#Transform 109
Transform: AffineTransform_float_3_3
Parameters: 0.999991 0.00132102 0.00384303 -0.00131044 0.999995 -0.00266927 -0.00384667 0.00266415 0.999989 -0.0480697 -0.0434386 -0.0505306
FixedParameters: 0 0 0

#Transform 110
Transform: AffineTransform_float_3_3
Parameters: 0.999992 0.00178258 0.00371517 -0.0017748 0.999996 -0.0020619 -0.00371884 0.00205497 0.999991 -0.0246389 -0.101827 -0.0651669
FixedParameters: 0 0 0

#Transform 111
Transform: AffineTransform_float_3_3
Parameters: 0.999993 0.00172708 0.00347388 -0.00171759 0.999995 -0.00275341 -0.00347815 0.00274742 0.99999 -0.0287544 -0.000147102 -0.0911377
FixedParameters: 0 0 0

#Transform 112
Transform: AffineTransform_float_3_3
Parameters: 0.999992 0.00210169 0.00346515 -0.00209424 0.999996 -0.00215279 -0.00346965 0.00214592 0.999992 0.00709087 -0.044702 -0.133225
FixedParameters: 0 0 0

#Transform 113
Transform: AffineTransform_float_3_3
Parameters: 0.999994 0.00146846 0.00308733 -0.00146264 0.999997 -0.00195457 -0.00309066 0.00194942 0.999993 0.00584522 -0.13583 0.00758069
FixedParameters: 0 0 0

#Transform 114
Transform: AffineTransform_float_3_3
Parameters: 0.999996 0.00144786 0.00238249 -0.00144625 0.999999 -0.000659676 -0.00238417 0.000655988 0.999997 -0.0209233 -0.118583 0.147742
FixedParameters: 0 0 0

#Transform 115
Transform: AffineTransform_float_3_3
Parameters: 0.999995 0.00140935 0.00264857 -0.00140419 0.999997 -0.00195319 -0.00265089 0.00194922 0.999994 -0.010869 -0.0394367 0.0546562
FixedParameters: 0 0 0

#Transform 116
Transform: AffineTransform_float_3_3
Parameters: 0.999994 0.00180525 0.00309697 -0.00180051 0.999996 -0.00169472 -0.00309985 0.00168886 0.999994 -0.0126293 -0.102129 0.0173455
FixedParameters: 0 0 0

#Transform 117
Transform: AffineTransform_float_3_3
Parameters: 0.999994 0.00154679 0.00318304 -0.00154135 0.999997 -0.00179282 -0.00318624 0.00178781 0.999994 -0.020569 -0.0188228 -0.0107971
FixedParameters: 0 0 0

#Transform 118
Transform: AffineTransform_float_3_3
Parameters: 0.999996 0.00110919 0.00290915 -0.00110527 0.999998 -0.00136586 -0.00291024 0.00136283 0.999995 -0.0248728 -0.131208 0.0591796
FixedParameters: 0 0 0

#Transform 119
Transform: AffineTransform_float_3_3
Parameters: 0.999995 0.00116208 0.00273694 -0.00115892 0.999999 -0.00099033 -0.00273781 0.000987744 0.999996 -0.031703 -0.107446 0.078098
FixedParameters: 0 0 0
