#!ascii label  , from subject sub-v2s10x29004_ses-1 vox2ras=TkReg
1452
41280  -35.626  -39.182  69.799 0.0000000000
103122  -23.814  -51.437  74.245 0.0000000000
48197  -43.027  -31.583  56.311 0.0000000000
44845  -30.027  -35.159  58.861 0.0000000000
45612  -39.644  -34.368  64.065 0.0000000000
34249  -32.638  -47.309  71.301 0.0000000000
36149  -22.309  -45.171  63.771 0.0000000000
39538  -26.356  -41.271  59.599 0.0000000000
102504  -17.488  -46.530  77.554 0.0000000000
51084  -44.478  -28.014  56.698 0.0000000000
33415  -16.776  -47.792  66.075 0.0000000000
43131  -32.924  -36.966  64.270 0.0000000000
46441  -34.831  -33.599  62.121 0.0000000000
43950  -37.479  -35.983  68.167 0.0000000000
38559  -33.069  -42.512  69.922 0.0000000000
36140  -30.953  -45.165  64.686 0.0000000000
40419  -31.338  -40.491  64.685 0.0000000000
42319  -27.906  -37.823  59.889 0.0000000000
52810  -46.565  -26.134  53.577 0.0000000000
32492  -20.258  -49.105  76.439 0.0000000000
116912  -17.512  -46.359  71.282 0.0000000000
33372  -20.791  -48.142  70.473 0.0000000000
48122  -41.002  -31.685  60.150 0.0000000000
31765  -29.400  -50.276  72.516 0.0000000000
33401  -24.409  -48.911  68.307 0.0000000000
35216  -28.048  -46.029  67.649 0.0000000000
36963  -25.179  -43.841  61.791 0.0000000000
35054  -12.940  -46.377  78.544 0.0000000000
47222  -44.059  -32.607  66.549 0.0000000000
47251  -47.013  -32.274  62.459 0.0000000000
51023  -44.927  -28.245  61.449 0.0000000000
48182  -49.450  -31.171  58.527 0.0000000000
49086  -50.340  -30.626  55.097 0.0000000000
36854  -13.812  -44.842  72.102 0.0000000000
34325  -19.526  -47.377  64.492 0.0000000000
42264  -34.341  -38.346  66.764 0.0000000000
43976  -35.107  -35.962  65.997 0.0000000000
114588  -36.761  -37.799  68.771 0.0000000000
39428  -33.915  -40.657  69.818 0.0000000000
39479  -32.930  -42.030  67.439 0.0000000000
41345  -33.402  -39.575  66.717 0.0000000000
42283  -31.691  -38.793  64.185 0.0000000000
49092  -40.835  -29.943  53.207 0.0000000000
50101  -43.668  -29.361  54.656 0.0000000000
108493  -22.078  -50.651  74.839 0.0000000000
33338  -20.510  -48.897  73.496 0.0000000000
32535  -22.429  -50.076  71.990 0.0000000000
46488  -31.668  -33.741  57.205 0.0000000000
46432  -37.454  -33.770  63.388 0.0000000000
45647  -36.404  -34.137  60.052 0.0000000000
45641  -38.602  -34.334  61.580 0.0000000000
46472  -39.192  -33.100  59.581 0.0000000000
46445  -40.086  -33.246  62.254 0.0000000000
32525  -31.445  -49.167  71.898 0.0000000000
33389  -28.830  -48.064  70.202 0.0000000000
34289  -31.394  -47.278  68.719 0.0000000000
37808  -28.823  -43.671  62.017 0.0000000000
36947  -27.897  -44.462  62.430 0.0000000000
37840  -25.648  -43.279  59.546 0.0000000000
44010  -28.788  -36.236  59.143 0.0000000000
105482  -45.669  -32.201  64.925 0.0000000000
50012  -49.046  -30.232  60.740 0.0000000000
50059  -48.574  -29.392  58.310 0.0000000000
49075  -49.403  -30.673  56.306 0.0000000000
51088  -49.120  -29.004  56.768 0.0000000000
51136  -49.807  -28.468  52.786 0.0000000000
35068  -15.280  -45.760  78.128 0.0000000000
99618  -13.724  -45.500  75.891 0.0000000000
102480  -15.777  -44.991  74.680 0.0000000000
113533  -17.102  -46.483  67.915 0.0000000000
35197  -15.205  -46.350  68.465 0.0000000000
33407  -15.956  -48.471  66.980 0.0000000000
34310  -23.360  -47.244  66.130 0.0000000000
34309  -22.175  -47.960  66.251 0.0000000000
35254  -20.410  -46.470  63.679 0.0000000000
44001  -31.846  -35.836  61.946 0.0000000000
45645  -32.422  -34.263  60.334 0.0000000000
44821  -33.680  -35.231  63.693 0.0000000000
45597  -35.710  -34.410  65.340 0.0000000000
45590  -38.521  -34.406  66.594 0.0000000000
36061  -32.508  -45.395  70.783 0.0000000000
35220  -32.256  -46.315  67.354 0.0000000000
37744  -32.699  -43.976  67.545 0.0000000000
38632  -31.115  -43.034  64.542 0.0000000000
39523  -28.820  -40.877  61.865 0.0000000000
41401  -26.832  -39.693  59.822 0.0000000000
41384  -29.544  -39.562  62.138 0.0000000000
43135  -30.807  -37.542  62.313 0.0000000000
52794  -45.264  -26.512  55.116 0.0000000000
54417  -46.789  -24.593  57.222 0.0000000000
116374  -18.977  -47.696  76.440 0.0000000000
35107  -17.802  -46.435  74.455 0.0000000000
34215  -19.174  -47.708  73.579 0.0000000000
34245  -18.774  -47.142  71.101 0.0000000000
35201  -19.186  -46.589  68.072 0.0000000000
46480  -33.534  -33.524  58.193 0.0000000000
47306  -40.518  -32.469  57.169 0.0000000000
47308  -42.393  -32.363  57.628 0.0000000000
110170  -26.821  -51.421  73.444 0.0000000000
31772  -24.485  -50.489  70.667 0.0000000000
32554  -26.625  -49.697  70.636 0.0000000000
34284  -26.195  -47.356  68.490 0.0000000000
36118  -25.268  -45.462  65.597 0.0000000000
98971  -29.358  -45.472  65.898 0.0000000000
36922  -26.576  -44.651  64.187 0.0000000000
36943  -23.651  -44.162  62.912 0.0000000000
114733  -36.959  -37.449  71.234 0.0000000000
30939  -26.414  -51.113  75.491 0.0000000000
32506  -30.354  -49.176  73.708 0.0000000000
34220  -32.185  -47.025  73.350 0.0000000000
44720  -38.659  -36.416  70.619 0.0000000000
44747  -40.584  -35.445  69.658 0.0000000000
99325  -41.251  -34.785  67.372 0.0000000000
47212  -42.599  -32.588  68.126 0.0000000000
46410  -41.687  -33.710  65.523 0.0000000000
47241  -42.757  -31.694  63.621 0.0000000000
101381  -43.435  -31.647  61.110 0.0000000000
47298  -44.618  -32.312  58.665 0.0000000000
108684  -48.083  -29.950  62.344 0.0000000000
47285  -48.295  -32.003  60.318 0.0000000000
49034  -45.437  -30.826  57.194 0.0000000000
50088  -46.271  -29.840  55.126 0.0000000000
51124  -49.172  -28.530  54.507 0.0000000000
108011  -12.145  -46.180  76.123 0.0000000000
100832  -12.973  -47.903  69.643 0.0000000000
101210  -15.997  -45.200  72.020 0.0000000000
35195  -13.775  -46.584  68.799 0.0000000000
32568  -22.674  -49.255  69.590 0.0000000000
34297  -20.581  -47.339  67.425 0.0000000000
34315  -17.883  -47.411  65.077 0.0000000000
108015  -17.545  -50.150  62.375 0.0000000000
41324  -35.146  -39.076  68.296 0.0000000000
103413  -36.163  -38.012  68.351 0.0000000000
42227  -36.534  -38.334  69.145 0.0000000000
40356  -35.073  -39.514  69.963 0.0000000000
40372  -34.385  -40.316  68.943 0.0000000000
41301  -34.767  -39.692  68.664 0.0000000000
41346  -34.067  -39.126  67.114 0.0000000000
48196  -41.752  -31.558  55.380 0.0000000000
49081  -42.397  -30.336  54.976 0.0000000000
50115  -42.558  -29.164  53.794 0.0000000000
49082  -42.992  -29.815  54.912 0.0000000000
31726  -22.733  -51.071  74.812 0.0000000000
31725  -21.947  -50.461  74.083 0.0000000000
31738  -22.980  -51.029  73.347 0.0000000000
45678  -29.711  -34.590  57.026 0.0000000000
45680  -31.113  -34.092  57.762 0.0000000000
45624  -38.968  -34.294  63.479 0.0000000000
45640  -37.966  -34.368  61.864 0.0000000000
98757  -38.980  -34.356  62.712 0.0000000000
45642  -39.107  -34.011  61.430 0.0000000000
46433  -39.967  -33.846  62.837 0.0000000000
115740  -32.400  -48.166  71.406 0.0000000000
33375  -31.404  -48.801  70.594 0.0000000000
34273  -32.144  -47.848  69.700 0.0000000000
38673  -27.530  -42.667  60.701 0.0000000000
37822  -27.278  -43.511  60.744 0.0000000000
38690  -25.799  -42.804  59.267 0.0000000000
38715  -24.553  -42.623  58.559 0.0000000000
44844  -29.234  -35.590  58.612 0.0000000000
44016  -28.355  -36.013  58.257 0.0000000000
44850  -29.075  -35.043  57.231 0.0000000000
50042  -45.499  -29.200  58.556 0.0000000000
118187  -46.646  -29.012  57.449 0.0000000000
51077  -48.480  -29.103  57.477 0.0000000000
51086  -46.619  -28.492  56.345 0.0000000000
98419  -16.288  -45.934  78.249 0.0000000000
35963  -15.193  -45.334  76.469 0.0000000000
117180  -16.615  -45.673  76.817 0.0000000000
35225  -17.073  -46.725  67.107 0.0000000000
109727  -16.371  -46.748  67.529 0.0000000000
100803  -16.393  -48.625  66.490 0.0000000000
32585  -16.628  -49.616  66.387 0.0000000000
32591  -17.008  -49.636  65.380 0.0000000000
35251  -22.684  -46.325  64.930 0.0000000000
35241  -22.217  -47.035  65.201 0.0000000000
35255  -21.178  -46.073  63.989 0.0000000000
113992  -32.566  -36.295  63.251 0.0000000000
44823  -32.458  -35.694  62.539 0.0000000000
44820  -33.228  -35.976  63.772 0.0000000000
43965  -36.126  -35.897  67.052 0.0000000000
44802  -35.354  -35.186  65.719 0.0000000000
44792  -36.812  -34.513  66.519 0.0000000000
45599  -37.613  -34.004  65.946 0.0000000000
45579  -38.470  -34.764  67.376 0.0000000000
37699  -32.619  -43.508  70.299 0.0000000000
36887  -32.666  -44.744  69.322 0.0000000000
100132  -33.094  -43.219  69.016 0.0000000000
39491  -31.800  -41.285  65.522 0.0000000000
115324  -31.990  -42.488  65.931 0.0000000000
39500  -31.335  -41.428  64.909 0.0000000000
38650  -29.734  -41.969  63.055 0.0000000000
39513  -29.987  -40.895  63.218 0.0000000000
40441  -29.025  -40.066  61.813 0.0000000000
40425  -30.446  -39.955  63.344 0.0000000000
43120  -32.651  -37.575  64.437 0.0000000000
42300  -31.196  -37.842  62.861 0.0000000000
43136  -31.481  -37.148  62.687 0.0000000000
113684  -31.182  -36.627  61.994 0.0000000000
33301  -19.757  -48.637  76.702 0.0000000000
34182  -19.070  -47.668  75.060 0.0000000000
34183  -19.548  -48.193  75.118 0.0000000000
33361  -20.774  -48.776  72.280 0.0000000000
34246  -19.652  -47.947  72.273 0.0000000000
34247  -20.231  -47.945  71.058 0.0000000000
34256  -18.992  -46.865  70.012 0.0000000000
114282  -19.875  -47.233  69.588 0.0000000000
45638  -34.036  -33.744  61.783 0.0000000000
45662  -32.956  -33.755  59.713 0.0000000000
46456  -34.760  -33.569  60.371 0.0000000000
45664  -36.946  -34.423  59.435 0.0000000000
45672  -35.979  -34.170  58.294 0.0000000000
45683  -36.544  -34.349  57.662 0.0000000000
47277  -39.696  -32.640  59.998 0.0000000000
115529  -39.152  -32.747  57.699 0.0000000000
47294  -40.573  -31.993  58.654 0.0000000000
47307  -41.491  -32.410  57.225 0.0000000000
47295  -41.659  -32.057  58.230 0.0000000000
31752  -28.073  -50.960  72.734 0.0000000000
31762  -26.667  -50.831  71.716 0.0000000000
32536  -28.047  -49.983  71.570 0.0000000000
34286  -27.978  -46.788  68.875 0.0000000000
34268  -27.320  -47.447  69.332 0.0000000000
35215  -26.549  -46.647  67.928 0.0000000000
35214  -25.703  -46.698  67.434 0.0000000000
36105  -26.304  -45.637  66.414 0.0000000000
36109  -32.004  -46.079  66.216 0.0000000000
35234  -31.193  -46.114  66.313 0.0000000000
36122  -30.103  -45.438  65.231 0.0000000000
36965  -26.576  -44.185  61.587 0.0000000000
102976  -27.208  -44.570  63.385 0.0000000000
36945  -25.268  -44.111  62.514 0.0000000000
36931  -24.538  -44.288  63.142 0.0000000000
42317  -26.841  -38.414  59.401 0.0000000000
33331  -31.416  -48.125  73.470 0.0000000000
37665  -32.615  -43.170  74.228 0.0000000000
43901  -37.615  -37.256  71.102 0.0000000000
103613  -39.182  -34.241  69.945 0.0000000000
117419  -40.545  -34.349  69.746 0.0000000000
105348  -41.096  -35.112  68.194 0.0000000000
45572  -41.466  -34.317  68.931 0.0000000000
47217  -43.779  -32.634  67.110 0.0000000000
46402  -42.685  -33.549  66.868 0.0000000000
46412  -43.362  -33.022  66.442 0.0000000000
47234  -41.918  -32.636  64.488 0.0000000000
47236  -44.005  -32.352  65.336 0.0000000000
100700  -46.116  -32.105  63.711 0.0000000000
48091  -44.218  -31.522  63.037 0.0000000000
48106  -44.940  -31.942  61.767 0.0000000000
47270  -44.525  -32.251  60.202 0.0000000000
117809  -45.997  -32.505  60.659 0.0000000000
51025  -47.087  -29.077  62.394 0.0000000000
48146  -50.186  -30.907  59.563 0.0000000000
49003  -49.595  -30.965  60.731 0.0000000000
48165  -48.667  -31.567  59.062 0.0000000000
48163  -46.165  -31.700  58.614 0.0000000000
48180  -46.870  -31.229  58.049 0.0000000000
49054  -46.084  -30.392  56.568 0.0000000000
49055  -47.221  -30.543  56.603 0.0000000000
49076  -50.262  -30.444  55.975 0.0000000000
49084  -48.279  -30.488  54.803 0.0000000000
49093  -48.297  -30.410  53.923 0.0000000000
52801  -45.699  -26.046  54.692 0.0000000000
52019  -46.587  -27.776  54.981 0.0000000000
52038  -46.622  -26.935  53.748 0.0000000000
36004  -14.163  -44.971  74.527 0.0000000000
36017  -12.584  -45.569  73.658 0.0000000000
36049  -12.677  -45.663  71.989 0.0000000000
35159  -12.436  -46.281  71.443 0.0000000000
35160  -12.984  -45.810  71.022 0.0000000000
35144  -17.760  -46.501  72.734 0.0000000000
36021  -16.497  -45.372  73.388 0.0000000000
109669  -16.644  -45.627  71.896 0.0000000000
35183  -14.391  -45.993  69.025 0.0000000000
31004  -15.862  -51.340  67.286 0.0000000000
31785  -24.315  -50.129  69.901 0.0000000000
31771  -23.740  -50.184  70.465 0.0000000000
32576  -23.187  -49.210  68.670 0.0000000000
34317  -20.873  -47.637  65.709 0.0000000000
34298  -21.349  -47.824  67.131 0.0000000000
99326  -19.949  -47.227  65.940 0.0000000000
35240  -18.995  -46.781  65.773 0.0000000000
34324  -18.500  -47.693  64.198 0.0000000000
31846  -17.538  -50.721  62.974 0.0000000000
43113  -33.532  -37.727  65.462 0.0000000000
43985  -33.921  -36.433  64.941 0.0000000000
42265  -35.298  -37.165  66.872 0.0000000000
43092  -35.962  -36.770  67.327 0.0000000000
43935  -37.175  -36.736  68.342 0.0000000000
115737  -33.450  -41.080  70.179 0.0000000000
38580  -33.288  -42.493  68.753 0.0000000000
39451  -33.531  -41.688  68.621 0.0000000000
40399  -33.099  -41.200  67.293 0.0000000000
108047  -32.412  -39.849  65.755 0.0000000000
41370  -31.490  -39.641  64.449 0.0000000000
41359  -32.915  -39.237  65.951 0.0000000000
42274  -33.286  -38.402  65.686 0.0000000000
51121  -43.805  -28.660  53.415 0.0000000000
31717  -21.165  -49.890  75.463 0.0000000000
33315  -20.465  -49.095  74.856 0.0000000000
32503  -21.436  -50.069  74.685 0.0000000000
106088  -21.594  -49.782  73.047 0.0000000000
32550  -21.720  -49.164  71.026 0.0000000000
46443  -36.583  -33.669  62.517 0.0000000000
46457  -35.734  -33.717  60.798 0.0000000000
45639  -37.106  -34.042  61.736 0.0000000000
102288  -37.225  -34.405  60.236 0.0000000000
45665  -37.676  -34.390  59.529 0.0000000000
46483  -38.437  -33.537  58.575 0.0000000000
46458  -38.891  -33.694  60.115 0.0000000000
46459  -39.676  -33.055  60.825 0.0000000000
106708  -40.140  -32.591  61.163 0.0000000000
32523  -30.163  -49.979  72.292 0.0000000000
32537  -28.977  -49.725  71.618 0.0000000000
32557  -30.289  -49.337  71.216 0.0000000000
34270  -29.544  -47.503  69.559 0.0000000000
35204  -29.719  -46.496  68.245 0.0000000000
36950  -29.883  -44.007  62.982 0.0000000000
36152  -29.645  -44.765  63.816 0.0000000000
36966  -28.323  -44.155  61.947 0.0000000000
36980  -27.038  -43.991  61.005 0.0000000000
118739  -25.782  -43.774  60.599 0.0000000000
116105  -23.648  -42.942  59.518 0.0000000000
37861  -24.382  -42.997  58.967 0.0000000000
43155  -27.930  -37.266  59.454 0.0000000000
44015  -27.647  -36.550  58.298 0.0000000000
48040  -44.827  -31.503  66.607 0.0000000000
114996  -45.025  -32.267  65.344 0.0000000000
48052  -45.772  -31.527  65.720 0.0000000000
48066  -46.305  -31.832  65.080 0.0000000000
48079  -47.304  -31.702  63.724 0.0000000000
51034  -44.668  -28.507  60.464 0.0000000000
49992  -46.756  -29.170  61.414 0.0000000000
50026  -45.946  -29.381  59.412 0.0000000000
50044  -48.072  -29.618  59.057 0.0000000000
50030  -50.121  -30.406  58.790 0.0000000000
49056  -49.650  -30.700  57.142 0.0000000000
49038  -50.323  -30.235  57.987 0.0000000000
113569  -50.522  -29.827  56.920 0.0000000000
50089  -50.463  -29.709  56.330 0.0000000000
53619  -47.101  -25.949  52.989 0.0000000000
52040  -48.196  -27.614  53.223 0.0000000000
52816  -48.169  -26.519  52.217 0.0000000000
116915  -14.064  -46.092  79.238 0.0000000000
35079  -13.079  -46.075  77.123 0.0000000000
35962  -14.294  -45.497  76.552 0.0000000000
35981  -14.627  -45.246  75.789 0.0000000000
36817  -14.986  -44.708  74.141 0.0000000000
35185  -17.490  -46.296  69.591 0.0000000000
36071  -16.424  -45.756  70.442 0.0000000000
109153  -16.181  -46.470  68.266 0.0000000000
35211  -15.570  -46.821  67.773 0.0000000000
32582  -15.487  -49.179  67.198 0.0000000000
98714  -16.549  -50.845  67.099 0.0000000000
31794  -16.362  -50.091  66.972 0.0000000000
33418  -23.798  -48.016  67.183 0.0000000000
33410  -23.303  -48.448  67.403 0.0000000000
109900  -22.788  -47.815  66.325 0.0000000000
34318  -21.685  -47.628  65.567 0.0000000000
34335  -19.956  -47.196  63.942 0.0000000000
113652  -30.701  -35.477  60.177 0.0000000000
111321  -31.546  -34.416  59.358 0.0000000000
116888  -31.982  -34.785  60.709 0.0000000000
119054  -32.905  -34.601  61.841 0.0000000000
45631  -34.143  -34.003  62.623 0.0000000000
44801  -34.359  -35.680  64.930 0.0000000000
115909  -34.807  -34.426  64.260 0.0000000000
45622  -35.199  -33.865  63.774 0.0000000000
46418  -36.815  -33.611  64.141 0.0000000000
45610  -38.032  -33.840  64.874 0.0000000000
45611  -38.967  -34.246  64.466 0.0000000000
36062  -32.590  -46.071  71.345 0.0000000000
35177  -32.638  -46.771  70.071 0.0000000000
36086  -32.624  -46.096  69.568 0.0000000000
36902  -32.642  -45.411  68.029 0.0000000000
36125  -32.038  -45.294  65.783 0.0000000000
38593  -32.794  -42.972  67.509 0.0000000000
111180  -31.797  -43.859  65.499 0.0000000000
118399  -31.088  -44.326  64.373 0.0000000000
37790  -29.840  -43.044  63.007 0.0000000000
39522  -28.463  -41.787  61.600 0.0000000000
110659  -27.630  -41.113  60.735 0.0000000000
40457  -26.661  -40.536  59.799 0.0000000000
40448  -27.940  -40.432  60.928 0.0000000000
41392  -28.076  -39.601  60.834 0.0000000000
42309  -28.520  -38.765  60.902 0.0000000000
41378  -30.726  -39.110  63.178 0.0000000000
42306  -30.093  -38.094  61.894 0.0000000000
42310  -28.977  -37.962  60.865 0.0000000000
43145  -29.361  -37.092  60.590 0.0000000000
44003  -30.569  -36.007  60.702 0.0000000000
52017  -44.361  -26.898  55.975 0.0000000000
53586  -44.597  -25.806  56.635 0.0000000000
53596  -45.432  -25.786  55.448 0.0000000000
54432  -46.699  -24.914  55.200 0.0000000000
103250  -47.470  -24.556  54.855 0.0000000000
54447  -48.171  -24.294  54.501 0.0000000000
34166  -18.063  -47.088  77.607 0.0000000000
35092  -17.587  -46.273  76.003 0.0000000000
35093  -18.248  -46.845  75.935 0.0000000000
108828  -18.321  -46.916  73.954 0.0000000000
35145  -18.334  -46.969  72.447 0.0000000000
33337  -19.800  -48.386  73.662 0.0000000000
34231  -18.969  -47.453  72.147 0.0000000000
111376  -18.379  -46.956  71.767 0.0000000000
35176  -18.150  -46.581  70.327 0.0000000000
109841  -17.861  -46.409  67.907 0.0000000000
35226  -17.631  -46.706  66.472 0.0000000000
108768  -32.152  -33.909  58.848 0.0000000000
46479  -32.648  -33.619  58.170 0.0000000000
46470  -35.527  -33.777  59.790 0.0000000000
47315  -41.599  -32.423  56.369 0.0000000000
113725  -42.803  -32.117  56.685 0.0000000000
30964  -25.330  -51.578  73.921 0.0000000000
30972  -24.227  -51.320  72.867 0.0000000000
30982  -25.494  -51.239  72.156 0.0000000000
31773  -25.587  -50.457  70.732 0.0000000000
32571  -25.372  -49.675  69.674 0.0000000000
33373  -27.031  -48.839  70.368 0.0000000000
33387  -26.565  -48.281  69.575 0.0000000000
33402  -25.170  -48.575  68.605 0.0000000000
34312  -24.802  -46.838  66.977 0.0000000000
118567  -24.319  -46.239  65.934 0.0000000000
36116  -23.895  -45.670  65.119 0.0000000000
34290  -31.998  -47.056  68.311 0.0000000000
35218  -30.203  -46.283  67.511 0.0000000000
36107  -29.013  -45.630  66.708 0.0000000000
105665  -29.131  -44.891  64.189 0.0000000000
36121  -28.510  -45.148  65.586 0.0000000000
104776  -26.955  -45.218  65.925 0.0000000000
36135  -25.862  -44.953  64.932 0.0000000000
36919  -23.793  -44.612  63.697 0.0000000000
40468  -25.333  -40.191  58.630 0.0000000000
103523  -35.776  -38.701  70.637 0.0000000000
41267  -36.412  -38.487  70.556 0.0000000000
99081  -14.784  -45.997  79.548 0.0000000000
35059  -17.595  -46.897  79.035 0.0000000000
115254  -18.608  -47.800  78.531 0.0000000000
33287  -19.044  -48.172  78.038 0.0000000000
31704  -21.842  -50.466  76.469 0.0000000000
31719  -22.462  -50.872  75.706 0.0000000000
30936  -23.830  -51.430  75.690 0.0000000000
30951  -25.464  -51.534  74.717 0.0000000000
30952  -26.317  -51.382  74.829 0.0000000000
115504  -27.582  -51.246  73.755 0.0000000000
31739  -29.010  -50.459  73.342 0.0000000000
32505  -29.637  -49.572  74.114 0.0000000000
32513  -29.952  -49.830  73.423 0.0000000000
32515  -31.284  -49.051  72.545 0.0000000000
33341  -32.177  -47.831  72.725 0.0000000000
34235  -32.459  -47.202  72.598 0.0000000000
35135  -32.580  -46.179  72.668 0.0000000000
36849  -32.594  -44.980  72.774 0.0000000000
37677  -32.446  -44.082  72.444 0.0000000000
40321  -34.309  -39.571  70.639 0.0000000000
42195  -37.434  -37.879  70.783 0.0000000000
43065  -38.305  -37.280  70.431 0.0000000000
106617  -38.811  -36.538  69.193 0.0000000000
45554  -38.634  -34.788  70.256 0.0000000000
43913  -39.731  -36.040  70.234 0.0000000000
44761  -39.468  -36.060  68.829 0.0000000000
44779  -39.951  -35.475  68.109 0.0000000000
45591  -40.137  -34.745  66.434 0.0000000000
99225  -40.608  -34.609  65.900 0.0000000000
46393  -42.016  -33.935  68.199 0.0000000000
46401  -41.863  -33.920  66.381 0.0000000000
45614  -41.053  -34.161  64.928 0.0000000000
46435  -41.072  -33.009  64.005 0.0000000000
47250  -41.352  -32.049  62.746 0.0000000000
48123  -41.770  -31.563  61.366 0.0000000000
48076  -43.825  -31.606  63.716 0.0000000000
48090  -43.069  -31.482  62.744 0.0000000000
48124  -42.600  -31.588  60.634 0.0000000000
48142  -42.981  -31.850  59.643 0.0000000000
98809  -43.177  -32.455  57.975 0.0000000000
47309  -43.664  -32.264  57.649 0.0000000000
104233  -47.214  -29.720  63.736 0.0000000000
47252  -47.930  -32.052  62.696 0.0000000000
49994  -48.540  -30.079  61.611 0.0000000000
47265  -48.684  -31.999  61.533 0.0000000000
47272  -46.927  -32.450  60.836 0.0000000000
47283  -46.102  -32.431  59.981 0.0000000000
48162  -45.192  -31.927  58.333 0.0000000000
48192  -44.562  -31.008  56.955 0.0000000000
49071  -44.724  -29.922  55.720 0.0000000000
50087  -45.318  -29.573  55.115 0.0000000000
50117  -45.481  -29.063  53.702 0.0000000000
49074  -48.077  -30.540  55.786 0.0000000000
50104  -46.657  -29.788  54.503 0.0000000000
50128  -45.830  -28.977  52.917 0.0000000000
51097  -46.064  -28.005  55.601 0.0000000000
51099  -48.480  -28.585  55.821 0.0000000000
50106  -50.672  -29.863  55.687 0.0000000000
51125  -49.837  -28.792  53.885 0.0000000000
50107  -50.944  -30.110  54.867 0.0000000000
49095  -50.448  -30.987  54.157 0.0000000000
35090  -12.500  -45.854  75.443 0.0000000000
36005  -16.589  -45.384  74.664 0.0000000000
36020  -15.768  -44.904  73.742 0.0000000000
36855  -14.512  -44.735  71.801 0.0000000000
36070  -15.590  -45.393  70.484 0.0000000000
36069  -14.635  -45.151  70.505 0.0000000000
36068  -13.734  -45.251  70.783 0.0000000000
34255  -12.956  -46.887  69.905 0.0000000000
99130  -23.228  -50.599  72.023 0.0000000000
99670  -22.438  -49.658  71.133 0.0000000000
33385  -21.920  -48.884  70.120 0.0000000000
33399  -22.485  -48.682  68.317 0.0000000000
115948  -21.776  -48.276  68.465 0.0000000000
34281  -20.562  -47.458  68.878 0.0000000000
34296  -19.887  -46.877  67.716 0.0000000000
35227  -18.488  -46.558  66.592 0.0000000000
33422  -17.208  -47.876  65.304 0.0000000000
113898  -19.746  -46.699  63.333 0.0000000000
100718  -18.190  -48.094  62.710 0.0000000000
33438  -17.802  -48.791  63.107 0.0000000000
118892  -17.578  -49.360  63.373 0.0000000000
32613  -17.419  -49.732  63.897 0.0000000000
31823  -17.271  -50.184  64.574 0.0000000000
41302  -35.447  -39.270  69.091 0.0000000000
42226  -35.857  -38.678  68.709 0.0000000000
41303  -36.127  -38.813  69.532 0.0000000000
40373  -34.929  -39.679  69.397 0.0000000000
49069  -42.533  -31.086  55.594 0.0000000000
48203  -41.920  -30.857  55.033 0.0000000000
112399  -42.993  -30.379  55.392 0.0000000000
116304  -23.331  -51.348  74.694 0.0000000000
30948  -23.002  -51.202  74.059 0.0000000000
30962  -23.619  -51.302  73.480 0.0000000000
45669  -29.674  -34.928  57.937 0.0000000000
45679  -30.358  -34.396  57.462 0.0000000000
45670  -30.534  -34.585  58.297 0.0000000000
45625  -39.535  -34.266  63.201 0.0000000000
119267  -39.441  -34.153  62.555 0.0000000000
34248  -32.549  -47.720  71.523 0.0000000000
33377  -32.307  -48.351  70.874 0.0000000000
34258  -32.406  -47.894  70.377 0.0000000000
38692  -27.055  -42.250  60.286 0.0000000000
104807  -28.954  -35.423  57.886 0.0000000000
51074  -43.772  -27.602  57.211 0.0000000000
51063  -45.079  -28.893  57.869 0.0000000000
51075  -45.232  -28.597  57.168 0.0000000000
100039  -46.166  -28.750  56.994 0.0000000000
51085  -45.442  -28.213  56.288 0.0000000000
35069  -16.823  -45.961  77.536 0.0000000000
34304  -16.914  -47.090  66.499 0.0000000000
32590  -16.805  -48.687  65.772 0.0000000000
36132  -22.486  -45.722  64.406 0.0000000000
36131  -21.843  -45.716  64.109 0.0000000000
43992  -32.891  -36.553  63.883 0.0000000000
43984  -33.364  -36.489  64.343 0.0000000000
44776  -36.929  -35.263  67.385 0.0000000000
113110  -36.302  -35.192  66.674 0.0000000000
45589  -37.672  -34.567  67.005 0.0000000000
44777  -37.933  -35.198  67.832 0.0000000000
38558  -32.626  -42.576  70.734 0.0000000000
37713  -32.793  -43.872  69.472 0.0000000000
103770  -33.010  -43.100  69.547 0.0000000000
40408  -31.681  -40.747  65.247 0.0000000000
39504  -30.822  -41.068  64.249 0.0000000000
39503  -30.347  -41.545  63.686 0.0000000000
105092  -30.498  -40.714  63.706 0.0000000000
40432  -29.798  -40.188  62.717 0.0000000000
40426  -30.925  -40.184  64.039 0.0000000000
43129  -31.710  -37.550  63.305 0.0000000000
43130  -32.395  -37.107  63.741 0.0000000000
43137  -32.007  -36.891  63.118 0.0000000000
33314  -20.010  -48.722  75.641 0.0000000000
100774  -20.922  -48.576  71.337 0.0000000000
102637  -20.251  -47.664  70.294 0.0000000000
46448  -33.965  -33.629  60.921 0.0000000000
46449  -34.799  -33.560  61.264 0.0000000000
118741  -37.300  -34.414  59.062 0.0000000000
45673  -36.848  -34.425  58.591 0.0000000000
47278  -40.354  -31.985  59.609 0.0000000000
47279  -41.309  -31.728  59.224 0.0000000000
31753  -28.858  -50.608  72.874 0.0000000000
31763  -27.628  -50.697  72.023 0.0000000000
31764  -28.684  -50.388  72.258 0.0000000000
35202  -27.567  -46.428  68.144 0.0000000000
35231  -26.425  -46.122  67.122 0.0000000000
35232  -27.284  -46.048  67.437 0.0000000000
36141  -31.506  -45.295  65.243 0.0000000000
36123  -31.087  -45.652  65.472 0.0000000000
102307  -30.522  -45.271  64.778 0.0000000000
102807  -25.830  -44.098  61.906 0.0000000000
36946  -26.098  -44.305  62.492 0.0000000000
37804  -24.387  -43.587  61.576 0.0000000000
42318  -27.520  -38.487  59.965 0.0000000000
43159  -26.735  -37.795  58.843 0.0000000000
45566  -40.938  -34.348  69.540 0.0000000000
48039  -44.298  -32.165  66.916 0.0000000000
48030  -43.688  -32.055  67.401 0.0000000000
46403  -43.397  -33.116  67.070 0.0000000000
47229  -43.940  -32.668  66.052 0.0000000000
47228  -43.172  -32.780  65.735 0.0000000000
48092  -46.491  -32.177  63.104 0.0000000000
98723  -45.249  -31.793  62.823 0.0000000000
48107  -45.901  -32.269  62.120 0.0000000000
47262  -45.330  -32.311  61.021 0.0000000000
47263  -46.460  -32.434  61.482 0.0000000000
51952  -44.244  -27.494  61.952 0.0000000000
51011  -45.192  -27.774  62.436 0.0000000000
51024  -45.966  -28.560  61.917 0.0000000000
48166  -49.797  -31.263  59.387 0.0000000000
48181  -48.141  -31.281  58.226 0.0000000000
49036  -47.642  -30.886  57.427 0.0000000000
102290  -49.366  -30.664  55.428 0.0000000000
49085  -49.408  -30.759  54.543 0.0000000000
49094  -49.209  -30.782  53.620 0.0000000000
52802  -46.083  -26.424  54.126 0.0000000000
36843  -13.752  -44.849  72.786 0.0000000000
36018  -13.252  -45.142  73.226 0.0000000000
36034  -13.210  -45.211  72.417 0.0000000000
118515  -12.821  -45.749  71.515 0.0000000000
36050  -13.285  -45.319  71.604 0.0000000000
36037  -17.180  -46.009  72.263 0.0000000000
35161  -17.063  -46.033  71.441 0.0000000000
31792  -14.670  -50.281  67.422 0.0000000000
101730  -24.301  -49.808  69.288 0.0000000000
32577  -23.998  -49.482  68.716 0.0000000000
99600  -20.254  -47.472  65.116 0.0000000000
105398  -19.503  -47.249  65.222 0.0000000000
42275  -33.912  -37.970  66.064 0.0000000000
43105  -34.601  -37.539  66.446 0.0000000000
112796  -35.742  -37.580  67.611 0.0000000000
42246  -36.535  -37.240  68.108 0.0000000000
43083  -37.270  -37.355  68.829 0.0000000000
39440  -33.455  -41.608  69.659 0.0000000000
39441  -33.870  -41.026  69.177 0.0000000000
40384  -34.175  -40.195  68.226 0.0000000000
113740  -33.625  -40.694  67.759 0.0000000000
103993  -33.239  -40.395  67.024 0.0000000000
40398  -32.681  -40.925  66.582 0.0000000000
40410  -32.757  -40.078  66.347 0.0000000000
42263  -33.644  -38.762  66.387 0.0000000000
118924  -41.272  -30.063  53.811 0.0000000000
99603  -42.960  -29.374  54.374 0.0000000000
50116  -43.326  -28.944  53.979 0.0000000000
31718  -21.650  -50.368  75.577 0.0000000000
31749  -22.064  -50.096  72.729 0.0000000000
32522  -21.746  -49.686  72.356 0.0000000000
32533  -21.372  -49.188  71.916 0.0000000000
32534  -21.923  -49.575  71.683 0.0000000000
45691  -30.912  -33.976  56.945 0.0000000000
114424  -37.042  -33.711  62.937 0.0000000000
45632  -37.436  -33.952  62.522 0.0000000000
101017  -38.140  -34.427  61.141 0.0000000000
98628  -37.545  -34.356  61.047 0.0000000000
45649  -37.963  -34.438  60.425 0.0000000000
45666  -38.339  -34.132  59.864 0.0000000000
45650  -38.622  -34.134  60.770 0.0000000000
46444  -39.569  -33.805  62.006 0.0000000000
46452  -39.477  -33.583  61.335 0.0000000000
46453  -39.857  -33.180  61.569 0.0000000000
47260  -40.369  -32.548  61.765 0.0000000000
32539  -30.955  -49.529  71.806 0.0000000000
105209  -30.402  -49.667  71.739 0.0000000000
32558  -31.104  -49.243  71.207 0.0000000000
34272  -31.660  -47.915  69.500 0.0000000000
33391  -31.111  -48.393  70.068 0.0000000000
34271  -30.701  -47.744  69.469 0.0000000000
34287  -29.081  -46.808  68.950 0.0000000000
34288  -30.218  -47.076  68.849 0.0000000000
36949  -29.101  -44.107  62.486 0.0000000000
37821  -26.634  -43.586  60.423 0.0000000000
103583  -26.039  -43.628  60.127 0.0000000000
36979  -26.352  -43.878  60.775 0.0000000000
108672  -25.234  -43.525  60.132 0.0000000000
109857  -25.026  -43.265  59.427 0.0000000000
116131  -28.462  -36.810  59.529 0.0000000000
43161  -28.056  -36.643  58.935 0.0000000000
48960  -45.030  -30.493  66.490 0.0000000000
48041  -45.360  -31.278  66.204 0.0000000000
49946  -46.360  -29.402  65.037 0.0000000000
48967  -46.164  -30.648  65.407 0.0000000000
48973  -46.715  -30.919  64.751 0.0000000000
48067  -46.803  -31.732  64.310 0.0000000000
48974  -47.178  -31.062  64.125 0.0000000000
51046  -43.733  -28.046  58.962 0.0000000000
52769  -42.943  -26.713  59.128 0.0000000000
51047  -44.482  -28.626  59.503 0.0000000000
51048  -45.319  -29.088  59.986 0.0000000000
50025  -45.099  -29.106  59.185 0.0000000000
50043  -46.604  -29.426  58.725 0.0000000000
50045  -49.529  -29.833  58.866 0.0000000000
100654  -50.097  -29.787  58.144 0.0000000000
50071  -49.732  -29.351  57.512 0.0000000000
50072  -50.133  -29.390  56.924 0.0000000000
50073  -50.594  -30.102  56.451 0.0000000000
51089  -49.729  -29.103  56.204 0.0000000000
54465  -47.631  -25.040  53.072 0.0000000000
53628  -47.793  -25.835  52.424 0.0000000000
35056  -14.627  -45.903  78.774 0.0000000000
35067  -14.262  -45.825  78.015 0.0000000000
35954  -14.802  -45.573  77.313 0.0000000000
35982  -15.493  -45.134  75.613 0.0000000000
98401  -14.879  -44.951  75.011 0.0000000000
35198  -16.839  -46.274  68.837 0.0000000000
34294  -15.863  -47.482  67.224 0.0000000000
33406  -15.296  -48.286  67.272 0.0000000000
32583  -16.168  -49.336  66.901 0.0000000000
32586  -16.961  -50.243  66.104 0.0000000000
31799  -17.195  -50.894  66.279 0.0000000000
34311  -23.971  -47.424  66.766 0.0000000000
33417  -23.301  -47.908  66.743 0.0000000000
116641  -21.829  -46.453  64.594 0.0000000000
117073  -21.522  -47.236  64.949 0.0000000000
35250  -20.870  -46.959  64.444 0.0000000000
34327  -20.944  -47.546  65.039 0.0000000000
44000  -31.229  -35.904  61.333 0.0000000000
44831  -31.312  -35.278  60.606 0.0000000000
44828  -31.898  -35.265  61.277 0.0000000000
108008  -33.046  -35.461  63.131 0.0000000000
44824  -32.936  -34.969  62.450 0.0000000000
45630  -33.548  -34.696  62.972 0.0000000000
102732  -33.444  -34.322  62.202 0.0000000000
45621  -34.330  -34.391  63.534 0.0000000000
43975  -34.543  -36.270  65.523 0.0000000000
113382  -34.837  -35.594  65.451 0.0000000000
44813  -34.897  -34.862  64.998 0.0000000000
45608  -35.441  -34.102  64.558 0.0000000000
46417  -35.987  -33.609  63.995 0.0000000000
45609  -36.251  -33.814  64.804 0.0000000000
46409  -37.123  -33.718  64.975 0.0000000000
45600  -38.737  -34.201  65.570 0.0000000000
36076  -32.638  -46.132  70.406 0.0000000000
99070  -32.607  -45.427  69.871 0.0000000000
37745  -32.774  -44.477  68.141 0.0000000000
36896  -32.685  -45.017  68.677 0.0000000000
36901  -32.622  -44.929  67.418 0.0000000000
36906  -32.382  -45.290  66.572 0.0000000000
114738  -32.496  -44.452  66.882 0.0000000000
100752  -33.198  -42.351  68.130 0.0000000000
114888  -31.605  -42.990  65.313 0.0000000000
38619  -32.084  -43.306  66.048 0.0000000000
37771  -31.388  -43.943  64.778 0.0000000000
37776  -30.344  -43.463  63.512 0.0000000000
38640  -30.685  -42.997  63.991 0.0000000000
39512  -29.380  -41.126  62.547 0.0000000000
38649  -29.242  -42.022  62.462 0.0000000000
112573  -28.930  -41.691  62.106 0.0000000000
109818  -28.193  -41.023  61.270 0.0000000000
41389  -28.875  -39.363  61.462 0.0000000000
42304  -29.062  -38.611  61.289 0.0000000000
41371  -32.066  -39.134  64.857 0.0000000000
41379  -31.105  -39.352  63.747 0.0000000000
42299  -30.616  -38.468  62.665 0.0000000000
116308  -29.475  -38.199  61.411 0.0000000000
43141  -29.724  -37.538  61.248 0.0000000000
43142  -30.430  -37.174  61.631 0.0000000000
43999  -30.680  -36.481  61.348 0.0000000000
44012  -30.221  -35.812  60.067 0.0000000000
54416  -45.952  -24.922  57.266 0.0000000000
53588  -46.115  -25.109  56.063 0.0000000000
103158  -46.923  -24.657  56.229 0.0000000000
54433  -47.529  -24.429  55.855 0.0000000000
54434  -48.284  -24.192  55.465 0.0000000000
34167  -18.526  -47.363  76.801 0.0000000000
35108  -18.439  -47.025  74.943 0.0000000000
34196  -18.822  -47.447  74.205 0.0000000000
35128  -18.278  -46.930  73.185 0.0000000000
115301  -18.653  -47.294  73.552 0.0000000000
33327  -20.345  -48.843  74.139 0.0000000000
107582  -19.573  -47.679  71.540 0.0000000000
35187  -19.132  -46.675  69.005 0.0000000000
35200  -18.431  -46.454  68.407 0.0000000000
35212  -17.766  -46.521  67.225 0.0000000000
111611  -18.472  -46.462  67.543 0.0000000000
45644  -31.732  -34.588  60.108 0.0000000000
45661  -32.220  -34.111  59.613 0.0000000000
46468  -33.721  -33.520  59.147 0.0000000000
46467  -32.921  -33.640  58.892 0.0000000000
45682  -35.748  -34.149  57.441 0.0000000000
46471  -38.642  -33.593  59.311 0.0000000000
46484  -39.006  -32.920  58.601 0.0000000000
47305  -39.855  -32.368  58.016 0.0000000000
46502  -40.281  -32.681  56.408 0.0000000000
47316  -42.282  -32.385  56.868 0.0000000000
30965  -25.957  -51.515  73.458 0.0000000000
30973  -25.208  -51.443  73.020 0.0000000000
30974  -26.146  -51.403  72.777 0.0000000000
31774  -26.258  -50.401  70.978 0.0000000000
31761  -25.739  -50.870  71.405 0.0000000000
32553  -25.827  -49.995  70.328 0.0000000000
103577  -29.361  -48.963  70.932 0.0000000000
32556  -28.381  -49.340  71.171 0.0000000000
33374  -28.086  -48.726  70.654 0.0000000000
34267  -26.567  -47.598  69.019 0.0000000000
33403  -25.902  -48.068  68.900 0.0000000000
34283  -25.476  -47.779  68.300 0.0000000000
33412  -24.771  -48.163  67.993 0.0000000000
34300  -25.145  -47.394  67.695 0.0000000000
35244  -24.863  -46.081  66.219 0.0000000000
36117  -24.463  -45.792  65.597 0.0000000000
119203  -32.405  -46.519  68.563 0.0000000000
35188  -32.217  -47.093  68.936 0.0000000000
35207  -32.243  -46.656  68.082 0.0000000000
36108  -30.343  -45.771  66.002 0.0000000000
35219  -31.222  -46.475  67.210 0.0000000000
35233  -30.423  -46.068  66.744 0.0000000000
109450  -29.596  -45.916  67.111 0.0000000000
36151  -28.927  -44.682  63.452 0.0000000000
99279  -28.073  -44.626  63.253 0.0000000000
36923  -27.607  -44.706  64.271 0.0000000000
36120  -27.676  -44.948  65.308 0.0000000000
98756  -27.797  -45.292  66.151 0.0000000000
36136  -26.793  -44.859  65.087 0.0000000000
36119  -26.127  -45.270  65.690 0.0000000000
36920  -24.669  -44.627  63.967 0.0000000000
36930  -22.920  -44.579  63.399 0.0000000000
109346  -26.138  -40.015  59.330 0.0000000000
35045  -13.935  -46.266  80.045 0.0000000000
117302  -18.226  -47.481  78.960 0.0000000000
32483  -21.425  -50.116  77.069 0.0000000000
30938  -25.627  -51.381  75.479 0.0000000000
30976  -28.286  -50.953  73.475 0.0000000000
31728  -28.635  -50.547  74.034 0.0000000000
33329  -29.939  -48.756  74.415 0.0000000000
32496  -29.235  -49.157  74.870 0.0000000000
31729  -29.278  -50.130  73.742 0.0000000000
32514  -30.628  -49.491  72.999 0.0000000000
34203  -31.485  -47.349  73.890 0.0000000000
33340  -31.697  -48.393  72.908 0.0000000000
34219  -31.863  -47.766  73.278 0.0000000000
116629  -32.580  -45.882  73.108 0.0000000000
36028  -32.602  -45.526  73.037 0.0000000000
36043  -32.572  -45.833  72.288 0.0000000000
37664  -32.508  -43.291  73.272 0.0000000000
114933  -32.371  -43.124  72.348 0.0000000000
40338  -35.127  -39.234  70.370 0.0000000000
43052  -36.520  -37.903  71.166 0.0000000000
42204  -37.076  -38.241  70.502 0.0000000000
43053  -37.335  -37.777  70.996 0.0000000000
43902  -38.223  -36.915  70.907 0.0000000000
43911  -38.559  -36.898  70.601 0.0000000000
43085  -38.548  -37.095  69.780 0.0000000000
43921  -38.931  -36.724  70.235 0.0000000000
45556  -40.093  -35.118  70.157 0.0000000000
45555  -39.568  -35.008  70.247 0.0000000000
43923  -40.152  -35.907  69.917 0.0000000000
43938  -39.966  -36.120  69.530 0.0000000000
44778  -38.942  -35.315  68.015 0.0000000000
44762  -40.292  -35.782  68.883 0.0000000000
45581  -40.529  -35.072  67.455 0.0000000000
45592  -40.834  -34.760  66.636 0.0000000000
48021  -42.257  -31.789  68.360 0.0000000000
46386  -41.749  -33.452  68.725 0.0000000000
46387  -42.428  -33.243  68.177 0.0000000000
46411  -42.522  -33.356  66.077 0.0000000000
46420  -40.745  -33.838  64.201 0.0000000000
46421  -41.413  -33.430  64.733 0.0000000000
117951  -42.520  -32.099  64.215 0.0000000000
47240  -41.758  -32.229  63.611 0.0000000000
47261  -41.055  -31.874  61.967 0.0000000000
48104  -41.991  -31.583  62.236 0.0000000000
98492  -44.528  -32.002  64.630 0.0000000000
48077  -45.154  -31.782  63.920 0.0000000000
48105  -43.968  -31.594  62.009 0.0000000000
99937  -42.779  -31.514  61.667 0.0000000000
48125  -43.632  -31.862  60.318 0.0000000000
47282  -44.748  -32.427  59.424 0.0000000000
47281  -43.895  -32.231  59.516 0.0000000000
112804  -44.113  -32.427  58.905 0.0000000000
49978  -47.581  -29.785  63.038 0.0000000000
51013  -46.893  -28.775  63.311 0.0000000000
48980  -47.545  -30.764  63.522 0.0000000000
48988  -48.089  -30.756  62.845 0.0000000000
50011  -47.745  -29.620  60.853 0.0000000000
48127  -49.133  -31.690  60.826 0.0000000000
48109  -49.135  -31.360  61.564 0.0000000000
47273  -48.084  -32.253  60.949 0.0000000000
47284  -47.280  -32.234  60.188 0.0000000000
48179  -45.797  -31.306  57.885 0.0000000000
48178  -44.896  -31.501  57.642 0.0000000000
108520  -44.186  -30.533  56.209 0.0000000000
49053  -45.086  -30.404  56.435 0.0000000000
49072  -45.706  -29.997  55.818 0.0000000000
50102  -44.870  -29.160  54.395 0.0000000000
50103  -45.860  -29.456  54.433 0.0000000000
111426  -48.458  -30.729  56.788 0.0000000000
50105  -47.384  -30.044  54.210 0.0000000000
50118  -46.483  -29.481  53.699 0.0000000000
52018  -44.812  -27.037  55.452 0.0000000000
107418  -45.256  -27.625  55.621 0.0000000000
52027  -45.581  -27.277  54.999 0.0000000000
51109  -48.320  -28.326  54.862 0.0000000000
51108  -47.537  -28.178  55.115 0.0000000000
100112  -49.439  -28.804  55.400 0.0000000000
115995  -50.222  -29.353  55.766 0.0000000000
51110  -50.303  -29.281  54.998 0.0000000000
52041  -49.005  -28.020  53.027 0.0000000000
50120  -51.237  -30.108  54.062 0.0000000000
35961  -13.549  -45.742  76.644 0.0000000000
35091  -12.884  -45.889  76.280 0.0000000000
117875  -13.100  -45.662  75.686 0.0000000000
36002  -12.591  -45.637  74.541 0.0000000000
35158  -11.790  -47.043  71.665 0.0000000000
34254  -12.567  -47.574  70.514 0.0000000000
106599  -12.285  -47.046  71.065 0.0000000000
33371  -12.704  -48.435  70.336 0.0000000000
105273  -12.978  -48.926  69.851 0.0000000000
119418  -17.863  -46.494  75.274 0.0000000000
35984  -17.227  -45.828  75.131 0.0000000000
36036  -16.578  -45.511  72.577 0.0000000000
36035  -15.879  -45.021  72.864 0.0000000000
36845  -15.233  -44.764  72.289 0.0000000000
98946  -16.006  -46.052  68.993 0.0000000000
36085  -15.828  -45.721  69.735 0.0000000000
36083  -14.031  -45.549  69.869 0.0000000000
35182  -13.558  -46.271  69.435 0.0000000000
35174  -13.257  -45.984  70.242 0.0000000000
34264  -13.290  -47.094  69.128 0.0000000000
31005  -16.792  -51.577  67.265 0.0000000000
31751  -24.047  -50.948  72.120 0.0000000000
31759  -23.896  -50.568  71.312 0.0000000000
32552  -23.010  -49.724  70.392 0.0000000000
32551  -22.354  -49.349  70.448 0.0000000000
98950  -22.022  -48.618  69.185 0.0000000000
33416  -22.673  -48.182  66.828 0.0000000000
33409  -22.608  -48.475  67.475 0.0000000000
33408  -22.051  -48.212  66.873 0.0000000000
34307  -20.712  -47.500  66.546 0.0000000000
106759  -21.161  -47.716  68.121 0.0000000000
34282  -21.296  -47.964  69.045 0.0000000000
116277  -20.415  -47.251  68.161 0.0000000000
35228  -19.328  -46.719  66.455 0.0000000000
35239  -18.146  -46.819  65.749 0.0000000000
34344  -18.237  -47.564  62.106 0.0000000000
34345  -18.691  -47.349  62.703 0.0000000000
33448  -17.861  -48.114  61.752 0.0000000000
32633  -17.573  -49.498  61.828 0.0000000000
33447  -17.716  -48.762  62.262 0.0000000000
32624  -17.592  -49.408  62.700 0.0000000000
31833  -17.436  -50.495  63.784 0.0000000000
32602  -17.271  -49.446  64.524 0.0000000000
42244  -34.750  -38.722  67.511 0.0000000000
99436  -35.036  -37.941  67.176 0.0000000000
42245  -35.477  -38.351  67.915 0.0000000000
40337  -34.489  -39.918  70.110 0.0000000000
40355  -34.425  -40.163  69.582 0.0000000000
41322  -33.819  -39.901  67.464 0.0000000000
41323  -34.474  -39.473  67.866 0.0000000000
48202  -41.295  -31.096  54.691 0.0000000000
117379  -41.679  -30.285  54.390 0.0000000000
50114  -41.707  -29.569  53.645 0.0000000000
50100  -42.356  -29.721  54.385 0.0000000000
118545  -22.430  -50.835  74.282 0.0000000000
31737  -22.480  -50.742  73.658 0.0000000000
102440  -22.627  -50.585  72.832 0.0000000000
45623  -38.252  -33.986  63.841 0.0000000000
98627  -38.276  -34.186  62.820 0.0000000000
45633  -38.585  -34.363  62.211 0.0000000000
45634  -39.082  -34.283  62.072 0.0000000000
33362  -32.013  -48.720  71.440 0.0000000000
33376  -31.849  -48.796  70.843 0.0000000000
33392  -31.839  -48.435  70.154 0.0000000000
38663  -28.162  -42.655  61.290 0.0000000000
37823  -27.824  -43.326  61.062 0.0000000000
37842  -26.911  -42.995  60.208 0.0000000000
37841  -26.271  -43.208  59.806 0.0000000000
37862  -25.179  -43.036  58.981 0.0000000000
38716  -25.217  -42.398  58.806 0.0000000000
44011  -29.637  -35.852  59.520 0.0000000000
44849  -28.362  -35.560  57.360 0.0000000000
51062  -44.490  -28.679  58.487 0.0000000000
50057  -46.040  -29.099  57.792 0.0000000000
50058  -47.315  -29.277  57.966 0.0000000000
114864  -49.411  -29.441  58.080 0.0000000000
51076  -47.165  -28.882  57.115 0.0000000000
51087  -47.860  -28.678  56.549 0.0000000000
35057  -15.686  -45.949  79.061 0.0000000000
35955  -15.894  -45.582  77.283 0.0000000000
35964  -16.103  -45.364  76.303 0.0000000000
34295  -16.491  -47.049  66.996 0.0000000000
113731  -16.372  -47.707  66.713 0.0000000000
31811  -17.203  -50.566  65.416 0.0000000000
35242  -22.982  -46.791  65.481 0.0000000000
44791  -35.698  -35.554  66.373 0.0000000000
44803  -36.012  -34.745  66.095 0.0000000000
45598  -36.568  -34.102  65.640 0.0000000000
36859  -32.386  -44.491  71.282 0.0000000000
36874  -32.556  -44.592  70.125 0.0000000000
37729  -32.838  -44.094  68.789 0.0000000000
39478  -32.659  -41.654  66.834 0.0000000000
38608  -32.447  -42.520  66.674 0.0000000000
39492  -32.190  -41.638  66.128 0.0000000000
38618  -31.684  -42.015  65.458 0.0000000000
38631  -30.792  -42.124  64.298 0.0000000000
38639  -30.290  -42.528  63.585 0.0000000000
40431  -29.320  -40.348  62.222 0.0000000000
41385  -30.203  -39.359  62.709 0.0000000000
42284  -32.339  -38.355  64.627 0.0000000000
42292  -31.297  -38.443  63.402 0.0000000000
42293  -31.981  -37.947  63.971 0.0000000000
43995  -31.934  -36.419  62.581 0.0000000000
33300  -19.134  -48.022  77.089 0.0000000000
33313  -19.374  -48.015  75.995 0.0000000000
34197  -19.403  -47.985  74.334 0.0000000000
33350  -20.732  -48.976  72.918 0.0000000000
33349  -20.125  -48.473  72.777 0.0000000000
33360  -20.214  -48.220  71.896 0.0000000000
34257  -19.604  -47.419  70.599 0.0000000000
45646  -33.148  -33.901  60.617 0.0000000000
46455  -33.858  -33.578  60.041 0.0000000000
45663  -36.184  -34.161  59.173 0.0000000000
47293  -39.701  -32.391  59.088 0.0000000000
107220  -40.806  -32.203  57.838 0.0000000000
30975  -27.623  -51.240  73.190 0.0000000000
111231  -27.051  -51.205  72.553 0.0000000000
31775  -27.104  -50.204  71.311 0.0000000000
34269  -28.387  -47.378  69.531 0.0000000000
33388  -27.656  -48.045  70.007 0.0000000000
34285  -27.004  -46.990  68.669 0.0000000000
34301  -25.785  -47.139  68.011 0.0000000000
35230  -25.613  -46.169  66.735 0.0000000000
36104  -25.616  -45.677  66.160 0.0000000000
35235  -31.857  -46.322  66.706 0.0000000000
35245  -31.684  -46.017  66.074 0.0000000000
100329  -27.043  -44.440  62.493 0.0000000000
117019  -27.571  -44.531  62.855 0.0000000000
36933  -26.333  -44.481  63.313 0.0000000000
36921  -25.612  -44.625  64.117 0.0000000000
36932  -25.426  -44.378  63.270 0.0000000000
117839  -26.981  -38.982  59.792 0.0000000000
98487  -26.988  -50.643  75.624 0.0000000000
33319  -30.142  -47.986  74.684 0.0000000000
33330  -30.766  -48.246  74.031 0.0000000000
34202  -30.614  -47.259  74.551 0.0000000000
37678  -32.604  -44.099  73.535 0.0000000000
43900  -36.729  -36.644  71.300 0.0000000000
44718  -36.895  -35.786  70.968 0.0000000000
44732  -37.971  -35.585  70.617 0.0000000000
46371  -40.028  -34.293  69.897 0.0000000000
45565  -40.559  -34.903  69.857 0.0000000000
44763  -40.893  -35.443  68.990 0.0000000000
45571  -41.072  -34.973  69.379 0.0000000000
115056  -41.309  -34.963  68.783 0.0000000000
45582  -41.554  -34.597  68.154 0.0000000000
48953  -43.452  -30.966  67.682 0.0000000000
48029  -42.923  -31.859  67.837 0.0000000000
46395  -43.175  -32.855  67.643 0.0000000000
46394  -42.626  -33.494  67.569 0.0000000000
46422  -42.209  -32.987  65.291 0.0000000000
47235  -42.861  -32.408  64.922 0.0000000000
48064  -43.393  -31.923  64.411 0.0000000000
101168  -46.333  -32.122  64.427 0.0000000000
48126  -44.290  -31.893  61.035 0.0000000000
47271  -45.318  -32.470  60.115 0.0000000000
51012  -46.203  -28.117  62.847 0.0000000000
50013  -49.731  -30.546  60.191 0.0000000000
48145  -49.838  -31.216  60.110 0.0000000000
48144  -49.032  -31.650  59.916 0.0000000000
48143  -47.834  -31.874  59.612 0.0000000000
48164  -47.324  -31.600  58.820 0.0000000000
49035  -46.469  -30.782  57.325 0.0000000000
49073  -46.760  -30.239  55.803 0.0000000000
49057  -50.273  -30.399  56.768 0.0000000000
114096  -45.699  -26.684  54.600 0.0000000000
52028  -46.193  -27.155  54.369 0.0000000000
52029  -47.209  -27.671  54.329 0.0000000000
52030  -48.162  -27.958  54.016 0.0000000000
50131  -51.329  -29.841  53.170 0.0000000000
51126  -50.654  -29.298  53.483 0.0000000000
35078  -12.319  -46.292  76.875 0.0000000000
115632  -14.168  -45.194  75.257 0.0000000000
35980  -13.383  -45.396  75.069 0.0000000000
36003  -13.344  -45.180  74.108 0.0000000000
36033  -12.608  -45.609  72.784 0.0000000000
35143  -12.092  -46.179  72.257 0.0000000000
35173  -12.687  -46.589  70.677 0.0000000000
35127  -17.758  -46.439  73.555 0.0000000000
36006  -17.115  -45.746  74.036 0.0000000000
36022  -17.167  -45.926  73.079 0.0000000000
35210  -14.841  -46.882  67.934 0.0000000000
35184  -15.263  -45.848  69.142 0.0000000000
35196  -14.315  -46.679  68.356 0.0000000000
34279  -13.708  -47.268  68.454 0.0000000000
31791  -14.008  -49.821  67.689 0.0000000000
31003  -14.811  -51.122  67.441 0.0000000000
119377  -16.015  -52.085  67.297 0.0000000000
32569  -23.614  -49.734  69.533 0.0000000000
34308  -21.503  -47.853  66.289 0.0000000000
34306  -19.959  -46.975  66.875 0.0000000000
34316  -18.718  -47.194  65.035 0.0000000000
99540  -17.642  -50.961  62.076 0.0000000000
43121  -33.370  -37.189  64.870 0.0000000000
43114  -34.117  -37.131  65.626 0.0000000000
43963  -34.861  -36.743  66.185 0.0000000000
43964  -35.501  -36.372  66.623 0.0000000000
43949  -36.681  -36.312  67.732 0.0000000000
39427  -33.056  -41.773  70.359 0.0000000000
38569  -33.275  -42.465  69.312 0.0000000000
99259  -33.506  -41.864  69.102 0.0000000000
39465  -33.426  -41.493  67.973 0.0000000000
40371  -33.848  -40.913  68.476 0.0000000000
40409  -32.197  -40.637  65.826 0.0000000000
40420  -31.891  -39.964  65.205 0.0000000000
41358  -32.387  -39.380  65.403 0.0000000000
42273  -32.649  -38.732  65.275 0.0000000000
42285  -32.956  -37.976  65.078 0.0000000000
50127  -42.158  -28.904  53.031 0.0000000000
32493  -20.640  -49.433  75.775 0.0000000000
106790  -20.918  -49.602  74.978 0.0000000000
32502  -20.876  -49.426  74.162 0.0000000000
32511  -21.064  -49.393  73.341 0.0000000000
32512  -21.492  -49.904  73.775 0.0000000000
32521  -21.204  -49.312  72.658 0.0000000000
115700  -21.344  -48.618  70.572 0.0000000000
46442  -35.661  -33.560  62.339 0.0000000000
46450  -35.476  -33.584  61.630 0.0000000000
46451  -36.236  -33.727  61.646 0.0000000000
45648  -36.724  -34.124  60.915 0.0000000000
45674  -37.563  -34.280  58.689 0.0000000000
45675  -38.104  -34.027  59.019 0.0000000000
45651  -39.190  -33.661  60.802 0.0000000000
118321  -39.326  -33.269  60.279 0.0000000000
47268  -40.226  -32.255  60.490 0.0000000000
47269  -40.806  -31.884  61.089 0.0000000000
32538  -29.633  -50.040  72.041 0.0000000000
118096  -29.754  -49.603  71.512 0.0000000000
33390  -30.035  -48.222  70.178 0.0000000000
35203  -28.637  -46.311  68.175 0.0000000000
36935  -30.083  -44.521  63.617 0.0000000000
36153  -30.335  -44.927  64.221 0.0000000000
36934  -29.406  -44.427  63.148 0.0000000000
36948  -28.651  -44.445  62.736 0.0000000000
37806  -27.724  -43.905  61.282 0.0000000000
99955  -27.479  -44.237  61.719 0.0000000000
36964  -25.860  -43.975  61.221 0.0000000000
37805  -25.153  -43.690  61.001 0.0000000000
100988  -24.363  -43.410  60.720 0.0000000000
37839  -24.367  -43.252  59.830 0.0000000000
37860  -23.294  -42.704  58.817 0.0000000000
43154  -27.356  -37.814  59.409 0.0000000000
43160  -27.331  -37.162  58.752 0.0000000000
43165  -27.027  -36.811  57.999 0.0000000000
44019  -26.758  -36.629  57.230 0.0000000000
44020  -27.571  -36.187  57.510 0.0000000000
48031  -44.144  -31.235  67.169 0.0000000000
47223  -44.709  -32.244  66.405 0.0000000000
47230  -44.790  -32.438  65.954 0.0000000000
48051  -45.307  -32.039  66.104 0.0000000000
48065  -45.591  -32.158  65.552 0.0000000000
48078  -46.851  -32.060  63.849 0.0000000000
48093  -47.336  -32.072  63.262 0.0000000000
51035  -45.645  -28.862  60.948 0.0000000000
50010  -46.388  -29.328  60.383 0.0000000000
50027  -47.126  -29.551  59.726 0.0000000000
102216  -48.268  -29.813  60.048 0.0000000000
50028  -49.255  -30.057  59.799 0.0000000000
115638  -50.206  -30.705  59.265 0.0000000000
49022  -50.138  -30.714  58.877 0.0000000000
110789  -48.925  -30.975  57.653 0.0000000000
49037  -49.935  -30.632  57.974 0.0000000000
109999  -50.277  -30.351  57.430 0.0000000000
50060  -50.353  -29.772  57.466 0.0000000000
119114  -50.666  -30.009  56.074 0.0000000000
53609  -46.918  -25.369  53.646 0.0000000000
52039  -46.999  -26.625  53.259 0.0000000000
52815  -47.613  -26.766  52.764 0.0000000000
52046  -48.421  -27.254  52.485 0.0000000000
35066  -13.377  -46.093  77.889 0.0000000000
35055  -13.738  -46.082  78.617 0.0000000000
35953  -13.870  -45.765  77.278 0.0000000000
36019  -14.147  -44.774  73.532 0.0000000000
36844  -14.431  -44.686  72.618 0.0000000000
35175  -17.258  -46.214  70.620 0.0000000000
116583  -16.763  -45.890  70.930 0.0000000000
99250  -16.664  -46.017  69.696 0.0000000000
34293  -15.038  -47.474  67.562 0.0000000000
102169  -15.873  -49.796  67.154 0.0000000000
31798  -16.793  -50.518  66.677 0.0000000000
33411  -24.065  -48.462  67.674 0.0000000000
33400  -23.675  -48.956  68.090 0.0000000000
34319  -22.533  -47.499  65.786 0.0000000000
34326  -20.321  -47.354  64.627 0.0000000000
44840  -30.408  -35.352  59.595 0.0000000000
45660  -30.801  -34.774  59.099 0.0000000000
44841  -31.065  -34.951  59.847 0.0000000000
44829  -32.567  -34.568  61.166 0.0000000000
102954  -32.421  -35.155  61.877 0.0000000000
45637  -33.316  -34.088  61.430 0.0000000000
46429  -34.961  -33.689  62.962 0.0000000000
44811  -33.794  -35.815  64.337 0.0000000000
44812  -34.281  -35.067  64.303 0.0000000000
46430  -35.821  -33.557  63.178 0.0000000000
46431  -36.614  -33.600  63.363 0.0000000000
46419  -37.537  -33.730  64.242 0.0000000000
35167  -32.664  -46.761  70.919 0.0000000000
34259  -32.601  -47.366  70.566 0.0000000000
35189  -32.486  -46.648  69.262 0.0000000000
36094  -32.592  -45.932  68.731 0.0000000000
102479  -32.626  -45.457  69.209 0.0000000000
36093  -32.482  -46.149  67.986 0.0000000000
36110  -32.235  -46.002  66.673 0.0000000000
99472  -32.968  -43.365  68.300 0.0000000000
37756  -32.461  -43.600  66.790 0.0000000000
37762  -32.185  -44.381  66.087 0.0000000000
36913  -31.725  -44.630  65.305 0.0000000000
36925  -31.264  -44.746  64.683 0.0000000000
109747  -30.403  -44.148  63.616 0.0000000000
37789  -29.344  -43.427  62.458 0.0000000000
107641  -29.410  -42.648  62.573 0.0000000000
38664  -28.862  -42.700  61.966 0.0000000000
39529  -27.426  -41.839  60.579 0.0000000000
110807  -26.984  -41.363  60.176 0.0000000000
40447  -27.355  -40.282  60.381 0.0000000000
40440  -28.473  -40.211  61.382 0.0000000000
41391  -27.433  -39.311  60.245 0.0000000000
42308  -27.938  -38.867  60.501 0.0000000000
101825  -28.228  -38.209  60.391 0.0000000000
42298  -29.981  -38.849  62.263 0.0000000000
116031  -28.538  -37.374  60.124 0.0000000000
43156  -29.080  -36.598  59.898 0.0000000000
43146  -30.085  -36.765  60.987 0.0000000000
44002  -29.823  -36.355  60.303 0.0000000000
52007  -44.011  -27.212  56.501 0.0000000000
52786  -44.081  -26.411  56.609 0.0000000000
52793  -44.731  -26.278  55.844 0.0000000000
53587  -45.271  -25.517  56.371 0.0000000000
53597  -46.002  -25.471  55.085 0.0000000000
53608  -46.319  -25.577  54.306 0.0000000000
54418  -47.591  -24.359  57.013 0.0000000000
118799  -46.905  -24.971  54.343 0.0000000000
54446  -47.450  -24.713  53.969 0.0000000000
99090  -48.086  -24.447  53.731 0.0000000000
55334  -48.828  -24.006  54.066 0.0000000000
54466  -48.611  -24.371  53.191 0.0000000000
114197  -17.260  -46.105  76.813 0.0000000000
35080  -17.889  -46.704  76.794 0.0000000000
105547  -18.783  -47.433  75.851 0.0000000000
35162  -17.763  -46.511  71.880 0.0000000000
33326  -19.926  -48.549  74.595 0.0000000000
34232  -19.417  -47.895  72.895 0.0000000000
34214  -18.775  -47.400  72.954 0.0000000000
35163  -17.981  -46.643  71.181 0.0000000000
35199  -17.653  -46.363  68.642 0.0000000000
35186  -18.324  -46.490  69.352 0.0000000000
36148  -21.497  -45.315  63.549 0.0000000000
45671  -31.340  -34.248  58.570 0.0000000000
46478  -31.876  -33.788  58.016 0.0000000000
117103  -32.562  -33.838  59.265 0.0000000000
46489  -32.402  -33.600  57.438 0.0000000000
46497  -32.230  -33.559  56.658 0.0000000000
46469  -34.622  -33.579  59.465 0.0000000000
46481  -34.464  -33.579  58.563 0.0000000000
46482  -35.338  -33.812  58.882 0.0000000000
113499  -40.972  -32.543  56.583 0.0000000000
47323  -41.525  -32.180  55.725 0.0000000000
47324  -42.279  -32.026  56.071 0.0000000000
30963  -24.468  -51.482  73.678 0.0000000000
30981  -24.757  -51.209  72.314 0.0000000000
31760  -24.797  -50.886  71.518 0.0000000000
30983  -26.233  -51.196  72.099 0.0000000000
99077  -25.130  -50.642  70.863 0.0000000000
31786  -25.067  -50.291  70.171 0.0000000000
32570  -24.767  -49.908  69.568 0.0000000000
32578  -24.816  -49.399  69.005 0.0000000000
32555  -27.514  -49.456  70.951 0.0000000000
32572  -26.153  -49.247  69.956 0.0000000000
33386  -25.638  -48.882  69.284 0.0000000000
34299  -24.413  -47.722  67.386 0.0000000000
35229  -24.171  -46.690  66.288 0.0000000000
35252  -23.310  -46.166  65.193 0.0000000000
36133  -23.235  -45.688  64.705 0.0000000000
34274  -32.444  -47.318  69.806 0.0000000000
113349  -31.969  -47.481  68.996 0.0000000000
35206  -31.956  -46.671  67.542 0.0000000000
110716  -31.581  -46.827  67.945 0.0000000000
35205  -30.771  -46.708  68.091 0.0000000000
106471  -29.383  -46.139  67.711 0.0000000000
36098  -28.066  -45.639  66.944 0.0000000000
36139  -29.875  -45.110  64.483 0.0000000000
100609  -29.253  -45.114  65.021 0.0000000000
36137  -28.453  -44.739  63.954 0.0000000000
36138  -28.446  -44.864  64.729 0.0000000000
115031  -28.540  -45.414  66.269 0.0000000000
36106  -27.128  -45.616  66.697 0.0000000000
36134  -24.808  -45.164  64.840 0.0000000000
101600  -23.910  -45.117  64.434 0.0000000000
36150  -23.106  -45.121  64.099 0.0000000000
104149  -26.187  -37.802  58.238 0.0000000000
41266  -35.756  -38.950  70.271 0.0000000000
41281  -36.338  -38.708  70.171 0.0000000000
114863  -36.335  -38.337  70.852 0.0000000000
43899  -36.152  -37.134  71.524 0.0000000000
112294  -15.531  -45.974  79.856 0.0000000000
35058  -16.713  -46.279  79.034 0.0000000000
35070  -17.119  -46.400  78.293 0.0000000000
117322  -17.667  -46.884  78.192 0.0000000000
34153  -18.112  -47.350  78.380 0.0000000000
34154  -18.577  -47.661  77.777 0.0000000000
33288  -19.588  -48.596  77.634 0.0000000000
32470  -20.217  -49.170  77.303 0.0000000000
110906  -20.618  -49.492  76.643 0.0000000000
31703  -21.157  -49.939  76.333 0.0000000000
30935  -23.249  -51.295  75.349 0.0000000000
30949  -23.903  -51.530  75.001 0.0000000000
30937  -24.649  -51.490  75.443 0.0000000000
30950  -24.610  -51.566  74.512 0.0000000000
100434  -26.175  -51.515  74.108 0.0000000000
30953  -27.091  -51.076  74.950 0.0000000000
30966  -27.028  -51.343  74.258 0.0000000000
31754  -29.526  -50.270  72.834 0.0000000000
31741  -30.124  -49.973  72.811 0.0000000000
32524  -30.769  -49.579  72.332 0.0000000000
33339  -31.046  -48.783  73.257 0.0000000000
33351  -31.968  -48.541  72.162 0.0000000000
116991  -32.243  -48.339  71.726 0.0000000000
33352  -32.410  -47.889  72.004 0.0000000000
34236  -32.603  -47.280  71.962 0.0000000000
35115  -32.289  -46.055  73.761 0.0000000000
35134  -32.516  -46.369  73.086 0.0000000000
35151  -32.560  -46.750  72.445 0.0000000000
35152  -32.619  -46.635  71.861 0.0000000000
36860  -32.506  -45.335  71.793 0.0000000000
116664  -32.476  -44.789  72.118 0.0000000000
37688  -32.359  -43.401  71.450 0.0000000000
39397  -32.477  -41.335  72.780 0.0000000000
39414  -32.483  -41.595  71.804 0.0000000000
39426  -32.654  -41.868  71.040 0.0000000000
39415  -32.995  -41.025  70.886 0.0000000000
42214  -36.872  -38.467  69.920 0.0000000000
42215  -37.429  -38.113  70.179 0.0000000000
43054  -37.955  -37.455  70.823 0.0000000000
42205  -37.699  -37.782  70.533 0.0000000000
43075  -37.859  -37.757  69.972 0.0000000000
43084  -37.815  -37.415  69.447 0.0000000000
43936  -37.942  -36.747  68.921 0.0000000000
45553  -37.464  -34.410  70.286 0.0000000000
103579  -39.097  -35.687  70.456 0.0000000000
110803  -39.323  -36.115  70.386 0.0000000000
43922  -39.593  -36.302  70.088 0.0000000000
43937  -39.304  -36.522  69.681 0.0000000000
44760  -38.417  -35.961  68.522 0.0000000000
45580  -39.435  -34.812  67.217 0.0000000000
44780  -40.602  -35.396  68.350 0.0000000000
103308  -39.371  -34.518  66.214 0.0000000000
45601  -39.830  -34.536  65.252 0.0000000000
45613  -40.362  -34.355  64.513 0.0000000000
46380  -41.192  -33.593  69.290 0.0000000000
45583  -41.896  -34.126  67.326 0.0000000000
100019  -41.340  -34.475  66.595 0.0000000000
45602  -41.197  -34.373  65.777 0.0000000000
119353  -40.621  -34.471  65.232 0.0000000000
45626  -40.171  -34.150  63.667 0.0000000000
46434  -40.498  -33.533  63.463 0.0000000000
111384  -40.362  -33.230  62.853 0.0000000000
47239  -40.868  -32.748  63.213 0.0000000000
47249  -40.628  -32.594  62.475 0.0000000000
112754  -41.613  -31.584  60.614 0.0000000000
48141  -41.980  -31.624  59.854 0.0000000000
47280  -42.333  -31.857  58.972 0.0000000000
47296  -42.618  -32.261  58.279 0.0000000000
98444  -43.326  -32.269  58.757 0.0000000000
98883  -42.965  -32.336  57.299 0.0000000000
47317  -43.405  -31.975  56.954 0.0000000000
116396  -47.273  -30.422  63.929 0.0000000000
48080  -47.816  -31.599  63.161 0.0000000000
49993  -47.705  -29.531  61.763 0.0000000000
49002  -49.131  -30.717  61.425 0.0000000000
48995  -48.737  -30.856  62.173 0.0000000000
48108  -48.597  -31.779  62.179 0.0000000000
47264  -47.722  -32.286  61.780 0.0000000000
47299  -45.504  -32.244  59.141 0.0000000000
47300  -46.639  -32.015  59.402 0.0000000000
47310  -44.398  -32.165  57.970 0.0000000000
48177  -44.125  -31.765  57.305 0.0000000000
48191  -43.771  -31.281  56.621 0.0000000000
49070  -43.359  -30.785  55.948 0.0000000000
50085  -43.739  -29.982  55.452 0.0000000000
50086  -44.416  -29.472  55.025 0.0000000000
114885  -44.252  -29.199  54.570 0.0000000000
51107  -44.089  -28.902  54.160 0.0000000000
51122  -44.630  -28.780  53.624 0.0000000000
49083  -47.227  -30.191  55.017 0.0000000000
51098  -47.169  -28.320  55.704 0.0000000000
49077  -50.621  -30.169  55.593 0.0000000000
100820  -47.395  -27.307  53.496 0.0000000000
51111  -50.772  -29.583  54.369 0.0000000000
49087  -50.828  -30.467  54.584 0.0000000000
33359  -12.116  -48.427  71.263 0.0000000000
34244  -12.134  -47.743  71.145 0.0000000000
35965  -16.912  -45.662  76.091 0.0000000000
35983  -16.360  -45.326  75.413 0.0000000000
111244  -16.373  -45.226  74.098 0.0000000000
36831  -15.096  -44.676  73.206 0.0000000000
36053  -16.283  -45.512  71.214 0.0000000000
36084  -14.933  -45.515  69.735 0.0000000000
36052  -15.274  -44.958  71.323 0.0000000000
36051  -14.391  -44.867  71.132 0.0000000000
109284  -13.907  -44.890  71.454 0.0000000000
33383  -13.257  -48.592  68.940 0.0000000000
31793  -15.676  -50.469  67.249 0.0000000000
31750  -23.410  -51.034  72.756 0.0000000000
31770  -23.123  -50.156  71.208 0.0000000000
115774  -23.074  -48.827  67.944 0.0000000000
33398  -21.914  -48.269  67.699 0.0000000000
34266  -20.711  -47.747  69.700 0.0000000000
34265  -19.866  -46.963  68.588 0.0000000000
35213  -19.235  -46.584  67.191 0.0000000000
34305  -17.406  -47.178  65.841 0.0000000000
35265  -19.944  -46.018  62.993 0.0000000000
35264  -19.198  -46.560  62.632 0.0000000000
34334  -19.247  -47.197  63.311 0.0000000000
118560  -19.197  -47.469  63.823 0.0000000000
34333  -18.677  -47.720  63.366 0.0000000000
33430  -18.087  -48.245  63.638 0.0000000000
34323  -17.670  -48.094  64.485 0.0000000000
33429  -17.600  -48.909  63.982 0.0000000000
99189  -17.183  -48.722  64.869 0.0000000000
31736  -22.009  -50.286  73.353 0.0000000000
31740  -29.578  -50.179  73.211 0.0000000000
32540  -31.506  -49.133  71.421 0.0000000000
33384  -21.353  -48.308  69.850 0.0000000000
33393  -32.154  -48.326  70.375 0.0000000000
35217  -28.775  -45.907  67.408 0.0000000000
35243  -23.783  -46.374  65.674 0.0000000000
36099  -32.482  -45.739  67.322 0.0000000000
36124  -31.795  -45.781  65.790 0.0000000000
36924  -30.723  -44.602  64.142 0.0000000000
37777  -30.855  -43.820  64.090 0.0000000000
37807  -28.318  -43.490  61.531 0.0000000000
39530  -27.897  -41.837  61.031 0.0000000000
42194  -36.941  -38.167  70.849 0.0000000000
42228  -37.267  -37.957  69.511 0.0000000000
42305  -29.516  -38.787  61.750 0.0000000000
43912  -39.142  -36.426  70.367 0.0000000000
43939  -40.414  -35.746  69.443 0.0000000000
44719  -37.777  -36.551  70.994 0.0000000000
44733  -39.724  -35.649  70.274 0.0000000000
44734  -40.187  -35.554  70.073 0.0000000000
47297  -43.901  -32.415  58.295 0.0000000000
48089  -42.146  -31.670  62.985 0.0000000000
49010  -50.033  -30.870  60.021 0.0000000000
49039  -50.543  -30.095  57.199 0.0000000000
50029  -50.037  -30.540  59.530 0.0000000000
52008  -44.638  -27.525  56.007 0.0000000000
104469  -30.604  -48.885  70.686 0.0000000000
106138  -44.365  -28.360  57.530 0.0000000000
107155  -31.309  -42.313  64.894 0.0000000000
110537  -32.573  -47.854  70.990 0.0000000000
112403  -29.749  -45.768  66.487 0.0000000000
113843  -48.853  -28.206  53.734 0.0000000000
115472  -48.295  -31.476  62.642 0.0000000000
115627  -26.262  -40.656  59.485 0.0000000000
115865  -17.461  -49.971  63.179 0.0000000000
116247  -32.130  -45.785  66.159 0.0000000000
116935  -45.374  -32.422  59.642 0.0000000000
117489  -41.010  -34.610  66.197 0.0000000000
118761  -22.609  -48.972  68.926 0.0000000000
