#!ascii label  , from subject sub-v2s10x29001_ses-1 vox2ras=TkReg
402
63014  -25.116  -26.423  4.403 0.0000000000
65322  -24.642  -25.605  1.573 0.0000000000
77643  -23.714  -13.031  -1.784 0.0000000000
74219  -27.453  -16.516  -0.130 0.0000000000
68745  -28.041  -21.830  -3.117 0.0000000000
65327  -31.127  -24.634  0.722 0.0000000000
78734  -21.682  -12.637  -3.340 0.0000000000
72114  -27.759  -19.034  -1.532 0.0000000000
69857  -26.482  -21.230  1.176 0.0000000000
63049  -25.612  -27.008  2.114 0.0000000000
150907  -27.782  -26.176  -0.280 0.0000000000
129116  -27.861  -24.775  2.604 0.0000000000
59629  -21.503  -29.608  6.507 0.0000000000
61861  -23.520  -27.550  3.468 0.0000000000
83185  -19.427  -8.802  -3.254 0.0000000000
82135  -22.229  -10.079  -4.333 0.0000000000
81023  -23.916  -10.398  -4.398 0.0000000000
80997  -26.368  -9.994  -2.090 0.0000000000
79828  -28.263  -11.569  -0.912 0.0000000000
138631  -26.450  -14.990  -0.241 0.0000000000
76536  -28.770  -14.833  -2.848 0.0000000000
74253  -28.029  -17.046  -4.070 0.0000000000
69936  -27.947  -20.539  -5.855 0.0000000000
69906  -30.500  -20.995  -3.000 0.0000000000
66432  -27.262  -24.161  -0.593 0.0000000000
66447  -29.723  -23.840  -2.111 0.0000000000
69867  -26.068  -19.864  1.089 0.0000000000
68698  -25.016  -21.027  1.362 0.0000000000
141203  -25.074  -26.856  3.129 0.0000000000
64252  -26.390  -26.573  2.004 0.0000000000
64230  -26.257  -25.662  3.599 0.0000000000
146325  -21.268  -31.222  10.705 0.0000000000
58364  -20.976  -30.516  9.298 0.0000000000
58382  -21.248  -29.977  8.845 0.0000000000
61875  -23.449  -27.201  3.027 0.0000000000
61859  -22.236  -27.642  3.503 0.0000000000
81028  -23.369  -10.474  -4.422 0.0000000000
77655  -22.658  -12.781  -2.681 0.0000000000
79838  -24.229  -11.455  -2.498 0.0000000000
78711  -24.733  -11.876  -1.756 0.0000000000
80986  -27.835  -10.731  -1.222 0.0000000000
78696  -26.139  -12.443  -0.467 0.0000000000
75401  -27.076  -15.670  -0.136 0.0000000000
76517  -28.005  -14.162  -0.650 0.0000000000
151425  -28.459  -15.974  -1.903 0.0000000000
75441  -28.583  -15.556  -3.628 0.0000000000
74242  -28.396  -16.532  -2.352 0.0000000000
69896  -27.705  -21.084  -2.361 0.0000000000
71038  -27.672  -20.278  -4.247 0.0000000000
68766  -28.247  -21.219  -4.749 0.0000000000
69927  -29.338  -20.770  -5.158 0.0000000000
68758  -29.112  -21.655  -4.119 0.0000000000
66414  -24.472  -23.956  1.973 0.0000000000
66416  -26.125  -23.174  1.244 0.0000000000
65324  -25.826  -24.561  0.794 0.0000000000
65342  -29.458  -25.025  0.066 0.0000000000
65352  -28.688  -25.021  -1.192 0.0000000000
65354  -30.528  -24.553  -1.009 0.0000000000
131945  -31.254  -22.486  -1.219 0.0000000000
67540  -31.566  -23.742  -0.399 0.0000000000
60717  -22.625  -28.534  7.203 0.0000000000
59642  -21.765  -29.410  5.576 0.0000000000
60728  -22.820  -28.404  6.174 0.0000000000
61820  -23.525  -27.772  6.016 0.0000000000
73138  -26.615  -17.462  0.470 0.0000000000
135598  -28.039  -18.078  -1.813 0.0000000000
70979  -27.032  -18.824  0.561 0.0000000000
133085  -27.524  -20.151  -0.609 0.0000000000
68727  -27.587  -21.973  -1.041 0.0000000000
64267  -25.132  -26.970  0.970 0.0000000000
64280  -25.569  -27.033  0.135 0.0000000000
63061  -26.433  -27.200  0.419 0.0000000000
65303  -27.987  -25.308  1.508 0.0000000000
65305  -29.659  -24.386  2.076 0.0000000000
59605  -22.120  -28.990  8.107 0.0000000000
64266  -24.182  -26.099  1.961 0.0000000000
63047  -24.209  -27.049  2.651 0.0000000000
63028  -24.379  -27.168  3.022 0.0000000000
63013  -24.492  -26.984  3.913 0.0000000000
84177  -21.403  -7.898  -4.605 0.0000000000
82111  -17.331  -9.132  -2.664 0.0000000000
145084  -20.972  -9.005  -3.807 0.0000000000
82149  -23.980  -9.126  -5.573 0.0000000000
83202  -24.503  -8.980  -4.809 0.0000000000
83187  -25.687  -8.943  -3.428 0.0000000000
79857  -23.400  -11.665  -3.990 0.0000000000
81011  -24.918  -10.151  -3.036 0.0000000000
83173  -26.840  -8.887  -2.547 0.0000000000
82114  -28.073  -9.318  -2.101 0.0000000000
142392  -29.145  -10.715  -1.880 0.0000000000
78725  -29.568  -12.149  -3.038 0.0000000000
77616  -25.163  -13.666  -0.603 0.0000000000
77618  -27.414  -13.503  -0.410 0.0000000000
77644  -29.015  -13.285  -2.051 0.0000000000
77656  -29.101  -13.767  -3.738 0.0000000000
76553  -28.634  -14.729  -5.027 0.0000000000
73218  -27.215  -18.193  -6.880 0.0000000000
73186  -27.879  -18.297  -3.078 0.0000000000
72153  -27.393  -18.944  -5.414 0.0000000000
142388  -24.872  -21.831  1.535 0.0000000000
68700  -26.772  -21.959  0.857 0.0000000000
67539  -27.674  -23.064  -0.822 0.0000000000
65341  -27.145  -25.519  -0.901 0.0000000000
138211  -27.785  -24.645  -1.518 0.0000000000
67554  -28.634  -22.805  -2.641 0.0000000000
67556  -30.142  -22.571  -2.662 0.0000000000
69898  -30.896  -20.629  -1.408 0.0000000000
60751  -23.117  -28.143  4.375 0.0000000000
61846  -24.094  -27.344  4.492 0.0000000000
63000  -24.640  -26.805  4.956 0.0000000000
64208  -25.672  -26.003  3.966 0.0000000000
63029  -25.743  -26.455  3.112 0.0000000000
64209  -26.333  -25.429  4.466 0.0000000000
64187  -25.793  -25.870  4.923 0.0000000000
57010  -21.853  -31.419  11.265 0.0000000000
57066  -21.060  -30.808  10.054 0.0000000000
57037  -21.775  -30.650  10.669 0.0000000000
77642  -23.116  -13.397  -2.187 0.0000000000
78723  -23.928  -12.210  -2.132 0.0000000000
149850  -24.450  -12.663  -1.426 0.0000000000
145801  -25.970  -11.819  -0.705 0.0000000000
152191  -24.867  -13.007  -0.796 0.0000000000
74203  -26.816  -16.840  0.282 0.0000000000
74218  -26.547  -16.231  0.103 0.0000000000
75415  -27.900  -15.770  -0.655 0.0000000000
74231  -28.302  -16.229  -1.409 0.0000000000
73171  -28.218  -17.036  -1.574 0.0000000000
69905  -27.761  -20.953  -3.508 0.0000000000
68756  -28.145  -21.534  -3.983 0.0000000000
68757  -28.503  -21.620  -4.079 0.0000000000
68746  -28.438  -22.029  -3.277 0.0000000000
134469  -25.170  -24.654  1.478 0.0000000000
65323  -25.221  -25.985  0.694 0.0000000000
65326  -30.143  -24.768  0.571 0.0000000000
65343  -30.414  -24.691  -0.280 0.0000000000
66439  -31.217  -24.382  -0.565 0.0000000000
66433  -31.762  -24.262  0.300 0.0000000000
66417  -32.107  -24.208  1.016 0.0000000000
65328  -31.933  -24.573  1.038 0.0000000000
72076  -25.566  -18.478  0.610 0.0000000000
72078  -27.174  -18.042  0.385 0.0000000000
70978  -26.264  -19.050  0.809 0.0000000000
69868  -26.690  -20.449  1.032 0.0000000000
134504  -26.875  -19.635  0.796 0.0000000000
69869  -27.231  -20.287  0.391 0.0000000000
137796  -27.399  -21.071  -0.257 0.0000000000
133366  -27.050  -21.125  0.639 0.0000000000
63059  -25.444  -27.198  1.332 0.0000000000
63071  -25.819  -27.349  0.499 0.0000000000
63060  -26.020  -27.319  1.127 0.0000000000
64253  -27.201  -25.729  2.020 0.0000000000
65304  -28.747  -24.514  2.293 0.0000000000
65288  -28.519  -24.363  3.300 0.0000000000
57036  -20.676  -31.580  10.214 0.0000000000
55932  -20.452  -32.426  10.441 0.0000000000
59604  -21.546  -29.562  8.319 0.0000000000
64251  -23.916  -26.530  2.351 0.0000000000
61876  -23.921  -27.318  3.140 0.0000000000
61862  -23.968  -27.394  3.620 0.0000000000
84164  -19.103  -7.763  -3.074 0.0000000000
83186  -19.875  -8.082  -3.545 0.0000000000
83200  -20.656  -8.194  -4.125 0.0000000000
83208  -22.018  -8.317  -4.884 0.0000000000
83201  -21.446  -8.685  -4.285 0.0000000000
141251  -21.011  -10.238  -3.862 0.0000000000
82132  -19.774  -9.821  -3.540 0.0000000000
82134  -21.461  -9.591  -4.022 0.0000000000
82142  -22.126  -9.126  -4.503 0.0000000000
82143  -22.730  -9.401  -4.704 0.0000000000
82148  -23.409  -9.055  -5.250 0.0000000000
81027  -23.043  -9.978  -4.556 0.0000000000
134120  -24.057  -9.674  -4.790 0.0000000000
82136  -24.504  -9.806  -4.321 0.0000000000
83203  -25.362  -8.549  -4.316 0.0000000000
82124  -25.027  -9.721  -3.623 0.0000000000
78748  -22.426  -12.165  -3.851 0.0000000000
79839  -25.064  -11.157  -2.125 0.0000000000
80995  -24.546  -10.712  -2.787 0.0000000000
80996  -25.383  -10.422  -2.453 0.0000000000
82112  -26.326  -9.170  -2.632 0.0000000000
82113  -27.056  -9.301  -2.189 0.0000000000
80998  -27.452  -9.960  -1.653 0.0000000000
80987  -28.569  -10.945  -1.424 0.0000000000
79840  -29.019  -11.574  -1.594 0.0000000000
79841  -29.483  -11.439  -2.366 0.0000000000
78724  -29.286  -12.339  -2.174 0.0000000000
132835  -25.350  -15.193  -0.324 0.0000000000
75414  -24.244  -15.062  -0.642 0.0000000000
76514  -25.725  -14.349  -0.424 0.0000000000
136886  -25.925  -13.708  -0.453 0.0000000000
76515  -26.707  -14.135  -0.333 0.0000000000
76528  -28.380  -14.551  -1.294 0.0000000000
77631  -28.519  -13.565  -1.173 0.0000000000
140649  -28.738  -14.196  -2.017 0.0000000000
131273  -28.972  -13.963  -2.957 0.0000000000
76547  -28.846  -14.604  -3.943 0.0000000000
74261  -28.189  -16.322  -4.397 0.0000000000
74260  -27.670  -17.155  -5.123 0.0000000000
74267  -27.293  -17.452  -6.317 0.0000000000
72098  -27.809  -18.358  -0.746 0.0000000000
72131  -27.752  -19.042  -2.584 0.0000000000
71049  -27.769  -20.534  -5.275 0.0000000000
134409  -27.516  -19.618  -4.829 0.0000000000
134428  -27.660  -19.845  -5.839 0.0000000000
72165  -27.571  -19.018  -6.453 0.0000000000
71059  -27.881  -19.817  -6.373 0.0000000000
69915  -30.234  -20.706  -3.790 0.0000000000
71027  -30.469  -19.998  -2.963 0.0000000000
66431  -26.610  -23.703  0.482 0.0000000000
67524  -26.633  -22.747  0.929 0.0000000000
67525  -27.153  -22.885  0.288 0.0000000000
149911  -27.684  -24.019  -1.367 0.0000000000
64281  -26.282  -27.087  -0.289 0.0000000000
150612  -26.547  -26.251  -0.537 0.0000000000
64291  -27.077  -26.324  -0.639 0.0000000000
65361  -29.178  -24.582  -1.510 0.0000000000
65360  -28.442  -24.589  -1.706 0.0000000000
133711  -29.193  -24.273  -1.884 0.0000000000
66446  -28.777  -23.754  -2.204 0.0000000000
67555  -29.369  -22.983  -2.609 0.0000000000
67548  -30.361  -23.219  -2.229 0.0000000000
68728  -31.317  -21.790  -0.663 0.0000000000
68740  -31.113  -21.567  -1.382 0.0000000000
69884  -31.139  -20.865  -0.515 0.0000000000
61834  -23.604  -27.762  4.941 0.0000000000
61835  -24.186  -27.308  5.466 0.0000000000
62986  -24.830  -26.813  5.921 0.0000000000
70977  -25.349  -19.306  0.763 0.0000000000
69855  -25.030  -20.172  1.015 0.0000000000
69856  -25.884  -20.696  1.304 0.0000000000
139574  -26.174  -26.294  2.792 0.0000000000
64231  -26.805  -25.439  2.985 0.0000000000
65287  -27.553  -24.664  3.486 0.0000000000
65267  -26.844  -24.962  3.996 0.0000000000
64210  -27.061  -25.024  4.960 0.0000000000
55933  -21.106  -31.893  10.983 0.0000000000
58365  -21.661  -30.054  9.794 0.0000000000
63046  -22.944  -26.560  2.755 0.0000000000
61874  -22.594  -27.045  3.138 0.0000000000
61860  -22.956  -27.648  3.428 0.0000000000
83172  -17.557  -8.321  -3.049 0.0000000000
138058  -21.526  -10.377  -4.025 0.0000000000
81020  -21.895  -10.969  -4.144 0.0000000000
81021  -22.780  -10.902  -4.334 0.0000000000
81022  -23.398  -11.056  -4.260 0.0000000000
78736  -22.911  -12.144  -3.487 0.0000000000
78722  -23.207  -12.518  -2.483 0.0000000000
80984  -26.002  -10.898  -1.823 0.0000000000
80985  -26.897  -10.637  -1.331 0.0000000000
79826  -26.401  -11.292  -0.992 0.0000000000
79812  -26.721  -11.859  -0.500 0.0000000000
79813  -27.573  -12.029  -0.503 0.0000000000
76516  -27.438  -14.867  -0.409 0.0000000000
75402  -28.062  -14.973  -0.828 0.0000000000
129871  -28.574  -14.945  -2.017 0.0000000000
75428  -28.556  -15.669  -2.507 0.0000000000
139865  -28.392  -16.364  -3.365 0.0000000000
141265  -28.245  -17.004  -3.204 0.0000000000
71026  -27.693  -19.989  -2.276 0.0000000000
148442  -27.679  -19.883  -3.239 0.0000000000
69913  -27.916  -21.066  -4.654 0.0000000000
69925  -28.042  -20.912  -5.293 0.0000000000
147439  -28.851  -20.530  -5.805 0.0000000000
68767  -28.615  -21.351  -4.709 0.0000000000
68768  -29.013  -21.260  -4.865 0.0000000000
68759  -29.948  -21.530  -3.673 0.0000000000
67508  -24.684  -22.736  1.807 0.0000000000
66415  -25.392  -23.554  1.624 0.0000000000
65340  -26.462  -25.151  -0.303 0.0000000000
64283  -28.461  -25.615  -0.214 0.0000000000
64293  -28.308  -25.601  -0.858 0.0000000000
64284  -29.088  -25.038  -0.643 0.0000000000
65353  -29.678  -24.729  -1.089 0.0000000000
65362  -30.019  -24.392  -1.575 0.0000000000
66448  -30.637  -23.921  -1.735 0.0000000000
66449  -31.199  -23.923  -1.165 0.0000000000
147935  -31.354  -23.249  -0.979 0.0000000000
137049  -31.498  -22.609  -0.291 0.0000000000
135202  -31.488  -21.319  0.996 0.0000000000
67526  -31.792  -23.301  0.597 0.0000000000
59617  -21.973  -29.104  7.150 0.0000000000
59630  -22.177  -28.975  6.343 0.0000000000
60737  -23.033  -28.315  5.226 0.0000000000
73139  -27.338  -17.328  0.152 0.0000000000
73155  -27.918  -17.387  -0.641 0.0000000000
150592  -27.611  -17.924  -0.101 0.0000000000
70995  -27.637  -19.201  -0.628 0.0000000000
134019  -27.368  -19.437  0.151 0.0000000000
71011  -27.655  -19.723  -1.293 0.0000000000
138539  -27.620  -20.384  -1.562 0.0000000000
140456  -27.566  -21.104  -1.335 0.0000000000
68738  -27.821  -21.944  -2.113 0.0000000000
64282  -27.158  -26.626  -0.146 0.0000000000
64268  -26.626  -26.823  1.208 0.0000000000
64269  -27.225  -26.438  0.819 0.0000000000
64270  -27.927  -25.923  0.338 0.0000000000
65325  -29.110  -24.981  0.997 0.0000000000
127738  -30.437  -24.581  1.394 0.0000000000
127990  -31.552  -24.680  1.588 0.0000000000
55912  -20.948  -32.801  11.204 0.0000000000
59616  -21.519  -29.551  7.527 0.0000000000
60703  -22.978  -28.453  8.232 0.0000000000
152300  -24.638  -26.633  1.517 0.0000000000
63058  -24.718  -26.976  1.788 0.0000000000
63048  -24.931  -27.130  2.225 0.0000000000
140959  -23.586  -26.792  2.646 0.0000000000
84166  -20.233  -7.348  -3.793 0.0000000000
83171  -16.498  -8.326  -3.181 0.0000000000
83184  -18.548  -8.502  -2.936 0.0000000000
144530  -18.147  -9.112  -2.753 0.0000000000
83199  -20.283  -8.938  -3.561 0.0000000000
83209  -22.679  -8.686  -5.169 0.0000000000
82144  -23.674  -9.768  -4.744 0.0000000000
83210  -25.000  -8.216  -5.106 0.0000000000
84178  -25.754  -7.782  -4.532 0.0000000000
148380  -26.409  -7.527  -4.075 0.0000000000
84167  -26.874  -7.692  -3.468 0.0000000000
79856  -22.383  -11.714  -4.186 0.0000000000
79858  -23.809  -11.012  -4.035 0.0000000000
79849  -23.928  -11.170  -3.371 0.0000000000
81010  -24.406  -10.475  -3.749 0.0000000000
83188  -26.650  -8.432  -2.958 0.0000000000
83189  -27.669  -7.996  -2.941 0.0000000000
83175  -28.138  -8.637  -2.561 0.0000000000
82115  -29.106  -9.754  -2.228 0.0000000000
80999  -28.415  -10.199  -1.670 0.0000000000
76527  -23.994  -14.331  -0.981 0.0000000000
77630  -24.308  -13.552  -1.083 0.0000000000
133754  -25.590  -13.047  -0.516 0.0000000000
78697  -27.033  -12.612  -0.367 0.0000000000
78698  -27.823  -12.779  -0.524 0.0000000000
77619  -28.095  -13.383  -0.665 0.0000000000
78713  -28.734  -12.505  -1.277 0.0000000000
78737  -29.278  -13.080  -3.095 0.0000000000
75446  -28.418  -15.489  -4.666 0.0000000000
141597  -28.220  -15.411  -5.477 0.0000000000
75451  -27.116  -16.813  -6.815 0.0000000000
74274  -26.617  -17.675  -7.417 0.0000000000
73187  -28.186  -17.426  -2.602 0.0000000000
73199  -27.955  -17.670  -3.641 0.0000000000
136616  -27.640  -19.244  -3.677 0.0000000000
72144  -27.631  -18.573  -4.218 0.0000000000
73198  -27.692  -17.894  -4.725 0.0000000000
73208  -27.424  -18.171  -5.876 0.0000000000
71050  -29.430  -19.964  -5.585 0.0000000000
68699  -25.785  -21.586  1.398 0.0000000000
67509  -25.543  -22.494  1.553 0.0000000000
67510  -26.240  -22.252  1.282 0.0000000000
68711  -27.319  -21.971  0.034 0.0000000000
67546  -27.986  -22.810  -1.819 0.0000000000
65339  -25.852  -26.240  -0.154 0.0000000000
65351  -27.830  -25.524  -1.106 0.0000000000
138986  -27.918  -23.812  -1.889 0.0000000000
67547  -28.335  -23.359  -2.257 0.0000000000
67553  -28.271  -22.549  -2.623 0.0000000000
67561  -28.865  -22.192  -3.325 0.0000000000
68747  -29.580  -22.169  -3.231 0.0000000000
68748  -30.371  -21.890  -2.890 0.0000000000
68739  -30.848  -22.360  -2.110 0.0000000000
69897  -30.795  -21.304  -2.201 0.0000000000
60759  -22.605  -28.244  3.848 0.0000000000
60760  -23.168  -27.883  3.794 0.0000000000
61845  -23.590  -27.688  4.091 0.0000000000
63001  -25.317  -26.364  5.419 0.0000000000
64292  -27.723  -26.093  -0.599 0.0000000000
65344  -31.430  -24.461  0.230 0.0000000000
66438  -30.810  -24.300  -1.249 0.0000000000
66445  -28.183  -24.075  -2.015 0.0000000000
67549  -31.070  -23.262  -1.657 0.0000000000
68697  -23.938  -21.948  1.566 0.0000000000
68710  -24.198  -20.690  1.029 0.0000000000
68712  -31.589  -22.176  0.587 0.0000000000
69914  -29.634  -21.179  -4.427 0.0000000000
69926  -28.449  -20.942  -5.399 0.0000000000
69928  -29.930  -20.537  -4.453 0.0000000000
72077  -26.432  -18.241  0.619 0.0000000000
74230  -28.041  -16.585  -0.810 0.0000000000
75416  -28.351  -15.452  -1.462 0.0000000000
76513  -24.749  -14.346  -0.599 0.0000000000
77617  -26.461  -13.245  -0.376 0.0000000000
78699  -28.335  -12.906  -0.804 0.0000000000
78712  -25.270  -12.300  -0.938 0.0000000000
79814  -28.205  -12.336  -0.712 0.0000000000
79825  -25.572  -11.556  -1.405 0.0000000000
79827  -27.288  -11.284  -0.752 0.0000000000
79837  -23.454  -11.773  -2.941 0.0000000000
81018  -20.378  -10.447  -3.738 0.0000000000
81019  -20.983  -10.950  -3.908 0.0000000000
82123  -18.900  -9.500  -3.088 0.0000000000
82125  -25.573  -9.688  -2.835 0.0000000000
82133  -20.664  -9.688  -3.739 0.0000000000
82137  -25.047  -9.234  -4.142 0.0000000000
83170  -15.845  -8.560  -3.063 0.0000000000
83174  -27.403  -8.732  -2.510 0.0000000000
83204  -26.114  -8.133  -3.785 0.0000000000
84165  -19.576  -7.231  -3.359 0.0000000000
127868  -23.045  -11.583  -4.267 0.0000000000
137832  -22.964  -11.994  -4.162 0.0000000000
148486  -27.508  -18.615  -0.001 0.0000000000
150213  -27.418  -14.181  -0.412 0.0000000000
150474  -26.346  -21.734  1.236 0.0000000000
151668  -27.358  -25.024  2.815 0.0000000000
