#!ascii label  , from subject sub-v2s10x28935_ses-1 vox2ras=TkReg
1342
60623  -21.527  -20.787  17.756 0.4285714328
141815  -22.135  -19.657  16.927 0.2857142985
60636  -22.016  -20.065  17.354 0.4285714328
61602  -22.518  -19.283  17.362 0.4285714328
137368  -23.068  -19.025  18.498 0.4285714328
62590  -23.002  -18.246  16.467 0.2857142985
63520  -23.776  -17.592  17.777 0.4285714328
139236  -23.711  -16.707  15.182 0.4285714328
63551  -23.796  -16.904  15.893 0.4285714328
64534  -24.032  -16.276  14.714 0.4285714328
65478  -25.150  -15.250  14.344 0.4285714328
135457  -24.137  -13.999  13.662 0.5714285970
65496  -24.781  -15.116  13.752 0.5714285970
122966  -26.215  -14.211  14.856 0.2857142985
67396  -25.859  -13.872  12.881 0.7142857313
66447  -25.828  -14.289  13.509 0.7142857313
68316  -27.633  -12.531  13.252 0.7142857313
68301  -28.220  -12.458  14.374 0.4285714328
67397  -26.489  -13.595  13.375 0.7142857313
67398  -27.262  -12.990  13.845 0.5714285970
69311  -29.561  -11.425  13.493 0.5714285970
68328  -27.144  -12.668  12.466 0.5714285970
69325  -28.618  -11.484  12.336 0.5714285970
69326  -29.735  -10.874  12.686 0.5714285970
69336  -27.819  -11.734  11.724 0.5714285970
69312  -30.830  -11.015  13.318 0.4285714328
70378  -30.564  -9.958  11.529 0.5714285970
71275  -32.236  -9.740  11.340 0.5714285970
141075  -28.830  -10.403  10.750 0.7142857313
71269  -31.510  -9.875  11.755 0.7142857313
71283  -33.064  -9.618  10.798 0.7142857313
71284  -34.224  -10.092  10.848 0.5714285970
70377  -29.571  -10.268  11.035 0.5714285970
71268  -27.391  -9.470  11.863 0.5714285970
122954  -30.788  -9.205  10.125 0.8571428657
126484  -33.675  -9.395  10.389 0.7142857313
72155  -34.632  -9.447  10.403 0.5714285970
71289  -29.687  -8.666  9.697 0.7142857313
72151  -28.768  -8.712  10.225 0.5714285970
73068  -35.550  -8.630  9.202 0.7142857313
73052  -35.139  -8.997  10.663 0.5714285970
72154  -31.460  -8.760  9.787 0.7142857313
72163  -33.711  -8.844  9.705 0.7142857313
73069  -35.781  -7.767  9.094 0.5714285970
72162  -32.272  -8.410  9.376 0.7142857313
73961  -36.089  -7.096  9.886 0.5714285970
72161  -31.200  -8.207  9.228 0.5714285970
73067  -33.100  -8.063  8.884 0.7142857313
73075  -35.110  -7.892  8.546 0.7142857313
74911  -35.599  -6.280  8.416 0.7142857313
138317  -35.854  -6.796  9.116 0.7142857313
73975  -33.591  -6.909  7.629 0.7142857313
73976  -34.627  -7.148  7.849 0.7142857313
73977  -35.147  -6.679  7.563 0.7142857313
124026  -35.666  -4.171  7.905 0.7142857313
127121  -35.766  -4.775  8.503 0.5714285970
73980  -34.253  -6.449  7.178 0.7142857313
73072  -31.549  -7.134  8.608 0.5714285970
128953  -35.604  -3.492  7.313 0.5714285970
124521  -35.666  -2.564  7.795 0.5714285970
74923  -33.484  -5.756  6.835 0.8571428657
74917  -33.113  -6.217  7.329 0.8571428657
77514  -35.609  -2.777  6.707 0.7142857313
76677  -35.393  -3.774  6.147 0.7142857313
74932  -34.452  -5.258  6.184 0.8571428657
142867  -35.277  -4.434  6.129 0.7142857313
77531  -35.197  -2.154  3.735 0.8571428657
130116  -35.593  -1.250  5.381 0.5714285970
77526  -35.253  -3.008  4.764 0.8571428657
76682  -34.148  -3.701  5.149 0.8571428657
75826  -33.667  -4.714  6.007 0.8571428657
75833  -34.539  -4.174  5.393 0.8571428657
79379  -34.618  -1.048  3.491 0.8571428657
80282  -34.723  -0.227  3.285 0.8571428657
81179  -33.589  1.295  4.788 0.8571428657
77530  -34.762  -2.597  4.169 0.8571428657
80275  -34.296  -0.246  4.247 0.8571428657
80267  -33.923  0.499  6.193 1.0000000000
80274  -33.949  0.556  5.153 1.0000000000
78369  -34.011  -1.994  4.574 0.8571428657
81171  -33.530  1.289  5.899 1.0000000000
79373  -34.193  -0.318  5.363 1.0000000000
82053  -32.697  2.572  6.932 1.0000000000
82933  -32.410  3.885  8.608 0.7142857313
125758  -33.025  1.951  6.460 1.0000000000
127359  -33.001  1.872  7.419 1.0000000000
85471  -31.568  6.220  8.349 1.0000000000
85450  -31.692  6.284  10.079 0.8571428657
86316  -31.321  7.654  9.319 0.8571428657
89731  -31.065  10.993  8.844 0.8571428657
88060  -31.174  9.303  9.872 0.8571428657
88066  -31.038  9.437  8.680 1.0000000000
90559  -30.620  12.382  7.937 0.8571428657
91421  -30.614  13.241  8.053 0.7142857313
89712  -30.519  11.990  11.198 0.5714285970
127936  -30.601  14.122  8.633 0.7142857313
92254  -30.409  14.193  7.587 0.5714285970
91399  -29.913  13.796  11.800 0.5714285970
90530  -30.289  13.018  11.380 0.5714285970
127912  -29.474  14.515  12.059 0.4285714328
93916  -30.579  16.237  10.393 0.4285714328
93934  -30.460  16.389  8.501 0.4285714328
93906  -28.188  16.061  12.040 0.2857142985
125105  -26.375  16.081  11.140 0.2857142985
93043  -27.803  15.164  12.187 0.2857142985
93905  -27.236  16.640  11.659 0.2857142985
62571  -22.637  -18.774  16.779 0.2857142985
70366  -30.096  -10.373  12.061 0.5714285970
72164  -35.025  -9.042  9.728 0.5714285970
78363  -35.567  -2.061  6.067 0.5714285970
144241  -35.356  -5.103  6.744 0.7142857313
75820  -35.444  -4.476  6.819 0.7142857313
78370  -35.417  -2.349  4.676 0.8571428657
79380  -35.335  -0.791  3.360 0.8571428657
80293  -35.304  -0.753  2.715 0.8571428657
80281  -34.166  0.603  3.930 0.8571428657
82940  -32.404  3.917  7.691 0.8571428657
93888  -24.166  16.779  12.498 0.1428571492
61632  -22.059  -18.998  16.328 0.2857142985
63566  -22.615  -17.436  15.458 0.2857142985
62607  -22.840  -17.931  15.822 0.2857142985
63539  -23.371  -17.577  16.163 0.4285714328
65431  -24.841  -15.815  15.970 0.4285714328
142827  -22.943  -16.960  15.040 0.2857142985
65477  -24.401  -15.691  14.226 0.4285714328
63550  -23.227  -17.224  15.379 0.4285714328
65495  -24.070  -15.306  13.888 0.5714285970
66446  -25.194  -14.410  13.349 0.5714285970
67380  -26.890  -13.442  14.261 0.4285714328
67395  -25.149  -13.552  13.040 0.2857142985
67407  -25.804  -13.256  12.666 0.7142857313
136494  -27.001  -13.065  13.015 0.7142857313
68317  -28.512  -11.968  13.428 0.4285714328
69334  -26.864  -11.993  11.842 0.5714285970
137788  -32.135  -11.266  12.707 0.4285714328
70374  -27.274  -10.989  11.492 0.7142857313
70376  -28.281  -10.750  10.998 0.7142857313
69327  -30.713  -10.584  12.779 0.7142857313
70367  -31.358  -10.241  12.300 0.5714285970
70368  -32.810  -10.884  12.030 0.4285714328
71282  -31.846  -9.261  10.569 0.7142857313
132887  -32.630  -8.969  10.154 0.7142857313
71280  -28.377  -9.245  10.566 0.5714285970
122950  -29.046  -9.217  10.096 0.5714285970
74902  -36.121  -5.997  9.919 0.5714285970
73065  -29.600  -8.078  9.715 0.5714285970
73053  -35.635  -7.904  10.850 0.5714285970
73074  -33.793  -7.558  8.280 0.7142857313
122882  -34.564  -8.503  8.979 0.7142857313
75805  -35.900  -5.411  9.133 0.5714285970
73066  -31.897  -7.775  8.817 0.8571428657
73981  -34.950  -6.231  6.989 0.7142857313
119888  -35.403  -1.495  3.980 0.5714285970
77525  -33.710  -3.181  5.187 1.0000000000
81178  -33.099  1.968  4.360 1.0000000000
80260  -33.657  0.326  7.116 1.0000000000
82044  -32.425  3.069  9.002 0.8571428657
83768  -32.141  4.543  9.940 0.7142857313
83786  -32.215  4.642  8.233 1.0000000000
83790  -32.119  4.514  7.183 1.0000000000
84616  -31.789  5.851  9.216 0.7142857313
142677  -31.905  5.130  7.609 1.0000000000
84605  -31.862  5.394  10.234 0.7142857313
85461  -31.525  6.692  9.224 0.8571428657
127112  -31.129  10.185  9.308 0.8571428657
87196  -31.152  8.591  8.987 1.0000000000
86324  -31.052  7.929  8.209 1.0000000000
90545  -30.815  12.611  9.693 0.7142857313
93046  -30.361  15.184  11.278 0.7142857313
90542  -30.671  12.725  10.581 0.5714285970
131142  -30.601  14.043  10.458 0.7142857313
126088  -30.632  14.882  9.185 0.7142857313
91398  -28.998  13.739  12.239 0.4285714328
128600  -29.382  16.072  11.925 0.2857142985
93907  -30.281  16.004  11.302 0.4285714328
93937  -30.306  15.893  7.836 0.4285714328
93925  -30.618  16.490  9.374 0.4285714328
144369  -28.049  16.715  11.943 0.2857142985
137043  -30.400  16.801  10.906 0.4285714328
69323  -25.618  -11.894  12.656 0.4285714328
70363  -26.013  -11.025  12.555 0.4285714328
92240  -30.529  14.658  10.923 0.7142857313
128181  -28.766  16.800  11.946 0.2857142985
60624  -22.169  -20.394  18.351 0.4285714328
61619  -21.700  -19.292  16.486 0.2857142985
60651  -21.779  -19.797  16.784 0.2857142985
125117  -22.210  -18.055  15.865 0.2857142985
130557  -23.438  -17.777  16.962 0.4285714328
64533  -23.449  -16.606  14.898 0.2857142985
64516  -24.235  -16.384  15.429 0.4285714328
120430  -24.655  -15.853  14.904 0.4285714328
131468  -23.692  -15.978  14.412 0.4285714328
66445  -24.457  -14.629  13.615 0.4285714328
66428  -25.771  -14.607  14.196 0.4285714328
122891  -26.031  -12.640  12.369 0.5714285970
68327  -26.689  -12.493  12.140 0.5714285970
132264  -28.253  -11.277  11.435 0.5714285970
69337  -28.986  -10.828  11.506 0.5714285970
70357  -31.741  -10.799  12.700 0.4285714328
71274  -31.029  -9.601  10.931 0.7142857313
71276  -33.724  -10.535  11.246 0.5714285970
70382  -28.449  -9.990  10.633 0.7142857313
71281  -29.854  -9.333  9.932 0.7142857313
70365  -27.306  -10.256  11.515 0.7142857313
72153  -30.474  -8.716  9.567 0.5714285970
73060  -35.893  -8.073  9.790 0.5714285970
73969  -35.456  -7.185  8.344 0.7142857313
72160  -30.404  -8.009  9.374 0.7142857313
73073  -32.520  -7.275  8.268 0.8571428657
75813  -35.563  -5.135  7.449 0.7142857313
140361  -32.729  -6.659  7.807 0.8571428657
77520  -35.439  -2.987  5.520 0.8571428657
78373  -34.104  -2.560  4.605 0.8571428657
78381  -35.066  -1.241  3.003 0.8571428657
76676  -33.537  -3.852  5.765 0.8571428657
79374  -34.218  -1.215  4.369 1.0000000000
82045  -32.665  2.567  8.020 1.0000000000
83777  -32.275  4.406  9.089 0.8571428657
89739  -30.780  11.732  8.351 0.8571428657
127109  -30.947  11.795  9.312 0.8571428657
91418  -30.723  13.327  9.139 0.7142857313
91412  -30.712  13.375  10.063 0.5714285970
92248  -30.633  14.779  10.109 0.5714285970
91400  -30.390  13.926  11.162 0.5714285970
92226  -28.431  14.471  12.262 0.4285714328
93045  -29.885  15.274  11.809 0.4285714328
93062  -30.636  15.586  9.759 0.4285714328
93044  -28.902  15.265  12.160 0.2857142985
133473  -26.225  16.940  11.242 0.2857142985
93904  -25.381  17.193  11.434 0.1428571492
68326  -25.346  -12.661  12.844 0.2857142985
128786  -32.066  5.058  9.169 1.0000000000
96075  -28.384  19.839  6.573 0.2857142985
96735  -28.851  20.233  7.221 0.1428571492
95423  -29.410  18.404  7.336 0.2857142985
137867  -28.489  19.097  6.430 0.2857142985
96065  -29.912  19.437  8.340 0.1428571492
123825  -29.859  20.168  8.432 0.1428571492
94698  -30.285  17.663  10.862 0.1428571492
129612  -30.564  17.415  9.260 0.2857142985
95401  -30.308  18.566  10.566 0.1428571492
139715  -27.756  18.248  5.254 0.2857142985
95426  -28.871  18.451  6.641 0.2857142985
93094  -27.096  15.116  3.480 0.2857142985
121452  -27.487  16.919  4.297 0.2857142985
96056  -30.412  19.642  9.673 0.1428571492
137833  -30.452  16.957  8.663 0.2857142985
129763  -28.867  14.975  5.181 0.2857142985
94722  -28.819  17.706  6.182 0.2857142985
94719  -29.799  17.683  7.605 0.2857142985
134231  -28.308  12.728  4.705 0.1428571492
93089  -28.370  15.209  4.633 0.2857142985
93945  -28.534  16.656  5.241 0.2857142985
95418  -30.312  19.145  9.009 0.1428571492
93946  -29.135  16.287  5.786 0.2857142985
94723  -29.322  17.725  6.900 0.2857142985
88915  -26.091  10.219  3.099 0.1428571492
89775  -27.245  11.562  3.956 0.1428571492
91454  -28.224  13.678  4.492 0.4285714328
93077  -29.957  15.175  6.586 0.2857142985
88090  -28.861  9.323  5.253 0.2857142985
90569  -29.623  12.018  6.221 0.4285714328
92265  -29.749  14.351  6.226 0.2857142985
93068  -30.579  15.709  8.809 0.2857142985
86351  -27.741  7.565  4.023 0.1428571492
88894  -28.492  10.588  4.926 0.2857142985
91432  -29.737  13.444  6.234 0.4285714328
88886  -30.160  10.426  6.718 0.5714285970
90570  -30.346  12.687  7.223 0.7142857313
85497  -28.057  5.802  3.661 0.1428571492
86341  -28.574  7.822  4.633 0.1428571492
141859  -30.079  12.082  6.762 0.7142857313
88081  -29.837  9.788  6.266 0.4285714328
83807  -28.214  4.383  3.087 0.2857142985
85498  -28.800  5.630  4.257 0.7142857313
127818  -30.404  10.947  7.169 0.7142857313
86331  -30.953  7.325  7.363 0.8571428657
86343  -30.199  7.462  5.728 0.8571428657
88082  -30.356  9.663  6.902 0.5714285970
129223  -29.748  4.745  2.494 0.2857142985
82974  -28.686  4.195  2.800 0.2857142985
87209  -30.563  8.883  7.101 0.7142857313
126399  -31.091  10.152  10.224 0.5714285970
87202  -30.869  8.756  7.996 0.8571428657
129458  -30.562  4.547  2.580 0.1428571492
84639  -29.780  5.372  4.721 0.7142857313
84670  -32.053  4.629  2.647 0.1428571492
79321  -32.429  -0.230  10.285 0.5714285970
81150  -32.835  1.635  8.360 0.8571428657
81134  -32.591  1.314  9.266 0.4285714328
136360  -32.351  2.534  9.710 0.5714285970
84629  -31.610  5.751  7.575 0.8571428657
143958  -31.844  3.548  4.793 0.8571428657
85483  -31.368  5.973  6.901 0.8571428657
83826  -32.492  3.836  2.410 0.2857142985
83802  -31.274  4.291  5.162 0.8571428657
84634  -31.105  5.778  6.028 0.8571428657
130461  -30.767  8.136  7.335 0.8571428657
137732  -33.430  5.106  3.504 0.4285714328
82966  -30.060  3.509  3.308 0.7142857313
84648  -29.863  4.547  4.489 0.7142857313
79309  -31.176  -0.832  11.698 0.2857142985
80254  -33.403  0.106  8.011 0.5714285970
80234  -32.635  0.382  9.626 0.5714285970
81161  -33.425  1.231  6.853 0.8571428657
82945  -32.458  3.184  6.370 0.8571428657
82944  -32.316  3.808  6.752 0.8571428657
83796  -31.859  4.310  6.116 0.8571428657
84641  -31.339  4.904  5.837 0.8571428657
82978  -32.615  3.352  2.489 0.4285714328
82072  -31.785  3.114  3.494 0.8571428657
82949  -31.140  3.639  4.462 0.8571428657
83827  -33.944  3.630  2.322 0.4285714328
74901  -31.499  -5.190  10.087 0.7142857313
75786  -31.363  -4.057  11.290 0.4285714328
74909  -31.681  -5.604  9.119 0.7142857313
76666  -33.024  -4.067  8.181 0.8571428657
76650  -32.881  -3.516  9.305 0.5714285970
78323  -32.144  -1.861  10.879 0.5714285970
134003  -31.407  -1.827  11.560 0.4285714328
128539  -33.397  -3.451  6.504 0.8571428657
78335  -33.432  -2.125  8.705 0.5714285970
79333  -32.856  -0.610  9.620 0.5714285970
78368  -33.748  -2.424  5.390 0.8571428657
78356  -33.792  -1.663  7.367 0.7142857313
79334  -33.370  -1.133  8.891 0.5714285970
80288  -34.777  0.735  2.989 0.7142857313
81193  -34.184  1.687  2.689 0.7142857313
82068  -32.516  2.598  4.946 0.8571428657
82953  -34.896  3.200  4.676 0.2857142985
82969  -34.748  2.679  2.792 0.4285714328
82968  -34.369  3.262  2.507 0.5714285970
141955  -29.573  -7.651  9.990 0.4285714328
73953  -30.211  -6.154  10.989 0.4285714328
74893  -30.456  -5.132  11.581 0.4285714328
75819  -33.207  -4.986  6.681 0.7142857313
75811  -32.777  -4.785  7.989 0.7142857313
76673  -33.295  -4.262  6.544 0.7142857313
123117  -33.633  -2.560  6.448 0.8571428657
80283  -35.544  0.111  3.674 0.7142857313
81180  -35.465  1.818  5.084 0.2857142985
81187  -35.415  1.536  3.851 0.5714285970
129004  -35.275  0.437  3.040 0.5714285970
73057  -29.058  -7.919  10.347 0.4285714328
73951  -28.957  -6.847  11.995 0.5714285970
73968  -30.710  -6.688  9.583 0.5714285970
74908  -31.115  -5.954  9.726 0.5714285970
74922  -32.828  -5.335  7.450 0.7142857313
143777  -35.649  -0.596  6.304 0.4285714328
121079  -35.654  0.239  5.087 0.4285714328
137111  -35.405  2.070  6.097 0.4285714328
127904  -35.565  0.947  4.499 0.4285714328
127472  -26.900  -9.878  12.236 0.5714285970
127999  -35.231  -8.161  11.528 0.4285714328
74894  -36.440  -6.388  10.902 0.4285714328
124516  -35.652  -2.423  8.738 0.4285714328
76668  -35.781  -3.938  8.867 0.4285714328
121095  -35.598  -0.936  8.592 0.4285714328
121094  -35.695  -1.055  7.689 0.4285714328
65458  -25.957  -14.716  16.088 0.1428571492
126470  -36.201  -4.802  10.150 0.4285714328
76657  -35.805  -3.889  9.756 0.4285714328
127840  -35.575  -3.078  10.167 0.4285714328
139280  -26.888  -13.637  15.129 0.1428571492
67367  -27.888  -13.332  15.591 0.1428571492
68303  -31.134  -12.040  13.995 0.2857142985
71259  -33.603  -9.639  13.498 0.2857142985
134173  -35.770  -6.499  13.835 0.2857142985
73027  -34.728  -7.663  13.343 0.2857142985
70379  -34.318  -10.926  11.365 0.4285714328
74867  -36.449  -5.713  12.868 0.2857142985
73941  -36.204  -6.563  12.348 0.2857142985
120711  -34.820  -8.863  11.624 0.2857142985
75773  -36.404  -5.245  12.297 0.2857142985
74895  -36.621  -5.716  11.617 0.4285714328
66388  -26.772  -14.448  16.530 0.1428571492
66410  -27.426  -13.901  16.176 0.1428571492
66408  -25.781  -14.695  15.106 0.1428571492
144519  -29.603  -13.500  15.820 0.2857142985
68286  -30.040  -13.045  15.374 0.2857142985
68319  -33.970  -12.318  12.282 0.2857142985
70342  -33.647  -11.265  13.013 0.2857142985
69314  -34.066  -11.860  12.038 0.2857142985
69313  -33.217  -11.904  12.049 0.2857142985
70358  -33.691  -10.649  13.086 0.2857142985
66390  -28.445  -14.290  16.731 0.1428571492
66430  -31.256  -14.116  14.023 0.2857142985
140913  -29.865  -14.344  16.088 0.2857142985
67383  -31.683  -13.128  13.375 0.2857142985
67369  -30.689  -13.509  14.852 0.2857142985
67382  -28.333  -12.834  15.212 0.2857142985
68304  -32.267  -12.233  12.735 0.2857142985
133486  -23.158  -18.409  17.472 0.2857142985
64501  -25.108  -15.846  17.024 0.1428571492
64500  -24.425  -16.417  16.458 0.2857142985
65410  -26.019  -15.418  17.490 0.1428571492
59739  -21.801  -21.165  18.643 0.2857142985
59722  -21.434  -22.049  18.931 0.2857142985
59738  -21.129  -21.539  18.055 0.2857142985
63521  -24.342  -17.031  17.867 0.2857142985
59723  -22.211  -21.541  19.455 0.1428571492
126173  -20.818  -22.180  18.260 0.2857142985
58755  -20.855  -22.890  18.629 0.1428571492
67353  -29.313  -13.891  16.244 0.1428571492
66392  -30.490  -14.425  15.325 0.2857142985
67384  -33.235  -13.009  11.560 0.2857142985
142911  -34.059  -12.126  11.771 0.2857142985
72125  -34.161  -8.354  13.579 0.2857142985
72147  -34.784  -9.906  10.868 0.4285714328
73954  -36.135  -6.898  11.424 0.4285714328
74881  -36.627  -5.859  12.246 0.2857142985
76638  -35.617  -3.728  11.712 0.2857142985
75796  -31.852  -4.260  10.490 0.7142857313
76651  -35.790  -3.857  10.719 0.4285714328
78345  -33.651  -1.675  8.177 0.5714285970
79365  -35.641  -0.389  5.571 0.4285714328
127155  -35.511  1.165  5.941 0.2857142985
82069  -35.215  2.766  5.623 0.2857142985
82074  -35.222  2.354  4.358 0.5714285970
87187  -31.288  8.411  9.930 0.7142857313
81192  -33.615  2.363  2.516 0.7142857313
85478  -31.307  6.493  7.531 0.8571428657
129236  -30.858  11.913  10.273 0.4285714328
131143  -30.805  11.326  10.770 0.5714285970
88871  -30.884  10.233  8.307 0.7142857313
82961  -34.633  3.530  3.599 0.2857142985
85477  -31.000  6.593  6.702 0.8571428657
88073  -30.701  9.543  7.725 0.8571428657
83809  -29.493  3.972  3.969 0.5714285970
138740  -30.069  15.725  7.042 0.2857142985
87214  -29.076  8.503  5.178 0.4285714328
88091  -29.301  9.913  5.695 0.4285714328
127901  -29.979  19.114  11.001 0.1428571492
133129  -28.100  11.829  4.604 0.1428571492
94727  -27.499  17.703  4.715 0.2857142985
60601  -22.472  -20.722  19.253 0.1428571492
60650  -21.373  -20.421  17.045 0.2857142985
64478  -24.694  -16.490  17.470 0.1428571492
63540  -23.962  -17.100  16.949 0.2857142985
65433  -26.290  -14.887  16.940 0.1428571492
65434  -28.786  -15.021  17.203 0.1428571492
65435  -29.540  -15.589  16.815 0.1428571492
68318  -29.354  -12.017  14.312 0.2857142985
134871  -30.953  -12.663  14.336 0.2857142985
69298  -33.554  -11.759  13.054 0.2857142985
69297  -31.700  -11.584  13.186 0.2857142985
72109  -33.581  -9.073  14.416 0.2857142985
73051  -29.179  -7.197  11.168 0.5714285970
69329  -34.045  -11.533  11.753 0.2857142985
74892  -29.800  -5.681  11.927 0.2857142985
75760  -36.091  -5.019  13.134 0.2857142985
77467  -35.147  -2.891  11.996 0.2857142985
75803  -32.069  -4.822  9.425 0.7142857313
74910  -32.309  -5.270  8.413 0.5714285970
77480  -31.215  -2.732  11.673 0.4285714328
76637  -31.673  -3.419  11.180 0.5714285970
128307  -35.414  -2.997  11.095 0.4285714328
133690  -31.281  -0.049  11.606 0.2857142985
134620  -31.860  -1.181  11.188 0.5714285970
77481  -35.374  -2.267  10.529 0.2857142985
134353  -35.914  -4.541  9.310 0.4285714328
76656  -33.328  -3.158  8.428 0.7142857313
80222  -31.623  0.484  11.299 0.2857142985
121626  -35.411  -0.862  9.509 0.1428571492
80255  -35.559  0.347  8.305 0.4285714328
79355  -35.692  -0.430  7.170 0.4285714328
127103  -35.508  0.981  8.047 0.1428571492
82061  -32.643  2.593  5.948 0.8571428657
81162  -35.499  1.763  7.783 0.1428571492
81195  -35.121  1.199  2.919 0.5714285970
82980  -34.073  3.091  2.134 0.5714285970
82967  -31.041  3.412  3.180 0.7142857313
86334  -30.651  7.323  6.504 0.8571428657
139323  -33.133  5.923  4.009 0.2857142985
84657  -31.741  5.438  3.033 0.1428571492
93915  -29.773  16.966  11.535 0.2857142985
82976  -30.336  3.802  2.858 0.4285714328
84658  -32.638  5.323  3.261 0.4285714328
84668  -30.666  5.426  2.768 0.1428571492
86342  -29.362  7.593  5.089 0.5714285970
85517  -29.389  5.673  2.588 0.1428571492
84646  -28.202  4.888  3.485 0.1428571492
85496  -27.620  6.537  3.383 0.1428571492
87208  -30.147  9.012  6.336 0.5714285970
85506  -27.716  5.457  3.116 0.1428571492
87224  -28.232  8.658  4.569 0.1428571492
91442  -28.748  13.523  5.085 0.2857142985
133556  -28.594  12.000  5.095 0.2857142985
88101  -28.364  9.680  4.778 0.2857142985
88100  -27.666  9.341  4.279 0.1428571492
88916  -26.710  10.050  3.625 0.1428571492
132899  -27.123  10.710  3.970 0.1428571492
92277  -27.467  14.483  3.733 0.2857142985
92276  -26.790  14.431  3.300 0.2857142985
90599  -26.685  12.870  3.365 0.1428571492
61563  -23.465  -19.447  19.446 0.1428571492
132528  -26.981  -15.416  17.789 0.1428571492
72110  -34.015  -8.378  14.471 0.2857142985
128063  -34.935  3.733  5.649 0.2857142985
137565  -25.545  11.335  2.388 0.1428571492
92285  -26.117  14.442  2.798 0.2857142985
59749  -20.928  -21.098  17.424 0.2857142985
61586  -22.480  -19.707  18.136 0.1428571492
62550  -23.705  -18.159  18.495 0.1428571492
65457  -25.310  -15.293  15.449 0.1428571492
66409  -26.455  -14.216  15.678 0.1428571492
67381  -27.519  -13.023  14.796 0.2857142985
68285  -29.205  -12.559  15.108 0.2857142985
69296  -30.487  -11.652  14.055 0.2857142985
71277  -34.417  -10.487  11.287 0.4285714328
74915  -31.908  -5.922  8.471 0.5714285970
135322  -30.863  -7.233  9.117 0.4285714328
78346  -35.666  -1.726  8.209 0.4285714328
74916  -32.445  -5.940  7.936 0.7142857313
81185  -33.286  2.086  3.247 0.7142857313
80259  -33.243  1.042  7.771 0.8571428657
78361  -33.968  -1.530  6.406 0.8571428657
79364  -34.097  -0.467  6.355 0.8571428657
81170  -33.009  1.943  5.471 0.8571428657
129342  -32.526  3.228  7.307 0.8571428657
127938  -31.081  11.000  9.952 0.5714285970
89747  -30.429  11.727  7.400 0.7142857313
91425  -30.359  13.446  7.273 0.5714285970
93072  -30.507  14.988  8.223 0.2857142985
92259  -30.175  14.550  6.876 0.2857142985
93933  -30.148  16.876  7.883 0.2857142985
79375  -35.571  -0.593  4.464 0.4285714328
65432  -25.545  -15.281  16.521 0.1428571492
70364  -26.735  -10.610  12.027 0.5714285970
132199  -36.476  -5.512  10.804 0.4285714328
79354  -33.822  -0.660  7.283 0.5714285970
84635  -31.631  5.194  6.747 0.8571428657
141125  -30.701  7.735  6.920 0.8571428657
130541  -30.604  17.109  10.175 0.2857142985
125628  -29.889  16.432  7.135 0.2857142985
94715  -30.257  17.600  8.379 0.2857142985
76667  -33.276  -3.756  7.364 0.8571428657
96071  -28.979  19.247  7.115 0.2857142985
125704  -29.614  18.997  7.791 0.2857142985
96066  -30.196  19.765  8.939 0.1428571492
95417  -29.964  18.318  8.028 0.2857142985
95425  -28.279  18.505  5.865 0.2857142985
140504  -30.055  18.844  8.387 0.1428571492
94706  -30.596  18.000  9.987 0.1428571492
93088  -27.687  15.394  3.965 0.2857142985
94734  -28.000  17.022  4.822 0.2857142985
93082  -28.766  15.778  5.168 0.2857142985
96041  -30.303  19.386  10.425 0.1428571492
93083  -29.376  15.267  5.810 0.2857142985
92270  -28.596  14.355  4.834 0.2857142985
92264  -29.173  14.249  5.505 0.2857142985
93941  -29.364  16.915  6.469 0.2857142985
93940  -28.844  17.037  5.798 0.2857142985
90579  -28.902  12.732  5.352 0.2857142985
90600  -27.211  12.537  3.763 0.1428571492
90589  -27.708  12.235  4.274 0.1428571492
130967  -26.578  10.916  3.555 0.1428571492
89765  -27.801  10.989  4.416 0.1428571492
89774  -26.519  11.932  3.359 0.1428571492
137242  -27.753  13.867  4.036 0.1428571492
89746  -29.978  11.296  6.584 0.5714285970
130100  -29.401  11.305  5.874 0.4285714328
90580  -29.441  12.717  5.905 0.5714285970
86350  -27.166  7.569  3.302 0.1428571492
86352  -28.475  6.761  4.317 0.1428571492
89755  -28.841  11.316  5.326 0.2857142985
88905  -27.965  10.136  4.488 0.2857142985
88895  -29.091  10.614  5.523 0.4285714328
88878  -30.538  10.295  7.434 0.7142857313
85489  -29.733  6.515  5.002 0.4285714328
124208  -29.877  8.343  5.714 0.5714285970
84647  -29.039  4.657  4.132 0.5714285970
127214  -30.445  5.894  5.330 0.7142857313
85490  -30.615  6.640  5.828 0.7142857313
87216  -30.446  8.142  6.488 0.7142857313
82965  -29.331  3.857  2.922 0.5714285970
83825  -31.180  4.133  2.604 0.4285714328
84640  -30.644  4.973  5.143 0.8571428657
79342  -33.163  -0.192  8.855 0.5714285970
80253  -32.964  0.736  8.662 0.5714285970
81133  -32.357  1.866  9.880 0.4285714328
81118  -32.310  1.133  10.133 0.4285714328
82951  -32.249  3.246  5.359 0.8571428657
82960  -30.872  3.341  3.756 0.8571428657
82077  -32.137  3.182  2.892 0.4285714328
137036  -33.375  3.889  2.311 0.5714285970
82959  -30.110  3.547  3.874 0.8571428657
82078  -32.666  2.664  2.988 0.7142857313
74900  -30.879  -5.590  10.631 0.5714285970
75795  -31.191  -4.770  11.013 0.4285714328
75804  -32.596  -4.437  8.815 0.7142857313
75797  -32.402  -4.092  9.703 0.7142857313
76649  -32.329  -3.320  10.386 0.4285714328
77493  -32.731  -2.781  10.004 0.5714285970
132356  -33.020  -1.564  9.568 0.5714285970
77492  -31.902  -2.602  11.100 0.4285714328
128348  -30.560  -2.148  12.013 0.2857142985
77513  -33.570  -2.663  7.572 0.7142857313
82079  -34.780  2.005  2.566 0.5714285970
81200  -34.372  2.178  2.413 0.7142857313
73960  -30.265  -6.729  10.185 0.5714285970
73952  -29.520  -6.502  11.527 0.5714285970
121080  -35.654  0.191  6.444 0.4285714328
82062  -35.438  2.710  6.690 0.2857142985
73043  -35.010  -7.865  12.386 0.2857142985
73942  -36.579  -6.242  11.871 0.4285714328
127942  -35.672  -3.136  9.259 0.4285714328
78325  -35.404  -1.566  9.998 0.4285714328
79344  -35.691  -0.301  8.062 0.4285714328
75787  -36.223  -4.707  11.399 0.4285714328
68302  -30.218  -12.315  14.689 0.2857142985
72141  -34.478  -8.569  12.629 0.2857142985
72140  -33.989  -9.360  12.826 0.2857142985
73926  -36.252  -6.228  13.229 0.2857142985
70371  -34.359  -10.514  11.700 0.2857142985
129715  -34.182  -11.096  12.147 0.2857142985
65411  -27.175  -14.852  17.274 0.1428571492
66389  -27.566  -14.428  16.816 0.1428571492
66412  -30.011  -13.773  15.724 0.2857142985
135967  -34.143  -12.205  12.038 0.2857142985
66391  -29.410  -14.675  16.636 0.1428571492
66431  -32.246  -13.894  12.376 0.2857142985
58742  -22.112  -22.305  19.753 0.1428571492
59701  -22.634  -21.874  20.035 0.1428571492
127156  -35.612  1.044  7.144 0.2857142985
144027  -29.497  18.879  11.331 0.1428571492
62520  -23.833  -18.683  19.234 0.1428571492
95388  -29.215  18.343  11.551 0.1428571492
88037  -30.781  9.046  11.687 0.5714285970
86294  -30.398  7.598  12.358 0.4285714328
87175  -31.150  8.638  10.956 0.5714285970
85439  -30.993  6.875  12.007 0.4285714328
86295  -31.109  7.749  11.510 0.5714285970
83767  -31.797  4.606  10.967 0.4285714328
85449  -31.575  6.034  10.946 0.4285714328
133037  -31.218  6.033  11.864 0.4285714328
139901  -31.382  6.538  11.339 0.5714285970
85460  -31.515  7.036  10.153 0.5714285970
86305  -31.380  7.786  10.508 0.5714285970
82027  -32.213  3.153  10.081 0.5714285970
73905  -35.595  -6.501  15.298 0.1428571492
74866  -36.182  -5.644  13.688 0.1428571492
125053  -35.429  -4.174  13.297 0.1428571492
67379  -23.643  -13.393  14.049 0.2857142985
73014  -35.178  -7.017  14.054 0.1428571492
72955  -35.390  -7.198  16.990 0.1428571492
73000  -34.940  -7.612  15.861 0.1428571492
121455  -35.547  -5.766  16.989 0.1428571492
136881  -35.620  -6.315  15.894 0.1428571492
121637  -35.344  -4.945  17.237 0.1428571492
66427  -23.592  -14.370  14.043 0.2857142985
138012  -32.994  -10.547  15.463 0.1428571492
71232  -33.971  -9.143  16.044 0.1428571492
133258  -33.484  -9.441  15.098 0.1428571492
72087  -34.552  -8.340  16.152 0.1428571492
72046  -34.772  -8.664  18.556 0.1428571492
139568  -34.819  -8.334  16.955 0.1428571492
120608  -35.158  -4.957  19.934 0.1428571492
73835  -35.259  -6.389  19.176 0.1428571492
126257  -23.301  -15.209  14.345 0.2857142985
66426  -22.739  -14.403  14.580 0.2857142985
65511  -33.940  -14.385  10.753 0.1428571492
128282  -34.143  -13.190  12.093 0.1428571492
67385  -33.552  -12.887  13.213 0.1428571492
67399  -34.274  -13.163  11.242 0.1428571492
70329  -32.968  -11.128  14.472 0.1428571492
69269  -33.206  -11.096  17.046 0.1428571492
68275  -32.656  -12.523  15.445 0.1428571492
70298  -34.154  -10.171  18.127 0.1428571492
70319  -33.318  -10.416  16.432 0.1428571492
72006  -34.638  -8.460  20.139 0.1428571492
73810  -34.932  -6.585  20.618 0.1428571492
73834  -35.054  -6.703  19.868 0.1428571492
144143  -23.140  -15.715  14.574 0.2857142985
65475  -21.789  -15.099  15.217 0.2857142985
65456  -22.044  -15.887  15.207 0.2857142985
65480  -31.582  -14.998  12.896 0.1428571492
65510  -33.154  -15.439  10.999 0.1428571492
65500  -33.975  -15.033  11.485 0.1428571492
66432  -33.678  -14.288  12.631 0.1428571492
68264  -32.601  -12.857  16.786 0.1428571492
124832  -32.857  -13.084  14.667 0.1428571492
69239  -33.676  -11.363  18.516 0.1428571492
120827  -34.575  -9.186  19.914 0.1428571492
69225  -34.056  -11.145  19.242 0.1428571492
74758  -35.282  -5.402  21.726 0.1428571492
138027  -34.992  -5.857  20.955 0.1428571492
120935  -30.915  -14.937  14.340 0.1428571492
65499  -32.271  -15.669  11.646 0.1428571492
140271  -30.825  -16.401  13.496 0.1428571492
64551  -33.102  -16.774  11.640 0.1428571492
64565  -32.906  -16.606  11.455 0.1428571492
66393  -32.370  -14.314  16.728 0.1428571492
67337  -32.513  -13.702  17.500 0.1428571492
67370  -32.500  -13.943  15.493 0.1428571492
68253  -33.278  -12.167  18.387 0.1428571492
119839  -34.549  -9.035  20.714 0.1428571492
69205  -33.817  -11.981  19.778 0.1428571492
72872  -34.740  -7.336  21.224 0.1428571492
120177  -34.619  -8.279  20.925 0.1428571492
64535  -30.520  -16.977  13.758 0.1428571492
65436  -30.059  -15.060  16.094 0.1428571492
62637  -32.199  -18.037  11.968 0.1428571492
63592  -32.306  -17.437  11.709 0.1428571492
64550  -31.153  -16.954  12.559 0.1428571492
64536  -33.021  -16.965  12.790 0.1428571492
62646  -32.644  -17.260  11.703 0.1428571492
64564  -32.236  -16.692  11.595 0.1428571492
127400  -32.295  -15.036  17.989 0.1428571492
65437  -32.043  -15.807  16.675 0.1428571492
66370  -32.506  -14.305  18.272 0.1428571492
123019  -33.473  -13.027  19.817 0.1428571492
67324  -32.752  -13.528  18.479 0.1428571492
71130  -34.502  -9.799  20.508 0.1428571492
67325  -33.055  -12.871  18.671 0.1428571492
138535  -31.603  -18.678  12.318 0.1428571492
62635  -30.971  -18.429  12.416 0.1428571492
63567  -30.698  -17.702  12.823 0.1428571492
63554  -31.964  -17.677  15.209 0.1428571492
62636  -31.884  -18.851  12.606 0.1428571492
65414  -32.020  -15.743  17.628 0.1428571492
64519  -32.110  -16.827  15.392 0.1428571492
68217  -33.759  -12.635  20.272 0.1428571492
66341  -32.815  -14.182  19.203 0.1428571492
144565  -32.577  -17.666  13.150 0.1428571492
121602  -33.435  -15.673  11.274 0.1428571492
65461  -32.556  -15.500  14.794 0.1428571492
67354  -32.460  -13.618  16.529 0.1428571492
68305  -34.150  -12.558  12.113 0.1428571492
120488  -34.939  -6.763  22.097 0.1428571492
75662  -35.892  -4.025  21.636 0.1428571492
134628  -34.711  -7.856  20.395 0.1428571492
72954  -34.985  -8.102  18.066 0.1428571492
72903  -35.054  -7.222  19.382 0.1428571492
75754  -35.656  -5.031  15.006 0.1428571492
68218  -34.118  -12.023  20.622 0.1428571492
71110  -34.529  -9.696  21.521 0.1428571492
73773  -35.299  -6.089  22.367 0.1428571492
75649  -35.879  -4.674  22.133 0.1428571492
82908  -32.028  3.874  10.536 0.4285714328
138784  -35.529  -4.038  21.242 0.1428571492
74786  -35.094  -5.891  20.094 0.1428571492
74773  -35.145  -5.131  20.807 0.1428571492
75708  -35.299  -4.915  18.177 0.1428571492
75689  -35.143  -4.122  19.618 0.1428571492
121618  -35.020  -3.809  14.201 0.1428571492
76627  -35.288  -3.569  12.586 0.1428571492
135988  -30.488  9.575  12.004 0.4285714328
125444  -30.865  10.599  10.873 0.4285714328
91479  -25.269  13.663  2.099 0.1428571492
88049  -30.953  9.671  11.074 0.4285714328
132452  -22.924  -16.258  14.812 0.2857142985
130189  -26.341  15.336  3.099 0.1428571492
73914  -35.613  -6.541  14.562 0.1428571492
67409  -33.814  -13.501  10.700 0.1428571492
65479  -30.883  -15.688  13.881 0.1428571492
65459  -30.521  -15.404  15.118 0.1428571492
127395  -32.661  -14.657  11.325 0.1428571492
70343  -33.155  -10.352  14.455 0.1428571492
136297  -35.056  -2.178  11.414 0.1428571492
78313  -35.128  -1.510  10.837 0.1428571492
126579  -34.512  -7.949  15.238 0.1428571492
73001  -35.137  -7.171  15.086 0.1428571492
74858  -35.908  -5.622  14.520 0.1428571492
72064  -35.069  -7.729  16.590 0.1428571492
73890  -35.575  -6.444  16.590 0.1428571492
73869  -35.486  -6.514  17.421 0.1428571492
120147  -34.730  -8.705  17.680 0.1428571492
72925  -35.268  -7.337  17.939 0.1428571492
121431  -35.502  -5.148  15.677 0.1428571492
75724  -34.919  -4.049  16.930 0.1428571492
73854  -35.387  -6.473  18.268 0.1428571492
69280  -32.763  -11.761  14.848 0.1428571492
70318  -32.833  -11.126  15.837 0.1428571492
70330  -33.396  -9.876  15.782 0.1428571492
71221  -33.854  -9.674  16.719 0.1428571492
72904  -35.237  -7.083  18.705 0.1428571492
72924  -34.976  -7.841  18.798 0.1428571492
71198  -34.277  -9.535  17.530 0.1428571492
133784  -35.275  -5.554  19.361 0.1428571492
66449  -34.292  -13.833  11.171 0.1428571492
69268  -32.747  -11.888  16.428 0.1428571492
69255  -33.300  -11.547  17.783 0.1428571492
134920  -32.517  -13.216  15.869 0.1428571492
71177  -34.509  -9.433  18.338 0.1428571492
131106  -34.332  -10.638  19.657 0.1428571492
66413  -32.795  -14.655  14.421 0.1428571492
65481  -33.216  -15.505  13.239 0.1428571492
68252  -32.777  -12.867  17.908 0.1428571492
68237  -33.447  -12.534  19.253 0.1428571492
69206  -34.234  -11.263  20.092 0.1428571492
124458  -30.496  -16.256  14.576 0.1428571492
63569  -32.687  -17.519  12.115 0.1428571492
63581  -31.618  -17.663  11.985 0.1428571492
65438  -32.384  -15.050  15.917 0.1428571492
123618  -32.219  -15.064  17.110 0.1428571492
65460  -32.224  -15.994  15.632 0.1428571492
63555  -32.435  -17.273  14.206 0.1428571492
67306  -33.132  -13.311  19.231 0.1428571492
67288  -33.589  -13.374  20.438 0.1428571492
63568  -32.194  -18.093  13.990 0.1428571492
57686  -19.935  -23.023  18.217 0.1428571492
58768  -20.531  -21.769  17.886 0.1428571492
59747  -19.684  -21.265  17.817 0.1428571492
59748  -20.355  -21.240  17.566 0.1428571492
125845  -21.177  -19.864  16.697 0.1428571492
62589  -21.319  -18.875  16.405 0.1428571492
62588  -20.783  -18.452  16.538 0.1428571492
131613  -20.862  -16.944  16.207 0.1428571492
63538  -21.360  -18.032  16.196 0.1428571492
127398  -21.852  -17.322  15.718 0.1428571492
62587  -20.076  -18.400  16.925 0.1428571492
133021  -20.005  -16.988  16.640 0.1428571492
64514  -21.511  -16.404  15.665 0.1428571492
65454  -20.374  -15.388  16.140 0.1428571492
66406  -20.552  -14.652  15.896 0.1428571492
67366  -21.417  -13.674  15.243 0.1428571492
66407  -21.256  -14.489  15.470 0.1428571492
67377  -22.174  -13.622  14.860 0.2857142985
67378  -22.936  -13.537  14.490 0.1428571492
67394  -24.331  -13.375  13.547 0.1428571492
133625  -22.395  -12.947  14.754 0.2857142985
69310  -24.934  -11.850  13.348 0.2857142985
72138  -27.557  -8.590  12.415 0.4285714328
72146  -28.465  -8.462  10.901 0.4285714328
73050  -28.707  -7.641  11.458 0.4285714328
82013  -32.072  2.387  10.608 0.2857142985
82907  -31.593  3.898  11.567 0.2857142985
86304  -27.148  7.179  11.649 0.2857142985
86292  -28.054  7.395  12.294 0.2857142985
87163  -29.752  8.279  12.543 0.2857142985
87149  -29.638  8.961  12.537 0.4285714328
66425  -21.974  -14.424  15.016 0.1428571492
68298  -21.588  -12.789  15.012 0.1428571492
68300  -23.062  -12.605  14.507 0.2857142985
68315  -24.598  -12.613  13.423 0.1428571492
61601  -20.360  -19.892  17.050 0.1428571492
63537  -20.419  -17.723  16.588 0.1428571492
67365  -20.565  -13.739  15.628 0.1428571492
69294  -21.862  -11.452  14.628 0.2857142985
69309  -23.454  -11.933  14.393 0.2857142985
69295  -22.703  -11.698  14.623 0.2857142985
133308  -23.204  -11.043  14.581 0.2857142985
133911  -24.141  -11.689  14.062 0.2857142985
128568  -25.276  -11.101  13.349 0.2857142985
71258  -26.235  -9.899  13.001 0.4285714328
72122  -26.322  -8.253  13.728 0.2857142985
81117  -32.108  1.661  10.571 0.2857142985
82000  -30.483  2.500  12.303 0.2857142985
82896  -31.824  3.179  11.098 0.2857142985
82895  -30.016  3.421  12.513 0.2857142985
126460  -31.050  3.894  12.438 0.2857142985
84604  -31.545  5.326  11.465 0.2857142985
129978  -29.273  6.100  12.626 0.2857142985
84603  -26.428  5.714  10.803 0.2857142985
86293  -29.266  7.439  12.611 0.2857142985
131769  -24.656  -11.136  13.885 0.2857142985
81102  -31.698  1.768  11.253 0.2857142985
131419  -31.214  3.216  12.152 0.2857142985
81100  -29.859  1.622  12.232 0.2857142985
83758  -29.124  4.145  12.361 0.2857142985
132994  -27.679  4.875  11.573 0.2857142985
140437  -29.566  4.804  12.595 0.2857142985
131144  -28.591  4.836  12.178 0.2857142985
84590  -27.254  5.664  11.430 0.2857142985
131491  -30.363  6.091  12.546 0.2857142985
82893  -27.728  3.330  11.395 0.2857142985
83766  -27.287  4.089  11.110 0.2857142985
71267  -26.842  -9.041  12.951 0.4285714328
72145  -27.905  -9.006  11.307 0.4285714328
64515  -22.359  -16.765  15.274 0.1428571492
60635  -20.755  -20.585  17.100 0.1428571492
85438  -29.891  6.798  12.609 0.2857142985
84592  -29.406  5.430  12.591 0.2857142985
65455  -21.185  -15.415  15.666 0.1428571492
58766  -19.970  -22.094  17.941 0.1428571492
61618  -20.706  -19.169  16.696 0.1428571492
64499  -20.009  -16.153  16.434 0.1428571492
64513  -20.773  -16.058  16.003 0.1428571492
68299  -22.195  -12.229  14.778 0.2857142985
127216  -26.115  -9.002  13.643 0.4285714328
85436  -27.661  6.482  11.878 0.2857142985
70356  -25.496  -10.274  13.514 0.4285714328
132671  -26.839  4.878  10.928 0.2857142985
73938  -27.742  -6.694  13.068 0.2857142985
73041  -27.719  -7.664  12.805 0.2857142985
96091  -23.678  19.664  2.483 0.1428571492
95440  -23.648  18.060  1.988 0.1428571492
94738  -25.109  17.683  3.264 0.1428571492
94739  -25.976  17.038  3.367 0.1428571492
93960  -26.188  16.298  3.229 0.1428571492
96752  -23.564  20.095  1.844 0.1428571492
140605  -26.270  17.597  3.746 0.1428571492
95431  -26.989  19.198  4.930 0.1428571492
97376  -26.615  21.308  4.840 0.1428571492
73939  -28.419  -6.301  12.662 0.2857142985
73940  -29.133  -5.996  12.314 0.2857142985
140892  -24.936  15.604  2.473 0.1428571492
94743  -23.624  17.206  1.922 0.1428571492
93961  -26.972  15.891  3.515 0.1428571492
93969  -24.709  16.249  2.543 0.1428571492
93952  -27.436  16.259  3.966 0.1428571492
119412  -26.713  18.106  4.300 0.1428571492
93951  -26.802  16.807  3.693 0.1428571492
96082  -25.692  19.281  4.008 0.1428571492
96746  -26.073  20.724  4.433 0.1428571492
96083  -26.409  19.788  4.605 0.1428571492
96079  -27.276  19.854  5.307 0.1428571492
96738  -27.799  20.312  6.026 0.1428571492
94733  -26.983  17.452  4.115 0.1428571492
72139  -28.211  -8.156  11.962 0.2857142985
136455  -24.305  18.408  2.983 0.1428571492
96748  -23.986  20.188  3.013 0.1428571492
94744  -24.034  17.663  2.437 0.1428571492
95437  -25.881  18.400  3.872 0.1428571492
95436  -24.973  18.779  3.477 0.1428571492
97389  -23.718  21.753  2.041 0.1428571492
123729  -26.465  18.878  4.470 0.1428571492
93968  -23.850  16.593  2.091 0.1428571492
81997  -27.429  2.549  11.014 0.1428571492
81999  -29.269  2.541  12.243 0.1428571492
82894  -28.664  3.359  12.031 0.1428571492
84622  -22.986  5.810  8.407 0.1428571492
85458  -24.311  6.368  9.055 0.1428571492
86314  -24.287  7.278  9.346 0.1428571492
86315  -25.060  7.355  10.107 0.1428571492
87186  -24.639  8.197  9.887 0.2857142985
76636  -31.015  -3.501  11.739 0.2857142985
77465  -29.861  -3.084  12.364 0.1428571492
130749  -29.702  -0.229  12.099 0.1428571492
80221  -30.949  0.538  11.840 0.1428571492
81099  -28.695  1.765  11.867 0.1428571492
84659  -34.017  4.829  3.746 0.1428571492
82906  -27.024  3.284  10.715 0.1428571492
85448  -26.810  6.426  11.319 0.1428571492
87174  -26.588  7.847  11.420 0.1428571492
87173  -25.868  8.274  10.991 0.1428571492
88035  -26.830  9.415  11.657 0.2857142985
90528  -27.372  12.872  12.161 0.2857142985
134812  -26.190  12.275  11.454 0.2857142985
91397  -27.775  13.713  12.262 0.2857142985
93041  -24.411  15.542  11.431 0.1428571492
88028  -29.169  9.518  12.546 0.2857142985
127283  -28.427  10.085  12.454 0.2857142985
142005  -30.125  11.557  11.812 0.2857142985
89699  -28.382  11.498  12.398 0.2857142985
132901  -26.316  11.464  11.485 0.2857142985
89701  -29.895  12.241  11.901 0.2857142985
128778  -27.870  12.191  12.338 0.2857142985
132228  -26.880  12.166  11.947 0.2857142985
91395  -26.269  13.610  11.421 0.2857142985
94687  -27.941  17.400  11.840 0.1428571492
89710  -25.474  12.016  11.069 0.1428571492
127740  -24.882  11.324  10.730 0.1428571492
87172  -25.255  8.694  10.557 0.2857142985
90526  -25.808  12.906  11.193 0.2857142985
91396  -26.842  14.129  11.937 0.1428571492
137059  -26.421  15.375  11.203 0.1428571492
92238  -25.508  14.664  10.675 0.1428571492
144170  -22.586  7.959  8.829 0.2857142985
91410  -24.651  13.522  10.739 0.1428571492
93032  -23.624  15.575  12.247 0.1428571492
92237  -24.899  14.339  10.705 0.1428571492
119025  -19.731  7.975  10.414 0.1428571492
84649  -33.796  5.624  4.309 0.1428571492
82946  -35.196  3.474  6.470 0.1428571492
79308  -30.182  -0.858  12.063 0.1428571492
132971  -28.263  1.001  11.483 0.1428571492
84650  -34.222  5.253  4.616 0.1428571492
81115  -26.657  1.472  10.380 0.1428571492
82919  -25.213  3.003  9.338 0.1428571492
131986  -25.280  3.793  9.392 0.1428571492
83765  -26.483  4.038  10.361 0.1428571492
84623  -23.804  5.240  8.497 0.1428571492
84601  -25.544  5.890  10.163 0.1428571492
86321  -22.307  7.494  8.724 0.1428571492
86303  -26.430  7.059  11.273 0.1428571492
86313  -23.818  8.071  9.326 0.2857142985
88048  -25.972  9.953  11.234 0.1428571492
88839  -26.812  10.518  11.739 0.2857142985
88851  -25.980  10.719  11.232 0.1428571492
89698  -27.309  11.414  12.116 0.1428571492
91394  -24.140  14.062  11.154 0.1428571492
92224  -25.079  15.100  10.726 0.1428571492
93042  -25.179  15.803  10.855 0.1428571492
82952  -34.675  4.099  4.804 0.1428571492
83810  -34.384  4.463  4.131 0.1428571492
84642  -34.403  5.470  5.430 0.1428571492
90529  -29.507  13.004  12.082 0.2857142985
126266  -27.115  15.735  11.722 0.1428571492
119591  -25.654  16.339  10.942 0.1428571492
139616  -27.513  14.477  12.203 0.2857142985
136664  -25.797  15.436  10.720 0.1428571492
94686  -26.824  17.553  11.558 0.1428571492
88833  -29.963  10.006  12.326 0.2857142985
78311  -30.656  -1.455  11.938 0.1428571492
78310  -29.819  -1.584  12.150 0.1428571492
121707  -30.496  11.110  11.430 0.2857142985
131988  -31.332  1.147  11.567 0.1428571492
82054  -35.435  2.570  7.540 0.1428571492
88832  -29.295  10.270  12.453 0.2857142985
137726  -27.406  7.857  11.822 0.1428571492
144247  -28.783  8.005  12.545 0.1428571492
125341  -28.009  8.277  12.264 0.1428571492
81098  -27.832  1.796  11.259 0.1428571492
83776  -25.645  4.292  9.781 0.1428571492
82026  -25.977  2.692  9.882 0.1428571492
131303  -27.211  1.860  10.750 0.1428571492
129284  -25.272  5.065  9.608 0.1428571492
84615  -24.823  5.775  9.375 0.1428571492
86323  -23.709  6.794  8.787 0.1428571492
85446  -25.445  6.732  10.358 0.1428571492
128584  -29.082  1.031  11.997 0.1428571492
86302  -25.786  7.389  10.825 0.1428571492
80219  -28.822  0.171  11.843 0.1428571492
87161  -27.213  8.542  11.767 0.2857142985
122203  -25.906  9.080  11.134 0.2857142985
133962  -27.542  9.980  12.123 0.2857142985
88036  -27.961  9.205  12.290 0.2857142985
90527  -26.531  12.863  11.706 0.2857142985
126052  -28.439  12.961  12.324 0.2857142985
121561  -26.900  13.424  11.982 0.2857142985
125922  -24.015  16.200  12.090 0.1428571492
88840  -27.860  10.719  12.317 0.2857142985
88841  -28.902  10.840  12.456 0.2857142985
138590  -29.409  11.550  12.239 0.2857142985
89700  -28.957  12.250  12.320 0.2857142985
89711  -25.569  11.195  11.053 0.1428571492
92239  -26.168  14.579  11.081 0.1428571492
91411  -25.489  13.801  10.839 0.2857142985
126757  -27.275  18.146  11.648 0.1428571492
88047  -25.232  9.531  10.701 0.1428571492
69293  -21.000  -11.290  14.561 0.1428571492
70341  -22.296  -10.971  14.531 0.1428571492
70354  -22.241  -10.123  14.283 0.1428571492
70338  -19.974  -9.853  13.906 0.1428571492
143617  -20.654  -8.880  13.313 0.1428571492
71266  -21.552  -8.723  13.177 0.1428571492
71254  -21.835  -9.280  13.644 0.1428571492
72137  -22.497  -7.961  12.783 0.1428571492
71255  -22.795  -9.393  14.176 0.1428571492
121278  -23.833  -9.770  14.481 0.1428571492
73039  -23.003  -7.489  12.406 0.1428571492
72120  -24.485  -8.523  14.246 0.1428571492
71257  -25.434  -9.366  13.961 0.1428571492
73024  -24.527  -7.664  13.757 0.1428571492
72121  -25.480  -8.383  14.097 0.1428571492
73038  -22.187  -7.583  12.246 0.1428571492
73040  -23.872  -7.238  12.871 0.1428571492
73026  -26.390  -7.388  13.680 0.1428571492
73937  -26.855  -6.240  13.328 0.1428571492
74878  -28.456  -5.318  12.771 0.1428571492
74880  -29.841  -4.949  12.194 0.1428571492
87185  -23.868  8.828  9.557 0.1428571492
70355  -24.764  -10.337  14.075 0.1428571492
69292  -20.181  -11.158  14.608 0.1428571492
126842  -19.876  -10.516  14.325 0.1428571492
70353  -21.263  -9.824  13.823 0.1428571492
90541  -25.077  12.862  10.799 0.1428571492
75771  -30.135  -4.345  12.206 0.1428571492
72123  -27.074  -8.040  13.292 0.1428571492
70340  -21.520  -10.652  14.302 0.1428571492
130198  -24.038  -10.701  14.391 0.1428571492
71256  -24.592  -9.462  14.335 0.1428571492
73925  -27.091  -7.132  13.382 0.1428571492
70339  -20.575  -10.371  14.128 0.1428571492
71251  -20.135  -9.014  13.526 0.1428571492
72119  -22.441  -8.628  13.398 0.1428571492
73023  -23.430  -8.002  13.409 0.1428571492
132154  -23.529  -8.855  14.161 0.1428571492
73922  -24.764  -6.934  13.317 0.1428571492
73037  -21.438  -7.592  12.336 0.1428571492
68296  -19.776  -11.661  15.040 0.1428571492
61620  -22.174  -19.254  16.601 0.2857142985
61652  -30.993  -19.240  12.480 0.1428571492
62605  -21.893  -18.701  16.197 0.2857142985
62606  -22.373  -18.566  16.266 0.2857142985
62625  -32.287  -18.251  12.702 0.1428571492
62645  -31.760  -18.160  11.992 0.1428571492
64503  -31.891  -16.469  16.288 0.1428571492
64520  -32.603  -16.331  14.250 0.1428571492
65391  -32.470  -14.967  18.816 0.1428571492
65476  -22.545  -15.304  14.781 0.2857142985
65497  -25.332  -14.781  13.770 0.5714285970
65498  -31.427  -16.093  12.596 0.1428571492
65512  -33.857  -13.569  10.596 0.1428571492
66369  -28.026  -14.755  17.219 0.1428571492
66411  -28.419  -13.670  16.195 0.1428571492
66429  -26.330  -13.996  14.166 0.4285714328
66448  -33.157  -13.787  11.120 0.1428571492
66450  -34.073  -13.571  10.638 0.1428571492
66458  -33.609  -14.125  10.763 0.1428571492
66465  -33.790  -13.314  10.597 0.1428571492
67368  -28.988  -13.188  15.778 0.2857142985
67408  -26.448  -13.178  12.585 0.5714285970
68287  -33.344  -12.335  13.552 0.1428571492
68314  -23.867  -12.584  14.001 0.1428571492
68329  -27.807  -12.152  12.417 0.5714285970
68334  -27.275  -12.184  11.930 0.5714285970
69224  -33.673  -11.838  19.042 0.1428571492
69315  -34.114  -11.382  12.115 0.2857142985
69324  -26.303  -11.961  12.108 0.5714285970
69328  -33.207  -11.500  12.032 0.2857142985
69330  -34.214  -11.020  11.777 0.4285714328
69335  -27.292  -11.631  11.625 0.5714285970
70207  -34.421  -10.549  20.305 0.1428571492
70242  -34.359  -10.213  18.969 0.1428571492
70272  -34.005  -10.732  18.579 0.1428571492
70297  -33.668  -10.838  17.934 0.1428571492
70369  -33.785  -11.081  11.520 0.5714285970
70370  -34.290  -10.886  11.832 0.2857142985
70375  -27.810  -10.531  11.093 0.7142857313
70383  -29.209  -9.882  10.347 0.7142857313
70384  -30.058  -9.791  10.617 0.7142857313
71152  -34.476  -9.958  19.736 0.1428571492
71197  -33.753  -10.270  17.337 0.1428571492
71222  -34.415  -8.961  16.870 0.1428571492
71243  -33.358  -9.800  14.144 0.2857142985
71253  -21.102  -9.110  13.357 0.1428571492
71270  -32.478  -10.254  11.842 0.4285714328
71271  -34.015  -10.455  12.522 0.2857142985
71273  -27.819  -9.804  10.983 0.7142857313
72022  -34.715  -8.556  19.354 0.1428571492
72099  -34.000  -8.682  15.301 0.1428571492
72124  -33.723  -8.873  13.768 0.2857142985
72152  -29.179  -8.554  9.898 0.5714285970
72156  -35.081  -9.380  10.257 0.5714285970
72884  -34.860  -7.282  20.163 0.1428571492
72982  -35.453  -7.032  16.053 0.1428571492
73013  -34.551  -7.687  14.322 0.2857142985
73025  -25.510  -7.495  13.853 0.1428571492
73028  -35.474  -6.939  13.020 0.2857142985
73042  -28.366  -7.253  12.388 0.2857142985
73044  -35.592  -7.337  11.954 0.4285714328
73058  -30.122  -7.404  9.697 0.4285714328
73059  -35.437  -8.846  9.924 0.5714285970
73791  -34.941  -6.334  21.508 0.1428571492
73927  -36.523  -6.120  12.513 0.2857142985
73959  -29.672  -7.084  10.513 0.5714285970
73973  -31.347  -6.417  8.899 0.5714285970
73974  -32.013  -6.514  8.266 0.8571428657
74793  -35.375  -5.655  18.626 0.1428571492
74808  -35.448  -5.710  17.782 0.1428571492
74832  -35.557  -5.657  16.214 0.1428571492
74851  -35.721  -5.781  15.350 0.1428571492
74879  -29.246  -5.140  12.476 0.1428571492
74918  -35.345  -5.988  7.488 0.7142857313
74924  -34.389  -5.821  6.664 0.8571428657
74925  -35.158  -5.609  6.692 0.7142857313
74931  -33.742  -5.336  6.390 0.7142857313
74933  -35.131  -4.946  6.162 0.7142857313
75676  -35.295  -4.219  20.635 0.1428571492
75697  -35.262  -4.885  19.054 0.1428571492
75743  -35.284  -4.492  15.504 0.1428571492
75772  -35.869  -4.385  12.419 0.2857142985
75785  -30.791  -4.252  11.718 0.1428571492
75812  -33.080  -4.579  7.317 0.8571428657
75827  -34.512  -4.669  5.761 0.8571428657
75828  -35.049  -4.293  5.593 0.8571428657
75832  -34.020  -4.246  5.594 0.8571428657
76683  -34.811  -3.787  5.009 0.8571428657
76684  -35.173  -3.596  5.157 0.8571428657
76687  -34.586  -3.305  4.698 0.8571428657
76688  -34.979  -3.208  4.609 0.8571428657
77464  -29.152  -2.972  12.408 0.1428571492
77479  -30.469  -2.901  12.112 0.4285714328
77502  -33.111  -2.539  9.410 0.7142857313
77519  -33.509  -3.169  5.792 0.8571428657
77529  -34.207  -3.097  4.743 1.0000000000
77533  -34.962  -1.750  3.364 0.8571428657
78324  -32.667  -2.039  10.169 0.5714285970
78336  -35.568  -1.632  9.110 0.4285714328
78357  -35.671  -1.865  7.237 0.5714285970
78362  -34.086  -1.349  5.391 0.8571428657
78374  -34.465  -1.906  3.765 0.8571428657
78375  -35.151  -1.413  3.242 0.8571428657
78380  -34.924  -1.353  3.105 0.8571428657
78383  -35.160  -1.006  2.761 0.8571428657
79320  -31.914  -0.340  11.074 0.5714285970
79343  -33.628  -0.841  8.151 0.5714285970
79384  -34.942  -0.917  2.918 0.8571428657
79385  -35.141  -0.923  2.808 0.8571428657
80220  -29.944  0.591  12.139 0.1428571492
80233  -32.175  0.438  10.578 0.2857142985
80289  -35.289  -0.448  2.799 0.8571428657
80290  -35.239  -0.300  2.919 0.8571428657
81101  -30.995  1.769  11.982 0.1428571492
81116  -27.356  1.010  10.860 0.1428571492
81172  -35.547  1.898  6.904 0.1428571492
81186  -33.865  1.391  3.562 0.8571428657
81194  -34.805  1.409  2.681 0.7142857313
81998  -28.221  2.564  11.625 0.1428571492
82001  -31.476  2.464  11.657 0.2857142985
82012  -26.702  2.429  10.402 0.1428571492
82028  -32.547  2.160  9.031 0.8571428657
82067  -31.865  3.226  4.347 0.8571428657
82073  -32.478  2.615  3.895 0.8571428657
82080  -35.177  2.077  3.149 0.5714285970
82083  -33.086  2.892  2.430 0.4285714328
82084  -33.920  2.754  2.185 0.5714285970
82085  -34.367  2.654  2.331 0.5714285970
82905  -26.424  3.200  10.233 0.1428571492
82920  -25.847  3.509  9.836 0.1428571492
82921  -32.304  3.833  9.542 0.2857142985
82932  -24.694  3.731  8.891 0.1428571492
82934  -32.510  3.336  8.120 0.7142857313
82941  -35.289  3.345  7.291 0.1428571492
82950  -31.845  3.815  5.252 0.8571428657
82957  -28.641  4.033  3.035 0.2857142985
82958  -29.343  3.793  3.378 0.5714285970
82962  -34.941  2.763  3.713 0.4285714328
82975  -29.187  4.298  2.638 0.2857142985
82977  -31.636  3.644  2.757 0.4285714328
82979  -33.450  3.311  2.243 0.5714285970
83757  -28.106  4.112  11.770 0.2857142985
83759  -30.332  4.349  12.631 0.2857142985
83760  -31.342  4.571  12.051 0.4285714328
83801  -30.397  4.045  4.480 0.8571428657
83808  -28.744  4.196  3.454 0.5714285970
83816  -28.206  4.441  2.850 0.2857142985
83817  -32.986  4.523  2.720 0.4285714328
83818  -33.731  4.337  2.862 0.4285714328
83819  -34.257  4.053  3.076 0.2857142985
83823  -28.437  4.604  2.617 0.2857142985
83824  -30.065  4.214  2.634 0.2857142985
84591  -28.266  5.686  12.151 0.2857142985
84593  -30.747  5.253  12.517 0.2857142985
84602  -26.020  4.964  10.291 0.1428571492
84614  -24.281  5.715  8.811 0.1428571492
84624  -24.617  5.113  8.924 0.1428571492
84625  -31.858  5.448  8.345 0.8571428657
84667  -28.805  4.885  2.454 0.1428571492
84669  -31.250  4.777  2.633 0.1428571492
85437  -28.666  6.625  12.516 0.2857142985
85447  -26.062  6.525  10.803 0.1428571492
85459  -24.918  6.562  9.726 0.1428571492
85470  -23.676  6.090  8.597 0.1428571492
85509  -32.301  6.131  3.724 0.1428571492
85515  -27.631  6.011  2.908 0.1428571492
86322  -23.233  7.546  8.848 0.1428571492
86325  -31.303  7.062  8.313 0.8571428657
87150  -30.300  8.941  12.316 0.5714285970
87160  -26.467  8.633  11.404 0.2857142985
87162  -28.882  8.697  12.551 0.4285714328
87164  -30.715  8.381  11.993 0.5714285970
87215  -29.550  9.162  5.730 0.2857142985
88029  -29.961  9.404  12.428 0.4285714328
88107  -25.851  9.831  2.587 0.1428571492
88842  -29.889  10.826  12.130 0.2857142985
88843  -30.505  10.312  11.688 0.4285714328
88885  -29.613  10.555  6.117 0.4285714328
88904  -27.337  10.067  4.131 0.2857142985
89756  -29.135  12.016  5.623 0.4285714328
89773  -26.033  11.092  3.042 0.1428571492
90550  -30.775  12.514  8.742 0.7142857313
91433  -30.137  13.226  6.777 0.5714285970
91443  -29.262  13.417  5.641 0.2857142985
91453  -27.736  13.098  4.158 0.1428571492
91467  -27.192  13.556  3.609 0.1428571492
92225  -26.889  14.927  11.879 0.1428571492
92227  -30.188  14.564  11.538 0.7142857313
92260  -30.141  13.873  6.801 0.4285714328
92269  -28.043  14.503  4.259 0.2857142985
93053  -30.579  15.412  10.661 0.4285714328
93071  -30.292  15.097  7.331 0.2857142985
93093  -25.545  15.906  2.815 0.1428571492
93953  -28.080  16.194  4.552 0.2857142985
93959  -25.333  16.692  3.026 0.1428571492
94716  -30.415  18.318  8.974 0.1428571492
94728  -28.268  17.565  5.398 0.2857142985
94745  -24.576  16.977  2.680 0.1428571492
95400  -29.897  18.386  11.156 0.1428571492
95411  -30.518  18.854  9.820 0.1428571492
95428  -27.567  18.954  5.379 0.2857142985
95441  -23.809  18.691  2.463 0.1428571492
96072  -29.458  19.784  7.741 0.1428571492
96074  -27.961  19.429  5.942 0.2857142985
96753  -23.617  20.678  2.340 0.1428571492
119502  -34.806  -7.875  19.680 0.1428571492
120297  -35.701  -4.827  14.109 0.1428571492
121081  -35.664  0.297  7.552 0.2857142985
121082  -35.655  -1.185  6.692 0.4285714328
121280  -31.143  -7.649  8.970 0.7142857313
123305  -33.222  -13.642  13.801 0.1428571492
123309  -27.770  -11.192  11.319 0.7142857313
123664  -27.179  18.522  4.842 0.1428571492
123711  -34.599  -9.337  19.134 0.1428571492
124356  -35.550  -2.338  9.633 0.4285714328
124437  -35.178  -0.861  10.355 0.1428571492
124475  -25.328  7.990  10.459 0.1428571492
124839  -31.916  1.115  10.926 0.4285714328
125048  -32.175  3.662  5.958 0.8571428657
125499  -35.454  -4.554  21.403 0.1428571492
125576  -35.089  0.485  2.941 0.5714285970
125664  -35.077  -7.912  17.375 0.1428571492
125968  -29.702  17.137  7.193 0.2857142985
126835  -30.633  -6.230  10.224 0.4285714328
126907  -36.082  -7.246  10.548 0.4285714328
127578  -35.685  -3.262  8.342 0.4285714328
127920  -24.687  -14.062  13.375 0.5714285970
127937  -30.661  14.089  9.606 0.7142857313
128625  -33.387  -16.121  12.003 0.1428571492
129239  -30.633  1.142  12.003 0.1428571492
129606  -28.796  10.009  5.284 0.2857142985
129941  -36.056  -6.124  14.138 0.1428571492
130565  -31.411  7.115  11.071 0.5714285970
130687  -29.655  15.977  6.452 0.2857142985
130890  -35.420  0.817  3.467 0.5714285970
131141  -30.709  10.985  7.903 0.7142857313
131526  -35.645  -5.532  8.205 0.7142857313
131823  -34.480  4.829  4.952 0.1428571492
131922  -29.909  12.691  6.499 0.7142857313
132818  -34.575  -8.813  21.423 0.1428571492
133065  -30.561  -0.138  11.952 0.2857142985
134285  -32.441  -1.098  10.428 0.5714285970
136197  -34.655  -8.143  21.833 0.1428571492
136410  -26.739  -11.412  11.856 0.5714285970
136577  -35.837  -6.122  14.788 0.1428571492
137194  -34.519  -9.664  11.738 0.2857142985
137824  -23.205  -10.159  14.524 0.1428571492
138149  -35.348  -4.387  14.805 0.1428571492
138233  -21.256  -19.347  16.519 0.1428571492
138244  -32.910  -12.157  17.453 0.1428571492
139170  -30.562  13.422  10.751 0.5714285970
139555  -34.518  -10.602  21.537 0.1428571492
140921  -29.493  13.862  5.883 0.2857142985
141327  -35.823  -6.099  9.190 0.7142857313
141791  -30.409  -9.516  10.360 0.7142857313
141875  -33.007  -11.665  17.220 0.1428571492
142178  -26.605  -15.127  17.391 0.1428571492
142368  -32.373  -14.480  17.544 0.1428571492
142397  -25.103  -9.863  14.012 0.1428571492
142702  -29.664  4.002  2.732 0.2857142985
142913  -28.400  11.347  4.838 0.2857142985
142992  -33.098  -7.119  7.913 0.7142857313
143323  -34.729  -10.215  10.985 0.2857142985
143345  -32.376  -2.505  10.541 0.5714285970
143360  -35.159  -2.693  4.309 0.8571428657
143766  -31.533  6.606  10.716 0.5714285970
144002  -33.618  -12.542  19.789 0.1428571492
144100  -33.105  -16.275  13.090 0.1428571492
144566  -27.700  11.657  4.331 0.1428571492
