#!ascii label  , from subject sub-v2s10x28935_ses-1 vox2ras=TkReg
1755
33939  30.140  -42.600  25.608 0.8999999762
33004  30.525  -43.277  25.263 0.8000000119
33954  31.398  -42.480  24.467 0.8000000119
133831  32.007  -43.993  23.783 0.6999999881
33029  31.993  -43.320  23.213 0.8000000119
33005  29.645  -43.333  25.498 0.8999999762
33955  30.938  -42.515  25.160 1.0000000000
34871  31.107  -41.753  24.880 1.0000000000
34870  31.383  -41.727  24.083 0.8999999762
33964  31.649  -42.488  23.646 0.8000000119
33042  31.827  -43.186  22.386 0.8000000119
33973  31.629  -42.529  22.739 0.8999999762
33052  31.690  -43.586  21.627 0.8000000119
33053  31.010  -43.066  21.091 0.6999999881
32094  30.862  -44.121  20.057 0.6999999881
33941  28.344  -42.689  25.925 0.8000000119
33940  29.250  -42.666  25.869 0.8999999762
33926  28.854  -41.989  26.308 0.8999999762
33927  27.930  -42.024  26.280 0.8999999762
33943  26.234  -42.567  25.410 0.8999999762
130934  30.548  -41.821  25.531 0.8999999762
34852  30.731  -41.035  25.278 1.0000000000
34882  31.388  -41.725  23.156 0.8999999762
35806  30.738  -40.278  23.344 1.0000000000
34893  30.770  -40.950  22.639 0.8999999762
125841  31.006  -41.911  22.169 0.8999999762
33984  30.699  -42.344  21.410 0.8000000119
33067  30.111  -43.796  19.733 0.6999999881
35760  29.105  -40.470  26.886 0.8999999762
34840  28.358  -41.219  26.739 0.8999999762
136937  27.478  -41.479  26.494 0.8999999762
34841  26.751  -41.207  26.355 0.8999999762
34855  26.111  -41.591  25.784 0.8999999762
34839  29.408  -41.215  26.475 0.8999999762
34838  30.216  -41.131  25.982 0.8999999762
128295  31.031  -41.023  24.492 1.0000000000
142098  30.512  -41.860  21.597 0.8000000119
132465  29.955  -41.876  21.090 0.8000000119
33061  29.754  -43.128  20.044 0.8000000119
33993  28.641  -42.039  20.074 0.8000000119
33069  28.823  -43.471  19.051 0.8000000119
33070  28.294  -42.910  19.016 0.8000000119
130150  25.425  -41.020  25.634 0.8999999762
34872  24.304  -41.750  24.932 0.8999999762
36712  28.911  -39.789  27.218 0.8999999762
35778  24.923  -40.399  25.636 0.8999999762
34857  23.925  -41.015  25.080 0.8000000119
33957  23.636  -42.355  24.630 0.8000000119
35759  29.894  -40.418  26.386 0.8999999762
35795  23.499  -40.293  25.077 0.6999999881
133695  22.957  -41.726  24.721 0.6999999881
34875  22.167  -41.835  24.577 0.6999999881
36710  30.210  -39.635  26.229 0.8999999762
136411  21.765  -41.142  24.379 0.6999999881
34885  20.819  -41.888  23.852 0.6999999881
36734  30.452  -39.514  25.567 1.0000000000
142441  20.674  -41.236  23.515 0.6000000238
35775  30.692  -40.180  24.860 1.0000000000
132060  30.658  -39.660  23.950 1.0000000000
35816  30.289  -40.046  22.611 1.0000000000
34901  30.330  -41.334  21.754 0.8999999762
36794  30.423  -39.656  23.188 1.0000000000
35832  30.047  -40.513  21.911 0.8999999762
142408  28.083  -41.731  19.859 0.8000000119
34001  28.192  -42.275  19.487 0.8000000119
34002  27.052  -41.654  18.994 0.8000000119
34910  27.681  -41.269  19.929 0.8000000119
34925  26.434  -41.434  18.603 0.8000000119
124925  28.229  -40.295  27.172 0.8999999762
35776  26.026  -40.784  26.117 0.8999999762
36713  27.303  -39.954  27.170 0.8999999762
35762  26.612  -40.411  26.649 0.8999999762
35763  25.880  -40.034  26.357 0.8999999762
133462  24.520  -39.816  25.642 0.8999999762
36711  29.597  -39.731  26.786 0.8999999762
34874  22.472  -41.067  24.661 0.6999999881
129551  29.964  -39.093  26.686 0.8999999762
35797  22.072  -40.392  24.443 0.6000000238
35807  21.444  -40.442  24.053 0.6000000238
37779  30.356  -38.762  26.142 1.0000000000
35819  19.803  -40.916  22.245 0.5000000000
36756  30.542  -39.241  24.769 1.0000000000
35835  19.948  -40.107  22.299 0.5000000000
37829  30.432  -38.801  24.009 1.0000000000
36777  30.316  -39.161  23.420 1.0000000000
36795  29.943  -39.196  22.708 1.0000000000
35833  29.375  -40.218  21.515 0.8999999762
34903  28.738  -40.975  20.787 0.8000000119
36817  28.873  -39.529  21.427 0.8999999762
36831  28.079  -39.770  20.792 0.8000000119
35843  28.201  -40.593  20.601 0.8000000119
36832  27.531  -39.046  20.655 0.8999999762
126860  27.372  -39.678  20.429 0.8000000119
37878  27.106  -38.368  20.430 0.8999999762
35845  26.949  -40.063  20.090 0.8000000119
35857  25.964  -40.186  19.138 0.8000000119
142287  25.219  -39.097  18.876 0.8000000119
36857  25.107  -39.741  18.606 0.8000000119
36735  25.146  -39.712  26.013 0.8999999762
36693  28.166  -39.341  27.492 0.8999999762
37768  27.678  -38.498  27.720 0.8999999762
36736  24.499  -39.056  25.774 0.6999999881
127832  23.059  -39.539  24.876 0.8000000119
37780  29.954  -38.356  26.930 0.8999999762
38845  29.223  -38.047  27.573 0.8999999762
36758  22.339  -39.628  24.481 0.6999999881
36779  21.239  -39.674  23.614 0.6000000238
36780  20.597  -39.936  22.990 0.6000000238
36778  21.843  -39.091  24.037 0.6999999881
37842  21.272  -38.747  23.514 0.6000000238
36797  20.832  -39.234  23.125 0.5000000000
145106  30.484  -38.821  25.384 1.0000000000
37843  20.673  -38.573  23.002 0.5000000000
36799  19.686  -39.302  21.930 0.5000000000
37811  30.480  -38.426  24.749 1.0000000000
37830  30.050  -38.502  23.279 1.0000000000
38899  29.692  -37.670  23.086 1.0000000000
37840  29.516  -38.359  22.545 1.0000000000
141070  28.722  -38.781  21.575 0.8999999762
38908  29.133  -37.601  22.352 0.8999999762
37841  28.938  -38.244  21.913 0.8999999762
36818  28.195  -38.945  21.136 0.8999999762
37859  28.329  -38.223  21.411 0.8999999762
37860  27.726  -38.309  20.925 0.8999999762
37893  26.379  -38.286  19.803 0.8999999762
128159  26.159  -39.104  19.642 0.8999999762
38921  27.887  -37.489  21.176 0.8999999762
38938  26.895  -37.587  20.252 0.8999999762
37894  25.667  -38.697  19.271 0.8999999762
38956  26.369  -37.300  19.688 0.8999999762
36694  27.081  -39.100  27.428 0.8999999762
37782  26.257  -38.662  27.073 0.8999999762
36716  25.119  -38.971  26.200 0.8999999762
37783  25.488  -38.465  26.564 0.8999999762
37784  24.811  -38.351  26.155 1.0000000000
131732  23.865  -38.765  25.454 0.8000000119
38831  27.203  -37.681  27.804 0.8999999762
36757  23.301  -38.809  25.088 0.6999999881
122975  30.339  -37.770  26.345 0.8999999762
38844  29.879  -37.402  27.170 0.8999999762
37812  23.005  -38.153  24.916 0.6999999881
37813  21.796  -38.078  24.046 0.6999999881
37831  21.069  -37.912  23.463 0.5000000000
37797  30.485  -38.109  25.524 1.0000000000
38910  20.432  -37.774  22.934 0.5000000000
37861  19.414  -38.424  21.871 0.5000000000
138557  30.454  -37.707  24.844 1.0000000000
38880  30.321  -37.014  24.500 1.0000000000
39985  30.201  -36.176  24.112 1.0000000000
126421  29.892  -36.926  23.629 1.0000000000
135267  29.300  -36.764  22.741 1.0000000000
39986  29.682  -36.039  23.340 1.0000000000
40002  28.623  -36.266  22.108 0.8999999762
134162  28.262  -36.858  21.623 0.8999999762
40016  27.745  -36.607  21.114 0.8999999762
39039  22.335  -37.129  14.874 0.6999999881
127450  21.944  -36.968  15.090 0.8000000119
141420  22.061  -37.561  15.895 0.8000000119
40085  22.145  -36.515  16.246 0.8000000119
38830  28.258  -37.833  27.909 0.8999999762
39930  27.125  -36.730  27.870 1.0000000000
39941  26.355  -37.166  27.382 1.0000000000
39943  24.965  -36.927  26.425 1.0000000000
38848  24.511  -37.600  26.070 0.6999999881
37799  23.550  -38.167  25.307 0.6999999881
38843  30.287  -36.821  26.515 0.8999999762
39940  28.909  -37.016  27.774 0.8999999762
38881  22.497  -37.653  24.607 0.6999999881
133801  20.787  -37.113  23.422 0.6000000238
38862  30.479  -37.129  25.517 1.0000000000
38922  19.016  -37.633  21.868 0.4000000060
39966  30.478  -36.248  24.975 1.0000000000
41041  29.526  -35.188  23.057 1.0000000000
145537  28.697  -35.668  22.225 1.0000000000
41055  28.849  -35.064  22.349 1.0000000000
41133  23.904  -35.872  17.115 0.8999999762
39037  24.262  -37.167  14.469 0.6000000238
40130  22.616  -36.480  14.702 0.6000000238
40131  21.934  -36.438  14.845 0.8000000119
40102  21.830  -36.465  15.797 0.8000000119
38996  22.491  -37.255  16.482 0.8999999762
40083  23.407  -36.654  17.003 0.8999999762
133570  28.955  -36.114  27.764 0.8999999762
134345  27.888  -37.108  28.037 0.8999999762
39954  24.179  -36.794  25.936 0.8000000119
38864  23.119  -37.475  25.124 0.6999999881
39967  22.305  -36.769  24.669 0.6999999881
39987  21.095  -36.607  23.811 0.6000000238
39989  19.781  -36.129  22.954 0.4000000060
39953  30.471  -36.198  25.888 1.0000000000
41025  30.421  -35.438  24.554 1.0000000000
41040  30.097  -35.323  23.770 1.0000000000
42005  29.952  -34.519  23.428 1.0000000000
42021  29.402  -34.331  22.754 1.0000000000
42022  28.798  -34.292  22.158 1.0000000000
40065  24.628  -36.155  17.640 0.8999999762
42091  25.062  -34.690  17.557 0.8999999762
139540  24.403  -35.144  17.262 0.8999999762
132916  22.695  -35.131  16.475 0.8999999762
41134  23.191  -35.936  16.757 0.8999999762
40127  25.676  -36.524  13.966 0.6000000238
40128  24.687  -36.427  14.363 0.6000000238
40129  23.615  -36.477  14.551 0.6000000238
41181  22.966  -35.764  14.578 0.8000000119
41183  21.760  -35.764  15.017 0.8000000119
41135  22.369  -35.849  16.386 0.8999999762
134958  27.130  -35.988  27.880 0.8999999762
138191  25.971  -36.675  27.121 0.8999999762
134428  24.703  -36.122  26.356 0.6999999881
40992  26.737  -35.355  27.691 0.8999999762
39931  25.552  -36.253  26.836 0.8999999762
38865  22.882  -36.762  25.133 0.6000000238
39939  29.779  -36.341  27.270 1.0000000000
41000  29.352  -35.497  27.512 1.0000000000
40990  28.463  -35.487  27.801 1.0000000000
39956  22.533  -36.072  25.116 0.6000000238
131454  21.909  -35.970  24.699 0.6000000238
133865  21.063  -35.974  24.021 0.5000000000
40998  30.396  -35.428  26.249 1.0000000000
39938  30.257  -36.057  26.623 1.0000000000
41969  30.221  -34.712  26.671 1.0000000000
41009  30.529  -35.472  25.383 1.0000000000
131059  30.573  -34.843  24.947 1.0000000000
42004  30.410  -34.510  24.220 1.0000000000
43011  29.689  -33.570  22.885 1.0000000000
43012  29.077  -33.627  22.276 1.0000000000
43027  28.461  -33.805  21.613 1.0000000000
136266  28.046  -34.325  21.230 1.0000000000
43046  27.466  -33.634  20.378 1.0000000000
42060  27.139  -34.305  20.011 1.0000000000
42077  26.795  -34.988  19.617 0.8999999762
133279  27.242  -35.074  20.270 0.8999999762
41117  25.219  -35.437  17.830 0.8999999762
128368  23.526  -35.170  16.825 0.8999999762
133823  22.002  -35.078  16.125 0.8999999762
41194  26.901  -35.221  13.335 0.6000000238
125250  26.387  -35.935  13.628 0.6000000238
41179  25.304  -35.625  14.160 0.6000000238
41180  24.055  -35.703  14.466 0.6000000238
133761  22.465  -35.158  14.642 0.8000000119
132914  21.672  -35.156  15.272 0.8000000119
40991  27.587  -35.411  27.871 0.8999999762
41001  25.161  -35.383  26.700 0.6999999881
144432  23.739  -36.463  25.726 0.6000000238
41011  23.611  -35.343  25.892 0.6000000238
41963  28.818  -34.808  27.624 0.8999999762
41026  22.195  -35.303  25.013 0.6000000238
134414  21.433  -35.808  24.382 0.5000000000
41976  30.515  -34.623  25.762 1.0000000000
134348  30.339  -33.924  26.418 0.8999999762
41985  30.625  -34.112  24.978 1.0000000000
42999  30.556  -33.566  24.375 1.0000000000
43000  30.212  -33.696  23.586 1.0000000000
44081  30.067  -32.864  23.126 1.0000000000
44096  29.453  -32.868  22.432 1.0000000000
45110  29.290  -31.958  21.937 1.0000000000
44097  28.810  -32.931  21.782 1.0000000000
44114  27.831  -32.844  20.667 1.0000000000
43047  27.015  -33.493  19.745 1.0000000000
43061  26.521  -33.258  19.101 1.0000000000
43073  25.481  -33.094  17.914 0.8999999762
42108  25.293  -33.955  17.714 0.8999999762
43088  22.637  -33.527  16.426 0.8999999762
129265  26.363  -34.708  13.557 0.6000000238
41195  26.133  -35.235  13.679 0.6000000238
134478  24.439  -34.911  14.428 0.6000000238
42161  23.688  -34.265  14.520 0.6999999881
129637  22.537  -34.298  14.642 0.6999999881
127449  21.906  -34.910  14.909 0.6999999881
42131  21.820  -34.294  15.820 0.8000000119
43089  21.888  -33.580  16.003 0.8999999762
43130  22.218  -33.352  14.689 0.6999999881
42147  21.659  -34.292  15.322 0.8000000119
43108  21.657  -33.527  15.558 0.8999999762
41010  24.354  -35.343  26.319 0.6999999881
41012  22.868  -35.348  25.455 0.6000000238
41964  27.257  -34.529  27.775 0.8999999762
41971  25.547  -34.609  27.058 0.6999999881
41962  29.896  -34.023  27.070 0.8999999762
131831  28.190  -34.162  27.684 0.8000000119
133436  30.546  -33.821  25.658 1.0000000000
42972  30.047  -33.168  26.953 0.8000000119
44058  30.603  -32.376  25.711 0.8999999762
42977  30.474  -33.184  26.085 0.8000000119
144712  30.658  -33.023  24.526 1.0000000000
44080  30.575  -32.791  23.947 1.0000000000
124528  30.418  -31.987  23.260 1.0000000000
45090  29.863  -32.284  22.634 1.0000000000
45123  28.757  -31.358  21.147 1.0000000000
44127  27.998  -31.971  20.580 1.0000000000
128903  27.341  -32.972  20.094 1.0000000000
135392  26.448  -32.552  18.959 1.0000000000
43072  26.037  -32.860  18.515 0.8999999762
43085  24.749  -33.194  17.392 0.8999999762
42109  24.422  -34.074  17.212 0.8999999762
137570  23.282  -33.120  16.677 0.8999999762
42159  25.501  -34.629  14.090 0.6000000238
43129  23.126  -33.537  14.565 0.6999999881
44161  22.054  -32.863  16.073 0.8999999762
43140  27.413  -33.808  13.246 0.6000000238
42171  26.886  -34.343  13.286 0.6000000238
44197  22.804  -32.690  14.605 0.6999999881
44199  21.744  -32.657  15.099 0.6999999881
41972  24.764  -34.588  26.625 0.6999999881
41977  23.956  -34.578  26.263 0.6000000238
42962  27.404  -33.456  27.655 0.8000000119
42963  26.665  -33.915  27.609 0.8000000119
42973  25.199  -33.824  26.898 0.6999999881
42974  24.383  -33.798  26.498 0.6999999881
44025  29.251  -32.762  27.349 0.6999999881
42961  28.525  -33.272  27.541 0.8000000119
45062  30.288  -31.883  26.515 0.6999999881
45072  30.604  -31.567  25.898 0.6999999881
46072  31.028  -31.026  24.565 0.8000000119
45089  30.856  -31.168  23.641 0.8000000119
46101  30.844  -30.482  23.141 0.8000000119
45108  30.437  -31.192  22.826 0.8999999762
45109  29.867  -31.180  22.146 0.8999999762
45122  29.349  -31.118  21.621 1.0000000000
143223  28.366  -31.722  20.857 1.0000000000
44129  26.934  -32.602  19.529 1.0000000000
44140  26.625  -31.916  19.046 1.0000000000
45139  27.688  -31.459  20.068 1.0000000000
44128  27.476  -32.261  20.101 1.0000000000
44147  26.118  -32.077  18.555 1.0000000000
44148  25.602  -32.255  18.036 1.0000000000
45170  24.456  -31.673  17.278 0.8999999762
44158  24.217  -32.436  17.165 0.8999999762
44159  23.479  -32.482  16.781 0.8999999762
42172  26.163  -34.045  13.691 0.6000000238
42160  24.646  -34.213  14.417 0.6000000238
129741  24.181  -33.605  14.493 0.6999999881
44160  22.731  -32.629  16.441 0.8999999762
44174  21.856  -32.395  15.589 0.8999999762
45210  23.041  -31.841  14.573 0.6999999881
133227  22.346  -32.067  14.765 0.6999999881
45192  21.847  -31.912  15.236 0.8999999762
46209  21.911  -31.007  15.247 0.8999999762
138940  27.021  -32.654  27.535 0.6999999881
44027  26.486  -33.181  27.478 0.6000000238
44052  24.902  -33.056  26.651 0.6000000238
42978  23.616  -33.814  26.064 0.6000000238
45037  29.002  -31.966  27.334 0.6999999881
44050  26.280  -32.235  27.296 0.6000000238
45063  29.646  -31.468  27.027 0.6999999881
46064  30.778  -30.805  25.593 0.6999999881
46102  30.352  -30.531  22.377 0.8000000119
46119  29.766  -30.524  21.731 0.8000000119
46120  29.170  -30.583  21.176 0.8000000119
45150  27.394  -30.943  19.502 1.0000000000
45151  26.861  -31.178  19.012 1.0000000000
45160  25.808  -31.511  18.071 1.0000000000
46147  27.110  -30.436  18.926 1.0000000000
46159  26.526  -30.664  18.459 1.0000000000
46176  25.483  -30.798  17.681 1.0000000000
47102  25.011  -30.237  17.316 1.0000000000
46177  24.721  -30.928  17.343 1.0000000000
46178  23.991  -31.000  16.960 0.8999999762
43128  25.271  -33.654  14.254 0.6000000238
45172  22.908  -31.815  16.534 0.8999999762
43141  26.763  -33.557  13.375 0.6000000238
43142  26.054  -33.344  13.798 0.6000000238
125299  24.568  -32.941  14.477 0.6999999881
46180  22.336  -31.045  16.127 0.8999999762
44195  24.817  -32.185  14.545 0.6999999881
45211  22.354  -31.217  14.709 0.6999999881
46229  21.915  -30.896  15.093 0.8999999762
143254  24.708  -32.404  26.396 0.5000000000
45039  27.226  -31.912  27.415 0.6000000238
45066  26.620  -31.254  27.166 0.5000000000
46051  29.516  -30.627  26.847 0.6999999881
45064  28.660  -31.074  27.246 0.6999999881
46050  30.292  -31.085  26.473 0.6999999881
142532  31.268  -29.683  24.289 0.6999999881
47021  31.174  -29.630  23.418 0.6999999881
144399  30.760  -29.951  22.657 0.8000000119
47048  30.285  -29.801  21.917 0.8000000119
140929  29.962  -29.356  21.334 0.8000000119
47049  29.587  -29.910  21.268 0.8000000119
47991  29.645  -28.525  20.427 0.8000000119
47062  29.448  -29.271  20.737 0.8000000119
47076  28.500  -29.291  19.816 0.8999999762
47077  27.977  -29.788  19.607 1.0000000000
144184  28.883  -29.464  20.314 0.8000000119
48007  28.037  -29.073  19.196 0.8999999762
47078  27.434  -29.632  18.899 1.0000000000
47088  26.719  -29.891  18.366 1.0000000000
47089  26.025  -30.196  17.855 1.0000000000
130897  24.308  -30.298  16.979 1.0000000000
47104  23.529  -30.326  16.713 0.8999999762
46179  23.167  -31.032  16.654 0.8999999762
47105  22.724  -30.302  16.418 0.8999999762
131953  23.103  -29.766  16.550 0.8999999762
125020  22.122  -30.119  15.849 0.8999999762
44213  26.505  -32.657  13.624 0.6000000238
44214  25.507  -32.789  14.196 0.6000000238
45209  24.039  -31.640  14.612 0.6999999881
46228  22.099  -30.384  14.752 0.8000000119
129644  21.767  -30.227  15.219 0.8999999762
44212  27.405  -32.999  13.230 0.6000000238
45208  24.994  -31.379  14.621 0.6999999881
124066  23.297  -31.070  14.509 0.6999999881
141077  21.787  -29.733  14.955 0.8000000119
137799  21.776  -29.921  15.387 0.8999999762
46227  22.703  -30.397  14.517 0.6999999881
47124  21.645  -29.385  15.198 0.8999999762
45065  27.607  -31.019  27.275 0.5000000000
46054  26.082  -30.660  26.676 0.5000000000
46052  28.587  -30.178  26.913 0.6999999881
133222  26.904  -30.424  26.905 0.5000000000
46984  29.455  -29.797  26.602 0.6999999881
46997  30.752  -29.828  25.677 0.6999999881
126160  30.257  -30.246  26.341 0.6999999881
46996  31.170  -29.215  25.046 0.6999999881
47004  31.379  -28.974  24.114 0.6999999881
47947  31.350  -28.608  23.192 0.6999999881
47035  30.935  -29.266  22.504 0.6999999881
47047  30.500  -29.011  21.729 0.8000000119
47990  30.262  -28.140  20.767 0.8000000119
48005  29.247  -28.212  19.797 0.8000000119
48006  28.633  -28.607  19.464 0.8000000119
48018  27.587  -28.868  18.607 0.8999999762
48019  27.004  -29.116  18.188 1.0000000000
141964  25.909  -28.857  17.414 1.0000000000
145500  25.490  -30.184  17.542 1.0000000000
48962  28.859  -27.902  19.144 0.8000000119
48017  28.154  -28.282  18.707 0.8000000119
48034  26.537  -28.616  17.650 0.8999999762
48036  25.349  -28.589  17.008 1.0000000000
128224  24.631  -28.994  16.821 1.0000000000
48035  25.983  -28.233  17.192 0.8999999762
48037  23.771  -28.619  16.517 1.0000000000
47103  23.877  -29.554  16.678 1.0000000000
48038  23.017  -29.103  16.457 1.0000000000
47114  21.891  -29.272  15.611 0.8999999762
145377  22.322  -28.909  16.126 0.8999999762
45231  26.590  -31.677  13.736 0.6000000238
46244  25.897  -31.091  14.376 0.6000000238
48057  21.606  -28.518  15.227 0.8999999762
46226  23.747  -30.352  14.544 0.6999999881
47141  23.157  -29.640  14.444 0.6999999881
47142  22.268  -29.693  14.601 0.6999999881
122507  22.008  -29.002  14.683 0.8000000119
123702  22.678  -28.911  14.456 0.6999999881
49029  21.577  -27.497  14.926 0.8000000119
49014  21.553  -27.190  15.085 0.8999999762
48070  22.273  -28.124  14.515 0.6999999881
144986  28.129  -30.611  27.154 0.6000000238
46053  27.710  -30.227  26.946 0.5000000000
47905  30.175  -28.761  26.048 0.6999999881
136261  28.728  -29.445  26.583 0.5000000000
47920  31.267  -28.344  24.708 0.6999999881
129063  30.645  -29.112  25.750 0.6999999881
47931  31.432  -28.270  23.972 0.6999999881
48876  30.935  -27.594  25.047 0.6999999881
48905  31.482  -27.726  23.504 0.6999999881
48920  31.410  -27.785  22.629 0.6999999881
47962  31.101  -28.488  22.196 0.6999999881
48937  31.194  -27.772  21.769 0.6999999881
123644  30.778  -27.782  21.128 0.8000000119
48948  29.885  -27.843  20.144 0.8000000119
48947  30.561  -27.496  20.537 0.8000000119
48961  29.524  -27.540  19.471 0.8000000119
139128  28.543  -27.585  18.568 0.8000000119
50021  29.863  -26.860  19.109 0.8000000119
50035  28.569  -26.905  18.126 0.8000000119
48033  27.333  -28.255  18.010 0.8000000119
48988  26.624  -27.840  17.411 0.8999999762
121889  25.469  -27.953  16.822 0.8999999762
136507  24.632  -27.956  16.571 1.0000000000
125415  28.132  -26.359  17.495 0.8000000119
50047  27.869  -26.977  17.705 0.8000000119
121255  23.914  -27.191  16.361 1.0000000000
143843  26.642  -30.921  13.838 0.6000000238
48991  22.763  -28.237  16.268 1.0000000000
46225  25.006  -30.436  14.688 0.6999999881
47140  24.276  -29.595  14.571 0.6999999881
49001  21.637  -27.745  15.347 0.8999999762
50052  22.181  -27.524  15.867 1.0000000000
48068  24.164  -28.142  14.444 0.6999999881
48069  23.201  -28.143  14.347 0.8000000119
49028  22.364  -27.261  14.476 0.8000000119
48887  31.323  -27.623  24.331 0.6999999881
48888  31.026  -26.913  24.625 0.6999999881
135319  31.581  -27.046  23.029 0.6999999881
129747  31.564  -27.007  22.096 0.6999999881
144701  31.597  -26.648  21.526 0.6999999881
48946  30.951  -26.800  20.301 0.6999999881
50019  31.336  -26.080  19.989 0.6999999881
50020  30.606  -26.478  19.508 0.8000000119
48960  30.233  -27.188  19.826 0.8000000119
50034  29.421  -26.509  18.417 0.8000000119
50045  29.728  -25.751  18.074 0.8000000119
50046  28.943  -26.111  17.761 0.8000000119
50048  26.594  -27.020  17.091 0.8999999762
48989  25.969  -27.531  16.921 0.8999999762
132891  27.341  -26.612  17.277 0.8000000119
50049  25.700  -26.681  16.648 0.8999999762
50050  24.755  -26.947  16.492 0.8999999762
47158  26.235  -30.180  14.328 0.6000000238
51106  25.691  -25.678  16.447 0.8999999762
50064  24.865  -26.066  16.372 0.8999999762
141523  23.339  -26.671  16.202 1.0000000000
47157  26.958  -29.687  13.909 0.6000000238
50066  22.513  -26.570  15.885 0.8999999762
144253  24.961  -28.163  14.603 0.6999999881
138158  21.967  -26.111  15.441 0.8999999762
50094  22.886  -26.839  14.324 0.8000000119
50109  21.980  -26.191  14.695 0.8999999762
131263  21.757  -25.772  14.907 0.8000000119
122501  31.415  -26.931  23.897 0.6999999881
49985  31.662  -26.455  22.653 0.6999999881
49999  31.849  -26.137  21.945 0.6999999881
130233  31.641  -25.307  19.805 0.6999999881
51078  30.994  -25.718  19.210 0.6999999881
51104  27.584  -25.847  17.002 0.8000000119
130208  26.623  -26.068  16.765 0.8000000119
140451  27.071  -25.263  16.629 0.8000000119
52265  26.585  -24.643  16.380 0.8000000119
50065  24.035  -26.380  16.293 0.8999999762
47139  25.398  -29.477  14.639 0.6000000238
52266  25.684  -24.745  16.245 0.8999999762
51119  24.052  -25.513  16.159 0.8999999762
51120  23.236  -25.922  16.056 0.8999999762
48080  26.354  -29.202  14.442 0.6000000238
48067  25.607  -28.625  14.623 0.6999999881
51121  22.421  -25.570  15.659 0.8999999762
50092  24.355  -26.611  14.343 0.6999999881
51135  21.660  -25.157  14.976 0.8000000119
51165  23.370  -25.535  14.198 0.6999999881
141647  21.982  -25.511  14.680 0.8000000119
124488  31.950  -25.225  22.289 0.6999999881
51056  32.026  -25.418  21.327 0.6999999881
137125  31.859  -24.597  19.739 0.6999999881
51103  28.422  -25.612  17.231 0.8000000119
128625  27.893  -25.099  16.776 0.8000000119
52264  27.364  -24.565  16.493 0.8000000119
124358  26.123  -24.002  16.150 0.8000000119
51118  24.895  -25.195  16.207 0.8999999762
52278  24.144  -24.665  15.986 0.8999999762
48079  26.475  -28.294  14.537 0.6000000238
52279  23.143  -24.885  15.812 0.8999999762
49024  25.596  -27.777  14.615 0.6999999881
132900  25.325  -26.893  14.526 0.6999999881
53425  22.621  -23.948  15.496 0.8999999762
51164  24.037  -25.248  14.129 0.6999999881
51166  22.797  -25.097  14.214 0.8000000119
53438  21.831  -23.862  14.851 0.8000000119
52319  23.502  -24.838  14.070 0.6999999881
52320  22.420  -24.380  14.210 0.8000000119
51150  21.819  -24.983  14.780 0.8000000119
53468  22.773  -23.866  13.909 0.8000000119
52214  32.102  -24.395  21.768 0.6999999881
126584  32.169  -23.907  21.000 0.6000000238
129709  25.249  -23.939  15.966 0.8000000119
53424  23.741  -23.304  15.623 0.8999999762
128983  23.500  -24.013  15.714 0.8999999762
49041  26.462  -27.214  14.626 0.6000000238
54476  22.323  -23.101  15.226 0.8999999762
51149  24.531  -25.715  14.215 0.8000000119
53426  21.991  -23.836  15.130 0.8999999762
137391  21.955  -23.086  14.316 0.8000000119
52318  24.193  -24.517  13.970 0.6999999881
134741  22.496  -23.038  13.902 0.8000000119
54514  22.255  -22.471  14.242 0.8000000119
50091  25.860  -26.208  14.523 0.6999999881
53423  24.698  -23.162  15.697 0.8000000119
51147  26.232  -25.396  14.456 0.5000000000
51148  25.304  -25.491  14.285 0.6000000238
52301  25.572  -24.705  14.167 0.6000000238
51163  24.763  -24.952  14.067 0.6999999881
54488  22.286  -22.503  14.838 0.8000000119
52317  24.980  -24.088  13.930 0.6000000238
122573  24.800  -23.428  13.657 0.6000000238
127689  23.340  -22.600  13.598 0.6999999881
55559  23.221  -21.692  13.581 0.8000000119
54500  22.009  -22.848  14.579 0.8000000119
54512  24.197  -23.044  13.535 0.6000000238
132895  23.984  -21.799  15.310 0.8000000119
55535  23.168  -21.435  14.930 0.8000000119
55536  22.708  -21.953  14.978 0.8999999762
52300  26.502  -24.530  14.319 0.6000000238
55574  22.995  -20.763  13.616 0.8000000119
54499  22.476  -22.159  14.428 0.8000000119
56604  22.877  -21.184  14.485 0.8000000119
55558  24.216  -22.116  13.249 0.6000000238
55534  24.658  -21.207  15.190 0.8000000119
56603  23.253  -20.627  14.500 0.8000000119
53464  26.094  -23.280  13.842 0.6000000238
54510  25.903  -22.561  13.534 0.6000000238
56623  22.811  -20.607  13.875 0.8000000119
55557  25.233  -21.970  13.158 0.6000000238
140913  23.278  -20.209  13.211 0.6999999881
57669  22.895  -20.008  13.641 0.8000000119
56635  25.331  -20.497  12.441 0.6000000238
56637  23.779  -20.148  12.742 0.6000000238
57697  23.619  -18.979  12.379 0.6999999881
55556  26.118  -21.572  13.089 0.6000000238
57647  25.340  -19.550  14.391 0.8000000119
132551  23.782  -21.080  14.991 0.8000000119
122885  26.676  -23.711  14.090 0.6000000238
139180  25.066  -20.094  14.688 0.8000000119
127543  27.589  -23.431  14.087 0.5000000000
125832  23.058  -18.923  13.324 0.8000000119
57663  23.227  -19.188  13.720 0.8000000119
123367  27.549  -22.585  13.721 0.6000000238
54509  26.769  -22.138  13.467 0.6000000238
57682  23.092  -18.755  12.815 0.6000000238
54508  28.281  -22.080  13.603 0.5000000000
55555  27.045  -21.394  13.114 0.6000000238
125786  26.609  -20.859  12.689 0.6000000238
57680  25.412  -19.762  12.054 0.6000000238
55569  27.548  -20.669  12.677 0.6000000238
56633  26.902  -20.187  12.307 0.6000000238
57679  26.321  -19.668  11.977 0.6000000238
57695  25.641  -19.015  11.685 0.6000000238
57661  24.692  -19.100  14.096 0.8000000119
57662  24.002  -18.965  14.109 0.8000000119
58742  25.516  -18.812  13.851 0.8000000119
59851  24.939  -17.911  13.347 0.6999999881
58743  24.361  -18.514  13.659 0.6999999881
55554  27.929  -21.339  13.222 0.6000000238
58771  23.938  -18.314  12.032 0.6000000238
59886  23.794  -17.566  12.004 0.6000000238
59875  23.661  -17.557  12.487 0.6999999881
55568  28.533  -20.794  12.849 0.5000000000
58769  26.077  -18.333  11.446 0.6000000238
56632  28.328  -20.165  12.347 0.5000000000
57678  27.176  -19.540  11.937 0.6000000238
57694  26.619  -19.033  11.643 0.6000000238
122596  29.864  -19.766  11.702 0.5000000000
59850  26.099  -18.060  13.414 0.6999999881
59864  24.331  -17.087  12.872 0.6000000238
128106  23.848  -16.839  12.059 0.6000000238
59865  23.629  -17.636  12.884 0.6000000238
59885  24.244  -16.968  11.682 0.6000000238
60911  24.380  -16.350  12.368 0.6000000238
57691  29.310  -19.246  11.537 0.5000000000
57693  27.380  -19.005  11.607 0.6000000238
58768  27.009  -18.428  11.382 0.6000000238
58770  24.812  -17.995  11.586 0.6000000238
60927  24.263  -16.316  11.782 0.6000000238
58766  28.748  -18.618  11.323 0.6000000238
59903  28.370  -17.877  11.085 0.6000000238
57690  30.345  -19.292  11.243 0.5000000000
58765  29.663  -18.586  11.147 0.5000000000
57713  31.264  -19.019  10.803 0.4000000060
121522  31.241  -18.109  10.665 0.5000000000
59863  25.490  -17.212  13.010 0.6000000238
60910  25.044  -16.450  12.609 0.6000000238
59883  27.454  -17.791  11.115 0.6000000238
59905  25.935  -17.020  11.032 0.6000000238
61848  24.592  -15.775  12.080 0.6000000238
59902  29.038  -17.196  10.773 0.6000000238
124707  27.946  -17.083  10.813 0.6000000238
120396  30.028  -17.782  10.794 0.5000000000
59901  30.786  -17.184  10.578 0.5000000000
124806  32.479  -18.156  10.502 0.4000000060
59900  31.770  -17.342  10.553 0.4000000060
60945  26.179  -16.219  10.802 0.6000000238
61873  25.098  -15.227  11.415 0.5000000000
61847  25.067  -15.321  12.090 0.5000000000
60909  26.058  -16.540  12.704 0.5000000000
59904  26.903  -17.032  10.845 0.6000000238
61872  26.378  -15.333  10.575 0.5000000000
60942  29.310  -16.409  10.532 0.6000000238
60941  29.946  -16.835  10.554 0.5000000000
60940  31.295  -16.604  10.520 0.4000000060
62804  25.821  -15.034  12.142 0.4000000060
60944  27.344  -16.135  10.593 0.6000000238
137113  27.256  -15.220  10.407 0.5000000000
131147  29.991  -15.919  10.432 0.4000000060
60943  28.489  -16.355  10.571 0.6000000238
61871  28.138  -15.488  10.426 0.6000000238
62837  26.653  -14.488  10.417 0.4000000060
132314  30.923  -15.883  10.455 0.4000000060
131818  30.498  -15.094  10.384 0.4000000060
62849  27.015  -13.754  10.253 0.4000000060
61870  29.628  -15.020  10.318 0.4000000060
62836  27.753  -14.530  10.252 0.4000000060
133856  31.788  -16.083  10.595 0.4000000060
124913  28.760  -14.874  10.273 0.4000000060
62812  27.647  -14.230  12.099 0.4000000060
63750  26.106  -13.439  11.316 0.4000000060
62848  27.864  -13.622  10.008 0.4000000060
62832  31.672  -14.316  10.720 0.4000000060
62833  30.890  -14.306  10.369 0.4000000060
127151  30.481  -13.604  10.089 0.4000000060
133343  28.517  -14.174  10.071 0.4000000060
64639  26.761  -13.112  11.415 0.4000000060
64660  26.588  -12.772  10.801 0.4000000060
63773  26.200  -13.095  10.732 0.4000000060
62847  28.743  -13.496  9.836 0.4000000060
63785  27.222  -13.089  10.127 0.4000000060
64638  27.261  -12.546  11.230 0.4000000060
64671  27.520  -12.295  10.103 0.4000000060
37944  22.315  -37.979  16.198 0.8000000119
38995  23.119  -37.384  16.976 0.8999999762
38977  24.147  -37.712  17.773 0.8999999762
128057  23.579  -37.785  17.407 0.8999999762
37914  24.411  -38.357  18.166 0.8999999762
40015  28.115  -36.199  21.512 0.8999999762
41070  28.311  -35.512  21.718 1.0000000000
42041  28.376  -34.661  21.698 1.0000000000
40033  27.355  -37.078  20.655 0.8999999762
41089  26.978  -35.851  19.957 0.8999999762
42059  27.589  -34.460  20.708 1.0000000000
38957  25.660  -37.735  19.139 0.8999999762
40034  26.887  -36.760  20.129 0.8999999762
40048  26.437  -36.482  19.527 0.8999999762
41088  27.364  -35.630  20.532 1.0000000000
129255  24.953  -36.782  18.140 0.8999999762
42078  26.262  -34.835  18.879 0.8999999762
62824  25.517  -14.500  11.299 0.4000000060
62838  25.809  -14.526  10.750 0.4000000060
63751  25.753  -14.056  11.395 0.4000000060
136574  26.906  -14.795  12.247 0.4000000060
34853  29.783  -41.933  26.062 0.8999999762
34883  31.128  -40.998  23.649 1.0000000000
33060  30.552  -43.422  20.378 0.8000000119
34854  26.983  -42.080  26.065 0.8999999762
35758  30.434  -40.323  25.750 1.0000000000
33992  29.414  -42.372  20.368 0.8000000119
37781  29.275  -39.006  27.287 0.8999999762
36796  29.309  -38.957  21.999 0.8999999762
35834  28.767  -40.353  21.067 0.8000000119
142912  27.785  -40.850  20.266 0.8000000119
35856  26.636  -40.558  19.506 0.8000000119
38898  30.262  -37.857  23.984 1.0000000000
36833  26.795  -39.203  20.156 0.8999999762
36844  26.354  -39.782  19.643 0.8000000119
37913  25.061  -38.421  18.737 0.8999999762
36858  24.670  -39.080  18.427 0.8000000119
38909  28.551  -37.570  21.749 0.8999999762
132718  25.962  -36.955  19.215 0.8999999762
38832  26.498  -37.951  27.387 0.8999999762
38847  25.211  -37.713  26.507 1.0000000000
38900  21.402  -37.235  23.863 0.6000000238
38911  19.742  -37.674  22.402 0.4000000060
40001  29.122  -35.831  22.646 1.0000000000
41071  27.706  -35.764  21.088 0.8999999762
37952  22.184  -38.657  15.792 0.6999999881
41151  21.859  -35.792  16.000 0.8000000119
38993  24.400  -36.996  17.752 0.8999999762
39038  23.207  -37.335  14.690 0.6000000238
40084  22.772  -36.601  16.637 0.8999999762
39988  20.513  -36.230  23.500 0.4000000060
40064  25.351  -36.209  18.289 0.8999999762
42111  23.077  -34.410  16.595 0.8999999762
42112  22.234  -34.333  16.252 0.8999999762
131864  23.311  -35.018  14.543 0.6999999881
40993  25.938  -35.404  27.207 0.8000000119
135647  28.052  -34.873  27.789 0.8999999762
44113  28.461  -32.266  21.179 1.0000000000
42089  26.034  -33.852  18.479 0.8999999762
42090  25.649  -34.735  18.135 0.8999999762
41116  25.819  -35.548  18.549 0.8999999762
43087  23.543  -33.802  16.790 0.8999999762
42960  29.426  -33.465  27.320 0.8000000119
41979  22.516  -34.564  25.303 0.5000000000
42985  30.677  -33.233  25.122 1.0000000000
43086  23.952  -33.184  17.010 0.8999999762
44049  29.827  -32.289  27.058 0.6999999881
127854  30.857  -31.696  25.122 0.8000000119
44065  30.762  -32.500  24.743 0.8999999762
45077  30.837  -31.870  24.193 0.8999999762
44196  23.821  -32.387  14.578 0.6999999881
129502  22.231  -32.038  16.061 0.8999999762
45212  21.995  -31.929  15.048 0.8000000119
44059  24.063  -32.955  26.187 0.6000000238
44026  27.790  -32.584  27.536 0.8000000119
44051  25.676  -33.062  27.137 0.6000000238
46085  31.143  -30.376  23.977 0.6999999881
46132  28.606  -30.625  20.621 1.0000000000
45169  25.186  -31.593  17.639 1.0000000000
46196  21.938  -30.610  15.489 0.8999999762
45067  25.757  -31.485  26.839 0.6000000238
47005  31.116  -30.168  24.870 0.6999999881
47063  29.023  -29.965  20.709 0.8999999762
46055  25.309  -30.906  26.311 0.5000000000
48039  22.456  -29.576  16.235 0.8999999762
46986  27.157  -29.668  26.593 0.5000000000
48974  29.146  -27.236  18.783 0.8000000119
48975  27.966  -27.571  18.112 0.8000000119
50067  21.822  -26.903  15.425 0.8999999762
46985  27.975  -29.547  26.622 0.5000000000
48936  31.250  -27.143  21.159 0.6999999881
50033  30.223  -26.121  18.744 0.8000000119
48987  27.295  -27.388  17.594 0.8999999762
121488  25.316  -27.416  16.677 0.8999999762
50106  23.812  -26.005  14.205 0.8000000119
50108  22.498  -26.446  14.449 0.8000000119
51068  31.792  -25.590  20.500 0.6999999881
51102  29.226  -25.348  17.487 0.8000000119
52280  22.211  -24.658  15.406 0.8999999762
52277  24.877  -24.492  16.042 0.8999999762
140586  31.655  -25.137  22.987 0.6000000238
53466  24.216  -23.800  13.746 0.6999999881
54475  23.045  -22.795  15.380 0.8999999762
55573  23.768  -21.042  13.048 0.6999999881
55571  25.339  -21.210  12.809 0.6000000238
56636  24.575  -20.737  12.655 0.6000000238
57668  22.800  -19.201  13.049 0.8000000119
57696  24.583  -19.008  11.904 0.6000000238
58744  23.442  -18.476  13.359 0.6999999881
137937  27.623  -19.972  12.238 0.6000000238
136390  25.704  -17.640  11.315 0.6000000238
57692  28.183  -19.373  11.787 0.6000000238
60946  25.291  -16.316  11.183 0.6000000238
63749  26.803  -13.803  11.811 0.4000000060
63774  25.881  -13.412  10.885 0.4000000060
63748  27.743  -13.356  11.733 0.4000000060
63772  29.705  -13.373  9.819 0.4000000060
38976  24.855  -37.561  18.367 0.8999999762
26017  30.344  -50.853  24.176 0.4000000060
135007  28.550  -50.733  24.618 0.4000000060
26018  27.623  -50.590  24.601 0.4000000060
27107  31.269  -49.742  23.973 0.4000000060
27091  29.700  -49.341  24.560 0.4000000060
27092  28.209  -49.848  24.616 0.4000000060
27105  32.195  -48.880  23.229 0.3000000119
27090  30.540  -49.525  24.384 0.4000000060
140163  32.623  -48.082  22.034 0.4000000060
122281  32.566  -47.220  21.059 0.4000000060
30192  32.391  -47.011  20.157 0.4000000060
30208  31.946  -46.518  19.479 0.4000000060
131032  28.794  -49.141  24.542 0.5000000000
28107  27.907  -48.968  24.337 0.4000000060
28117  31.751  -48.307  23.825 0.4000000060
28105  30.271  -48.693  24.467 0.4000000060
132668  32.560  -47.006  22.416 0.5000000000
30174  32.567  -46.566  21.700 0.4000000060
144279  32.444  -46.519  20.834 0.4000000060
31164  31.565  -45.681  19.564 0.5000000000
31165  30.683  -45.289  18.941 0.5000000000
32114  29.766  -44.643  18.762 0.6000000238
31174  29.977  -45.336  18.242 0.5000000000
32115  29.407  -44.907  18.157 0.6000000238
32128  28.818  -44.786  17.660 0.4000000060
137709  28.476  -48.272  24.240 0.5000000000
27109  26.480  -48.872  23.411 0.5000000000
27122  25.923  -48.683  22.784 0.5000000000
29093  31.502  -47.447  24.114 0.6000000238
130908  29.954  -47.810  24.475 0.6000000238
131768  31.979  -46.868  23.833 0.5000000000
30113  31.787  -46.142  24.113 0.6000000238
29092  32.379  -47.089  23.153 0.5000000000
130522  32.530  -45.829  21.955 0.5000000000
31155  32.348  -45.743  21.120 0.4000000060
31156  31.866  -45.266  20.342 0.6000000238
32102  31.188  -44.856  19.757 0.6000000238
32103  30.373  -44.472  19.407 0.6000000238
32104  29.258  -44.013  18.921 0.6000000238
32105  28.816  -43.865  18.586 0.6000000238
139386  27.899  -42.979  18.455 0.6000000238
131536  29.091  -44.366  18.364 0.6000000238
32116  28.521  -44.020  18.046 0.6000000238
32117  27.831  -43.476  17.831 0.6000000238
33086  27.050  -43.159  17.319 0.6000000238
29080  29.015  -47.524  24.325 0.5000000000
28118  28.157  -47.503  23.850 0.5000000000
29095  27.000  -47.768  23.131 0.5000000000
139399  25.957  -48.129  22.439 0.5000000000
29078  30.597  -47.090  24.402 0.6000000238
29079  29.686  -47.088  24.413 0.6000000238
30130  32.255  -46.204  23.495 0.6000000238
31098  31.428  -45.396  24.354 0.6000000238
31129  32.489  -45.482  22.464 0.5000000000
31111  32.109  -45.432  23.854 0.6000000238
31145  32.393  -45.158  21.837 0.6000000238
124580  31.768  -44.214  21.139 0.6000000238
33068  29.410  -43.576  19.443 0.6000000238
34008  27.334  -42.717  18.046 0.6000000238
34018  26.557  -42.472  17.614 0.6999999881
30132  27.754  -46.844  23.703 0.6000000238
30133  26.922  -46.912  23.262 0.5000000000
29111  26.188  -47.508  22.691 0.5000000000
30115  29.826  -46.305  24.520 0.6000000238
128410  29.154  -46.773  24.342 0.6000000238
30131  28.494  -46.834  24.097 0.6000000238
30153  25.395  -46.928  22.341 0.5000000000
30175  24.881  -47.137  21.706 0.5000000000
31099  30.386  -45.331  24.705 0.6000000238
32076  32.133  -43.866  22.482 0.6000000238
34009  26.851  -42.067  18.352 0.6999999881
30117  28.032  -46.182  24.196 0.6000000238
31112  27.252  -46.122  23.884 0.6000000238
31100  29.281  -45.467  24.732 0.6000000238
31113  26.383  -45.964  23.634 0.6000000238
31130  25.120  -46.107  22.721 0.6000000238
30154  24.698  -46.419  22.077 0.6000000238
32051  28.665  -44.710  24.980 0.6000000238
30194  23.993  -46.988  20.816 0.5000000000
32048  31.122  -44.641  24.616 0.6000000238
30177  23.544  -46.384  21.286 0.6000000238
34010  26.126  -41.800  17.948 0.6999999881
31102  27.604  -45.461  24.398 0.6000000238
32061  26.007  -45.258  23.930 0.6000000238
140512  28.423  -43.970  25.287 0.6000000238
32052  27.331  -44.743  24.677 0.6000000238
31103  26.745  -45.242  24.239 0.6000000238
138952  24.786  -45.471  23.039 0.6000000238
31147  24.045  -46.020  21.914 0.6000000238
32050  29.660  -44.696  25.024 0.6000000238
31132  23.787  -45.481  22.525 0.6000000238
32049  30.414  -44.536  24.930 0.6000000238
33016  31.702  -43.230  24.078 0.6000000238
35866  24.820  -40.275  18.158 0.6999999881
35875  24.228  -40.504  17.504 0.6999999881
32042  29.188  -44.017  25.274 0.6000000238
32053  26.023  -44.534  24.327 0.6999999881
32062  25.492  -44.877  23.866 0.6999999881
32041  30.060  -43.991  25.223 0.6000000238
36859  24.059  -39.031  17.865 0.6999999881
33018  27.118  -44.050  25.020 0.6999999881
33006  28.748  -43.365  25.587 0.6999999881
135835  27.724  -43.413  25.493 0.6999999881
33020  25.680  -43.698  24.565 0.6999999881
32054  25.201  -44.220  24.114 0.6999999881
32077  24.196  -45.123  22.992 0.6000000238
140217  23.920  -44.454  23.441 0.6999999881
33031  23.550  -43.801  23.927 0.6000000238
32078  23.464  -44.955  23.077 0.5000000000
133353  22.723  -37.893  16.731 0.8000000119
33942  27.598  -42.607  25.887 0.6999999881
33007  26.753  -43.349  25.251 0.6999999881
33956  25.461  -42.902  24.866 0.6999999881
33021  24.908  -43.415  24.389 0.6999999881
31117  21.749  -45.096  23.357 0.5000000000
33022  24.055  -43.204  24.308 0.6999999881
33023  23.155  -43.136  24.355 0.6000000238
32064  22.162  -44.365  23.712 0.6000000238
52276  26.929  -24.005  16.271 0.6999999881
51092  30.570  -25.229  18.395 0.6999999881
52263  28.716  -24.841  16.957 0.6999999881
51091  31.416  -24.913  19.067 0.6000000238
53404  28.124  -24.362  16.578 0.6999999881
129526  27.357  -23.446  16.195 0.6999999881
54472  26.232  -22.762  15.756 0.6999999881
54473  25.370  -22.621  15.630 0.6999999881
52261  30.380  -24.467  17.775 0.6000000238
52262  29.561  -24.581  17.276 0.6999999881
53419  28.690  -23.180  16.396 0.6999999881
54471  27.042  -22.849  15.933 0.6999999881
56601  25.297  -20.679  15.022 0.6999999881
52253  31.123  -24.327  18.446 0.6000000238
53417  30.232  -22.935  16.920 0.6000000238
53418  29.487  -23.096  16.630 0.6999999881
54470  27.938  -22.850  16.100 0.6999999881
55531  27.317  -21.757  15.584 0.6999999881
55532  26.495  -21.554  15.450 0.6999999881
56600  26.233  -20.843  15.147 0.6999999881
52241  31.770  -24.050  19.217 0.6000000238
53393  31.519  -23.479  18.561 0.6000000238
53401  30.790  -23.055  17.414 0.5000000000
54468  29.943  -22.354  16.557 0.6000000238
133218  28.716  -21.685  15.825 0.5000000000
55530  28.054  -21.270  15.469 0.6999999881
57645  27.916  -20.078  14.737 0.6999999881
57660  26.301  -19.519  14.353 0.6999999881
62820  36.314  -14.964  11.298 0.3000000119
61856  34.394  -15.488  11.105 0.3000000119
61869  31.442  -15.182  10.605 0.3000000119
136220  29.480  -50.861  24.475 0.4000000060
25022  27.975  -51.446  24.590 0.3000000119
24053  26.164  -51.807  24.413 0.4000000060
26034  31.181  -50.624  23.635 0.3000000119
25024  26.224  -51.039  24.413 0.4000000060
28143  32.584  -48.790  21.741 0.4000000060
26020  25.890  -50.321  24.163 0.4000000060
29154  32.522  -47.827  20.527 0.4000000060
138526  32.155  -47.223  19.438 0.4000000060
30219  31.748  -47.030  18.839 0.4000000060
30233  28.930  -45.548  17.104 0.4000000060
26035  25.689  -49.480  23.479 0.4000000060
33098  27.457  -43.783  17.099 0.5000000000
27123  25.241  -49.101  22.601 0.5000000000
33087  26.148  -42.979  16.822 0.6000000238
27139  24.860  -48.774  21.873 0.5000000000
29112  25.406  -47.754  22.053 0.5000000000
28162  23.914  -48.174  20.420 0.5000000000
34019  25.712  -42.234  17.284 0.6000000238
29156  23.697  -47.483  20.270 0.5000000000
30209  22.729  -46.901  19.795 0.4000000060
34937  25.364  -41.564  17.637 0.6999999881
30155  22.703  -46.278  21.793 0.5000000000
36866  23.629  -39.691  17.386 0.6999999881
31133  22.376  -45.728  22.713 0.5000000000
36867  23.014  -39.172  16.944 0.8000000119
36868  22.575  -39.183  16.454 0.6999999881
30157  20.911  -46.492  22.549 0.5000000000
32065  21.272  -44.365  23.662 0.6000000238
47921  30.685  -28.357  25.522 0.6000000238
52230  32.081  -24.744  20.592 0.6000000238
54445  31.615  -22.635  18.511 0.5000000000
54454  31.289  -22.446  17.705 0.5000000000
55514  30.544  -21.669  16.615 0.5000000000
55515  29.607  -21.584  16.098 0.5000000000
56598  28.465  -20.562  15.193 0.5000000000
57658  28.275  -19.413  14.353 0.5000000000
58740  27.727  -18.833  13.837 0.5000000000
62808  36.537  -13.985  11.543 0.3000000119
62821  35.164  -14.709  11.251 0.3000000119
62823  32.539  -14.466  11.189 0.3000000119
134749  31.536  -43.943  24.427 0.6000000238
32060  31.849  -44.677  24.139 0.6000000238
32059  32.244  -44.730  23.501 0.6000000238
33944  24.616  -42.580  24.696 0.8000000119
34926  25.741  -41.167  18.290 0.6999999881
35867  24.391  -39.738  18.029 0.6999999881
51101  29.917  -25.099  17.762 0.6999999881
138523  25.031  -21.917  15.449 0.6999999881
58741  26.707  -18.844  13.832 0.6000000238
61857  33.095  -15.254  11.134 0.3000000119
135948  23.523  -38.913  17.422 0.8000000119
36876  22.279  -39.282  15.965 0.6999999881
53403  28.996  -23.945  16.681 0.6999999881
137352  30.706  -50.198  24.218 0.4000000060
27106  31.699  -49.163  23.709 0.4000000060
27120  32.402  -49.312  22.519 0.3000000119
28116  32.318  -48.011  23.207 0.5000000000
27094  26.504  -49.584  24.086 0.5000000000
31173  30.593  -45.998  18.203 0.3000000119
31184  28.264  -45.025  16.848 0.4000000060
27124  24.407  -49.548  22.364 0.5000000000
31116  22.646  -44.995  23.228 0.6000000238
55517  27.420  -22.359  15.807 0.6999999881
55533  25.618  -21.375  15.338 0.6999999881
127219  30.893  -23.707  17.854 0.6000000238
53402  30.072  -23.707  17.171 0.6999999881
54469  28.911  -22.399  16.208 0.6999999881
53400  31.301  -23.092  17.952 0.6000000238
54455  30.726  -22.359  17.048 0.5000000000
55516  28.061  -22.071  15.788 0.6999999881
56599  27.121  -21.062  15.262 0.6999999881
57646  26.932  -20.286  14.780 0.6999999881
139133  27.694  -20.652  15.094 0.5000000000
57659  27.314  -19.497  14.329 0.6999999881
120725  31.745  -21.938  19.164 0.5000000000
56585  30.415  -20.980  16.156 0.5000000000
137307  29.742  -20.883  15.738 0.5000000000
58739  28.686  -18.769  13.907 0.5000000000
126907  23.501  -40.399  16.963 0.6000000238
34940  23.097  -40.647  16.437 0.6000000238
36888  22.785  -39.268  14.755 0.5000000000
35890  22.465  -40.713  15.271 0.6000000238
36880  22.249  -39.310  15.416 0.6000000238
37973  25.425  -38.796  14.020 0.5000000000
37961  23.211  -38.401  14.669 0.5000000000
37962  22.503  -38.536  14.925 0.6000000238
33974  19.957  -42.366  22.982 0.5000000000
39040  22.276  -37.720  15.189 0.6000000238
131339  25.956  -38.033  13.876 0.5000000000
37960  24.302  -38.607  14.431 0.5000000000
34895  19.888  -41.594  22.569 0.4000000060
34904  19.477  -41.476  21.861 0.4000000060
35836  19.403  -40.590  21.669 0.4000000060
39050  25.019  -37.836  14.319 0.5000000000
39048  26.712  -37.627  13.636 0.5000000000
39049  25.874  -37.310  13.888 0.5000000000
144771  19.560  -39.949  21.802 0.4000000060
40146  26.563  -36.761  13.627 0.5000000000
130654  19.043  -39.082  21.402 0.4000000060
41986  21.888  -34.537  24.836 0.4000000060
41987  21.297  -34.515  24.402 0.4000000060
41043  20.620  -35.377  23.837 0.4000000060
41044  20.059  -35.408  23.388 0.3000000119
46988  25.586  -30.131  26.185 0.4000000060
46065  24.992  -30.436  25.891 0.4000000060
134554  23.366  -33.198  25.728 0.4000000060
42980  22.262  -33.806  25.045 0.4000000060
46998  25.789  -29.258  25.894 0.4000000060
44066  23.009  -32.081  25.012 0.4000000060
42986  21.673  -33.781  24.539 0.4000000060
142821  22.716  -31.820  24.595 0.4000000060
131049  22.130  -33.200  24.677 0.4000000060
42987  21.041  -33.682  23.963 0.4000000060
129091  20.298  -34.783  23.615 0.4000000060
45073  24.236  -32.034  25.963 0.4000000060
46056  24.507  -31.107  25.788 0.4000000060
44060  23.507  -32.466  25.594 0.4000000060
47909  26.655  -29.100  26.180 0.4000000060
46066  24.479  -30.286  25.449 0.4000000060
46067  23.844  -30.786  25.171 0.4000000060
45074  23.689  -31.615  25.392 0.4000000060
46074  23.395  -30.429  24.621 0.4000000060
45091  22.385  -31.526  24.169 0.4000000060
44068  21.659  -33.004  24.187 0.4000000060
122871  22.422  -30.171  23.795 0.4000000060
45092  21.753  -31.380  23.559 0.4000000060
47925  26.302  -28.518  25.686 0.4000000060
47926  25.057  -29.061  25.411 0.4000000060
47000  24.499  -29.557  25.214 0.4000000060
47906  29.361  -28.901  26.339 0.5000000000
47923  28.760  -28.107  26.020 0.4000000060
47908  27.448  -28.946  26.288 0.4000000060
135442  26.974  -28.514  25.906 0.4000000060
144737  24.985  -28.484  25.127 0.4000000060
47006  23.956  -29.345  24.743 0.4000000060
46073  23.957  -30.036  24.954 0.4000000060
47007  23.045  -29.950  24.209 0.4000000060
47023  22.677  -29.343  23.887 0.4000000060
46086  21.779  -30.552  23.450 0.4000000060
48877  30.178  -27.497  25.493 0.5000000000
47922  29.754  -28.135  25.937 0.5000000000
48879  28.259  -27.429  25.553 0.5000000000
48880  26.812  -27.909  25.497 0.4000000060
48881  26.009  -27.845  25.248 0.4000000060
138878  25.571  -28.507  25.398 0.4000000060
47022  23.356  -29.241  24.326 0.4000000060
48878  29.214  -27.420  25.616 0.5000000000
48889  27.396  -27.330  25.319 0.4000000060
48891  25.654  -27.245  24.718 0.4000000060
47932  25.259  -27.917  24.973 0.4000000060
49938  28.682  -26.770  25.247 0.4000000060
49957  28.117  -26.294  24.753 0.4000000060
49958  27.256  -26.596  24.765 0.4000000060
48890  26.537  -27.135  24.951 0.4000000060
49960  25.266  -26.713  24.303 0.4000000060
50994  28.416  -25.503  24.322 0.4000000060
51021  28.300  -24.872  23.817 0.4000000060
51022  27.661  -25.135  23.823 0.4000000060
51023  26.871  -25.393  23.819 0.4000000060
128677  26.173  -24.886  23.285 0.4000000060
49954  31.113  -26.069  24.223 0.5000000000
52141  29.953  -24.898  24.209 0.5000000000
52142  29.034  -24.863  24.068 0.4000000060
52166  27.853  -24.488  23.397 0.4000000060
52167  27.070  -24.669  23.351 0.4000000060
51040  31.701  -25.787  22.805 0.5000000000
49956  29.000  -26.120  24.836 0.5000000000
50995  27.500  -25.834  24.308 0.4000000060
50996  26.730  -26.098  24.310 0.4000000060
49973  25.348  -26.070  23.889 0.4000000060
49972  26.100  -25.717  23.853 0.4000000060
51020  30.805  -25.175  24.006 0.5000000000
52164  29.536  -24.338  23.672 0.5000000000
52165  28.640  -24.363  23.517 0.4000000060
52188  28.172  -23.870  23.007 0.4000000060
52190  26.577  -24.204  22.764 0.3000000119
52186  31.669  -24.500  22.745 0.5000000000
52163  30.471  -24.466  23.672 0.5000000000
53302  29.076  -23.756  23.185 0.4000000060
53329  27.665  -23.390  22.474 0.4000000060
52189  27.361  -24.029  22.887 0.3000000119
53330  26.165  -23.706  22.242 0.3000000119
52191  25.803  -24.306  22.606 0.3000000119
52187  31.037  -23.996  23.206 0.5000000000
53327  29.592  -23.170  22.789 0.3000000119
53354  27.117  -22.925  21.992 0.3000000119
123337  26.886  -23.567  22.378 0.3000000119
53355  25.844  -23.169  21.815 0.3000000119
53356  25.072  -23.177  21.791 0.3000000119
53326  30.678  -23.273  22.867 0.3000000119
53325  31.577  -23.675  22.521 0.4000000060
53352  31.965  -23.373  21.699 0.4000000060
53373  32.105  -23.158  20.783 0.4000000060
130786  32.054  -23.899  20.154 0.4000000060
53386  31.954  -22.937  19.624 0.4000000060
54381  29.085  -22.504  22.221 0.3000000119
53328  28.568  -23.238  22.597 0.3000000119
54409  26.405  -22.493  21.657 0.3000000119
143624  26.482  -23.186  21.957 0.3000000119
54411  24.747  -22.496  21.640 0.3000000119
53358  23.688  -23.030  21.964 0.3000000119
54380  30.236  -22.632  22.454 0.3000000119
54410  25.514  -22.513  21.605 0.3000000119
54412  24.017  -22.450  21.763 0.3000000119
53353  31.270  -22.864  22.288 0.3000000119
54404  31.680  -22.469  21.508 0.3000000119
144753  31.956  -22.425  20.640 0.3000000119
120323  31.586  -21.818  18.243 0.4000000060
139195  31.008  -21.051  16.695 0.4000000060
55529  28.988  -21.075  15.597 0.4000000060
54413  23.237  -22.443  22.069 0.3000000119
126340  29.927  -22.092  22.107 0.3000000119
54405  30.824  -22.183  22.035 0.3000000119
55470  31.636  -21.765  21.047 0.3000000119
55492  31.674  -21.245  18.835 0.4000000060
56574  31.643  -20.022  18.084 0.3000000119
121219  31.618  -20.958  18.105 0.4000000060
55513  31.392  -20.613  17.255 0.4000000060
57630  31.032  -20.291  16.356 0.4000000060
56596  30.288  -20.260  15.649 0.4000000060
57643  29.754  -19.770  15.024 0.4000000060
56597  29.345  -20.416  15.336 0.4000000060
57657  29.211  -19.287  14.471 0.4000000060
141808  31.175  -21.791  21.602 0.3000000119
57629  31.492  -19.694  17.129 0.3000000119
144835  30.831  -19.855  15.854 0.4000000060
57642  30.629  -19.443  15.359 0.4000000060
57656  30.085  -19.102  14.666 0.4000000060
59846  30.045  -17.951  13.816 0.4000000060
59847  29.126  -18.063  13.579 0.4000000060
59861  27.648  -17.377  13.101 0.4000000060
59849  27.178  -18.126  13.421 0.5000000000
130477  31.539  -18.803  17.036 0.3000000119
57641  31.252  -19.354  16.166 0.3000000119
58731  31.164  -18.720  15.510 0.4000000060
58736  31.086  -18.201  14.878 0.4000000060
59845  30.845  -17.768  14.203 0.4000000060
59858  30.535  -17.280  13.593 0.3000000119
59859  29.620  -17.354  13.294 0.4000000060
135433  28.141  -16.636  12.789 0.3000000119
136264  27.111  -16.587  12.779 0.3000000119
59862  26.611  -17.326  13.071 0.4000000060
61841  27.591  -15.789  12.530 0.3000000119
61842  26.495  -15.752  12.493 0.3000000119
120909  31.589  -18.294  17.672 0.3000000119
142812  31.545  -17.760  16.299 0.3000000119
58730  31.403  -17.960  15.584 0.3000000119
59844  31.391  -17.358  14.828 0.3000000119
140751  31.172  -17.175  13.997 0.3000000119
60901  31.004  -16.633  13.498 0.3000000119
61839  29.700  -15.907  12.527 0.3000000119
60908  29.163  -16.669  12.809 0.3000000119
61840  28.665  -15.887  12.489 0.3000000119
126084  29.158  -15.150  12.291 0.3000000119
59836  31.564  -17.192  15.847 0.3000000119
60900  31.452  -16.567  14.282 0.3000000119
61831  31.386  -16.011  13.713 0.3000000119
61838  30.759  -15.821  12.937 0.3000000119
62802  30.126  -15.008  12.409 0.3000000119
62811  28.733  -14.277  12.098 0.3000000119
62803  28.131  -15.027  12.309 0.3000000119
137196  29.469  -14.656  12.221 0.3000000119
64637  28.308  -12.482  11.491 0.3000000119
49937  29.690  -26.704  25.210 0.5000000000
49955  30.431  -26.370  24.801 0.5000000000
34938  24.603  -41.347  17.261 0.6000000238
34950  22.946  -41.236  15.803 0.5000000000
35897  23.120  -40.093  14.604 0.5000000000
128987  22.695  -41.148  14.908 0.5000000000
37972  26.506  -38.588  13.652 0.5000000000
36899  25.313  -39.644  13.933 0.5000000000
36887  23.616  -39.295  14.522 0.5000000000
33958  22.687  -42.478  24.546 0.6000000238
33033  21.717  -43.506  24.075 0.6000000238
33965  21.147  -42.678  24.061 0.6000000238
33966  20.490  -42.546  23.573 0.5000000000
133805  19.712  -43.066  22.708 0.5000000000
33975  19.562  -42.291  22.219 0.5000000000
33054  19.134  -43.106  21.946 0.5000000000
33985  19.075  -42.166  21.471 0.4000000060
34911  18.983  -41.325  21.212 0.4000000060
35846  18.843  -40.552  20.983 0.4000000060
36834  18.667  -39.861  20.759 0.4000000060
40017  18.638  -36.971  21.794 0.3000000119
41056  19.436  -35.354  22.851 0.3000000119
42008  19.778  -34.633  23.189 0.4000000060
44098  21.221  -31.999  23.211 0.4000000060
43001  20.662  -33.218  23.412 0.4000000060
45111  21.145  -31.074  22.957 0.4000000060
47933  24.552  -28.146  24.764 0.4000000060
47950  21.513  -28.695  23.172 0.4000000060
47934  23.844  -28.554  24.509 0.4000000060
47948  23.065  -28.451  24.040 0.4000000060
48892  24.761  -27.341  24.462 0.4000000060
48908  22.566  -27.822  23.558 0.4000000060
51024  25.435  -25.362  23.382 0.4000000060
51041  25.450  -24.790  22.938 0.4000000060
52192  25.041  -24.414  22.482 0.3000000119
53332  24.610  -23.839  22.092 0.3000000119
134747  23.691  -23.798  22.139 0.3000000119
38939  18.383  -37.537  21.227 0.4000000060
46103  21.313  -30.216  23.092 0.4000000060
48906  24.049  -27.154  24.087 0.4000000060
48907  23.372  -27.560  23.907 0.4000000060
37862  18.726  -38.346  21.315 0.4000000060
132373  22.635  -37.828  14.854 0.5000000000
46987  26.353  -29.857  26.439 0.4000000060
51019  31.394  -25.516  23.511 0.5000000000
55504  31.255  -21.580  17.335 0.4000000060
59848  28.173  -18.124  13.457 0.4000000060
58738  29.596  -18.622  14.113 0.4000000060
141443  22.536  -39.855  14.864 0.6000000238
36886  24.554  -39.423  14.279 0.5000000000
137594  22.232  -30.867  23.817 0.4000000060
44082  21.755  -32.199  23.841 0.4000000060
44083  21.168  -32.779  23.586 0.4000000060
47024  21.857  -29.588  23.431 0.4000000060
49939  27.918  -26.857  25.169 0.4000000060
128370  29.763  -26.050  24.806 0.5000000000
49959  26.039  -26.499  24.398 0.4000000060
50993  29.406  -25.484  24.506 0.5000000000
50992  30.295  -25.634  24.504 0.5000000000
52162  31.231  -24.762  23.406 0.5000000000
53301  30.087  -23.778  23.307 0.4000000060
54428  31.868  -21.860  20.136 0.3000000119
55447  31.061  -21.186  21.325 0.3000000119
60907  30.173  -16.662  12.996 0.3000000119
59860  28.638  -17.379  13.162 0.4000000060
58721  31.605  -18.005  16.989 0.3000000119
125850  31.447  -18.447  16.251 0.3000000119
59827  31.574  -17.144  16.887 0.3000000119
60895  31.641  -16.473  15.258 0.3000000119
137919  29.083  -13.335  11.863 0.3000000119
47949  22.264  -28.651  23.569 0.4000000060
30196  22.680  -46.667  20.438 0.4000000060
30178  22.165  -46.720  21.251 0.4000000060
29131  21.307  -47.359  21.052 0.4000000060
30179  20.468  -47.230  21.999 0.3000000119
30156  21.817  -46.396  22.285 0.4000000060
30158  19.986  -46.402  22.601 0.3000000119
123324  26.125  -43.585  16.288 0.5000000000
135436  20.276  -45.077  23.150 0.5000000000
31136  19.652  -45.427  22.784 0.3000000119
34029  25.111  -42.600  16.540 0.5000000000
33100  25.554  -43.269  16.237 0.5000000000
33034  20.731  -43.503  23.689 0.5000000000
32079  19.839  -44.536  23.000 0.4000000060
34020  25.016  -41.952  17.086 0.5000000000
33101  24.757  -43.299  15.775 0.5000000000
33102  23.861  -43.070  15.394 0.3000000119
34030  24.348  -41.947  16.625 0.5000000000
126722  24.191  -42.557  15.990 0.4000000060
34031  23.559  -41.949  16.041 0.4000000060
33114  23.493  -42.901  14.682 0.3000000119
33108  23.354  -42.728  15.089 0.3000000119
34043  23.435  -42.440  14.613 0.3000000119
34038  23.176  -42.233  14.944 0.3000000119
144845  24.339  -40.792  14.133 0.3000000119
34967  23.635  -41.997  14.357 0.3000000119
34960  23.164  -41.089  14.590 0.4000000060
34955  22.789  -41.547  15.114 0.4000000060
33994  18.630  -41.967  20.748 0.3000000119
35905  25.705  -40.320  13.675 0.4000000060
126771  24.872  -41.056  13.852 0.4000000060
35907  23.843  -40.584  14.356 0.4000000060
132012  18.314  -41.771  20.144 0.3000000119
36820  18.477  -39.090  20.754 0.3000000119
42023  19.679  -33.836  22.830 0.3000000119
44099  20.652  -32.561  23.055 0.3000000119
43014  19.578  -33.092  22.411 0.3000000119
45112  20.617  -31.838  22.658 0.3000000119
44100  20.093  -32.455  22.524 0.3000000119
45124  20.415  -31.085  22.366 0.3000000119
47036  21.094  -29.498  22.945 0.3000000119
48909  21.932  -28.047  23.251 0.3000000119
47963  20.795  -28.671  22.716 0.3000000119
47964  20.074  -28.675  22.274 0.3000000119
49974  24.537  -26.510  23.868 0.3000000119
49975  23.636  -26.707  23.593 0.3000000119
49976  22.820  -26.977  23.333 0.3000000119
48921  22.069  -27.316  23.035 0.3000000119
48922  21.307  -27.791  22.795 0.3000000119
51025  24.718  -25.701  23.388 0.3000000119
51026  23.953  -25.955  23.264 0.3000000119
49986  23.133  -26.143  23.023 0.3000000119
139760  22.268  -26.410  22.653 0.3000000119
130860  21.555  -26.858  22.539 0.3000000119
51044  22.691  -25.511  22.449 0.3000000119
51042  24.836  -25.048  22.910 0.3000000119
133135  24.239  -25.348  22.927 0.3000000119
51043  23.548  -25.383  22.700 0.3000000119
33099  26.802  -43.662  16.640 0.5000000000
35906  24.657  -40.250  14.100 0.4000000060
35847  18.413  -40.488  20.271 0.3000000119
32080  19.199  -44.593  22.511 0.3000000119
33045  18.983  -43.936  22.126 0.3000000119
33986  18.539  -42.840  21.024 0.3000000119
26037  24.340  -50.309  23.118 0.4000000060
25065  23.052  -50.970  21.889 0.4000000060
26066  23.320  -50.218  21.510 0.4000000060
26101  22.368  -50.672  19.029 0.4000000060
27166  22.663  -49.699  19.068 0.3000000119
27140  23.616  -49.525  21.081 0.4000000060
134500  23.476  -49.318  20.405 0.4000000060
122912  23.544  -48.724  19.970 0.4000000060
31182  30.013  -45.865  17.732 0.3000000119
27152  23.923  -48.853  20.705 0.4000000060
28189  22.609  -48.212  18.720 0.3000000119
29196  22.270  -47.616  18.857 0.3000000119
28176  23.464  -47.975  19.667 0.4000000060
127932  20.950  -47.653  18.502 0.3000000119
29197  21.406  -47.779  18.406 0.3000000119
29180  20.784  -47.643  19.205 0.3000000119
29177  23.182  -47.305  19.653 0.4000000060
29179  22.167  -47.094  19.401 0.3000000119
125032  21.468  -47.316  19.830 0.3000000119
26079  22.621  -50.959  20.527 0.4000000060
26078  23.047  -50.051  20.628 0.4000000060
29132  20.445  -47.766  21.237 0.3000000119
26036  25.070  -50.332  23.689 0.3000000119
29181  20.007  -48.090  18.909 0.3000000119
25021  28.881  -51.586  24.443 0.4000000060
25023  27.005  -51.387  24.546 0.4000000060
25084  22.896  -50.718  21.186 0.4000000060
26019  26.740  -50.426  24.451 0.4000000060
26045  23.674  -50.400  22.393 0.4000000060
26065  24.247  -49.126  21.439 0.4000000060
26089  23.114  -49.463  19.795 0.4000000060
26090  22.671  -50.340  19.794 0.4000000060
26114  22.153  -50.088  18.420 0.3000000119
27089  31.115  -48.931  24.195 0.4000000060
27093  27.328  -49.701  24.421 0.4000000060
27108  27.129  -48.918  23.950 0.5000000000
27110  24.890  -49.705  23.135 0.4000000060
27121  31.969  -49.857  23.240 0.3000000119
28106  29.359  -48.457  24.487 0.5000000000
28119  27.644  -48.162  23.660 0.5000000000
28120  26.486  -48.224  22.874 0.5000000000
28129  32.487  -48.471  22.580 0.4000000060
28130  25.451  -48.435  22.194 0.5000000000
28144  25.053  -48.211  21.698 0.5000000000
28145  24.491  -48.357  21.164 0.4000000060
28161  32.535  -48.599  20.804 0.4000000060
28177  23.010  -47.760  19.092 0.4000000060
28199  21.096  -48.094  17.747 0.3000000119
29077  31.402  -46.751  24.230 0.6000000238
29094  27.514  -47.438  23.458 0.6000000238
29110  32.525  -47.689  22.569 0.5000000000
29129  32.619  -47.429  21.861 0.4000000060
29130  24.780  -47.759  21.431 0.5000000000
29155  24.273  -47.675  20.841 0.5000000000
29157  20.716  -47.767  20.359 0.3000000119
29175  32.361  -47.783  19.771 0.4000000060
29178  22.726  -47.285  19.299 0.3000000119
30114  30.930  -46.175  24.443 0.6000000238
30116  28.841  -46.185  24.415 0.6000000238
30134  25.908  -46.543  23.028 0.5000000000
30152  32.505  -46.238  22.658 0.5000000000
30176  24.298  -46.666  21.442 0.6000000238
30193  32.172  -46.097  20.214 0.4000000060
30195  23.266  -46.825  20.389 0.4000000060
30197  22.109  -46.890  20.214 0.3000000119
31101  28.379  -45.499  24.590 0.6000000238
31110  32.409  -45.468  23.155 0.6000000238
31114  25.488  -45.576  23.397 0.6000000238
31115  24.773  -44.805  23.533 0.6000000238
31118  20.911  -45.130  23.350 0.6000000238
31131  24.434  -45.741  22.514 0.6000000238
31134  21.353  -45.813  22.966 0.5000000000
31135  20.495  -45.760  22.979 0.5000000000
31146  32.071  -44.860  21.100 0.6000000238
31148  23.305  -45.896  22.164 0.5000000000
31172  31.329  -46.189  18.812 0.4000000060
31183  29.452  -45.417  17.682 0.3000000119
32043  27.858  -44.314  25.058 0.6000000238
32063  23.062  -44.375  23.570 0.6000000238
32066  20.500  -44.422  23.400 0.5000000000
32075  32.391  -44.729  22.650 0.6000000238
32089  32.148  -44.383  21.792 0.6000000238
32093  31.530  -44.504  20.502 0.6000000238
32129  28.058  -44.261  17.340 0.5000000000
33008  26.093  -43.284  24.986 0.6999999881
33017  31.247  -43.227  24.785 0.8000000119
33019  26.395  -43.897  24.795 0.6999999881
33024  22.395  -43.112  24.352 0.6000000238
33030  24.404  -43.972  23.934 0.6999999881
33032  22.663  -43.734  24.043 0.6000000238
33043  20.028  -43.754  23.200 0.4000000060
33044  19.452  -43.835  22.629 0.5000000000
33059  31.281  -43.786  20.755 0.6999999881
33062  18.080  -43.538  20.924 0.3000000119
33078  28.373  -43.456  18.507 0.6000000238
33103  23.577  -42.469  15.554 0.3000000119
33107  23.635  -43.495  14.749 0.3000000119
33122  23.581  -42.971  14.372 0.3000000119
33959  21.888  -42.607  24.403 0.6999999881
33983  31.375  -42.738  21.880 0.8000000119
33991  30.255  -42.677  20.692 0.8000000119
34000  28.902  -42.857  19.668 0.8000000119
34032  23.165  -42.031  15.363 0.3000000119
34856  25.269  -41.918  25.208 0.8000000119
34873  23.611  -41.574  24.847 0.8000000119
34884  21.451  -41.909  24.286 0.6999999881
34894  20.303  -41.739  23.275 0.5000000000
34902  29.439  -41.000  21.276 0.8000000119
34908  29.075  -41.595  20.643 0.8000000119
34909  28.297  -41.306  20.324 0.8000000119
34912  18.570  -41.218  20.523 0.3000000119
34918  27.156  -41.178  19.507 0.8000000119
34919  26.162  -40.807  18.873 0.8000000119
34920  18.165  -41.180  19.824 0.3000000119
34927  25.008  -40.897  17.937 0.6999999881
34939  23.715  -41.170  16.693 0.5000000000
34961  23.091  -41.761  14.784 0.4000000060
35761  27.435  -40.798  26.848 0.8999999762
35777  25.475  -40.394  25.937 0.8999999762
35779  24.229  -40.358  25.363 0.8999999762
35794  30.911  -40.419  24.075 1.0000000000
35796  22.772  -40.314  24.748 0.6999999881
35808  20.881  -40.538  23.516 0.6000000238
35817  29.679  -39.719  21.991 0.8999999762
35818  20.317  -40.859  22.886 0.4000000060
35844  27.594  -40.285  20.371 0.8000000119
35855  27.273  -40.716  19.982 0.8000000119
35865  25.467  -40.441  18.575 0.6999999881
35876  22.942  -39.966  16.695 0.6000000238
35877  22.749  -39.529  16.597 0.6999999881
35885  22.597  -40.406  16.008 0.5000000000
35886  22.513  -39.742  16.239 0.6999999881
35891  22.311  -39.932  15.637 0.6999999881
35896  23.953  -39.934  14.406 0.5000000000
35898  22.581  -40.509  14.860 0.5000000000
35899  22.357  -39.962  15.125 0.6000000238
36714  26.437  -39.585  26.897 0.8999999762
36715  25.704  -39.245  26.516 0.8999999762
36737  23.838  -39.524  25.353 0.6999999881
36759  21.766  -39.822  24.154 0.6999999881
36798  20.333  -39.269  22.594 0.5000000000
36819  19.151  -39.831  21.376 0.4000000060
36845  25.697  -39.521  19.184 0.8000000119
36889  22.379  -39.288  15.026 0.6000000238
37767  28.550  -38.553  27.652 0.8999999762
37769  26.912  -38.389  27.538 0.8999999762
37798  24.175  -38.249  25.717 0.8000000119
37844  20.075  -38.501  22.431 0.5000000000
37927  23.810  -38.349  17.642 0.8999999762
37928  23.168  -38.290  17.162 0.8000000119
37929  22.676  -38.548  16.644 0.8000000119
37963  22.295  -38.597  15.292 0.6000000238
38846  25.905  -37.837  26.950 1.0000000000
38863  23.832  -37.532  25.603 0.6999999881
38882  21.920  -37.249  24.284 0.6999999881
38937  27.393  -37.765  20.686 0.8999999762
38975  25.457  -36.934  18.686 0.8999999762
38994  23.762  -37.182  17.374 0.8999999762
39013  22.051  -37.159  16.053 0.8000000119
39026  21.902  -37.187  15.557 0.8000000119
39036  25.119  -37.058  14.274 0.6000000238
39929  27.996  -36.258  28.003 0.8999999762
39942  25.655  -37.089  26.860 0.8999999762
39955  23.278  -36.140  25.542 0.6000000238
39968  21.581  -36.520  24.259 0.6000000238
40003  20.122  -36.946  22.927 0.4000000060
40004  19.291  -36.803  22.388 0.4000000060
40049  25.924  -36.315  18.917 0.8999999762
40082  23.958  -36.525  17.317 0.8999999762
40115  21.708  -36.441  15.247 0.8000000119
40999  30.026  -35.476  26.977 1.0000000000
41027  21.604  -35.245  24.620 0.5000000000
41042  21.082  -35.261  24.269 0.4000000060
41102  26.399  -35.680  19.237 0.8999999762
41165  21.673  -35.783  15.510 0.8000000119
41182  22.125  -35.764  14.707 0.8000000119
41965  26.326  -34.610  27.485 0.8000000119
41970  29.648  -34.769  27.262 1.0000000000
41978  23.244  -34.576  25.763 0.6000000238
42006  20.746  -34.587  23.979 0.4000000060
42007  20.326  -33.971  23.454 0.4000000060
42042  27.890  -34.980  21.218 1.0000000000
42110  23.804  -34.518  16.925 0.8999999762
42162  21.861  -33.862  14.930 0.6999999881
42170  27.439  -34.603  13.345 0.6000000238
42964  25.966  -33.854  27.333 0.6999999881
42979  22.934  -33.810  25.545 0.5000000000
43013  20.162  -33.167  22.963 0.3000000119
43028  27.939  -33.701  20.968 1.0000000000
43120  21.635  -33.358  15.166 0.8000000119
43131  21.793  -33.158  14.904 0.6999999881
44048  30.308  -32.572  26.519 0.6999999881
44061  22.763  -32.977  25.187 0.4000000060
44067  22.348  -32.397  24.512 0.4000000060
44139  27.165  -31.727  19.550 1.0000000000
44157  24.971  -32.377  17.538 0.8999999762
44183  21.644  -32.810  15.352 0.8999999762
44198  22.011  -32.652  14.814 0.6999999881
45038  28.117  -31.827  27.420 0.6999999881
45068  24.974  -31.697  26.366 0.5000000000
45078  23.136  -31.284  24.712 0.4000000060
45138  28.231  -31.289  20.546 1.0000000000
45159  26.335  -31.381  18.533 1.0000000000
45171  23.711  -31.736  16.888 0.8999999762
45184  22.004  -31.499  15.535 0.8999999762
45232  25.746  -31.962  14.269 0.6000000238
46075  22.771  -30.701  24.215 0.4000000060
46133  27.985  -30.611  19.998 1.0000000000
46146  27.570  -30.271  19.403 1.0000000000
46160  26.065  -30.919  18.080 1.0000000000
46983  30.178  -29.418  26.233 0.6999999881
46999  25.067  -29.782  25.686 0.4000000060
47064  28.482  -29.948  20.185 0.8999999762
47101  26.286  -29.369  17.779 0.8999999762
47907  28.325  -28.830  26.337 0.5000000000
47924  27.699  -28.148  25.849 0.4000000060
47976  30.081  -28.790  21.046 0.8000000119
47992  29.041  -28.888  20.100 0.8000000119
48050  21.947  -28.371  15.742 0.8999999762
48081  21.850  -27.665  14.692 0.8000000119
48893  23.996  -27.782  24.382 0.4000000060
48990  23.627  -27.868  16.388 1.0000000000
49025  24.692  -27.490  14.497 0.6999999881
49026  23.778  -27.416  14.351 0.8000000119
49027  22.955  -27.424  14.315 0.6999999881
49042  21.909  -26.980  14.681 0.8999999762
49936  30.502  -26.990  25.101 0.5000000000
49971  31.526  -26.287  23.389 0.6999999881
50009  31.628  -26.295  20.931 0.6999999881
50051  23.022  -27.333  16.225 1.0000000000
50080  21.694  -26.175  15.097 0.8999999762
50093  23.471  -26.752  14.296 0.8000000119
50095  21.677  -26.668  14.924 0.8999999762
50107  23.155  -26.237  14.271 0.6999999881
51105  26.337  -25.288  16.479 0.8000000119
51122  21.839  -25.346  15.222 0.8000000119
51167  22.174  -24.976  14.465 0.8000000119
52291  21.773  -24.502  15.024 0.8000000119
52302  21.778  -24.354  14.824 0.8000000119
52316  25.854  -23.932  13.991 0.6000000238
52321  21.976  -24.281  14.564 0.8000000119
53331  25.419  -23.777  22.125 0.3000000119
53357  24.306  -23.146  21.859 0.3000000119
53420  27.579  -24.002  16.367 0.6999999881
53421  26.571  -23.400  16.029 0.6999999881
53422  25.713  -23.325  15.843 0.8000000119
53450  21.820  -23.567  14.626 0.8000000119
53463  26.729  -22.941  13.780 0.6000000238
53465  25.441  -23.345  13.730 0.6000000238
53467  23.411  -23.434  13.680 0.8000000119
53469  22.129  -23.659  14.253 0.8000000119
54474  23.836  -22.580  15.498 0.8000000119
54477  21.910  -23.240  14.867 0.8000000119
54511  24.996  -22.773  13.435 0.6000000238
54513  22.684  -22.230  13.918 0.8000000119
55518  26.738  -22.233  15.683 0.6999999881
55519  25.922  -22.078  15.566 0.6999999881
55520  23.123  -22.120  15.238 0.8999999762
55521  22.576  -22.441  15.126 0.8999999762
55546  22.759  -21.306  14.242 0.8000000119
55560  22.651  -21.511  13.955 0.8000000119
55570  25.925  -20.915  12.664 0.6000000238
55572  24.657  -21.444  12.941 0.6000000238
56602  24.268  -20.443  14.737 0.8000000119
56616  22.865  -20.538  14.098 0.8000000119
56631  29.087  -20.403  12.463 0.5000000000
56634  26.102  -20.336  12.341 0.6000000238
56646  29.114  -19.865  12.011 0.5000000000
57644  28.822  -19.924  14.860 0.4000000060
57648  24.443  -19.644  14.401 0.8000000119
57649  23.555  -19.773  14.239 0.8000000119
57681  24.433  -19.843  12.336 0.6000000238
57683  22.996  -19.971  13.486 0.8000000119
58737  30.424  -18.430  14.406 0.4000000060
58750  23.200  -18.388  12.946 0.6999999881
58758  23.449  -18.206  12.467 0.6000000238
58767  27.863  -18.534  11.373 0.6000000238
58790  30.483  -18.551  10.926 0.5000000000
58791  29.160  -18.016  11.030 0.5000000000
59874  23.921  -16.905  12.436 0.6000000238
59884  26.539  -17.723  11.187 0.6000000238
59906  25.077  -17.057  11.371 0.6000000238
60918  24.174  -16.304  12.067 0.6000000238
60947  24.651  -16.459  11.514 0.6000000238
61843  25.492  -15.800  12.387 0.5000000000
61844  24.808  -15.888  12.282 0.6000000238
61858  25.060  -15.235  11.766 0.6000000238
61859  24.604  -15.780  11.795 0.6000000238
61868  32.427  -15.674  10.829 0.3000000119
61874  24.809  -15.881  11.465 0.6000000238
62810  29.801  -14.154  12.126 0.3000000119
62813  26.157  -14.224  11.802 0.4000000060
62814  25.502  -14.704  11.726 0.4000000060
62834  30.094  -14.274  10.180 0.4000000060
62835  29.275  -14.222  10.073 0.4000000060
62839  25.638  -13.969  10.942 0.4000000060
62850  26.117  -13.670  10.655 0.4000000060
63762  26.029  -13.140  10.963 0.4000000060
63763  25.765  -13.653  11.051 0.4000000060
63784  28.026  -12.793  9.834 0.4000000060
63786  26.548  -13.225  10.455 0.4000000060
64651  26.503  -12.785  11.073 0.4000000060
64659  27.375  -12.276  10.453 0.4000000060
64672  26.810  -12.778  10.456 0.4000000060
120686  21.553  -47.414  18.991 0.3000000119
121288  22.914  -46.459  20.940 0.4000000060
121706  27.606  -42.340  18.840 0.8000000119
122043  21.639  -28.467  14.938 0.8999999762
122829  26.644  -34.132  19.314 0.8999999762
123285  23.189  -41.005  24.914 0.6999999881
123665  29.749  -44.114  19.255 0.6000000238
124749  22.853  -25.804  14.300 0.8000000119
125866  24.469  -47.252  21.209 0.5000000000
126024  26.717  -44.492  24.621 0.6000000238
126049  28.289  -33.109  21.241 1.0000000000
126311  27.339  -36.280  20.580 0.8999999762
126324  25.423  -29.513  17.345 1.0000000000
126679  28.119  -23.632  16.372 0.6999999881
126692  23.127  -45.395  22.739 0.5000000000
126797  30.886  -48.052  24.336 0.6000000238
126919  25.047  -26.154  14.374 0.6000000238
127528  30.015  -50.151  24.513 0.4000000060
128434  24.380  -23.930  15.816 0.8999999762
128714  36.052  -14.187  11.254 0.3000000119
128810  20.250  -48.126  19.851 0.3000000119
129099  25.406  -14.725  11.025 0.4000000060
129304  29.067  -15.696  10.400 0.6000000238
129967  30.655  -28.338  21.431 0.8000000119
130268  21.350  -46.936  21.921 0.4000000060
130385  23.621  -36.252  17.038 0.8999999762
130429  23.986  -37.871  14.540 0.5000000000
130448  23.685  -33.029  14.543 0.6999999881
130490  27.046  -42.813  25.642 0.8999999762
130823  23.676  -28.871  14.439 0.6999999881
131058  21.739  -35.066  15.688 0.8000000119
131310  32.606  -47.994  21.338 0.4000000060
132074  25.375  -32.311  26.803 0.6000000238
132326  22.653  -21.848  14.617 0.8000000119
132398  30.868  -43.951  24.953 0.6000000238
132464  22.379  -38.743  16.217 0.6999999881
133021  27.628  -41.742  19.443 0.8000000119
133200  27.960  -44.942  24.742 0.6000000238
133248  29.133  -34.082  27.466 0.8999999762
133249  26.378  -36.220  27.442 0.8999999762
133591  25.437  -15.409  10.985 0.5000000000
133900  29.136  -50.020  24.649 0.4000000060
133939  24.485  -28.857  24.967 0.4000000060
134101  21.719  -33.037  15.722 0.8999999762
134148  19.168  -35.995  22.539 0.3000000119
134168  27.542  -35.181  20.777 1.0000000000
134172  28.749  -37.012  22.137 0.8999999762
134272  23.487  -36.869  25.501 0.6999999881
134346  24.688  -41.078  25.299 0.8999999762
134646  23.979  -36.038  25.962 0.6000000238
135211  22.135  -37.955  15.647 0.6000000238
135347  22.378  -25.672  14.472 0.8000000119
135626  25.882  -20.174  14.734 0.8000000119
135855  24.236  -30.976  14.618 0.6999999881
136098  24.694  -28.812  14.594 0.6999999881
136518  24.581  -22.417  15.530 0.8000000119
136542  23.164  -19.443  12.936 0.6999999881
136789  24.656  -29.718  17.014 1.0000000000
136836  27.469  -21.876  13.452 0.6000000238
136879  32.239  -44.114  23.158 0.8000000119
137371  24.000  -17.872  13.201 0.6999999881
137521  32.057  -47.551  23.641 0.5000000000
137680  24.011  -41.261  14.209 0.3000000119
137734  21.454  -27.884  15.072 0.8999999762
139156  26.983  -48.366  23.351 0.5000000000
139456  22.987  -19.946  14.000 0.8000000119
139841  23.010  -23.408  15.508 0.8999999762
139950  23.806  -49.721  21.784 0.4000000060
140424  23.545  -29.801  24.566 0.4000000060
140433  20.170  -43.055  23.263 0.5000000000
140557  23.067  -19.396  13.517 0.8000000119
140783  23.533  -24.168  13.867 0.8000000119
141526  22.933  -20.565  14.235 0.8000000119
141539  22.554  -38.701  24.566 0.6999999881
141947  21.137  -41.186  23.979 0.6000000238
142131  28.515  -32.470  27.466 0.6999999881
142200  18.809  -39.474  21.102 0.4000000060
142585  30.574  -16.479  10.488 0.5000000000
142680  26.693  -41.120  19.103 0.8000000119
142700  25.543  -39.979  18.903 0.8000000119
142773  29.835  -34.031  23.162 1.0000000000
143069  29.998  -31.729  22.532 1.0000000000
143561  26.642  -26.587  24.605 0.4000000060
143660  22.703  -37.167  24.856 0.6999999881
143781  30.715  -18.799  14.942 0.4000000060
144452  32.174  -14.984  10.918 0.3000000119
144848  23.703  -19.597  12.559 0.6999999881
144914  23.540  -28.068  24.259 0.4000000060
145558  22.997  -24.474  14.015 0.8000000119
145612  23.685  -21.820  21.781 0.3000000119
