#Insight Transform File V1.0
#Transform 0
Transform: AffineTransform_float_3_3
Parameters: 1 6.91881e-06 -1.18242e-05 -6.91535e-06 1 0.00014636 1.18262e-05 -0.00014636 1 -0.0052463 0.00835023 0.0967325
FixedParameters: 0 0 0

#Transform 1
Transform: AffineTransform_float_3_3
Parameters: 1 1.29933e-05 -2.21989e-05 -1.29811e-05 1 0.000274799 2.2206e-05 -0.000274798 1 -0.0101451 0.0403681 0.0876759
FixedParameters: 0 0 0

#Transform 2
Transform: AffineTransform_float_3_3
Parameters: 1 -2.00707e-05 -5.15519e-05 2.01441e-05 0.999999 0.000711897 5.15232e-05 -0.000711899 0.999999 -0.00765469 -0.012084 0.113536
FixedParameters: 0 0 0

#Transform 3
Transform: AffineTransform_float_3_3
Parameters: 1 -1.33258e-05 1.8698e-05 1.33024e-05 1 0.000626859 -1.87147e-05 -0.000626859 1 -0.00390177 -0.0177804 0.100328
FixedParameters: 0 0 0

#Transform 4
Transform: AffineTransform_float_3_3
Parameters: 1 9.77192e-05 -5.24043e-05 -9.76614e-05 1 0.000550584 5.25119e-05 -0.000550574 1 -0.0022972 -0.0286916 0.0872507
FixedParameters: 0 0 0

#Transform 5
Transform: AffineTransform_float_3_3
Parameters: 1 1.49245e-05 -2.54959e-05 -1.49084e-05 1 0.000315621 2.55053e-05 -0.00031562 1 -0.00617614 0.019761 0.0968997
FixedParameters: 0 0 0

#Transform 6
Transform: AffineTransform_float_3_3
Parameters: 1 2.23692e-05 -3.82001e-05 -2.2333e-05 1 0.000472933 3.82213e-05 -0.000472932 1 -0.0057065 0.0128898 0.0987093
FixedParameters: 0 0 0

#Transform 7
Transform: AffineTransform_float_3_3
Parameters: 1 6.4332e-05 -3.45198e-05 -6.44081e-05 1 0.00121749 3.45829e-05 -0.00121749 1 0.00529628 -0.0397439 0.110502
FixedParameters: 0 0 0

#Transform 8
Transform: AffineTransform_float_3_3
Parameters: 1 3.64623e-05 -4.50583e-06 -3.64563e-05 1 0.000660796 4.55401e-06 -0.000660795 1 -0.00117641 -0.0566285 0.108014
FixedParameters: 0 0 0

#Transform 9
Transform: AffineTransform_float_3_3
Parameters: 1 -0.000448501 -0.000199405 0.000447932 1 -0.00102253 0.000200228 0.00102234 1 0.0198857 0.214003 -0.116717
FixedParameters: 0 0 0

#Transform 10
Transform: AffineTransform_float_3_3
Parameters: 1 4.45786e-05 -0.000284092 -4.4513e-05 1 0.000115566 0.000284102 -0.00011554 1 0.0404561 -0.176248 -0.0137739
FixedParameters: 0 0 0

#Transform 11
Transform: AffineTransform_float_3_3
Parameters: 1 4.10297e-05 8.78598e-05 -4.11292e-05 1 0.000566595 -8.78133e-05 -0.000566602 1 0.00656292 -0.0382239 0.0234954
FixedParameters: 0 0 0

#Transform 12
Transform: AffineTransform_float_3_3
Parameters: 1 0.000233408 6.77521e-05 -0.000233482 1 0.000550837 -6.74949e-05 -0.000550868 1 -0.00748329 0.047566 0.00626017
FixedParameters: 0 0 0

#Transform 13
Transform: AffineTransform_float_3_3
Parameters: 1 1.97901e-05 0.000257584 -1.97181e-05 1 -0.000139822 -0.00025759 0.000139812 1 0.0312101 -0.0208606 -0.0477605
FixedParameters: 0 0 0

#Transform 14
Transform: AffineTransform_float_3_3
Parameters: 1 2.85776e-07 0.000203714 -1.28385e-07 1 -0.000386303 -0.000203715 0.000386303 1 0.0168337 0.0333583 -0.0286457
FixedParameters: 0 0 0

#Transform 15
Transform: AffineTransform_float_3_3
Parameters: 1 -3.92747e-06 0.000210956 4.12826e-06 1 -0.000475911 -0.000210952 0.000475912 1 0.0103789 -0.035261 -0.0061555
FixedParameters: 0 0 0

#Transform 16
Transform: AffineTransform_float_3_3
Parameters: 1 -3.84031e-06 0.000102159 3.8944e-06 1 -0.000264752 -0.000102157 0.000264753 1 0.00402877 -0.0729413 -0.00181487
FixedParameters: 0 0 0

#Transform 17
Transform: AffineTransform_float_3_3
Parameters: 1 2.21687e-05 0.000166149 -2.21948e-05 1 7.86604e-05 -0.000166146 -7.86678e-05 1 -0.00542133 0.0218367 0.00795537
FixedParameters: 0 0 0

#Transform 18
Transform: AffineTransform_float_3_3
Parameters: 1 3.14826e-05 2.63833e-05 -3.15097e-05 1 0.00051287 -2.6351e-05 -0.000512872 1 -0.00360285 0.0269901 -0.007494
FixedParameters: 0 0 0

#Transform 19
Transform: AffineTransform_float_3_3
Parameters: 1 2.65776e-05 0.00015859 -2.66322e-05 1 0.000172251 -0.000158581 -0.000172259 1 -0.00651344 0.0365193 0.00596156
FixedParameters: 0 0 0

#Transform 20
Transform: AffineTransform_float_3_3
Parameters: 1 -2.26523e-05 -0.000249065 2.26879e-05 1 7.1336e-05 0.000249061 -7.13473e-05 1 0.00366401 0.0373539 -0.0134081
FixedParameters: 0 0 0

#Transform 21
Transform: AffineTransform_float_3_3
Parameters: 1 5.49671e-05 0.000238487 -5.52193e-05 1 0.000528878 -0.000238429 -0.000528905 1 -0.00446483 -0.00634987 0.00510663
FixedParameters: 0 0 0

#Transform 22
Transform: AffineTransform_float_3_3
Parameters: 1 1.04953e-05 -3.56179e-05 -1.04771e-05 1 0.000255755 3.56233e-05 -0.000255754 1 -0.0015069 -0.000949006 0.0200888
FixedParameters: 0 0 0

#Transform 23
Transform: AffineTransform_float_3_3
Parameters: 1 3.34546e-05 0.000172756 -3.35474e-05 1 0.000268483 -0.000172738 -0.000268494 1 -0.00693388 0.0294914 0.0206002
FixedParameters: 0 0 0

#Transform 24
Transform: AffineTransform_float_3_3
Parameters: 1 3.71898e-05 7.79224e-05 -3.72703e-05 1 0.000516761 -7.78839e-05 -0.000516767 1 0.00102189 0.0177815 0.021033
FixedParameters: 0 0 0

#Transform 25
Transform: AffineTransform_float_3_3
Parameters: 1 1.55664e-05 -0.000117331 -1.54486e-05 1 0.000502018 0.000117347 -0.000502014 1 -0.00220078 0.0127649 0.0288109
FixedParameters: 0 0 0

#Transform 26
Transform: AffineTransform_float_3_3
Parameters: 1 4.54205e-05 0.000152258 -4.55796e-05 1 0.000522372 -0.00015221 -0.000522385 1 -0.00526998 -0.00248953 0.0401327
FixedParameters: 0 0 0

#Transform 27
Transform: AffineTransform_float_3_3
Parameters: 1 -0.00011169 -0.000390431 0.000113188 0.999997 0.0025369 0.000389579 -0.00253701 0.999996 -0.0109371 0.00465756 0.152992
FixedParameters: 0 0 0

#Transform 28
Transform: AffineTransform_float_3_3
Parameters: 1 -2.6298e-05 2.76445e-05 2.66713e-05 0.999998 0.0022744 -2.81594e-05 -0.00227438 0.999998 -0.00805647 0.00619224 0.106846
FixedParameters: 0 0 0

#Transform 29
Transform: AffineTransform_float_3_3
Parameters: 1 7.71897e-05 -0.00028107 -7.6435e-05 0.999998 0.00191211 0.000281176 -0.00191208 0.999998 -0.00189819 -0.0167045 0.0883665
FixedParameters: 0 0 0

#Transform 30
Transform: AffineTransform_float_3_3
Parameters: 1 0.000105175 -5.94397e-05 -0.000105257 0.999998 0.00199594 5.96724e-05 -0.00199595 0.999998 -0.0261732 -0.0434014 0.09426
FixedParameters: 0 0 0

#Transform 31
Transform: AffineTransform_float_3_3
Parameters: 1 0.000124213 1.75088e-05 -0.000124609 0.999997 0.00219207 -1.71508e-05 -0.00219209 0.999997 -0.028291 -0.0543952 0.129939
FixedParameters: 0 0 0

#Transform 32
Transform: AffineTransform_float_3_3
Parameters: 1 0.000399899 4.1456e-05 -0.000399302 0.999999 0.0014739 -4.14709e-05 -0.00147399 0.999999 -0.0348356 0.0309867 0.075785
FixedParameters: 0 0 0

#Transform 33
Transform: AffineTransform_float_3_3
Parameters: 0.999999 0.000626426 -0.000405964 -0.00062586 1 0.000879808 0.000407082 -0.000879517 0.999999 -0.0341146 0.0193453 0.0541167
FixedParameters: 0 0 0

#Transform 34
Transform: AffineTransform_float_3_3
Parameters: 1 0.000339482 -0.000179972 -0.000339292 1 0.000938563 0.000180626 -0.000938659 0.999999 -0.025951 -0.0156139 0.0471995
FixedParameters: 0 0 0

#Transform 35
Transform: AffineTransform_float_3_3
Parameters: 1 0.000279572 -0.000254267 -0.000279234 1 0.000980716 0.000254721 -0.000980582 1 -0.0224708 -0.0541022 0.0715893
FixedParameters: 0 0 0

#Transform 36
Transform: AffineTransform_float_3_3
Parameters: 1 0.000410578 -0.000341275 -0.000410102 1 0.000913212 0.000342041 -0.000913151 0.999999 -0.0462403 -0.0208887 0.0789711
FixedParameters: 0 0 0

#Transform 37
Transform: AffineTransform_float_3_3
Parameters: 1 0.000514649 6.47678e-05 -0.00051504 1 0.00099524 -6.48224e-05 -0.000995399 1 -0.0517909 -0.00891649 0.0809351
FixedParameters: 0 0 0

#Transform 38
Transform: AffineTransform_float_3_3
Parameters: 1 0.000577576 -0.000290169 -0.000577208 0.999999 0.000523924 0.000290842 -0.000524561 1 -0.0642085 -0.00389108 0.0739192
FixedParameters: 0 0 0

#Transform 39
Transform: AffineTransform_float_3_3
Parameters: 1 0.000250257 -0.0003081 -0.000249746 0.999999 0.000828115 0.000308514 -0.000827961 0.999999 -0.0394919 0.0215483 0.0577634
FixedParameters: 0 0 0

#Transform 40
Transform: AffineTransform_float_3_3
Parameters: 1 0.000198672 -0.000313872 -0.000199198 1 0.000979678 0.000314282 -0.000979598 1 -0.0329528 -0.0598112 0.0680108
FixedParameters: 0 0 0

#Transform 41
Transform: AffineTransform_float_3_3
Parameters: 1 0.000510432 -0.000346944 -0.000510026 1 0.000962405 0.000346846 -0.000962144 1 -0.0397756 0.00172316 0.0608958
FixedParameters: 0 0 0

#Transform 42
Transform: AffineTransform_float_3_3
Parameters: 1 0.000492416 -0.000330526 -0.000492008 0.999999 0.000770733 0.000330299 -0.000770492 0.999999 -0.0418062 0.0299329 0.0563709
FixedParameters: 0 0 0

#Transform 43
Transform: AffineTransform_float_3_3
Parameters: 1 3.21276e-05 -0.000309248 -3.15694e-05 1 0.00116169 0.000309228 -0.00116168 1 -0.0360968 -0.0120136 0.0781491
FixedParameters: 0 0 0

#Transform 44
Transform: AffineTransform_float_3_3
Parameters: 1 0.000266895 -0.000341088 -0.000266207 0.999999 0.00124149 0.000341656 -0.00124131 0.999999 -0.0381056 0.00163958 0.0629513
FixedParameters: 0 0 0

#Transform 45
Transform: AffineTransform_float_3_3
Parameters: 1 5.49881e-05 -0.000213923 -5.45538e-05 0.999999 0.00138927 0.000213982 -0.00138925 0.999999 -0.019154 0.010439 0.0647251
FixedParameters: 0 0 0

#Transform 46
Transform: AffineTransform_float_3_3
Parameters: 1 6.38793e-05 -0.000363113 -6.28715e-05 0.999999 0.00182878 0.000363157 -0.00182875 0.999999 -0.0210245 -0.0147749 0.0956795
FixedParameters: 0 0 0

#Transform 47
Transform: AffineTransform_float_3_3
Parameters: 1 3.71114e-05 -0.000317684 -3.64671e-05 0.999999 0.00126623 0.000317684 -0.00126622 0.999999 -0.0258691 -0.013966 0.0914561
FixedParameters: 0 0 0

#Transform 48
Transform: AffineTransform_float_3_3
Parameters: 1 5.80937e-05 -4.60009e-05 -5.80811e-05 1 0.000136161 4.60167e-05 -0.000136155 1 -0.0209102 0.0362278 0.0533634
FixedParameters: 0 0 0

#Transform 49
Transform: AffineTransform_float_3_3
Parameters: 1 -0.00020728 -0.000170925 0.000207171 1 -0.000316416 0.000171056 0.000316346 1 -0.0108565 0.0203585 0.0440366
FixedParameters: 0 0 0

#Transform 50
Transform: AffineTransform_float_3_3
Parameters: 1 -1.19148e-05 -0.000174228 1.19566e-05 1 0.000120067 0.000174226 -0.000120071 1 -0.0146725 0.0286509 0.0179175
FixedParameters: 0 0 0

#Transform 51
Transform: AffineTransform_float_3_3
Parameters: 1 -3.24483e-06 -0.000249067 3.45252e-06 1 0.000416935 0.000249064 -0.000416937 1 -0.0165037 0.00101826 0.0470033
FixedParameters: 0 0 0

#Transform 52
Transform: AffineTransform_float_3_3
Parameters: 1 -0.000148481 -0.000212507 0.000147562 1 0.000146455 0.000212577 -0.000146556 1 -0.0142449 0.00313291 0.0163715
FixedParameters: 0 0 0

#Transform 53
Transform: AffineTransform_float_3_3
Parameters: 1 -1.24251e-05 -0.000233463 1.25296e-05 1 0.000223778 0.000233457 -0.000223784 1 -0.0143715 -0.0127063 0.0254559
FixedParameters: 0 0 0

#Transform 54
Transform: AffineTransform_float_3_3
Parameters: 1 -1.72021e-05 -0.000225337 1.72577e-05 1 0.000123216 0.000225333 -0.000123224 1 -0.0140785 -6.59948e-05 -0.00223299
FixedParameters: 0 0 0

#Transform 55
Transform: AffineTransform_float_3_3
Parameters: 1 -1.47329e-05 -0.000164713 1.47499e-05 1 5.16661e-05 0.000164711 -5.16709e-05 1 -0.0274279 -0.0509914 0.00232107
FixedParameters: 0 0 0

#Transform 56
Transform: AffineTransform_float_3_3
Parameters: 1 -2.66095e-05 -0.000209325 2.65782e-05 1 -7.49192e-05 0.000209329 7.49081e-05 1 -0.0230295 -0.0259675 -0.00536159
FixedParameters: 0 0 0

#Transform 57
Transform: AffineTransform_float_3_3
Parameters: 1 0.000258441 -0.000168272 -0.000258444 1 -9.69612e-06 0.000168267 9.78309e-06 1 -0.0157499 0.0033522 0.0138407
FixedParameters: 0 0 0

#Transform 58
Transform: AffineTransform_float_3_3
Parameters: 1 3.02956e-05 9.08915e-05 -3.03626e-05 1 0.000368485 -9.08692e-05 -0.00036849 1 -0.0124717 -0.0635268 0.0234203
FixedParameters: 0 0 0

#Transform 59
Transform: AffineTransform_float_3_3
Parameters: 1 -2.16105e-05 -0.00015535 2.15829e-05 1 -8.88709e-05 0.000155354 8.88642e-05 1 -0.0136485 0.00600024 0.0127682
FixedParameters: 0 0 0

#Transform 60
Transform: AffineTransform_float_3_3
Parameters: 1 5.86175e-05 0.000203931 -5.88869e-05 1 0.0006605 -0.000203854 -0.000660524 1 -0.0173043 -0.0431341 0.049487
FixedParameters: 0 0 0

#Transform 61
Transform: AffineTransform_float_3_3
Parameters: 1 5.46138e-05 0.000202538 -5.48533e-05 1 0.000591277 -0.000202473 -0.000591299 1 -0.020094 0.00824635 0.0237547
FixedParameters: 0 0 0

#Transform 62
Transform: AffineTransform_float_3_3
Parameters: 1 -2.41008e-05 2.82131e-05 2.40641e-05 1 0.000650234 -2.82444e-05 -0.000650233 1 -0.0144609 -0.0272361 0.027055
FixedParameters: 0 0 0

#Transform 63
Transform: AffineTransform_float_3_3
Parameters: 1 4.75805e-05 0.000214593 -4.77701e-05 1 0.000441931 -0.000214551 -0.000441951 1 -0.0199311 0.00484462 0.0261982
FixedParameters: 0 0 0

#Transform 64
Transform: AffineTransform_float_3_3
Parameters: 1 -7.81492e-05 -1.12505e-05 7.81563e-05 1 0.000317154 1.12009e-05 -0.000317156 1 -0.0156535 0.0053585 0.0206442
FixedParameters: 0 0 0

#Transform 65
Transform: AffineTransform_float_3_3
Parameters: 1 9.94194e-06 -0.00023614 -9.64568e-06 1 0.000627275 0.000236152 -0.00062727 1 -0.0115967 -0.0120995 0.00694247
FixedParameters: 0 0 0

#Transform 66
Transform: AffineTransform_float_3_3
Parameters: 1 -2.73958e-06 -0.000214588 2.89427e-06 1 0.000360438 0.000214586 -0.00036044 1 -0.0132305 0.010672 0.00258997
FixedParameters: 0 0 0

#Transform 67
Transform: AffineTransform_float_3_3
Parameters: 1 -2.31389e-06 -0.000215312 2.47296e-06 1 0.000369399 0.00021531 -0.0003694 1 -0.0269804 -0.0169171 -0.00687657
FixedParameters: 0 0 0

#Transform 68
Transform: AffineTransform_float_3_3
Parameters: 1 -6.45308e-05 -0.000206036 6.467e-05 1 0.000337925 0.000205992 -0.000337951 1 -0.0290462 0.00829806 0.00175661
FixedParameters: 0 0 0

#Transform 69
Transform: AffineTransform_float_3_3
Parameters: 1 9.94194e-06 -0.00023614 -9.64568e-06 1 0.000627275 0.000236152 -0.00062727 1 -0.0295808 0.0171434 -0.0100838
FixedParameters: 0 0 0

#Transform 70
Transform: AffineTransform_float_3_3
Parameters: 1 -6.52287e-06 -0.000208154 6.63977e-06 1 0.000280786 0.00020815 -0.000280789 1 -0.0298808 0.0145652 0.000631075
FixedParameters: 0 0 0

#Transform 71
Transform: AffineTransform_float_3_3
Parameters: 1 -1.26685e-05 -0.000197696 1.27284e-05 1 0.00015135 0.000197692 -0.000151356 1 -0.028611 -0.0120859 0.0192626
FixedParameters: 0 0 0

#Transform 72
Transform: AffineTransform_float_3_3
Parameters: 1 -1.01161e-05 -0.00020204 1.01989e-05 1 0.000205116 0.000202036 -0.00020512 1 -0.0301148 0.0110282 0.0115867
FixedParameters: 0 0 0

#Transform 73
Transform: AffineTransform_float_3_3
Parameters: 1 1.71095e-06 -0.000131436 -1.63693e-06 1 0.000281574 0.000131437 -0.000281573 1 -0.0311298 0.00664608 0.0184895
FixedParameters: 0 0 0

#Transform 74
Transform: AffineTransform_float_3_3
Parameters: 1 8.80581e-06 -0.00023421 -8.52317e-06 1 0.000603379 0.000234221 -0.000603375 1 -0.030297 0.0127994 0.0124103
FixedParameters: 0 0 0

#Transform 75
Transform: AffineTransform_float_3_3
Parameters: 1 8.55507e-07 -0.000220701 -6.63008e-07 1 0.000436108 0.000220701 -0.000436108 1 -0.0123442 -0.0103925 0.0182232
FixedParameters: 0 0 0

#Transform 76
Transform: AffineTransform_float_3_3
Parameters: 1 5.05266e-05 0.000177706 -5.07275e-05 1 0.000565362 -0.000177648 -0.00056538 1 -0.0161411 -0.0262607 0.00574617
FixedParameters: 0 0 0

#Transform 77
Transform: AffineTransform_float_3_3
Parameters: 1 4.31615e-05 0.000190324 -4.33172e-05 1 0.000409046 -0.000190289 -0.000409063 1 -0.0232317 -0.0343172 0.0160106
FixedParameters: 0 0 0

#Transform 78
Transform: AffineTransform_float_3_3
Parameters: 1 1.60248e-05 -5.44833e-05 -1.59822e-05 1 0.000390564 5.44958e-05 -0.000390562 1 -0.0245984 0.00163876 -0.000635434
FixedParameters: 0 0 0

#Transform 79
Transform: AffineTransform_float_3_3
Parameters: 1 0.000254112 0.000178128 -0.000254268 1 0.000260438 -0.000178064 -0.000259556 1 -0.0432553 -0.000894246 0.0167769
FixedParameters: 0 0 0

#Transform 80
Transform: AffineTransform_float_3_3
Parameters: 1 4.31615e-05 0.000190324 -4.33172e-05 1 0.000409046 -0.000190289 -0.000409063 1 -0.0358872 0.00274701 0.0170333
FixedParameters: 0 0 0

#Transform 81
Transform: AffineTransform_float_3_3
Parameters: 1 2.72322e-05 4.66113e-05 -2.72693e-05 1 0.000398198 -4.65896e-05 -0.000398201 1 -0.0338645 0.00280185 0.0160932
FixedParameters: 0 0 0

#Transform 82
Transform: AffineTransform_float_3_3
Parameters: 1 0.000281437 0.000164911 -0.000280587 1 0.000395734 -0.000164802 -0.000395789 1 -0.0481 0.00223374 0.00402632
FixedParameters: 0 0 0

#Transform 83
Transform: AffineTransform_float_3_3
Parameters: 1 0.000285738 -0.000167359 -0.000285669 1 0.000206033 0.000167477 -0.000205937 1 -0.0543344 0.00619816 0.0210122
FixedParameters: 0 0 0

#Transform 84
Transform: AffineTransform_float_3_3
Parameters: 1 8.55238e-06 -0.00012188 -8.45842e-06 1 0.000385474 0.000121886 -0.000385472 1 -0.0480628 0.00252315 0.0231277
FixedParameters: 0 0 0

#Transform 85
Transform: AffineTransform_float_3_3
Parameters: 1 4.98719e-06 -0.000226545 -4.75121e-06 1 0.000520814 0.00022655 -0.000520812 1 -0.0299343 -0.0305199 0.0133813
FixedParameters: 0 0 0

#Transform 86
Transform: AffineTransform_float_3_3
Parameters: 1 0.00013759 -0.00020523 -0.000137572 1 4.32325e-05 0.000205242 -4.3176e-05 1 -0.0514212 0.00393516 0.00267593
FixedParameters: 0 0 0

#Transform 87
Transform: AffineTransform_float_3_3
Parameters: 1 0.000226515 -0.000217226 -0.000226484 1 7.12253e-05 0.000217258 -7.11269e-05 1 -0.0544388 0.0178497 0.0298103
FixedParameters: 0 0 0

#Transform 88
Transform: AffineTransform_float_3_3
Parameters: 1 -3.17995e-06 -0.000153746 3.25277e-06 1 0.000236814 0.000153745 -0.000236815 1 -0.0526868 0.002358 0.0401449
FixedParameters: 0 0 0

#Transform 89
Transform: AffineTransform_float_3_3
Parameters: 1 0.000383889 -0.00014194 -0.000383827 1 0.000219522 0.000142108 -0.000219413 1 -0.0620031 0.014117 0.0206383
FixedParameters: 0 0 0

#Transform 90
Transform: AffineTransform_float_3_3
Parameters: 1 -1.77731e-06 -6.18298e-05 1.78801e-06 1 8.64864e-05 6.18295e-05 -8.64866e-05 1 -0.0572424 -0.00387478 0.0219365
FixedParameters: 0 0 0

#Transform 91
Transform: AffineTransform_float_3_3
Parameters: 1 0.000368779 -0.000151357 -0.000368713 1 0.000219477 0.000151519 -0.000219365 1 -0.0529952 -0.0241854 0.0252415
FixedParameters: 0 0 0

#Transform 92
Transform: AffineTransform_float_3_3
Parameters: 1 0.000398942 -1.33315e-05 -0.000398946 1 -0.000171581 1.31946e-05 0.000171591 1 -0.0611366 0.00116631 0.015925
FixedParameters: 0 0 0

#Transform 93
Transform: AffineTransform_float_3_3
Parameters: 1 0.000314802 -0.000350516 -0.000315031 1 -0.000326317 0.000350311 0.000326538 1 -0.0572041 0.0476191 0.0118612
FixedParameters: 0 0 0

#Transform 94
Transform: AffineTransform_float_3_3
Parameters: 1 0.000347115 -0.000270135 -0.000347977 1 0.000220941 0.000270402 -0.000220791 1 -0.0549179 0.0385255 -0.00302903
FixedParameters: 0 0 0

#Transform 95
Transform: AffineTransform_float_3_3
Parameters: 1 0.000456358 -0.000275593 -0.000456285 1 0.000132053 0.000275713 -0.000131802 1 -0.0524234 -0.010032 0.010003
FixedParameters: 0 0 0

#Transform 96
Transform: AffineTransform_float_3_3
Parameters: 1 0.00018121 -0.000230158 -0.00018124 1 -6.52839e-05 0.000230134 6.53673e-05 1 -0.0476675 0.0257359 0.0020375
FixedParameters: 0 0 0

#Transform 97
Transform: AffineTransform_float_3_3
Parameters: 1 0.000154263 -0.000228625 -0.000154284 1 -4.58145e-05 0.000228611 4.58851e-05 1 -0.0425193 -0.00369043 0.00942225
FixedParameters: 0 0 0

#Transform 98
Transform: AffineTransform_float_3_3
Parameters: 1 -3.00094e-05 -0.000299017 3.00306e-05 1 3.55042e-05 0.000299015 -3.55222e-05 1 -0.050466 0.023014 0.00541893
FixedParameters: 0 0 0

#Transform 99
Transform: AffineTransform_float_3_3
Parameters: 1 0.000370302 -0.000241716 -0.000370294 1 -0.000191605 0.00024256 0.00019187 1 -0.0522296 -0.0103424 0.0174626
FixedParameters: 0 0 0

#Transform 100
Transform: AffineTransform_float_3_3
Parameters: 1 5.88677e-05 -0.000317335 -5.86384e-05 1 0.000361297 0.000317377 -0.00036126 1 -0.0355616 -0.027656 0.0261239
FixedParameters: 0 0 0

#Transform 101
Transform: AffineTransform_float_3_3
Parameters: 1 0.000113414 -0.000217705 -0.00011337 1 -0.000130388 0.000218662 0.000130522 1 -0.0506654 -0.00206579 0.00756318
FixedParameters: 0 0 0

#Transform 102
Transform: AffineTransform_float_3_3
Parameters: 1 0.000308236 -0.00021689 -0.000308321 1 -0.000429744 0.000217611 0.000429963 1 -0.054586 0.0216831 0.0188863
FixedParameters: 0 0 0

#Transform 103
Transform: AffineTransform_float_3_3
Parameters: 1 0.000289288 -0.000260433 -0.000289196 1 0.000177282 0.000260535 -0.000177131 1 -0.0552493 0.02225 0.0383611
FixedParameters: 0 0 0

#Transform 104
Transform: AffineTransform_float_3_3
Parameters: 1 -2.76011e-05 -0.00039499 2.7807e-05 1 0.000260653 0.000394976 -0.000260675 1 -0.0475172 -0.0323395 0.05983
FixedParameters: 0 0 0

#Transform 105
Transform: AffineTransform_float_3_3
Parameters: 1 -1.58786e-05 -0.000224053 1.59433e-05 1 0.00014435 0.000224049 -0.000144357 1 -0.0521223 -0.00614054 0.065803
FixedParameters: 0 0 0

#Transform 106
Transform: AffineTransform_float_3_3
Parameters: 1 0.000167192 -0.000263175 -0.000167966 1 0.000393672 0.00026342 -0.000393622 1 -0.0534023 0.00296863 0.0534573
FixedParameters: 0 0 0

#Transform 107
Transform: AffineTransform_float_3_3
Parameters: 1 -2.44354e-05 -0.00020949 2.44204e-05 1 -3.58639e-05 0.000209492 3.58537e-05 1 -0.0331689 -0.00570149 0.0228548
FixedParameters: 0 0 0

#Transform 108
Transform: AffineTransform_float_3_3
Parameters: 1 0.000242764 -0.000246219 -0.000242736 1 5.70775e-05 0.000246246 -5.69579e-05 1 -0.0339396 -0.02891 0.0392221
FixedParameters: 0 0 0

#Transform 109
Transform: AffineTransform_float_3_3
Parameters: 1 0.000124623 -0.000233579 -0.000124593 1 6.3652e-05 0.000233595 -6.35938e-05 1 -0.0463117 0.0269826 0.0356748
FixedParameters: 0 0 0

#Transform 110
Transform: AffineTransform_float_3_3
Parameters: 1 0.000368284 -0.000120245 -0.000368269 1 6.13069e-05 0.00012029 -6.12183e-05 1 -0.0378561 -0.00868734 0.0305722
FixedParameters: 0 0 0

#Transform 111
Transform: AffineTransform_float_3_3
Parameters: 1 -1.49514e-06 -0.000248507 1.71732e-06 1 0.00044703 0.000248505 -0.000447031 1 -0.0327683 -0.0222661 0.0426152
FixedParameters: 0 0 0

#Transform 112
Transform: AffineTransform_float_3_3
Parameters: 1 4.15248e-06 0.000270308 -3.9117e-06 1 -0.000445384 -0.000270311 0.000445382 1 -0.0278707 0.0117992 0.0155817
FixedParameters: 0 0 0

#Transform 113
Transform: AffineTransform_float_3_3
Parameters: 1 -3.2184e-05 -0.000196292 3.21058e-05 1 -0.000199151 0.000196305 0.000199139 1 -0.034557 0.0223876 0.00427458
FixedParameters: 0 0 0

#Transform 114
Transform: AffineTransform_float_3_3
Parameters: 1 -1.95194e-05 -0.000217858 1.95489e-05 1 6.76843e-05 0.000217856 -6.76928e-05 1 -0.0136388 -0.0210895 0.015837
FixedParameters: 0 0 0

#Transform 115
Transform: AffineTransform_float_3_3
Parameters: 1 -2.60894e-05 -0.000206673 2.60602e-05 1 -7.07119e-05 0.000206677 7.07011e-05 1 -0.0135187 -0.0250474 0.0200465
FixedParameters: 0 0 0

#Transform 116
Transform: AffineTransform_float_3_3
Parameters: 1 0.000104198 -4.00672e-06 -0.000104199 1 -2.03132e-05 4.00249e-06 2.0314e-05 1 -0.0217463 0.0360203 0.0101829
FixedParameters: 0 0 0

#Transform 117
Transform: AffineTransform_float_3_3
Parameters: 1 9.40257e-07 -6.76472e-05 -9.20484e-07 1 0.000146151 6.76475e-05 -0.00014615 1 -0.0363213 0.0271652 0.0110564
FixedParameters: 0 0 0

#Transform 118
Transform: AffineTransform_float_3_3
Parameters: 1 -2.0985e-05 -0.000215364 2.10008e-05 1 3.6819e-05 0.000215362 -3.6828e-05 1 -0.0261325 0.0272229 0.0234461
FixedParameters: 0 0 0

#Transform 119
Transform: AffineTransform_float_3_3
Parameters: 1 1.16275e-05 -1.98667e-05 -1.16177e-05 1 0.000245925 1.98724e-05 -0.000245925 1 -0.0321108 -0.00332392 0.0224933
FixedParameters: 0 0 0
