#Insight Transform File V1.0
#Transform 0
Transform: AffineTransform_float_3_3
Parameters: 0.999997 -0.00172119 -0.00167583 0.00173114 0.999981 0.00585519 0.00166607 -0.0058578 0.999981 0.0143004 -0.00945747 0.109558
FixedParameters: 0 0 0

#Transform 1
Transform: AffineTransform_float_3_3
Parameters: 0.999997 -0.00202165 -0.00152592 0.00203272 0.999973 0.00699886 0.00151111 -0.00700214 0.999974 0.0285214 -0.0660161 0.294929
FixedParameters: 0 0 0

#Transform 2
Transform: AffineTransform_float_3_3
Parameters: 0.999997 -0.00217487 -0.00161411 0.0021836 0.999979 0.00592843 0.00160085 -0.00593256 0.999981 0.018977 -0.0314022 0.172392
FixedParameters: 0 0 0

#Transform 3
Transform: AffineTransform_float_3_3
Parameters: 0.999998 -0.00148699 -0.000864268 0.00149115 0.999985 0.00529368 0.000856277 -0.00529432 0.999986 -0.0347404 0.058232 0.0476692
FixedParameters: 0 0 0

#Transform 4
Transform: AffineTransform_float_3_3
Parameters: 0.999999 -0.00132069 -0.000768681 0.00132436 0.999987 0.00507583 0.000761898 -0.00507717 0.999987 -0.0494206 -0.0660407 0.0581655
FixedParameters: 0 0 0

#Transform 5
Transform: AffineTransform_float_3_3
Parameters: 0.999999 -0.00114909 -0.000931647 0.00115354 0.999986 0.00521291 0.000925437 -0.00521409 0.999986 -0.0343157 -0.00885199 0.0625632
FixedParameters: 0 0 0

#Transform 6
Transform: AffineTransform_float_3_3
Parameters: 0.999999 -0.00146002 -0.000475219 0.00146295 0.999986 0.00521315 0.000467332 -0.00521385 0.999986 -0.00901674 0.0470257 0.0805272
FixedParameters: 0 0 0

#Transform 7
Transform: AffineTransform_float_3_3
Parameters: 1 -0.00108254 -0.000526935 0.00108574 0.999986 0.00521341 0.000521004 -0.00521359 0.999986 -0.0110856 0.044621 0.0808674
FixedParameters: 0 0 0

#Transform 8
Transform: AffineTransform_float_3_3
Parameters: 1 -0.000981783 -0.000540245 0.000984398 0.999988 0.00466845 0.000535449 -0.00466855 0.999989 -0.0116092 0.0264792 0.0691818
FixedParameters: 0 0 0

#Transform 9
Transform: AffineTransform_float_3_3
Parameters: 1 -0.000982036 -0.000539784 0.000984147 0.99999 0.00419847 0.000535911 -0.00419953 0.999991 -0.0115844 0.0155954 0.0577439
FixedParameters: 0 0 0

#Transform 10
Transform: AffineTransform_float_3_3
Parameters: 1 -0.000982268 -0.000539362 0.000983773 0.999993 0.00376933 0.000535343 -0.00377067 0.999993 -0.0152504 0.00959221 0.027861
FixedParameters: 0 0 0

#Transform 11
Transform: AffineTransform_float_3_3
Parameters: 1 -0.000342994 -0.00012072 0.000343763 0.999996 0.00261396 0.000119915 -0.00261404 0.999996 0.003129 0.0759092 -0.00843998
FixedParameters: 0 0 0

#Transform 12
Transform: AffineTransform_float_3_3
Parameters: 1 -0.000149787 4.57846e-06 0.000149747 0.999992 0.003842 -5.72927e-06 -0.003842 0.999992 0.00168471 0.0328386 0.0670466
FixedParameters: 0 0 0

#Transform 13
Transform: AffineTransform_float_3_3
Parameters: 0.999999 -0.000753374 -0.000390865 0.000755323 0.999989 0.00450568 0.00038732 -0.00450531 0.999989 0.00218431 0.0969975 0.0634098
FixedParameters: 0 0 0

#Transform 14
Transform: AffineTransform_float_3_3
Parameters: 0.999999 -0.000774052 -0.000388251 0.00077637 0.999988 0.00482968 0.000385005 -0.00482932 0.999988 0.0149739 0.338228 0.114087
FixedParameters: 0 0 0

#Transform 15
Transform: AffineTransform_float_3_3
Parameters: 0.999999 -0.000734543 -5.6411e-05 0.000734483 0.999989 0.00464996 5.2691e-05 -0.00465004 0.999989 6.04971e-05 -0.257 0.171219
FixedParameters: 0 0 0

#Transform 16
Transform: AffineTransform_float_3_3
Parameters: 1 -0.000446924 -6.31746e-05 0.000446509 0.999994 0.00349597 6.11821e-05 -0.00349603 0.999994 -0.0147162 0.011608 0.089692
FixedParameters: 0 0 0

#Transform 17
Transform: AffineTransform_float_3_3
Parameters: 1 -0.000425181 9.34527e-05 0.000424718 0.999995 0.00319804 -9.51806e-05 -0.00319796 0.999995 0.00152151 0.0894685 0.0507933
FixedParameters: 0 0 0

#Transform 18
Transform: AffineTransform_float_3_3
Parameters: 1 -0.000252377 -5.77389e-05 0.000252718 0.999995 0.00298998 5.62287e-05 -0.00299001 0.999995 -0.0136611 0.061355 0.0175691
FixedParameters: 0 0 0

#Transform 19
Transform: AffineTransform_float_3_3
Parameters: 1 -0.000219925 -0.00048999 0.000220512 1 0.000598892 0.000489726 -0.000599107 0.999999 0.00372224 0.0337002 -0.00921416
FixedParameters: 0 0 0

#Transform 20
Transform: AffineTransform_float_3_3
Parameters: 1 -0.000521267 -7.10813e-05 0.000521076 1 -0.000357037 7.04634e-05 0.000356963 1 0.00806719 0.0252139 0.00990151
FixedParameters: 0 0 0

#Transform 21
Transform: AffineTransform_float_3_3
Parameters: 1 -0.000444446 0.000163212 0.000444418 1 8.50725e-05 -0.000163287 -8.49274e-05 1 0.00153853 -0.00390897 0.0190084
FixedParameters: 0 0 0

#Transform 22
Transform: AffineTransform_float_3_3
Parameters: 1 -7.44388e-05 0.00021466 7.4562e-05 1 -0.000286984 -0.000214617 0.000287016 1 0.0175471 0.0362122 -0.00754748
FixedParameters: 0 0 0

#Transform 23
Transform: AffineTransform_float_3_3
Parameters: 1 -5.87017e-05 0.00032456 5.9019e-05 1 -0.000488981 -0.000324502 0.000489019 1 0.00566769 0.0681108 -0.0120341
FixedParameters: 0 0 0

#Transform 24
Transform: AffineTransform_float_3_3
Parameters: 1 -4.20617e-05 0.000443323 4.18427e-05 1 0.000247019 -0.000443344 -0.000246981 1 0.0167606 0.0451988 0.0186637
FixedParameters: 0 0 0

#Transform 25
Transform: AffineTransform_float_3_3
Parameters: 1 -7.62175e-05 0.000203686 7.5883e-05 0.999999 0.000821015 -0.000203811 -0.000820984 0.999999 0.00448236 -0.0411577 0.0535822
FixedParameters: 0 0 0

#Transform 26
Transform: AffineTransform_float_3_3
Parameters: 1 -5.93458e-05 0.000324443 5.83748e-05 0.999999 0.00149602 -0.000324619 -0.00149598 0.999999 0.00950244 0.029561 0.0541603
FixedParameters: 0 0 0

#Transform 27
Transform: AffineTransform_float_3_3
Parameters: 1 -5.9279e-05 0.000324455 5.84417e-05 0.999999 0.00129002 -0.000324607 -0.00128998 0.999999 0.00536353 0.0490943 0.0579809
FixedParameters: 0 0 0

#Transform 28
Transform: AffineTransform_float_3_3
Parameters: 1 -5.91829e-05 0.000324473 5.85377e-05 0.999999 0.000994159 -0.00032459 -0.000993841 1 5.91963e-07 0.111643 0.0664228
FixedParameters: 0 0 0

#Transform 29
Transform: AffineTransform_float_3_3
Parameters: 1 -8.24961e-05 0.000159143 8.22856e-05 1 0.000661013 -0.000159252 -0.000660987 1 -0.000734301 0.0710236 0.0602838
FixedParameters: 0 0 0

#Transform 30
Transform: AffineTransform_float_3_3
Parameters: 1 -5.90333e-05 0.0003245 5.86874e-05 1 0.000533019 -0.000324562 -0.000532981 1 -0.00160847 0.0591499 0.0443747
FixedParameters: 0 0 0

#Transform 31
Transform: AffineTransform_float_3_3
Parameters: 1 -5.9093e-05 0.000324489 5.86276e-05 0.999999 0.000717019 -0.000324573 -0.00071698 0.999999 -0.000955315 0.0666047 0.0585417
FixedParameters: 0 0 0

#Transform 32
Transform: AffineTransform_float_3_3
Parameters: 1 -5.89785e-05 0.00032451 5.87422e-05 1 0.000364019 -0.000324552 -0.000363981 1 0.0110999 0.0240548 0.0300295
FixedParameters: 0 0 0

#Transform 33
Transform: AffineTransform_float_3_3
Parameters: 1 -4.0894e-05 0.000448316 4.06112e-05 0.999999 -0.000788981 -0.000448111 0.000789018 0.999999 -0.00464833 0.0592991 -0.00953356
FixedParameters: 0 0 0

#Transform 34
Transform: AffineTransform_float_3_3
Parameters: 0.999998 0.00132641 0.00162544 -0.00132905 0.999998 0.00102794 -0.00162483 -0.00103006 0.999998 -0.0856827 0.112227 0.0515667
FixedParameters: 0 0 0

#Transform 35
Transform: AffineTransform_float_3_3
Parameters: 0.999999 0.000769389 0.00100747 -0.000771468 0.999995 0.00293136 -0.0010045 -0.00293263 0.999995 -0.0119521 0.0850349 0.0761492
FixedParameters: 0 0 0

#Transform 36
Transform: AffineTransform_float_3_3
Parameters: 1 0.000169927 0.00106072 -0.000173465 0.999992 0.00393382 -0.00106107 -0.00393418 0.999991 0.0181285 0.0154671 0.151175
FixedParameters: 0 0 0

#Transform 37
Transform: AffineTransform_float_3_3
Parameters: 1 0.000210415 0.00110957 -0.00021339 0.999997 0.00267977 -0.00110885 -0.00268024 0.999996 -0.0215022 0.0799888 -0.141619
FixedParameters: 0 0 0

#Transform 38
Transform: AffineTransform_float_3_3
Parameters: 0.999999 0.000257213 0.00147559 -0.000260678 0.999997 0.0021809 -0.00147488 -0.0021811 0.999997 -0.0300133 0.0520819 -0.195464
FixedParameters: 0 0 0

#Transform 39
Transform: AffineTransform_float_3_3
Parameters: 0.999998 0.000651349 0.00156582 -0.000654729 0.999997 0.00229912 -0.00156437 -0.00230088 0.999996 -0.0236129 -0.00857113 -0.24938
FixedParameters: 0 0 0

#Transform 40
Transform: AffineTransform_float_3_3
Parameters: 0.999998 0.000638305 0.00156743 -0.000640901 0.999999 0.00177612 -0.00156558 -0.00177688 0.999997 -0.0247069 -0.0255033 -0.242926
FixedParameters: 0 0 0

#Transform 41
Transform: AffineTransform_float_3_3
Parameters: 0.999998 0.000701683 0.00155853 -0.000704246 0.999999 0.00177603 -0.00155645 -0.00177698 0.999997 -0.023847 0.000779664 -0.232631
FixedParameters: 0 0 0

#Transform 42
Transform: AffineTransform_float_3_3
Parameters: 0.999999 0.000714153 0.00161236 -0.000717318 0.999998 0.00185897 -0.00161111 -0.00186003 0.999997 -0.0145396 -0.0115634 -0.23651
FixedParameters: 0 0 0

#Transform 43
Transform: AffineTransform_float_3_3
Parameters: 0.999998 0.000706746 0.00155778 -0.000709083 0.999999 0.00170402 -0.00155579 -0.00170498 0.999998 0.00108961 0.0059573 -0.229354
FixedParameters: 0 0 0

#Transform 44
Transform: AffineTransform_float_3_3
Parameters: 0.999999 0.000639444 0.00143978 -0.000641029 0.999999 0.0011892 -0.00143953 -0.0011898 0.999998 -0.013194 0.0332878 -0.228017
FixedParameters: 0 0 0

#Transform 45
Transform: AffineTransform_float_3_3
Parameters: 0.999998 0.000708127 0.00155715 -0.000708693 0.999999 0.000817157 -0.00155628 -0.000817844 0.999999 -0.0131878 0.0214012 -0.236637
FixedParameters: 0 0 0

#Transform 46
Transform: AffineTransform_float_3_3
Parameters: 0.999999 0.00064768 0.00112937 -0.000648393 1 0.000754249 -0.00112854 -0.000754752 0.999999 -0.00403118 0.01735 -0.231326
FixedParameters: 0 0 0

#Transform 47
Transform: AffineTransform_float_3_3
Parameters: 0.999999 0.000677261 0.00133722 -0.000677989 0.999999 0.000642213 -0.00133649 -0.000642786 0.999999 -0.00296801 -0.0130825 -0.183429
FixedParameters: 0 0 0

#Transform 48
Transform: AffineTransform_float_3_3
Parameters: 0.999998 0.000708476 0.00155699 -0.000709332 0.999999 0.000592176 -0.00155629 -0.000593825 0.999999 0.00134063 0.0298708 -0.0776991
FixedParameters: 0 0 0

#Transform 49
Transform: AffineTransform_float_3_3
Parameters: 0.999998 0.00070861 0.00155693 -0.0007092 0.999999 0.000507016 -0.00155635 -0.000507984 0.999998 0.00130934 0.054483 -0.109019
FixedParameters: 0 0 0

#Transform 50
Transform: AffineTransform_float_3_3
Parameters: 0.999998 0.000551288 0.00157922 -0.000551695 1 0.000442249 -0.00157887 -0.000442751 0.999998 0.0108589 0.0437116 -0.147449
FixedParameters: 0 0 0

#Transform 51
Transform: AffineTransform_float_3_3
Parameters: 0.999999 0.000664929 0.00124689 -0.000664678 1 0.000296291 -0.00124664 -0.00029671 0.999999 0.00227188 0.0402037 -0.139875
FixedParameters: 0 0 0

#Transform 52
Transform: AffineTransform_float_3_3
Parameters: 0.999999 0.000225192 0.00103356 -0.000224573 1 -0.000299093 -0.00103369 0.000298907 1 0.00091553 0.0199313 -0.133933
FixedParameters: 0 0 0

#Transform 53
Transform: AffineTransform_float_3_3
Parameters: 0.999998 0.000282113 0.0016174 -0.000282297 1 0.000362683 -0.00161734 -0.000363317 0.999998 0.00382455 0.0342689 -0.0793994
FixedParameters: 0 0 0

#Transform 54
Transform: AffineTransform_float_3_3
Parameters: 0.999998 0.00043709 0.00162066 -0.000438302 1 0.000373429 -0.00162033 -0.000374569 0.999998 0.0136371 0.00420472 -0.111579
FixedParameters: 0 0 0

#Transform 55
Transform: AffineTransform_float_3_3
Parameters: 0.999999 0.000270103 0.00136455 -0.000270814 1 -0.00010223 -0.00136446 0.000101771 0.999999 0.013964 0.00688762 -0.117331
FixedParameters: 0 0 0

#Transform 56
Transform: AffineTransform_float_3_3
Parameters: 0.999999 0.00054226 0.00134283 -0.000541879 1 -0.000458589 -0.0013422 0.000457412 0.999999 0.0126685 0.05191 -0.125268
FixedParameters: 0 0 0

#Transform 57
Transform: AffineTransform_float_3_3
Parameters: 0.999998 0.000580144 0.00160814 -0.000579519 1 -0.000458813 -0.00160754 0.000458187 0.999998 0.0181605 0.0853573 -0.113209
FixedParameters: 0 0 0

#Transform 58
Transform: AffineTransform_float_3_3
Parameters: 0.999998 0.000523074 0.00161658 -0.000523865 0.999999 0.000550293 -0.00161615 -0.000551706 0.999998 0.0184335 -0.0587626 -0.111508
FixedParameters: 0 0 0

#Transform 59
Transform: AffineTransform_float_3_3
Parameters: 0.999998 0.000571342 0.00156136 -0.000572953 0.999999 0.000832385 -0.00156055 -0.000833614 0.999999 0.0181989 -0.0173844 -0.157878
FixedParameters: 0 0 0

#Transform 60
Transform: AffineTransform_float_3_3
Parameters: 0.999998 0.000723502 0.00149899 -0.00072336 1 -4.79647e-05 -0.00149906 4.70351e-05 0.999999 -0.00124818 0.038026 -0.267794
FixedParameters: 0 0 0

#Transform 61
Transform: AffineTransform_float_3_3
Parameters: 0.999999 0.000587568 0.00126077 -0.000587449 1 -4.76012e-05 -0.00126083 4.63987e-05 0.999999 0.000917446 0.0135056 -0.261469
FixedParameters: 0 0 0

#Transform 62
Transform: AffineTransform_float_3_3
Parameters: 0.999998 0.000478887 0.00153383 -0.000478903 1 4.40495e-06 -0.00153382 -5.59504e-06 0.999999 -0.00240052 0.022315 -0.24062
FixedParameters: 0 0 0

#Transform 63
Transform: AffineTransform_float_3_3
Parameters: 0.999998 0.00069737 0.00150283 -0.000698151 0.999999 0.00021209 -0.00150353 -0.000213909 0.999999 0.00246961 0.0250204 -0.232934
FixedParameters: 0 0 0

#Transform 64
Transform: AffineTransform_float_3_3
Parameters: 0.999998 0.00041287 0.00182711 -0.000413232 1 0.000369525 -0.00182695 -0.000370476 0.999998 -0.00292752 0.048842 -0.201986
FixedParameters: 0 0 0

#Transform 65
Transform: AffineTransform_float_3_3
Parameters: 0.999998 0.000882885 0.00171596 -0.000883221 0.999999 0.000385744 -0.00171542 -0.000387256 0.999999 0.0159588 0.0370526 -0.181087
FixedParameters: 0 0 0

#Transform 66
Transform: AffineTransform_float_3_3
Parameters: 0.999998 0.00063215 0.00193039 -0.000633382 0.999999 0.000575037 -0.0019298 -0.000575962 0.999998 0.00113795 0.0725834 -0.112222
FixedParameters: 0 0 0

#Transform 67
Transform: AffineTransform_float_3_3
Parameters: 0.999997 0.000532567 0.00211218 -0.000534217 0.999999 0.000624292 -0.00211165 -0.000625708 0.999998 0.0172771 0.077519 -0.117769
FixedParameters: 0 0 0

#Transform 68
Transform: AffineTransform_float_3_3
Parameters: 0.999998 0.000851682 0.00184778 -0.000853051 0.999999 0.000599664 -0.00184789 -0.000600336 0.999998 0.0125782 0.0524609 -0.166305
FixedParameters: 0 0 0

#Transform 69
Transform: AffineTransform_float_3_3
Parameters: 0.999998 0.000817113 0.00178378 -0.000817824 0.999999 0.000198801 -0.00178345 -0.000200199 0.999999 0.00936831 0.0445777 -0.182646
FixedParameters: 0 0 0

#Transform 70
Transform: AffineTransform_float_3_3
Parameters: 0.999998 0.000820668 0.00194464 -0.000820746 0.999999 -0.000235337 -0.00194488 0.000233663 0.999998 0.00398234 0.034004 -0.177535
FixedParameters: 0 0 0

#Transform 71
Transform: AffineTransform_float_3_3
Parameters: 0.999998 0.000698678 0.00221885 -0.000699629 1 0.000404847 -0.00221941 -0.000406153 0.999998 -0.00675664 0.0428481 -0.148391
FixedParameters: 0 0 0

#Transform 72
Transform: AffineTransform_float_3_3
Parameters: 0.999998 0.000465316 0.00225201 -0.000466689 0.999999 0.000712369 -0.00225261 -0.000713631 0.999997 -0.00452461 0.0871977 -0.153529
FixedParameters: 0 0 0

#Transform 73
Transform: AffineTransform_float_3_3
Parameters: 0.999997 0.000554609 0.00211791 -0.000554173 1 -0.000303776 -0.00211711 0.000303225 0.999998 -0.00212368 0.0386846 -0.145688
FixedParameters: 0 0 0

#Transform 74
Transform: AffineTransform_float_3_3
Parameters: 0.999998 0.000634058 0.00222777 -0.000633424 1 -0.000365014 -0.00222809 0.000363987 0.999998 0.0163758 0.0998111 -0.159301
FixedParameters: 0 0 0

#Transform 75
Transform: AffineTransform_float_3_3
Parameters: 0.999998 0.000464625 0.00225215 -0.00046639 1 0.00101923 -0.00225261 -0.00102077 0.999997 0.0173652 0.0898961 -0.142224
FixedParameters: 0 0 0

#Transform 76
Transform: AffineTransform_float_3_3
Parameters: 0.999998 0.000656109 0.00222489 -0.000657053 0.999999 0.000401958 -0.00222549 -0.000404043 0.999998 0.0053932 0.0107583 -0.131532
FixedParameters: 0 0 0

#Transform 77
Transform: AffineTransform_float_3_3
Parameters: 0.999997 0.000682094 0.00208684 -0.00068255 1 0.000345835 -0.00208651 -0.000347165 0.999997 -0.00200103 0.0380283 -0.119226
FixedParameters: 0 0 0

#Transform 78
Transform: AffineTransform_float_3_3
Parameters: 0.999997 0.000917095 0.00218823 -0.000918804 0.999999 0.00103623 -0.00218774 -0.00103777 0.999997 -0.000168969 0.0763354 -0.100222
FixedParameters: 0 0 0

#Transform 79
Transform: AffineTransform_float_3_3
Parameters: 0.999997 0.000676829 0.0022766 -0.000678142 0.999999 0.000722857 -0.0022759 -0.000724144 0.999997 -0.00298264 0.080265 -0.109204
FixedParameters: 0 0 0

#Transform 80
Transform: AffineTransform_float_3_3
Parameters: 0.999996 0.000962969 0.0023654 -0.000964806 0.999999 0.000776098 -0.00236517 -0.000777901 0.999996 0.00596009 0.135177 -0.106257
FixedParameters: 0 0 0

#Transform 81
Transform: AffineTransform_float_3_3
Parameters: 0.999997 0.000584671 0.00231599 -0.00058754 1 0.00104592 -0.00231504 -0.00104808 0.999997 0.00919767 0.0296337 -0.0892524
FixedParameters: 0 0 0

#Transform 82
Transform: AffineTransform_float_3_3
Parameters: 0.999997 0.000585014 0.00232411 -0.000588604 0.999999 0.00138005 -0.0023239 -0.00138195 0.999997 0.00710377 0.0162093 -0.0900974
FixedParameters: 0 0 0

#Transform 83
Transform: AffineTransform_float_3_3
Parameters: 0.999997 0.000593106 0.00237026 -0.000594605 0.999999 0.000733011 -0.00236967 -0.000734989 0.999997 0.0164241 0.10703 -0.108538
FixedParameters: 0 0 0

#Transform 84
Transform: AffineTransform_float_3_3
Parameters: 0.999998 0.000866512 0.00182237 -0.000867237 0.999999 0.00046968 -0.0018217 -0.00047132 0.999998 0.00654857 0.0526684 -0.13729
FixedParameters: 0 0 0

#Transform 85
Transform: AffineTransform_float_3_3
Parameters: 0.999997 0.000913078 0.00221394 -0.000914874 1 0.000852217 -0.00221266 -0.000853784 0.999997 0.0147266 -0.0198556 -0.13827
FixedParameters: 0 0 0

#Transform 86
Transform: AffineTransform_float_3_3
Parameters: 0.999997 0.000639332 0.0020345 -0.000640657 0.999999 0.000812097 -0.00203374 -0.000812904 0.999998 0.00707707 -0.00882217 -0.142209
FixedParameters: 0 0 0

#Transform 87
Transform: AffineTransform_float_3_3
Parameters: 0.999998 0.000872585 0.00192463 -0.000874209 0.999999 0.000641578 -0.00192464 -0.000643421 0.999998 0.0109103 0.0852106 -0.148517
FixedParameters: 0 0 0

#Transform 88
Transform: AffineTransform_float_3_3
Parameters: 0.999998 0.000869628 0.00191122 -0.000872231 0.999999 0.0011616 -0.00191047 -0.00116341 0.999998 0.015631 0.0422766 -0.158578
FixedParameters: 0 0 0

#Transform 89
Transform: AffineTransform_float_3_3
Parameters: 0.999998 0.000869727 0.00191223 -0.000872413 0.999999 0.00118259 -0.00191144 -0.00118441 0.999998 0.00683699 0.0052368 -0.150375
FixedParameters: 0 0 0

#Transform 90
Transform: AffineTransform_float_3_3
Parameters: 0.999998 0.000459324 0.00197001 -0.000459965 1 0.000413374 -0.00196977 -0.000414627 0.999998 0.0178941 -0.0231965 -0.176151
FixedParameters: 0 0 0

#Transform 91
Transform: AffineTransform_float_3_3
Parameters: 0.999997 0.00106097 0.0024371 -0.00106203 0.999999 0.000389792 -0.0024374 -0.000392208 0.999997 0.0133126 0.107366 -0.168441
FixedParameters: 0 0 0

#Transform 92
Transform: AffineTransform_float_3_3
Parameters: 0.999997 0.00100694 0.00189304 -0.00100944 0.999998 0.00140735 -0.00189161 -0.00140965 0.999997 0.00209978 0.219256 -0.126592
FixedParameters: 0 0 0

#Transform 93
Transform: AffineTransform_float_3_3
Parameters: 0.999998 0.000442414 0.00197266 -0.000446184 0.999998 0.0019594 -0.00197148 -0.0019606 0.999996 0.0183365 -0.0283158 0.018415
FixedParameters: 0 0 0

#Transform 94
Transform: AffineTransform_float_3_3
Parameters: 0.999999 -0.000411533 0.000588722 0.000407351 0.999979 0.00641826 -0.000591431 -0.00641874 0.99998 -0.0489776 0.0177256 0.020336
FixedParameters: 0 0 0

#Transform 95
Transform: AffineTransform_float_3_3
Parameters: 0.999956 -0.00538047 -0.00776851 0.00560469 0.999558 0.0291647 0.00760808 -0.0292073 0.999544 -0.046124 0.224978 0.259099
FixedParameters: 0 0 0

#Transform 96
Transform: AffineTransform_float_3_3
Parameters: 0.999962 -0.00546757 -0.00689124 0.00561241 0.99976 0.02118 0.00677391 -0.021218 0.999752 -0.0595214 -0.00182994 0.117713
FixedParameters: 0 0 0

#Transform 97
Transform: AffineTransform_float_3_3
Parameters: 0.999986 -0.00345082 -0.00405742 0.00349651 0.999931 0.0112026 0.00401926 -0.0112165 0.999929 -0.111887 0.109146 -0.156715
FixedParameters: 0 0 0

#Transform 98
Transform: AffineTransform_float_3_3
Parameters: 0.999993 -0.00245324 -0.00287752 0.00247326 0.999971 0.00711123 0.00285957 -0.00711876 0.99997 -0.111466 -0.0679153 -0.180023
FixedParameters: 0 0 0

#Transform 99
Transform: AffineTransform_float_3_3
Parameters: 0.999993 -0.00222546 -0.00298481 0.00224329 0.99998 0.00591278 0.00297095 -0.00591921 0.999978 -0.107215 -0.0392059 -0.21721
FixedParameters: 0 0 0

#Transform 100
Transform: AffineTransform_float_3_3
Parameters: 0.999994 -0.00180877 -0.00296237 0.00182492 0.999983 0.00554925 0.00295265 -0.00555476 0.999981 -0.109805 0.00262232 -0.230423
FixedParameters: 0 0 0

#Transform 101
Transform: AffineTransform_float_3_3
Parameters: 0.999996 -0.00174572 -0.00249629 0.00175835 0.999984 0.00531597 0.0024867 -0.00532003 0.999983 -0.0994081 0.01715 -0.216686
FixedParameters: 0 0 0

#Transform 102
Transform: AffineTransform_float_3_3
Parameters: 0.999996 -0.00174722 -0.00249524 0.00175868 0.999987 0.00471297 0.00248648 -0.00471703 0.999986 -0.082584 0.0527109 -0.22537
FixedParameters: 0 0 0

#Transform 103
Transform: AffineTransform_float_3_3
Parameters: 0.999995 -0.00189349 -0.00247597 0.00190674 0.999984 0.00525465 0.00246588 -0.00525936 0.999984 -0.0963105 0.0285392 -0.218656
FixedParameters: 0 0 0

#Transform 104
Transform: AffineTransform_float_3_3
Parameters: 0.999995 -0.00189101 -0.00253899 0.00190575 0.99998 0.00597753 0.00252759 -0.00598247 0.999979 -0.0816209 0.00623287 -0.190521
FixedParameters: 0 0 0

#Transform 105
Transform: AffineTransform_float_3_3
Parameters: 0.999973 -0.00424702 -0.00590553 0.00433844 0.999871 0.0154805 0.00583893 -0.0155056 0.999863 -0.101658 0.172745 0.249286
FixedParameters: 0 0 0

#Transform 106
Transform: AffineTransform_float_3_3
Parameters: 0.999986 -0.00315628 -0.00419347 0.00320755 0.99992 0.0122344 0.00415514 -0.0122475 0.999916 -0.109224 0.138 0.0325032
FixedParameters: 0 0 0

#Transform 107
Transform: AffineTransform_float_3_3
Parameters: 0.999989 -0.00315451 -0.00340059 0.00319034 0.999939 0.0105566 0.00336693 -0.0105674 0.999939 -0.121575 0.0461071 -0.0396538
FixedParameters: 0 0 0

#Transform 108
Transform: AffineTransform_float_3_3
Parameters: 0.999991 -0.00279937 -0.00318874 0.00283052 0.99995 0.00955746 0.00316134 -0.00956653 0.999949 -0.132304 0.061452 -0.0754977
FixedParameters: 0 0 0

#Transform 109
Transform: AffineTransform_float_3_3
Parameters: 0.99999 -0.00304111 -0.0034707 0.0030747 0.999948 0.00966481 0.00344053 -0.00967619 0.999947 -0.125539 0.0438753 -0.0818849
FixedParameters: 0 0 0

#Transform 110
Transform: AffineTransform_float_3_3
Parameters: 0.999992 -0.00259205 -0.00321366 0.00261837 0.999961 0.00836905 0.00319109 -0.00837694 0.999959 -0.115008 0.0480196 -0.0891495
FixedParameters: 0 0 0

#Transform 111
Transform: AffineTransform_float_3_3
Parameters: 0.999992 -0.00221625 -0.00309903 0.00224008 0.999969 0.00755955 0.00308172 -0.00756644 0.999966 -0.119389 0.0239011 -0.1856
FixedParameters: 0 0 0

#Transform 112
Transform: AffineTransform_float_3_3
Parameters: 0.999994 -0.00178963 -0.00279164 0.00181016 0.999973 0.00716233 0.00277871 -0.00716767 0.99997 -0.0957429 0.0823089 -0.224156
FixedParameters: 0 0 0

#Transform 113
Transform: AffineTransform_float_3_3
Parameters: 0.999998 -0.00158627 -0.00166656 0.00159481 0.999983 0.00554945 0.00165738 -0.00555254 0.999983 -0.0838668 0.0192942 -0.194898
FixedParameters: 0 0 0

#Transform 114
Transform: AffineTransform_float_3_3
Parameters: 0.999998 -0.00144688 -0.0012597 0.00145391 0.999983 0.00556128 0.00125163 -0.00556272 0.999984 -0.0858448 -0.0414701 -0.0677862
FixedParameters: 0 0 0

#Transform 115
Transform: AffineTransform_float_3_3
Parameters: 0.999998 -0.00156426 -0.00128883 0.00157027 0.999988 0.00464995 0.00128216 -0.00465206 0.999988 -0.0851919 0.0162661 -0.0553739
FixedParameters: 0 0 0

#Transform 116
Transform: AffineTransform_float_3_3
Parameters: 0.999998 -0.00139164 -0.00131188 0.00139708 0.999991 0.00407613 0.0013063 -0.00407786 0.99999 -0.0822088 0.0308312 -0.058638
FixedParameters: 0 0 0

#Transform 117
Transform: AffineTransform_float_3_3
Parameters: 0.999999 -0.00111889 -0.00134912 0.0011242 0.999993 0.00359761 0.00134571 -0.00359939 0.999993 -0.0823303 0.0762827 -0.0735014
FixedParameters: 0 0 0

#Transform 118
Transform: AffineTransform_float_3_3
Parameters: 0.999998 -0.000963917 -0.0013703 0.000968159 0.999994 0.00320278 0.00136778 -0.00320322 0.999994 -0.0861751 0.0712364 -0.129781
FixedParameters: 0 0 0

#Transform 119
Transform: AffineTransform_float_3_3
Parameters: 1 -0.000576707 -0.0010521 0.000579013 0.999998 0.00203853 0.00105003 -0.00203947 0.999998 -0.0918126 0.0476996 -0.274251
FixedParameters: 0 0 0
