#!ascii label  , from subject sub-v2s10x28949_ses-1 vox2ras=TkReg
2051
33821  -32.615  -44.385  8.606 0.5000000000
32786  -33.294  -45.042  8.765 0.5000000000
33822  -33.505  -44.199  8.542 0.5000000000
34880  -33.382  -43.378  8.100 0.5000000000
34895  -34.041  -42.867  6.940 0.5000000000
133999  -31.154  -28.424  8.151 0.5000000000
50833  -31.285  -27.698  8.000 0.4000000060
51841  -32.160  -26.444  8.360 0.4000000060
51840  -31.481  -26.865  7.824 0.4000000060
125856  -31.644  -26.033  7.574 0.5000000000
143246  -32.787  -25.456  8.748 0.5000000000
127359  -32.323  -24.810  7.648 0.5000000000
52804  -32.347  -25.539  8.148 0.4000000060
53874  -32.813  -24.798  8.508 0.4000000060
53873  -32.566  -24.095  7.590 0.5000000000
53868  -33.398  -24.496  9.322 0.4000000060
31738  -33.515  -46.430  8.599 0.5000000000
130930  -33.185  -45.782  8.704 0.4000000060
120410  -34.066  -44.591  8.595 0.5000000000
32787  -34.752  -45.051  8.561 0.5000000000
33823  -34.787  -44.067  7.913 0.5000000000
34896  -34.721  -43.293  6.824 0.5000000000
35921  -34.274  -42.646  6.736 0.5000000000
35920  -33.945  -42.349  6.672 0.5000000000
48673  -30.391  -29.426  7.995 0.5000000000
48674  -30.984  -29.463  8.391 0.5000000000
49792  -30.801  -28.903  8.027 0.5000000000
49793  -31.776  -28.154  8.638 0.5000000000
50834  -31.990  -27.308  8.522 0.5000000000
52794  -32.729  -26.035  8.895 0.6000000238
55900  -34.759  -22.633  12.414 0.3000000119
52795  -33.233  -25.464  9.316 0.4000000060
55924  -34.532  -22.255  11.878 0.3000000119
54897  -33.852  -23.310  10.195 0.4000000060
53859  -33.837  -24.185  10.094 0.3000000119
34881  -34.127  -43.628  7.986 0.5000000000
51828  -32.648  -26.883  9.036 0.6000000238
58008  -34.655  -21.019  12.271 0.3000000119
121417  -34.370  -22.299  11.187 0.3000000119
21806  -41.049  -56.333  8.119 0.3000000119
137335  -41.499  -55.724  8.257 0.3000000119
21815  -42.407  -56.650  7.545 0.4000000060
22773  -42.728  -55.839  7.771 0.4000000060
20927  -43.026  -57.244  7.209 0.4000000060
21816  -43.273  -56.328  7.449 0.4000000060
21817  -44.213  -55.953  7.430 0.4000000060
20939  -43.954  -57.244  6.833 0.4000000060
21818  -45.454  -55.454  7.526 0.4000000060
22776  -46.253  -54.522  7.679 0.4000000060
23765  -40.928  -54.811  8.996 0.3000000119
23755  -41.797  -54.403  9.134 0.3000000119
23756  -42.888  -54.017  9.440 0.4000000060
125582  -42.199  -55.452  8.248 0.4000000060
22762  -43.200  -55.073  8.347 0.4000000060
22774  -43.718  -55.500  7.838 0.4000000060
22763  -44.526  -54.493  8.544 0.4000000060
22775  -44.707  -55.173  7.880 0.4000000060
22764  -45.563  -54.420  8.180 0.4000000060
128314  -46.154  -54.136  7.603 0.4000000060
23776  -46.350  -54.362  7.654 0.4000000060
25738  -41.355  -52.558  11.136 0.3000000119
25739  -42.576  -52.400  11.230 0.3000000119
25729  -43.089  -51.664  11.539 0.3000000119
23757  -44.039  -53.527  9.759 0.4000000060
23768  -43.663  -54.251  9.032 0.4000000060
23758  -44.735  -53.568  9.313 0.4000000060
23769  -45.314  -53.642  8.725 0.4000000060
22765  -45.944  -53.922  8.154 0.4000000060
124054  -43.672  -52.775  7.967 0.4000000060
24799  -45.619  -53.624  7.994 0.4000000060
25763  -42.371  -52.130  6.654 0.4000000060
25764  -42.966  -52.776  6.889 0.4000000060
24806  -44.730  -53.540  7.145 0.4000000060
25727  -41.086  -52.060  11.824 0.3000000119
24759  -40.399  -52.673  11.147 0.3000000119
25728  -42.260  -51.887  11.794 0.3000000119
25741  -44.008  -52.138  10.870 0.3000000119
24773  -44.295  -52.485  10.290 0.3000000119
24790  -45.023  -53.094  9.297 0.4000000060
25757  -44.494  -52.562  9.245 0.4000000060
25760  -42.576  -52.454  7.584 0.4000000060
25756  -43.206  -52.342  8.633 0.4000000060
24798  -44.910  -53.055  8.385 0.4000000060
25759  -41.853  -51.949  7.317 0.4000000060
26759  -41.996  -51.352  6.556 0.4000000060
26716  -42.036  -51.472  12.225 0.3000000119
130411  -42.226  -50.829  12.439 0.3000000119
26717  -42.700  -51.243  12.052 0.3000000119
27707  -42.847  -50.948  11.708 0.3000000119
26730  -43.368  -51.471  11.226 0.4000000060
25748  -44.018  -51.937  10.675 0.4000000060
26740  -42.077  -51.448  9.740 0.4000000060
25747  -43.927  -52.028  9.817 0.4000000060
28708  -39.954  -49.893  8.411 0.3000000119
26746  -40.814  -51.223  8.374 0.4000000060
26748  -42.712  -51.865  9.228 0.4000000060
27734  -40.457  -50.392  7.984 0.3000000119
26752  -41.350  -51.608  7.863 0.4000000060
25755  -42.080  -52.117  8.196 0.4000000060
26751  -40.970  -50.851  7.585 0.4000000060
29619  -40.137  -47.977  15.135 0.3000000119
28631  -40.443  -48.908  14.403 0.3000000119
127892  -39.829  -46.827  15.556 0.3000000119
27671  -41.602  -50.400  12.952 0.3000000119
136117  -41.251  -49.780  13.384 0.3000000119
27657  -41.734  -49.773  13.044 0.3000000119
28665  -41.717  -49.712  13.010 0.3000000119
28678  -41.024  -49.696  12.409 0.3000000119
28679  -41.874  -50.064  12.614 0.3000000119
27688  -41.442  -50.242  11.792 0.3000000119
27705  -40.785  -50.563  10.718 0.3000000119
27706  -42.068  -50.656  11.312 0.3000000119
27704  -39.829  -50.262  10.224 0.3000000119
26729  -42.722  -51.110  10.866 0.3000000119
27730  -40.299  -50.703  8.827 0.3000000119
26728  -41.417  -51.044  10.243 0.4000000060
138535  -39.872  -49.148  8.230 0.3000000119
28715  -40.404  -49.351  7.721 0.4000000060
125554  -40.634  -48.586  7.428 0.4000000060
29713  -41.116  -48.099  6.972 0.4000000060
29620  -40.357  -47.649  14.993 0.3000000119
28632  -40.919  -48.789  14.046 0.3000000119
30670  -40.330  -47.627  14.728 0.3000000119
28647  -41.234  -49.361  13.383 0.3000000119
29660  -40.732  -48.783  13.548 0.3000000119
28676  -38.843  -49.094  11.115 0.3000000119
28677  -39.638  -49.497  11.661 0.3000000119
28702  -38.765  -49.074  10.218 0.3000000119
28690  -39.345  -49.660  10.696 0.3000000119
27687  -40.213  -50.078  11.224 0.3000000119
29694  -38.578  -48.315  9.862 0.3000000119
27729  -39.746  -50.218  9.293 0.3000000119
28707  -39.454  -49.447  8.869 0.3000000119
120613  -39.325  -47.846  8.506 0.3000000119
29711  -39.812  -47.891  7.983 0.3000000119
30740  -40.165  -47.239  7.642 0.3000000119
124486  -41.728  -47.918  6.464 0.4000000060
31669  -39.868  -46.342  15.371 0.3000000119
32696  -39.312  -45.338  16.397 0.3000000119
29646  -40.503  -48.220  14.249 0.3000000119
30684  -39.791  -46.894  14.491 0.3000000119
34774  -39.632  -43.817  16.328 0.3000000119
33746  -39.599  -44.719  15.708 0.3000000119
29645  -39.753  -48.058  13.566 0.3000000119
120871  -39.060  -47.365  13.536 0.3000000119
34775  -39.978  -43.199  16.107 0.3000000119
126686  -38.340  -46.533  11.743 0.3000000119
30703  -38.366  -47.609  11.623 0.3000000119
143457  -38.651  -48.371  12.115 0.3000000119
142833  -38.375  -47.633  10.500 0.3000000119
29685  -38.536  -48.438  10.691 0.3000000119
131754  -38.332  -46.788  9.910 0.3000000119
30720  -38.559  -47.517  9.503 0.3000000119
30729  -39.461  -47.157  8.282 0.3000000119
30741  -40.816  -47.286  7.104 0.4000000060
31753  -40.481  -46.467  7.263 0.4000000060
31764  -41.802  -46.762  6.293 0.5000000000
135558  -40.009  -46.364  14.984 0.3000000119
32715  -39.645  -45.679  15.728 0.3000000119
31683  -39.323  -45.905  14.414 0.3000000119
32726  -39.680  -45.563  15.133 0.3000000119
31694  -38.751  -46.385  13.446 0.3000000119
35787  -40.409  -42.671  15.926 0.3000000119
138716  -40.660  -42.166  16.471 0.3000000119
31703  -38.439  -46.261  12.475 0.3000000119
119747  -38.466  -47.053  12.597 0.3000000119
35788  -40.934  -42.173  15.755 0.3000000119
118859  -38.283  -46.725  10.862 0.3000000119
36790  -41.666  -41.667  15.717 0.3000000119
32777  -38.386  -45.353  9.682 0.3000000119
31730  -38.428  -46.097  9.504 0.3000000119
35817  -42.318  -42.555  14.020 0.3000000119
134353  -38.666  -46.717  8.963 0.3000000119
32789  -38.677  -45.601  8.808 0.3000000119
31742  -39.306  -46.268  8.246 0.3000000119
31752  -39.836  -45.984  7.639 0.3000000119
32809  -40.952  -45.679  6.681 0.4000000060
32738  -39.307  -44.950  14.413 0.3000000119
33756  -39.572  -44.295  14.844 0.3000000119
34791  -39.750  -43.744  15.457 0.3000000119
122369  -38.569  -45.573  12.763 0.3000000119
32737  -38.880  -45.374  13.625 0.3000000119
33767  -39.409  -44.184  14.011 0.3000000119
34804  -39.772  -43.608  14.490 0.3000000119
119946  -38.435  -45.710  11.916 0.3000000119
34792  -40.079  -43.162  15.249 0.3000000119
31726  -38.293  -46.005  10.274 0.3000000119
35806  -41.156  -42.370  14.803 0.3000000119
35816  -41.346  -42.688  13.892 0.3000000119
34833  -41.460  -43.828  11.568 0.3000000119
34817  -41.343  -43.924  11.852 0.3000000119
33824  -38.514  -44.703  9.138 0.3000000119
33825  -38.889  -44.710  8.416 0.3000000119
129657  -39.279  -45.387  8.025 0.3000000119
32802  -39.830  -45.296  7.519 0.3000000119
33766  -38.846  -44.792  12.966 0.3000000119
32760  -38.482  -45.059  11.336 0.3000000119
32748  -38.654  -44.933  12.150 0.3000000119
33778  -39.279  -44.188  13.156 0.3000000119
34815  -39.631  -43.726  13.502 0.3000000119
32770  -38.370  -45.202  10.525 0.3000000119
33794  -38.752  -44.237  11.554 0.3000000119
33777  -39.068  -44.215  12.320 0.3000000119
34832  -39.578  -43.605  12.413 0.3000000119
35832  -39.902  -43.380  12.953 0.3000000119
140026  -40.320  -43.089  13.643 0.3000000119
33812  -38.402  -44.528  9.931 0.3000000119
35853  -41.255  -43.158  11.744 0.3000000119
35852  -40.649  -43.210  12.264 0.3000000119
36846  -41.889  -42.098  12.349 0.3000000119
36847  -42.835  -41.874  12.309 0.3000000119
35854  -42.050  -42.885  11.542 0.3000000119
129694  -39.110  -44.068  8.209 0.4000000060
35855  -43.059  -42.563  11.628 0.3000000119
33836  -39.518  -44.557  7.707 0.4000000060
36867  -44.893  -42.081  11.489 0.3000000119
124882  -40.332  -44.892  7.046 0.3000000119
34908  -40.665  -44.186  6.748 0.4000000060
36884  -46.422  -42.189  10.606 0.3000000119
33845  -41.084  -44.753  6.524 0.5000000000
142209  -42.011  -45.391  5.897 0.5000000000
34860  -38.675  -43.464  11.048 0.3000000119
136923  -39.073  -43.463  11.705 0.3000000119
35850  -39.379  -42.622  11.709 0.3000000119
35851  -39.883  -42.720  12.116 0.3000000119
139177  -41.159  -42.200  12.429 0.3000000119
34882  -38.711  -43.297  9.251 0.4000000060
35907  -39.167  -42.683  8.744 0.4000000060
35925  -39.580  -42.817  8.001 0.5000000000
36848  -43.804  -41.647  12.283 0.3000000119
37828  -45.519  -41.167  11.859 0.4000000060
125151  -40.126  -43.104  7.392 0.5000000000
139910  -40.691  -43.452  6.821 0.6000000238
36868  -45.831  -41.866  11.213 0.3000000119
34909  -41.376  -43.894  6.362 0.6000000238
34920  -41.964  -44.067  5.884 0.6000000238
35870  -38.916  -42.624  11.253 0.3000000119
36843  -39.673  -41.620  11.982 0.3000000119
37797  -40.466  -40.870  12.765 0.3000000119
34870  -38.504  -43.588  10.132 0.3000000119
36824  -40.766  -41.549  12.700 0.3000000119
36825  -41.633  -41.306  13.007 0.3000000119
37799  -42.132  -40.423  13.624 0.4000000060
125323  -38.875  -42.569  9.406 0.4000000060
36826  -42.542  -41.158  13.055 0.4000000060
37800  -43.080  -40.311  13.584 0.4000000060
119346  -39.239  -41.990  9.134 0.5000000000
37817  -43.483  -40.983  12.919 0.4000000060
37801  -44.003  -40.162  13.405 0.4000000060
38732  -45.664  -39.685  12.784 0.4000000060
35908  -39.661  -42.029  8.343 0.5000000000
35926  -40.279  -42.132  7.602 0.6000000238
36849  -44.681  -41.417  12.119 0.4000000060
37819  -45.220  -40.563  12.484 0.4000000060
37820  -46.040  -40.305  12.221 0.4000000060
38733  -46.410  -39.450  12.452 0.4000000060
35938  -40.798  -42.598  6.996 0.6000000238
37829  -46.317  -40.851  11.608 0.3000000119
140729  -46.822  -40.594  11.447 0.4000000060
128026  -41.448  -42.946  6.458 0.6000000238
34910  -42.215  -43.226  5.855 0.6000000238
35951  -42.918  -42.418  5.633 0.6999999881
36865  -39.291  -41.634  11.421 0.3000000119
37816  -40.005  -40.765  12.408 0.3000000119
38718  -40.442  -40.093  12.937 0.3000000119
35888  -38.644  -42.835  9.883 0.3000000119
36883  -39.235  -41.246  10.560 0.3000000119
37798  -41.130  -40.474  13.347 0.3000000119
38719  -41.708  -39.581  13.918 0.4000000060
37852  -39.680  -40.636  9.881 0.5000000000
37802  -44.867  -39.937  13.138 0.4000000060
37871  -39.898  -40.804  9.238 0.5000000000
36922  -40.307  -41.336  8.110 0.6000000238
38734  -47.068  -39.042  12.174 0.4000000060
36939  -40.956  -41.285  7.532 0.6000000238
38744  -47.655  -39.343  11.519 0.4000000060
36951  -42.399  -41.442  6.402 0.6999999881
35952  -43.820  -41.880  4.976 0.6999999881
125743  -43.325  -42.954  5.335 0.6999999881
37827  -39.518  -40.639  11.246 0.4000000060
38730  -40.040  -39.970  12.374 0.4000000060
132528  -40.914  -39.439  13.513 0.4000000060
38705  -41.424  -38.715  13.968 0.4000000060
37840  -39.616  -40.458  10.539 0.4000000060
38741  -39.814  -39.905  11.702 0.4000000060
38706  -42.189  -38.794  14.298 0.4000000060
38757  -39.843  -39.860  10.874 0.4000000060
38720  -42.614  -39.580  14.066 0.4000000060
38707  -43.067  -38.780  14.344 0.4000000060
38722  -44.401  -39.319  13.697 0.4000000060
133909  -44.636  -38.604  13.890 0.4000000060
38723  -45.285  -38.979  13.451 0.4000000060
39727  -45.823  -38.197  13.356 0.4000000060
37872  -40.494  -40.582  8.636 0.6000000238
38724  -46.075  -38.880  12.952 0.4000000060
39738  -47.030  -38.250  12.424 0.4000000060
37889  -40.929  -40.712  7.948 0.6000000238
37873  -41.338  -40.018  8.180 0.6999999881
37890  -41.741  -40.448  7.451 0.6999999881
127025  -47.838  -37.895  11.573 0.4000000060
37902  -42.471  -40.608  6.685 0.6999999881
35963  -44.532  -41.853  4.131 0.6999999881
122494  -40.794  -38.572  13.409 0.4000000060
37841  -40.028  -39.945  10.085 0.4000000060
39737  -40.493  -38.338  12.561 0.4000000060
39718  -42.642  -38.034  14.461 0.4000000060
37853  -40.288  -40.186  9.379 0.6000000238
38758  -40.413  -39.217  10.352 0.5000000000
39719  -43.522  -37.995  14.427 0.4000000060
38795  -40.958  -39.711  8.867 0.6999999881
40662  -44.868  -37.255  14.117 0.4000000060
39787  -41.253  -38.961  9.029 0.6999999881
40663  -45.599  -37.438  13.595 0.4000000060
38775  -41.542  -39.250  8.339 0.6999999881
40680  -47.409  -37.668  12.040 0.4000000060
40679  -46.722  -37.444  12.631 0.4000000060
37891  -42.448  -39.862  6.930 0.6999999881
126256  -47.748  -37.237  11.429 0.4000000060
131731  -43.110  -40.780  5.952 0.6999999881
36962  -44.210  -41.088  4.342 0.6999999881
40710  -48.626  -37.741  10.289 0.4000000060
134920  -48.595  -37.156  9.657 0.4000000060
121444  -40.532  -37.661  11.782 0.4000000060
135514  -40.758  -37.887  13.244 0.4000000060
40661  -41.265  -37.859  13.836 0.4000000060
39717  -41.875  -38.028  14.321 0.4000000060
38774  -40.645  -39.405  9.576 0.6999999881
130770  -40.603  -37.847  11.009 0.5000000000
40651  -43.097  -37.270  14.510 0.4000000060
39786  -40.837  -38.519  9.733 0.6999999881
40652  -44.007  -37.208  14.441 0.4000000060
41546  -45.372  -36.643  13.709 0.4000000060
39800  -41.171  -38.315  8.923 0.6999999881
41545  -44.479  -36.350  14.229 0.4000000060
42418  -45.121  -35.825  13.599 0.4000000060
39811  -41.764  -38.719  7.625 0.6999999881
41547  -46.109  -36.966  13.215 0.4000000060
38808  -41.933  -39.566  7.633 0.6999999881
41566  -46.520  -36.587  12.552 0.4000000060
41567  -47.195  -36.908  12.015 0.4000000060
41582  -47.450  -36.478  11.249 0.4000000060
37903  -42.985  -40.078  6.134 0.6999999881
41594  -48.145  -36.844  10.486 0.4000000060
37910  -43.530  -40.282  5.303 0.6999999881
140233  -48.323  -36.686  9.752 0.4000000060
41610  -48.436  -36.552  9.084 0.4000000060
40678  -40.619  -37.434  12.678 0.4000000060
123484  -41.412  -37.149  13.952 0.4000000060
40649  -41.717  -37.407  14.231 0.4000000060
119664  -40.571  -37.081  11.063 0.6000000238
137130  -40.584  -36.907  12.003 0.5000000000
41544  -41.292  -36.554  13.648 0.5000000000
41528  -41.867  -36.669  14.235 0.4000000060
36917  -34.579  -41.844  7.772 0.4000000060
40709  -40.673  -37.696  10.245 0.6000000238
42394  -43.038  -35.853  14.361 0.4000000060
40723  -40.799  -37.725  9.363 0.6000000238
42417  -44.311  -35.445  13.880 0.4000000060
40733  -41.378  -38.299  8.272 0.6000000238
42434  -45.538  -35.470  12.819 0.4000000060
40744  -41.332  -38.068  7.753 0.6999999881
41565  -45.857  -36.203  13.102 0.4000000060
40750  -41.384  -38.039  6.800 0.6999999881
41581  -46.848  -36.211  11.840 0.4000000060
38820  -43.106  -39.621  5.311 0.6999999881
42449  -47.045  -35.887  11.178 0.4000000060
42461  -47.411  -35.936  10.313 0.4000000060
42474  -47.407  -35.558  8.990 0.4000000060
42487  -48.048  -35.431  7.180 0.4000000060
41563  -40.763  -36.599  12.847 0.5000000000
41580  -40.547  -36.307  11.624 0.6000000238
143456  -40.634  -36.397  12.196 0.5000000000
42414  -41.746  -35.745  13.801 0.5000000000
37868  -33.339  -40.806  7.730 0.3000000119
37869  -34.088  -41.272  8.481 0.4000000060
36898  -34.894  -41.547  9.090 0.5000000000
41608  -40.396  -37.018  9.054 0.6000000238
128047  -40.533  -36.922  10.304 0.6000000238
42393  -42.333  -36.015  14.258 0.4000000060
130152  -40.826  -37.634  8.354 0.6000000238
42416  -43.417  -35.093  13.962 0.5000000000
41630  -40.371  -36.791  6.828 0.6999999881
140328  -40.505  -37.217  7.672 0.6000000238
42433  -44.820  -35.060  13.210 0.4000000060
40749  -40.927  -37.320  6.121 0.8000000119
43318  -45.199  -34.759  12.401 0.4000000060
42447  -45.858  -35.180  11.982 0.4000000060
42448  -46.501  -35.562  11.557 0.4000000060
42460  -46.687  -35.402  10.664 0.4000000060
42473  -46.769  -35.236  9.553 0.4000000060
42486  -47.310  -35.001  7.368 0.4000000060
42495  -47.600  -34.413  6.282 0.4000000060
138903  -40.284  -35.657  10.150 0.6000000238
123919  -40.432  -36.159  10.725 0.6000000238
42446  -40.569  -35.479  11.514 0.5000000000
42431  -40.768  -35.803  12.404 0.5000000000
37848  -33.600  -40.550  9.050 0.4000000060
37849  -34.439  -40.881  9.568 0.4000000060
41620  -40.181  -36.736  8.076 0.6000000238
118625  -40.329  -36.409  9.776 0.6000000238
43296  -41.985  -34.727  13.517 0.5000000000
36899  -35.244  -41.118  9.928 0.5000000000
42415  -42.519  -35.296  13.996 0.5000000000
139624  -35.544  -41.529  9.460 0.5000000000
41629  -40.079  -35.941  5.923 0.6999999881
41636  -40.577  -36.529  5.433 0.6999999881
43297  -42.750  -34.486  13.574 0.5000000000
37838  -36.368  -40.583  10.485 0.6999999881
36882  -35.946  -41.206  10.044 0.6000000238
41648  -40.347  -36.525  4.724 0.6999999881
41635  -40.315  -35.816  5.009 0.6999999881
40755  -40.972  -37.115  5.080 0.6999999881
43316  -43.742  -34.019  12.914 0.5000000000
38756  -37.366  -39.561  10.621 0.6999999881
37839  -37.081  -40.275  10.324 0.6999999881
40762  -40.720  -37.081  4.757 0.6999999881
43317  -44.472  -34.379  12.709 0.4000000060
39828  -40.729  -37.818  4.486 0.8000000119
43331  -44.788  -34.156  11.867 0.4000000060
43333  -46.101  -34.916  11.079 0.4000000060
43345  -46.160  -34.778  10.008 0.4000000060
42485  -46.718  -34.904  8.193 0.4000000060
140110  -46.636  -34.386  6.969 0.4000000060
42459  -40.406  -35.197  10.729 0.6000000238
43313  -40.928  -34.852  12.238 0.5000000000
38770  -33.204  -39.737  9.500 0.4000000060
38771  -33.990  -40.138  10.051 0.4000000060
42483  -39.609  -35.331  7.744 0.6999999881
42484  -40.031  -36.230  8.917 0.6000000238
42472  -40.059  -35.581  9.509 0.6000000238
43329  -40.683  -34.593  11.385 0.5000000000
42501  -39.875  -35.167  5.234 0.6999999881
42494  -39.664  -35.261  6.497 0.6999999881
41619  -39.839  -36.043  7.243 0.6999999881
137418  -39.767  -35.997  8.184 0.6999999881
43330  -41.208  -34.003  11.986 0.5000000000
43314  -41.569  -34.267  12.833 0.5000000000
37837  -35.689  -40.652  10.526 0.6999999881
43315  -42.287  -33.903  13.101 0.5000000000
141792  -36.087  -40.233  10.957 0.6999999881
43395  -39.344  -34.596  4.761 0.6999999881
42508  -39.887  -35.177  4.932 0.6999999881
44180  -43.388  -33.470  12.286 0.4000000060
38755  -36.688  -39.969  10.919 0.6999999881
42513  -39.072  -35.646  4.675 0.6999999881
41647  -39.541  -36.436  4.618 0.6999999881
42507  -37.447  -34.969  5.156 0.6000000238
41639  -37.507  -36.359  5.369 0.6000000238
41640  -38.050  -36.221  4.748 0.6999999881
44181  -44.144  -33.737  12.131 0.4000000060
44196  -44.955  -33.901  10.891 0.4000000060
120716  -37.660  -38.800  10.891 0.6999999881
42506  -37.081  -35.702  5.676 0.6000000238
43332  -45.437  -34.530  11.483 0.4000000060
41634  -37.205  -36.371  6.187 0.6000000238
43344  -45.504  -34.349  10.394 0.4000000060
43356  -45.483  -34.175  9.083 0.4000000060
43357  -46.133  -34.587  8.717 0.4000000060
43367  -46.098  -34.217  7.237 0.4000000060
44251  -46.715  -33.877  6.271 0.4000000060
43343  -40.494  -34.351  10.596 0.6000000238
135139  -39.429  -33.935  6.291 0.6000000238
43365  -39.628  -34.642  8.363 0.6999999881
43354  -39.893  -34.763  9.280 0.6000000238
43390  -39.680  -34.356  4.956 0.6000000238
43382  -39.581  -34.519  5.743 0.6000000238
43373  -39.498  -34.466  7.161 0.6999999881
37836  -34.886  -40.466  10.400 0.6999999881
127693  -39.284  -33.718  4.769 0.6000000238
44178  -41.873  -33.462  12.456 0.5000000000
38739  -36.149  -39.620  11.434 0.6999999881
37826  -35.473  -40.080  11.016 0.6999999881
43389  -38.322  -34.138  4.759 0.6000000238
44179  -42.618  -33.354  12.452 0.4000000060
38740  -37.030  -39.324  11.377 0.6999999881
42512  -38.444  -34.992  4.718 0.6999999881
125071  -43.810  -33.206  11.144 0.4000000060
44195  -44.440  -33.653  11.348 0.4000000060
132381  -36.752  -34.983  5.965 0.6000000238
39769  -38.123  -38.134  10.189 0.6999999881
40722  -38.218  -37.367  9.459 0.6999999881
40732  -38.024  -37.260  8.426 0.6999999881
41628  -37.370  -36.279  7.094 0.6000000238
44215  -44.831  -33.625  9.382 0.4000000060
44227  -44.899  -33.461  7.816 0.4000000060
43366  -45.507  -33.853  7.603 0.4000000060
44249  -45.074  -32.732  6.081 0.4000000060
44250  -45.857  -33.139  6.161 0.4000000060
44228  -46.395  -33.270  6.746 0.3000000119
122461  -40.202  -34.944  10.030 0.6000000238
39783  -32.868  -38.934  9.862 0.5000000000
45219  -39.254  -32.510  4.914 0.6000000238
43355  -40.275  -34.123  9.823 0.6000000238
38753  -33.645  -39.295  10.376 0.5000000000
44264  -39.423  -33.518  4.939 0.6000000238
142237  -39.584  -33.930  5.310 0.6000000238
44211  -40.658  -33.494  10.415 0.5000000000
44193  -40.882  -33.744  11.194 0.4000000060
44194  -41.527  -33.207  11.671 0.5000000000
38754  -34.566  -39.652  10.878 0.6999999881
45137  -42.255  -32.847  11.829 0.4000000060
38737  -34.790  -39.079  11.424 0.8000000119
44266  -38.529  -33.109  4.623 0.6000000238
141810  -41.893  -32.529  11.282 0.4000000060
45153  -43.001  -32.882  11.539 0.4000000060
39752  -36.597  -38.844  11.924 0.6999999881
43388  -37.063  -34.214  5.504 0.6000000238
44257  -36.918  -33.477  5.890 0.6000000238
43381  -36.830  -34.252  6.322 0.6000000238
44213  -43.955  -32.895  9.671 0.4000000060
120456  -44.373  -33.393  10.307 0.4000000060
40708  -38.232  -37.295  10.398 0.6999999881
41618  -38.053  -36.681  8.920 0.6999999881
132855  -37.336  -34.978  7.653 0.6999999881
44214  -44.289  -32.987  8.667 0.4000000060
122941  -44.566  -33.082  7.842 0.4000000060
41607  -38.210  -36.579  9.659 0.6999999881
45190  -44.525  -32.433  7.065 0.4000000060
120455  -44.852  -32.277  6.272 0.3000000119
44238  -44.830  -32.513  6.162 0.4000000060
45173  -45.623  -32.347  8.959 0.4000000060
45204  -45.577  -32.679  6.490 0.3000000119
44258  -39.315  -33.163  5.992 0.6000000238
124833  -39.467  -32.628  7.115 0.6000000238
44236  -39.737  -33.077  8.141 0.6000000238
44237  -40.194  -32.961  8.989 0.5000000000
39766  -32.573  -38.133  10.164 0.6000000238
39767  -33.347  -38.452  10.589 0.6000000238
45216  -39.324  -32.061  6.138 0.6000000238
44225  -40.425  -33.235  9.652 0.5000000000
39768  -34.078  -38.825  11.073 0.6999999881
135557  -39.097  -32.795  4.718 0.6000000238
45168  -40.999  -32.593  10.134 0.5000000000
44212  -41.232  -32.895  10.921 0.4000000060
39750  -34.603  -38.394  11.624 0.6999999881
44263  -37.496  -33.366  5.101 0.6000000238
44265  -37.714  -32.505  4.720 0.6000000238
45169  -41.904  -32.047  10.363 0.5000000000
124353  -42.528  -32.449  10.838 0.5000000000
39751  -35.563  -38.856  11.837 0.8000000119
44247  -37.083  -33.528  6.745 0.6000000238
45171  -43.395  -32.539  9.792 0.4000000060
39753  -37.322  -38.549  11.704 0.6999999881
43372  -37.246  -34.295  7.370 0.6999999881
47523  -43.564  -30.718  7.639 0.5000000000
46397  -43.744  -31.259  6.726 0.5000000000
46378  -44.166  -31.843  7.004 0.5000000000
45189  -43.902  -32.088  7.185 0.4000000060
40694  -37.927  -38.011  11.147 0.6999999881
41606  -37.931  -35.992  8.959 0.6999999881
43363  -37.596  -34.650  8.313 0.6999999881
136207  -42.763  -29.677  8.960 0.5000000000
128636  -43.819  -31.021  7.319 0.5000000000
45172  -44.043  -32.420  7.758 0.4000000060
47507  -43.925  -31.029  9.441 0.4000000060
46358  -44.186  -31.560  7.341 0.4000000060
46359  -44.470  -31.706  8.044 0.4000000060
46380  -44.998  -32.170  7.206 0.4000000060
47492  -43.703  -30.205  10.856 0.4000000060
48663  -43.431  -30.416  9.315 0.4000000060
141264  -44.323  -31.377  9.403 0.4000000060
46413  -38.963  -31.781  4.483 0.6000000238
46410  -39.219  -31.330  4.933 0.6000000238
46407  -39.639  -31.121  6.222 0.6000000238
45201  -39.807  -32.016  7.794 0.5000000000
45202  -40.307  -32.161  8.610 0.5000000000
40707  -33.078  -37.638  10.815 0.6000000238
39749  -33.785  -38.018  11.265 0.6999999881
45220  -37.851  -31.637  4.498 0.6000000238
45221  -38.586  -32.152  4.490 0.6000000238
46394  -40.642  -31.047  7.885 0.5000000000
46376  -41.099  -31.387  8.768 0.5000000000
127903  -37.258  -32.676  5.442 0.6000000238
45218  -37.349  -31.957  4.976 0.6000000238
45187  -41.481  -31.763  9.506 0.5000000000
39734  -35.229  -37.994  12.225 0.8000000119
46396  -43.465  -31.076  6.504 0.5000000000
46395  -42.057  -30.725  7.503 0.5000000000
46357  -42.392  -31.670  9.045 0.5000000000
39735  -36.211  -38.238  12.397 0.8000000119
49797  -41.926  -28.746  7.742 0.5000000000
48678  -42.213  -29.080  6.512 0.5000000000
47537  -43.310  -30.564  6.409 0.5000000000
46377  -42.374  -31.279  8.110 0.5000000000
45188  -43.631  -31.580  7.127 0.4000000060
39736  -36.989  -38.168  12.375 0.8000000119
48679  -42.990  -29.815  6.627 0.5000000000
47522  -43.292  -30.384  7.081 0.5000000000
135246  -37.577  -37.771  11.980 0.8000000119
42469  -37.932  -35.239  9.000 0.6999999881
43353  -38.032  -34.596  9.011 0.6999999881
49782  -41.935  -28.488  8.858 0.4000000060
42470  -38.224  -35.778  9.736 0.6999999881
45211  -39.571  -31.807  7.024 0.5000000000
40705  -31.580  -37.022  9.943 0.5000000000
46409  -39.034  -30.567  4.129 0.6000000238
46402  -39.990  -31.129  7.181 0.5000000000
40706  -32.337  -37.310  10.391 0.5000000000
46403  -40.640  -30.383  6.948 0.5000000000
41590  -31.284  -36.234  10.201 0.5000000000
41591  -32.072  -36.485  10.608 0.5000000000
45215  -37.259  -31.934  5.485 0.6000000238
46408  -37.386  -31.122  4.810 0.6000000238
47543  -41.706  -29.599  5.697 0.5000000000
47536  -41.944  -30.281  6.607 0.5000000000
125901  -37.133  -32.748  6.151 0.6000000238
46406  -37.288  -31.076  5.511 0.6000000238
48690  -42.156  -29.289  5.812 0.5000000000
48689  -41.544  -29.416  5.408 0.5000000000
47544  -42.555  -29.628  5.940 0.5000000000
40693  -34.340  -37.578  11.812 0.6999999881
45199  -37.411  -32.710  7.294 0.6000000238
47545  -42.990  -29.911  6.049 0.5000000000
128232  -43.085  -30.427  6.219 0.5000000000
40675  -35.837  -37.500  12.697 0.6999999881
142157  -37.496  -34.114  8.052 0.6999999881
40676  -36.679  -37.617  12.755 0.6999999881
49781  -41.061  -27.294  8.367 0.4000000060
41593  -38.309  -36.432  10.535 0.6999999881
50823  -41.453  -26.995  9.304 0.5000000000
40677  -37.233  -37.430  12.648 0.6999999881
40695  -38.116  -37.164  11.324 0.8000000119
49768  -42.249  -28.164  9.947 0.4000000060
48635  -42.997  -29.220  10.730 0.5000000000
50785  -44.571  -27.513  12.474 0.4000000060
50798  -45.503  -27.419  12.119 0.5000000000
51809  -45.788  -26.586  11.672 0.5000000000
49758  -46.429  -28.819  11.525 0.5000000000
49757  -46.015  -28.123  11.842 0.5000000000
47547  -39.689  -29.951  4.884 0.6000000238
47542  -40.322  -30.297  6.083 0.5000000000
47552  -38.740  -30.150  4.007 0.6000000238
47550  -39.443  -29.328  3.874 0.6000000238
42457  -31.798  -35.670  10.819 0.5000000000
41592  -32.804  -36.810  11.078 0.5000000000
40692  -33.563  -37.190  11.449 0.6999999881
47549  -37.489  -30.295  4.845 0.6000000238
48696  -38.198  -29.705  4.282 0.6000000238
47553  -39.084  -29.319  3.908 0.6000000238
48695  -41.137  -28.595  5.312 0.5000000000
47548  -41.225  -29.116  4.569 0.5000000000
42456  -31.044  -35.363  10.438 0.5000000000
41559  -33.436  -36.252  11.682 0.6000000238
45209  -37.356  -31.905  6.347 0.6000000238
41577  -34.080  -36.858  11.951 0.6999999881
46401  -37.532  -31.004  6.551 0.6000000238
49810  -41.037  -28.302  6.384 0.5000000000
45210  -37.691  -31.764  7.372 0.6000000238
49796  -40.906  -27.787  7.390 0.5000000000
49795  -40.069  -26.845  7.193 0.4000000060
132573  -40.646  -25.910  8.707 0.5000000000
43364  -37.868  -33.940  8.617 0.6999999881
128336  -38.307  -34.968  9.692 0.6999999881
50783  -42.908  -26.427  12.022 0.4000000060
51797  -43.470  -26.026  12.353 0.4000000060
42458  -38.432  -35.479  10.685 0.6999999881
121429  -43.756  -27.113  12.437 0.4000000060
41562  -38.018  -36.174  12.391 0.6999999881
51799  -45.049  -26.673  12.350 0.4000000060
40658  -36.980  -37.012  13.108 0.6999999881
131679  -46.711  -27.964  11.091 0.5000000000
50799  -46.262  -27.277  11.385 0.5000000000
48693  -40.373  -28.877  3.905 0.5000000000
48691  -37.892  -29.491  4.900 0.6000000238
48697  -38.706  -28.994  4.243 0.5000000000
48694  -41.009  -28.861  4.410 0.5000000000
124641  -31.643  -34.851  10.961 0.6000000238
130973  -32.291  -35.102  11.306 0.6000000238
47546  -37.552  -30.203  5.706 0.6000000238
49815  -40.478  -28.366  4.937 0.5000000000
41576  -32.531  -35.957  11.259 0.6000000238
122108  -37.961  -30.997  7.411 0.5000000000
47541  -37.954  -30.046  6.761 0.5000000000
49809  -40.049  -27.717  6.110 0.5000000000
45200  -37.885  -32.316  8.105 0.6000000238
139490  -39.570  -26.550  7.404 0.6000000238
50836  -40.184  -25.905  7.998 0.5000000000
41560  -34.319  -36.190  12.323 0.6999999881
44223  -38.356  -33.392  9.219 0.6999999881
52785  -40.233  -24.198  9.525 0.5000000000
52786  -40.723  -23.972  10.392 0.4000000060
40674  -34.884  -37.073  12.418 0.6999999881
122771  -38.324  -34.184  9.483 0.6999999881
43328  -38.636  -34.802  11.312 0.6999999881
51820  -40.813  -25.395  9.362 0.5000000000
51821  -41.216  -24.966  10.127 0.4000000060
51808  -41.736  -24.851  11.065 0.4000000060
51796  -42.485  -24.898  11.773 0.4000000060
41561  -36.403  -37.111  13.045 0.6999999881
138866  -43.635  -24.854  12.439 0.4000000060
52761  -43.987  -25.537  12.538 0.4000000060
133393  -35.599  -36.648  12.934 0.6999999881
42429  -37.734  -35.900  13.009 0.6999999881
51798  -44.218  -26.541  12.541 0.4000000060
52762  -44.764  -25.276  12.338 0.4000000060
41542  -36.519  -36.470  13.274 0.6999999881
41543  -37.201  -36.267  13.244 0.6999999881
126363  -44.690  -26.013  12.438 0.4000000060
52774  -45.487  -24.993  11.715 0.4000000060
52787  -46.103  -25.164  10.946 0.4000000060
126747  -46.824  -27.161  10.608 0.5000000000
52788  -46.462  -25.734  10.537 0.5000000000
48692  -38.417  -28.808  5.160 0.5000000000
49816  -39.271  -28.476  4.590 0.5000000000
139878  -37.933  -29.445  5.771 0.5000000000
48687  -38.340  -28.919  6.272 0.5000000000
49813  -38.892  -28.155  5.723 0.5000000000
49808  -39.233  -27.384  6.608 0.5000000000
47534  -38.450  -30.486  7.868 0.5000000000
49814  -39.660  -28.065  5.306 0.5000000000
42444  -33.043  -35.342  11.632 0.6999999881
46393  -38.301  -31.542  8.274 0.5000000000
50835  -39.294  -26.647  7.518 0.6000000238
51842  -39.734  -25.837  7.884 0.5000000000
45184  -38.404  -32.443  8.999 0.6000000238
51831  -39.821  -25.072  8.575 0.5000000000
42426  -33.718  -35.440  12.128 0.6999999881
44209  -38.598  -33.723  10.081 0.8000000119
52796  -39.836  -24.337  9.114 0.5000000000
52784  -39.915  -24.197  9.518 0.5000000000
52759  -41.814  -23.552  11.596 0.4000000060
52760  -43.155  -24.913  12.295 0.4000000060
141835  -34.924  -36.447  12.609 0.6999999881
43312  -39.026  -34.263  12.005 0.6000000238
53840  -44.057  -24.555  12.499 0.4000000060
42445  -38.436  -35.564  11.803 0.6999999881
42430  -38.277  -35.455  12.670 0.6999999881
43294  -38.589  -34.722  12.832 0.6000000238
44177  -39.420  -33.462  12.420 0.6000000238
135114  -44.836  -24.506  12.262 0.4000000060
41541  -35.828  -35.846  13.301 0.6999999881
42411  -36.783  -35.622  13.505 0.6000000238
42412  -37.484  -35.613  13.351 0.6999999881
43293  -37.894  -34.541  13.643 0.6000000238
43295  -38.998  -33.981  13.029 0.6000000238
125023  -34.999  -35.933  12.812 0.6999999881
43275  -38.071  -33.903  13.891 0.6000000238
44165  -38.737  -33.581  13.683 0.6000000238
53862  -46.486  -24.892  10.239 0.5000000000
44147  -37.525  -33.429  14.230 0.6000000238
44148  -38.361  -33.180  14.182 0.6000000238
118768  -46.925  -25.638  9.826 0.5000000000
52797  -47.442  -26.281  9.509 0.5000000000
142516  -38.934  -27.388  7.160 0.6000000238
133825  -31.459  -33.837  10.888 0.5000000000
48676  -38.552  -29.338  7.320 0.5000000000
48677  -39.022  -28.556  7.624 0.6000000238
43341  -32.141  -34.124  11.246 0.6000000238
131232  -33.386  -34.691  11.954 0.6000000238
47535  -39.007  -29.830  8.304 0.6000000238
51830  -39.513  -25.779  7.990 0.5000000000
50821  -39.340  -26.505  8.284 0.5000000000
44190  -32.601  -33.198  11.293 0.6000000238
125888  -33.116  -33.857  11.707 0.6000000238
46374  -38.870  -30.894  8.802 0.6000000238
46375  -39.323  -31.327  9.585 0.6000000238
50810  -39.680  -25.636  9.595 0.5000000000
51807  -40.270  -24.650  10.575 0.5000000000
52772  -40.875  -23.420  10.822 0.4000000060
52773  -41.071  -23.442  10.811 0.4000000060
138502  -33.940  -34.793  12.376 0.6999999881
123797  -33.805  -34.087  12.316 0.6000000238
45166  -38.779  -32.965  9.878 0.6999999881
46355  -39.620  -31.763  10.406 0.6000000238
51819  -39.649  -24.574  9.151 0.5000000000
140199  -39.750  -24.675  9.743 0.5000000000
52771  -40.504  -23.881  10.221 0.5000000000
53839  -42.984  -24.001  12.268 0.4000000060
121658  -43.419  -23.468  12.390 0.4000000060
44191  -38.850  -34.035  10.925 0.6999999881
44192  -39.276  -33.474  11.359 0.6999999881
45152  -40.060  -32.317  12.178 0.6999999881
49780  -39.711  -27.001  9.381 0.5000000000
50795  -40.283  -26.064  10.516 0.5000000000
53841  -44.396  -23.746  12.377 0.4000000060
43310  -34.537  -34.436  12.799 0.6000000238
45135  -39.805  -32.763  12.750 0.6000000238
45136  -40.246  -32.103  12.886 0.6999999881
137771  -45.282  -23.092  11.619 0.4000000060
42428  -35.135  -35.175  13.137 0.6999999881
139767  -36.780  -34.838  13.722 0.6000000238
43292  -37.445  -35.034  13.610 0.6000000238
44166  -39.364  -33.223  13.338 0.6000000238
45121  -39.757  -32.367  13.574 0.6000000238
45122  -40.239  -31.762  13.474 0.6000000238
53854  -45.283  -23.897  11.852 0.4000000060
126545  -36.248  -34.136  13.808 0.6000000238
43274  -37.282  -34.244  13.934 0.6000000238
45104  -38.638  -32.380  14.360 0.6000000238
46301  -39.718  -31.276  14.390 0.6000000238
54899  -45.751  -23.531  11.002 0.4000000060
45103  -37.731  -32.623  14.408 0.6000000238
46300  -38.905  -31.529  14.533 0.6000000238
126374  -46.646  -24.349  9.695 0.5000000000
54900  -46.298  -23.979  10.312 0.4000000060
53869  -46.946  -24.941  9.440 0.5000000000
54912  -47.240  -23.857  8.180 0.5000000000
47520  -39.546  -30.274  9.301 0.6000000238
48661  -39.481  -29.017  8.584 0.6000000238
49779  -39.624  -27.989  8.861 0.6000000238
44208  -31.945  -33.222  10.883 0.6000000238
47521  -40.169  -30.151  9.998 0.6000000238
133148  -40.160  -28.492  9.711 0.5000000000
53853  -40.847  -23.026  11.160 0.4000000060
124296  -33.224  -33.015  11.646 0.6000000238
44176  -33.734  -33.251  12.154 0.6000000238
47505  -39.908  -30.923  10.155 0.6000000238
46356  -40.243  -31.301  11.010 0.6000000238
48648  -40.493  -29.464  10.396 0.5000000000
48634  -41.330  -28.997  12.010 0.5000000000
49754  -41.417  -28.109  12.285 0.5000000000
50796  -40.901  -26.617  11.656 0.5000000000
121736  -42.047  -22.870  11.896 0.4000000060
47491  -40.710  -30.708  11.551 0.5000000000
135422  -40.839  -27.824  11.225 0.5000000000
133354  -40.241  -27.030  10.245 0.5000000000
55925  -44.337  -22.373  12.194 0.4000000060
141572  -34.358  -33.512  12.660 0.6000000238
131837  -40.614  -30.199  14.466 0.6000000238
55926  -44.975  -22.419  11.732 0.4000000060
44164  -35.460  -33.513  13.512 0.6000000238
45118  -35.516  -32.665  13.532 0.6000000238
47446  -40.006  -30.493  14.647 0.6000000238
56953  -45.245  -21.815  11.157 0.4000000060
42427  -34.415  -35.328  12.588 0.6999999881
45102  -36.877  -32.888  14.319 0.6000000238
55937  -46.083  -23.099  10.261 0.4000000060
55936  -45.548  -22.652  11.024 0.4000000060
46299  -37.934  -31.734  14.517 0.6000000238
53875  -46.971  -24.239  8.945 0.5000000000
54905  -46.514  -23.627  9.562 0.4000000060
54911  -46.733  -23.309  8.738 0.5000000000
55951  -47.150  -22.935  8.088 0.4000000060
48662  -39.972  -29.319  9.486 0.6000000238
50782  -41.568  -27.472  12.945 0.5000000000
51795  -41.133  -25.598  12.187 0.5000000000
120078  -40.897  -24.404  12.127 0.5000000000
118495  -40.948  -22.690  11.569 0.4000000060
45149  -33.677  -32.430  11.890 0.6000000238
45133  -34.347  -32.572  12.511 0.6000000238
47506  -40.452  -30.461  10.697 0.6000000238
142362  -41.602  -28.334  12.952 0.5000000000
53838  -41.064  -22.706  11.458 0.4000000060
54878  -42.364  -22.543  12.254 0.4000000060
137759  -41.411  -29.623  12.583 0.5000000000
120768  -43.727  -22.762  12.396 0.4000000060
45117  -34.875  -33.009  13.104 0.6000000238
131407  -35.642  -31.934  13.531 0.6000000238
48594  -39.510  -29.986  14.939 0.6000000238
56966  -45.335  -21.168  10.532 0.4000000060
123305  -37.135  -31.079  14.383 0.6000000238
127710  -38.789  -30.155  14.838 0.6000000238
55943  -45.777  -22.076  10.168 0.4000000060
46298  -37.003  -32.016  14.365 0.6000000238
56979  -46.100  -21.882  9.118 0.4000000060
56986  -46.436  -21.633  8.470 0.4000000060
58072  -46.284  -20.768  8.288 0.3000000119
55950  -46.578  -22.432  8.621 0.4000000060
121874  -47.222  -19.981  7.898 0.3000000119
51787  -41.565  -25.585  13.266 0.5000000000
52748  -41.383  -24.468  12.898 0.5000000000
54876  -41.158  -22.448  12.050 0.5000000000
55902  -41.535  -22.317  12.232 0.5000000000
51766  -41.664  -26.281  14.399 0.6000000238
54877  -41.161  -22.486  11.845 0.4000000060
56927  -41.905  -21.531  12.428 0.5000000000
55903  -42.537  -22.038  12.337 0.4000000060
140314  -34.568  -31.933  12.576 0.6000000238
46326  -34.743  -31.291  12.558 0.6000000238
49719  -41.363  -28.794  14.499 0.6000000238
55904  -43.541  -21.901  12.283 0.4000000060
56952  -44.402  -21.625  11.787 0.4000000060
45134  -34.998  -32.087  13.017 0.6000000238
46314  -35.425  -31.258  13.194 0.6000000238
48595  -41.003  -29.540  14.633 0.6999999881
58048  -44.792  -20.424  10.835 0.3000000119
124725  -35.868  -30.521  13.410 0.6000000238
49695  -40.089  -28.652  15.554 0.6000000238
58049  -45.326  -20.365  9.893 0.3000000119
46315  -36.241  -31.379  13.832 0.6000000238
136685  -36.511  -30.569  13.939 0.6000000238
48569  -39.608  -29.314  15.311 0.6000000238
56978  -45.731  -21.212  9.614 0.4000000060
47444  -38.169  -30.721  14.655 0.6000000238
49717  -38.132  -29.021  15.082 0.6000000238
56985  -45.992  -21.116  8.757 0.3000000119
59124  -45.822  -19.559  8.199 0.3000000119
59125  -46.568  -19.417  7.959 0.3000000119
143697  -41.668  -25.396  13.994 0.5000000000
54853  -41.537  -22.722  13.345 0.5000000000
135018  -41.264  -22.474  12.222 0.5000000000
50762  -41.532  -27.240  14.744 0.6000000238
51737  -41.430  -26.588  15.263 0.6000000238
56951  -43.278  -21.055  12.005 0.4000000060
47476  -35.218  -30.411  12.711 0.6000000238
49696  -41.250  -28.131  15.015 0.6000000238
58034  -44.085  -20.669  11.497 0.3000000119
47461  -35.680  -29.725  13.082 0.6000000238
47462  -36.307  -29.841  13.670 0.6000000238
48592  -36.654  -29.174  14.024 0.6000000238
49694  -39.030  -28.676  15.582 0.6000000238
59105  -45.555  -19.923  9.012 0.3000000119
47443  -37.126  -30.047  14.368 0.6000000238
49716  -37.490  -28.585  14.837 0.6000000238
58062  -45.733  -20.610  9.144 0.3000000119
60214  -45.814  -18.880  7.964 0.3000000119
122638  -45.959  -18.124  7.853 0.3000000119
60215  -46.801  -18.663  7.864 0.3000000119
53764  -41.600  -24.715  15.212 0.6000000238
54833  -41.680  -23.716  14.520 0.6000000238
55859  -41.744  -22.265  14.149 0.5000000000
55878  -41.610  -22.206  12.854 0.4000000060
136010  -41.039  -26.674  15.821 0.6000000238
52691  -41.402  -25.335  15.720 0.6000000238
118577  -42.068  -20.225  12.384 0.4000000060
59057  -42.313  -19.886  11.894 0.4000000060
50710  -40.483  -27.008  16.106 0.6000000238
59079  -42.923  -19.517  11.570 0.4000000060
135427  -43.869  -19.691  11.135 0.3000000119
48620  -35.204  -29.519  12.448 0.6000000238
50709  -39.916  -27.283  16.235 0.6000000238
59090  -44.034  -18.856  10.443 0.3000000119
48608  -36.071  -29.072  13.358 0.6000000238
50732  -39.575  -27.879  15.946 0.6000000238
61213  -44.134  -17.567  8.946 0.3000000119
49693  -38.032  -28.279  15.384 0.6000000238
126820  -45.129  -19.573  9.519 0.3000000119
49715  -36.902  -28.515  14.379 0.6000000238
50761  -37.230  -27.966  14.872 0.6000000238
61246  -44.614  -17.539  7.749 0.3000000119
61247  -45.202  -17.542  7.695 0.3000000119
127604  -41.532  -24.095  15.556 0.6000000238
54819  -41.603  -23.367  15.486 0.5000000000
57977  -42.027  -20.782  14.030 0.5000000000
56890  -41.753  -21.567  13.479 0.4000000060
56906  -41.844  -20.976  12.696 0.4000000060
53742  -41.308  -24.674  16.102 0.6000000238
131610  -42.329  -19.638  12.220 0.4000000060
59058  -42.743  -19.100  11.777 0.4000000060
52676  -41.006  -25.484  16.267 0.6000000238
60157  -43.296  -18.335  11.338 0.4000000060
60173  -43.583  -18.226  10.563 0.3000000119
48607  -35.587  -29.040  12.814 0.6000000238
51719  -39.874  -26.485  16.482 0.6000000238
61194  -43.822  -17.423  10.145 0.3000000119
49730  -35.786  -28.269  12.983 0.6000000238
51718  -38.863  -26.313  16.564 0.6000000238
51736  -38.271  -26.931  16.190 0.6000000238
49731  -36.404  -28.410  13.707 0.6000000238
51765  -36.868  -27.079  14.807 0.6000000238
50730  -37.711  -27.477  15.573 0.6000000238
54795  -41.320  -23.815  16.209 0.6000000238
57958  -41.946  -20.569  15.261 0.4000000060
140267  -42.157  -20.293  14.625 0.4000000060
57978  -42.255  -20.046  14.083 0.4000000060
59041  -42.366  -19.643  13.235 0.4000000060
130955  -40.667  -24.844  16.629 0.5000000000
138939  -40.941  -24.220  16.619 0.5000000000
53740  -39.919  -24.875  16.980 0.5000000000
61193  -43.580  -17.688  10.950 0.3000000119
52674  -39.436  -25.609  16.780 0.5000000000
141692  -44.092  -16.613  10.378 0.3000000119
50773  -35.775  -27.362  12.905 0.6000000238
51717  -37.923  -26.077  16.390 0.5000000000
50774  -36.228  -27.640  13.510 0.6000000238
129302  -36.471  -27.146  13.972 0.6000000238
51735  -37.385  -26.577  15.704 0.6000000238
51764  -36.370  -26.356  14.113 0.6000000238
51734  -36.726  -26.067  15.066 0.6000000238
52715  -36.331  -25.478  14.472 0.5000000000
52689  -36.606  -25.159  15.303 0.5000000000
135681  -41.212  -21.266  16.567 0.4000000060
57941  -41.419  -20.532  16.243 0.3000000119
59027  -42.430  -19.421  14.261 0.4000000060
55797  -40.708  -22.727  17.146 0.5000000000
56856  -41.048  -21.999  16.851 0.4000000060
60120  -43.000  -18.076  13.763 0.3000000119
60121  -43.253  -17.992  13.055 0.3000000119
60135  -43.178  -18.216  12.210 0.3000000119
53713  -39.545  -24.081  17.336 0.5000000000
129134  -43.943  -15.918  12.609 0.3000000119
62189  -43.840  -16.719  12.230 0.3000000119
136475  -38.712  -24.255  17.294 0.5000000000
137227  -44.391  -15.992  10.984 0.3000000119
124126  -38.183  -24.691  16.962 0.5000000000
64263  -44.557  -14.511  9.142 0.3000000119
52690  -37.170  -25.660  15.852 0.5000000000
126077  -41.016  -19.836  16.625 0.3000000119
120921  -41.628  -19.759  15.872 0.3000000119
59005  -41.817  -18.941  15.581 0.3000000119
59006  -42.344  -18.840  14.846 0.3000000119
57926  -40.148  -20.939  17.427 0.3000000119
138987  -40.753  -21.353  17.071 0.4000000060
118810  -42.674  -18.825  13.973 0.3000000119
62159  -43.115  -16.704  13.892 0.3000000119
56836  -39.538  -21.733  17.573 0.3000000119
62160  -43.566  -16.548  13.154 0.3000000119
54773  -38.757  -23.580  17.452 0.4000000060
62178  -44.266  -16.016  11.836 0.3000000119
63221  -44.535  -15.183  10.647 0.3000000119
54772  -37.973  -23.946  17.198 0.5000000000
65268  -44.629  -13.581  9.881 0.3000000119
53738  -37.320  -24.310  16.629 0.5000000000
65283  -44.614  -13.703  8.761 0.3000000119
137124  -36.835  -24.281  16.168 0.5000000000
58989  -41.235  -19.015  16.334 0.3000000119
60079  -41.361  -18.206  15.981 0.3000000119
60080  -41.954  -18.143  15.304 0.3000000119
122495  -40.383  -19.983  17.242 0.3000000119
57940  -40.839  -20.650  16.925 0.3000000119
143085  -42.462  -17.403  14.668 0.3000000119
61136  -42.817  -17.314  14.228 0.3000000119
128635  -39.592  -20.077  17.597 0.3000000119
63188  -43.847  -15.172  12.891 0.3000000119
63189  -44.282  -15.269  12.253 0.3000000119
135910  -37.870  -22.001  17.523 0.3000000119
56835  -38.532  -21.538  17.656 0.3000000119
64212  -44.471  -14.655  11.971 0.3000000119
64230  -44.567  -14.327  11.269 0.3000000119
55818  -37.487  -22.663  17.310 0.3000000119
54793  -37.264  -23.448  16.966 0.4000000060
66234  -44.485  -12.778  10.606 0.3000000119
65252  -44.572  -13.650  10.723 0.3000000119
54792  -36.743  -23.717  16.293 0.4000000060
124573  -44.600  -11.980  7.996 0.3000000119
132264  -36.164  -24.641  14.706 0.4000000060
53762  -36.490  -24.244  15.581 0.4000000060
67246  -44.532  -11.544  7.088 0.3000000119
123832  -44.465  -12.536  6.994 0.3000000119
60068  -40.757  -18.298  16.678 0.3000000119
58988  -40.615  -19.129  17.018 0.3000000119
61100  -41.528  -17.454  15.661 0.3000000119
62145  -42.401  -16.850  14.715 0.3000000119
129455  -42.714  -16.210  14.323 0.3000000119
58979  -39.926  -19.249  17.500 0.3000000119
63169  -42.886  -15.541  14.090 0.3000000119
63170  -43.306  -15.145  13.584 0.3000000119
64197  -43.615  -14.405  13.123 0.3000000119
57924  -38.175  -20.736  17.773 0.3000000119
126238  -38.690  -20.073  17.836 0.3000000119
64211  -44.141  -14.529  12.508 0.3000000119
67178  -44.431  -11.794  10.094 0.3000000119
55817  -36.575  -22.637  16.499 0.4000000060
67229  -44.536  -11.140  8.750 0.3000000119
119564  -35.948  -23.794  14.889 0.4000000060
123788  -44.554  -11.069  7.996 0.3000000119
68174  -44.520  -10.027  7.024 0.3000000119
69146  -43.909  -10.585  4.388 0.3000000119
61094  -40.876  -17.413  16.351 0.3000000119
62132  -41.187  -16.837  15.929 0.3000000119
62137  -41.726  -16.675  15.365 0.3000000119
63160  -42.377  -15.486  14.548 0.3000000119
61088  -40.282  -17.618  17.029 0.3000000119
64192  -42.000  -14.734  14.679 0.3000000119
64193  -42.692  -14.889  14.168 0.3000000119
137612  -38.239  -19.374  17.991 0.3000000119
60061  -39.398  -18.543  17.649 0.3000000119
65201  -43.293  -13.601  13.271 0.3000000119
66169  -43.479  -12.820  12.731 0.3000000119
66204  -44.184  -12.555  11.450 0.3000000119
58977  -37.738  -20.025  17.865 0.3000000119
67151  -43.769  -11.719  11.560 0.3000000119
67177  -44.041  -11.254  10.755 0.3000000119
56833  -36.771  -21.051  17.186 0.4000000060
68105  -44.244  -10.868  10.023 0.3000000119
142603  -36.056  -21.911  15.980 0.4000000060
68134  -44.367  -10.536  9.290 0.3000000119
68156  -44.461  -10.298  8.415 0.3000000119
55839  -35.993  -22.491  15.573 0.4000000060
68195  -44.455  -10.428  6.151 0.3000000119
140589  -35.703  -22.311  14.953 0.4000000060
69129  -44.375  -9.909  5.425 0.3000000119
70038  -44.137  -9.341  4.754 0.3000000119
62136  -41.066  -16.089  15.831 0.3000000119
63159  -41.804  -15.422  15.038 0.3000000119
62124  -40.326  -16.943  16.785 0.3000000119
62131  -40.661  -16.560  16.352 0.3000000119
65200  -42.636  -13.560  13.798 0.3000000119
62123  -39.773  -16.956  17.242 0.3000000119
58974  -37.343  -19.343  17.857 0.3000000119
68133  -44.009  -10.058  9.833 0.3000000119
69041  -44.225  -9.720  9.088 0.3000000119
69062  -44.296  -9.341  8.292 0.3000000119
69085  -44.345  -9.208  7.314 0.3000000119
70004  -44.222  -8.809  6.556 0.3000000119
70022  -44.246  -8.958  5.760 0.3000000119
131670  -35.335  -22.184  13.896 0.3000000119
71015  -43.186  -8.295  2.744 0.3000000119
70062  -42.547  -8.791  1.766 0.3000000119
63148  -40.001  -15.345  16.535 0.3000000119
64186  -40.865  -14.565  15.598 0.3000000119
64187  -41.433  -14.241  15.036 0.3000000119
142021  -42.402  -12.330  13.647 0.3000000119
66168  -42.852  -12.879  13.437 0.3000000119
128053  -39.023  -17.050  17.624 0.3000000119
63135  -39.214  -16.284  17.341 0.3000000119
68072  -43.241  -11.081  12.091 0.3000000119
68084  -43.545  -10.778  11.318 0.3000000119
68991  -43.328  -9.927  11.122 0.3000000119
68104  -43.768  -10.418  10.560 0.3000000119
69040  -43.776  -9.254  9.621 0.3000000119
69061  -44.008  -8.969  8.922 0.3000000119
69973  -44.096  -8.641  7.944 0.3000000119
70003  -43.872  -8.149  6.211 0.3000000119
70021  -43.865  -8.353  5.241 0.3000000119
71984  -43.255  -7.193  5.153 0.3000000119
71002  -43.508  -7.743  4.755 0.3000000119
71008  -43.428  -7.942  3.778 0.3000000119
71007  -42.922  -7.234  3.353 0.3000000119
71014  -42.682  -7.561  2.293 0.3000000119
71023  -42.211  -7.992  1.222 0.3000000119
64179  -40.144  -14.607  16.188 0.3000000119
65184  -41.450  -13.554  14.758 0.3000000119
66157  -42.250  -12.885  13.974 0.3000000119
137906  -38.709  -15.726  17.331 0.3000000119
63147  -39.312  -15.521  16.983 0.3000000119
128495  -40.273  -13.087  15.464 0.3000000119
66143  -40.917  -12.976  14.923 0.3000000119
139509  -41.835  -12.210  14.105 0.3000000119
68071  -42.641  -10.564  12.494 0.3000000119
130620  -38.343  -16.348  17.584 0.3000000119
69012  -43.539  -9.560  10.381 0.3000000119
62121  -36.684  -16.972  17.563 0.3000000119
69992  -43.734  -7.938  7.792 0.3000000119
69993  -44.016  -8.375  7.126 0.3000000119
70978  -43.495  -7.448  6.260 0.3000000119
71990  -42.546  -6.422  3.905 0.3000000119
71997  -41.912  -6.159  2.255 0.3000000119
66142  -39.605  -12.302  15.596 0.3000000119
64177  -38.436  -14.193  16.763 0.3000000119
65143  -39.016  -13.679  16.408 0.3000000119
64159  -37.692  -14.650  17.186 0.3000000119
63134  -38.038  -15.511  17.417 0.3000000119
63146  -38.586  -15.021  17.075 0.3000000119
64178  -39.317  -14.619  16.605 0.3000000119
135689  -36.892  -16.139  17.529 0.3000000119
63133  -37.252  -15.410  17.436 0.3000000119
49767  -40.457  -28.248  10.390 0.5000000000
46327  -40.625  -31.438  13.029 0.6999999881
48633  -40.932  -29.144  11.195 0.5000000000
46317  -40.520  -31.217  13.724 0.6000000238
41579  -38.264  -36.317  11.494 0.6999999881
20917  -39.963  -57.607  8.466 0.3000000119
21805  -40.427  -56.922  8.310 0.3000000119
20925  -41.255  -57.498  7.677 0.3000000119
21814  -41.579  -56.841  7.700 0.3000000119
20926  -42.037  -57.444  7.459 0.4000000060
20938  -43.381  -57.992  6.737 0.4000000060
20940  -44.905  -57.170  6.605 0.4000000060
21832  -45.746  -56.304  6.873 0.4000000060
21819  -46.566  -55.352  7.264 0.4000000060
23777  -46.784  -54.755  7.308 0.4000000060
24807  -45.431  -53.900  6.721 0.4000000060
131052  -46.204  -54.386  6.461 0.4000000060
124332  -43.343  -52.903  6.273 0.4000000060
29719  -41.653  -48.667  6.566 0.4000000060
33731  -39.287  -44.470  16.760 0.3000000119
139627  -39.743  -43.223  16.791 0.3000000119
35786  -40.168  -42.609  16.837 0.3000000119
36776  -42.658  -41.245  15.830 0.3000000119
36807  -43.015  -41.832  14.865 0.3000000119
30759  -42.728  -47.286  5.520 0.5000000000
32811  -41.796  -45.978  6.166 0.5000000000
36903  -47.555  -42.008  9.914 0.3000000119
36869  -46.806  -41.180  11.052 0.3000000119
36886  -47.830  -41.310  10.190 0.3000000119
34921  -42.705  -43.878  5.520 0.6000000238
38759  -48.019  -39.989  10.819 0.4000000060
34922  -43.686  -43.610  4.908 0.6000000238
38745  -48.381  -39.152  10.958 0.4000000060
38761  -49.161  -39.250  9.939 0.4000000060
40724  -49.063  -37.901  9.513 0.4000000060
39802  -49.411  -38.091  8.715 0.4000000060
36937  -34.068  -42.145  6.626 0.4000000060
35904  -34.814  -42.389  7.142 0.5000000000
37918  -44.065  -40.618  4.010 0.6999999881
41621  -48.582  -36.249  8.059 0.4000000060
124893  -43.227  -39.939  4.027 0.6999999881
37850  -36.736  -40.962  9.807 0.6000000238
143608  -37.352  -40.377  9.712 0.8000000119
39830  -42.119  -38.484  4.571 0.8000000119
39822  -42.502  -38.891  5.281 0.6999999881
123424  -41.460  -38.402  4.387 0.8000000119
38829  -42.752  -39.289  4.472 0.6999999881
42496  -48.382  -34.785  6.124 0.4000000060
39829  -41.436  -37.791  4.741 0.8000000119
135007  -37.619  -39.750  9.867 0.8000000119
40761  -39.868  -37.243  4.516 0.8000000119
128202  -40.527  -38.658  4.327 0.8000000119
127967  -47.353  -33.972  6.011 0.4000000060
39784  -37.946  -38.972  10.004 0.6999999881
40754  -37.972  -37.693  4.987 0.8000000119
39785  -38.239  -38.255  9.140 0.6999999881
39799  -38.167  -38.007  8.208 0.6999999881
119839  -37.970  -38.122  5.786 0.8000000119
40731  -37.676  -36.852  7.607 0.6999999881
40741  -37.555  -36.995  6.811 0.6000000238
44229  -47.424  -33.232  8.342 0.3000000119
47508  -44.285  -30.815  10.769 0.4000000060
45192  -46.087  -32.648  8.339 0.4000000060
140147  -46.544  -32.952  7.940 0.3000000119
48636  -44.340  -29.987  11.619 0.4000000060
46343  -44.771  -31.374  10.378 0.4000000060
46360  -45.222  -31.932  9.683 0.4000000060
48622  -43.754  -29.267  11.724 0.4000000060
124475  -45.970  -29.668  11.761 0.4000000060
126800  -45.609  -28.956  12.097 0.5000000000
49756  -43.284  -28.334  11.755 0.5000000000
50784  -43.525  -27.656  12.237 0.4000000060
49745  -45.184  -28.264  12.320 0.5000000000
48638  -46.826  -29.536  11.277 0.4000000060
49769  -47.152  -28.657  10.848 0.5000000000
50811  -41.742  -26.617  10.192 0.5000000000
124473  -42.241  -26.332  11.098 0.5000000000
50797  -42.921  -27.364  11.766 0.4000000060
50812  -47.339  -27.824  10.414 0.5000000000
51822  -47.385  -27.050  9.929 0.5000000000
124961  -47.800  -25.290  8.430 0.5000000000
45163  -30.549  -32.832  10.494 0.5000000000
53876  -47.498  -24.578  8.302 0.5000000000
55959  -47.465  -22.164  7.905 0.4000000060
45183  -31.185  -32.207  10.250 0.6000000238
45164  -31.843  -32.467  10.506 0.6000000238
137513  -32.345  -32.644  10.865 0.6000000238
45148  -32.975  -32.327  11.232 0.6000000238
58082  -47.772  -20.720  7.778 0.3000000119
46339  -33.605  -31.607  11.550 0.6000000238
45150  -34.187  -31.801  12.180 0.6000000238
59126  -47.510  -19.252  7.750 0.3000000119
60216  -47.794  -18.513  7.502 0.3000000119
46340  -34.211  -31.028  11.899 0.6000000238
47475  -34.645  -30.578  12.241 0.6000000238
49742  -35.225  -28.614  12.207 0.6000000238
123092  -35.435  -27.750  12.325 0.6000000238
50781  -35.516  -27.077  12.361 0.6000000238
51786  -36.091  -26.868  13.430 0.6000000238
50794  -35.169  -27.189  11.792 0.6000000238
132933  -35.924  -26.160  13.397 0.5000000000
53810  -35.951  -24.995  13.905 0.5000000000
53778  -35.735  -24.170  14.090 0.4000000060
54832  -35.809  -22.977  14.956 0.4000000060
55877  -35.361  -22.847  13.682 0.4000000060
71983  -42.885  -6.653  5.226 0.3000000119
132606  -42.606  -6.357  4.663 0.3000000119
121550  -41.404  -5.421  2.229 0.3000000119
73013  -41.069  -5.412  1.122 0.3000000119
124718  -41.183  -6.524  0.204 0.3000000119
62129  -36.034  -16.387  17.214 0.3000000119
40734  -48.968  -37.185  8.680 0.4000000060
21831  -44.633  -56.474  7.024 0.4000000060
24770  -41.675  -53.105  10.527 0.3000000119
24780  -42.075  -53.702  9.881 0.3000000119
24771  -42.941  -52.910  10.656 0.3000000119
25730  -43.615  -51.722  11.233 0.3000000119
24772  -43.908  -52.618  10.644 0.3000000119
28716  -41.089  -49.018  7.154 0.4000000060
27646  -39.767  -49.740  14.147 0.3000000119
26747  -41.560  -51.664  8.729 0.4000000060
29659  -39.389  -48.570  12.775 0.3000000119
31763  -41.212  -46.598  6.670 0.4000000060
36806  -42.010  -41.921  14.845 0.3000000119
34805  -40.106  -43.183  14.469 0.3000000119
35871  -41.703  -43.663  11.344 0.3000000119
36866  -44.025  -42.320  11.668 0.3000000119
36845  -40.371  -42.664  12.359 0.3000000119
35884  -46.917  -42.432  10.194 0.3000000119
36844  -40.100  -41.657  12.367 0.3000000119
37842  -47.608  -40.840  10.657 0.4000000060
36940  -41.707  -41.284  7.013 0.6000000238
36952  -43.063  -41.630  5.733 0.6999999881
37815  -39.685  -40.730  11.909 0.3000000119
39756  -48.549  -38.437  10.750 0.4000000060
36961  -43.734  -40.959  5.186 0.6999999881
121165  -40.448  -39.251  12.868 0.4000000060
38742  -40.234  -39.147  11.202 0.4000000060
39728  -46.435  -38.185  12.875 0.4000000060
39801  -41.457  -38.709  8.469 0.6999999881
38816  -42.276  -39.237  7.001 0.6999999881
37911  -43.902  -40.554  4.603 0.6999999881
41529  -42.665  -36.593  14.443 0.4000000060
39817  -42.623  -39.387  6.199 0.6999999881
41609  -47.988  -36.235  9.577 0.4000000060
42475  -48.020  -35.833  8.466 0.4000000060
36916  -33.713  -41.561  7.201 0.3000000119
39816  -42.069  -38.613  6.242 0.6999999881
38821  -43.563  -40.059  4.421 0.6999999881
43298  -43.393  -34.384  13.430 0.5000000000
40756  -41.522  -37.820  5.598 0.8000000119
41641  -40.177  -35.918  4.826 0.6999999881
42471  -39.762  -35.446  8.711 0.6999999881
40760  -38.717  -37.112  4.576 0.6999999881
40747  -37.583  -37.200  5.787 0.6999999881
42500  -37.015  -35.641  6.476 0.6000000238
44240  -47.255  -33.576  6.993 0.4000000060
44248  -39.446  -33.563  7.176 0.6000000238
131800  -39.579  -33.937  8.010 0.6000000238
44224  -39.891  -33.835  8.944 0.6999999881
42482  -37.596  -35.448  8.267 0.6999999881
41617  -37.668  -36.292  8.114 0.6999999881
40742  -37.881  -37.517  7.548 0.8000000119
42493  -37.326  -35.591  7.405 0.6999999881
45191  -45.176  -32.213  6.854 0.3000000119
45186  -40.710  -32.320  9.377 0.5000000000
45170  -42.888  -32.062  9.182 0.4000000060
141467  -42.602  -29.498  7.958 0.5000000000
46379  -44.251  -31.977  6.914 0.4000000060
41578  -37.804  -36.963  12.187 0.8000000119
44235  -37.833  -33.052  8.381 0.6999999881
40659  -37.461  -36.667  12.851 0.6999999881
52775  -45.957  -25.806  11.296 0.5000000000
118633  -45.330  -25.892  12.081 0.4000000060
43340  -31.163  -34.505  10.721 0.5000000000
48699  -40.249  -28.585  4.123 0.5000000000
43342  -38.531  -34.515  10.362 0.8000000119
51832  -40.130  -24.776  8.774 0.5000000000
43311  -38.636  -34.994  12.149 0.6000000238
42413  -38.027  -35.127  13.294 0.6000000238
53861  -45.926  -24.413  11.001 0.4000000060
135736  -38.710  -31.662  9.162 0.6000000238
44210  -38.956  -33.382  10.560 0.6999999881
45151  -39.648  -32.811  11.784 0.6999999881
126775  -36.012  -35.021  13.535 0.6000000238
45120  -39.111  -32.860  13.979 0.6000000238
142999  -36.802  -33.598  14.140 0.6000000238
137835  -47.336  -24.920  8.856 0.5000000000
124953  -31.290  -33.044  10.658 0.5000000000
49794  -39.231  -27.564  7.892 0.6000000238
51794  -40.501  -23.863  11.118 0.4000000060
45167  -39.349  -32.684  10.685 0.6999999881
46341  -39.887  -32.090  11.329 0.6999999881
46342  -40.457  -31.595  12.074 0.6999999881
43291  -35.361  -34.361  13.373 0.6000000238
46316  -40.027  -31.631  13.977 0.6000000238
47445  -39.232  -30.725  14.687 0.6000000238
52758  -40.729  -23.241  11.427 0.4000000060
141516  -40.833  -29.989  11.147 0.5000000000
128376  -41.208  -29.982  11.944 0.5000000000
47477  -40.932  -30.826  12.467 0.6000000238
56965  -44.853  -21.137  11.210 0.4000000060
47448  -41.106  -30.027  14.185 0.6999999881
48570  -40.277  -29.599  15.007 0.6000000238
45119  -36.200  -32.340  13.979 0.6000000238
55958  -46.883  -22.125  8.200 0.4000000060
125546  -41.644  -26.758  13.669 0.6000000238
53811  -41.128  -23.445  12.459 0.4000000060
134277  -41.448  -29.732  13.192 0.6999999881
49732  -41.624  -28.542  13.604 0.6000000238
47478  -41.297  -30.228  12.849 0.6000000238
132932  -38.876  -29.524  15.158 0.6000000238
139384  -46.876  -20.613  7.996 0.3000000119
52716  -41.646  -24.468  13.954 0.5000000000
119501  -41.371  -23.155  12.940 0.5000000000
56905  -41.841  -21.783  12.474 0.4000000060
56928  -42.541  -21.410  12.268 0.4000000060
49718  -40.823  -28.873  15.130 0.6000000238
59091  -44.705  -19.613  10.290 0.3000000119
119780  -44.665  -18.920  9.606 0.3000000119
50733  -40.300  -27.754  15.848 0.6000000238
48593  -38.072  -29.769  14.775 0.6000000238
50731  -38.664  -27.741  15.879 0.6000000238
58071  -45.867  -20.372  8.469 0.3000000119
125262  -47.029  -17.884  7.705 0.3000000119
50734  -41.021  -27.421  15.541 0.6000000238
133013  -37.353  -29.166  14.563 0.6000000238
139921  -45.134  -19.107  8.621 0.3000000119
60201  -45.288  -19.014  8.105 0.3000000119
122475  -41.713  -22.980  14.630 0.6000000238
52675  -40.296  -25.597  16.593 0.6000000238
130515  -43.285  -18.925  11.107 0.4000000060
60174  -44.091  -18.217  9.742 0.3000000119
60187  -44.578  -18.342  8.861 0.3000000119
121724  -44.500  -17.887  8.195 0.3000000119
55840  -41.696  -22.524  15.313 0.5000000000
56871  -41.897  -21.573  14.929 0.5000000000
60134  -42.812  -18.822  12.862 0.4000000060
52673  -38.505  -25.472  16.760 0.5000000000
122958  -41.634  -21.173  15.854 0.4000000060
55819  -41.348  -22.860  16.353 0.4000000060
59026  -42.195  -19.709  14.998 0.4000000060
61173  -43.550  -17.545  11.756 0.3000000119
54775  -40.210  -23.412  17.323 0.5000000000
125099  -44.453  -15.255  9.596 0.3000000119
56837  -40.404  -21.892  17.307 0.4000000060
55796  -39.916  -22.604  17.476 0.4000000060
54774  -39.483  -23.258  17.481 0.4000000060
133317  -43.248  -15.984  13.735 0.3000000119
136889  -38.723  -22.588  17.582 0.3000000119
55795  -37.976  -23.272  17.403 0.3000000119
66248  -44.596  -12.728  9.522 0.3000000119
67272  -44.312  -11.593  5.933 0.3000000119
58978  -39.114  -19.331  17.797 0.3000000119
126978  -44.423  -13.378  11.397 0.3000000119
56855  -37.028  -21.884  17.207 0.3000000119
119844  -44.505  -10.781  6.793 0.3000000119
54818  -36.258  -23.308  15.629 0.4000000060
66181  -44.094  -13.130  12.078 0.3000000119
122116  -44.474  -9.871  7.741 0.3000000119
70051  -43.503  -9.064  3.192 0.3000000119
65185  -42.057  -13.502  14.318 0.3000000119
60053  -37.858  -18.775  18.044 0.3000000119
61075  -38.820  -17.870  17.794 0.3000000119
63153  -40.634  -15.312  16.017 0.3000000119
67130  -42.878  -12.128  13.131 0.3000000119
61086  -38.193  -17.233  17.842 0.3000000119
65167  -40.880  -13.709  15.288 0.3000000119
67129  -42.162  -11.590  13.564 0.3000000119
68083  -43.048  -10.283  11.808 0.3000000119
62122  -37.518  -16.686  17.703 0.3000000119
69972  -43.736  -8.339  8.565 0.3000000119
123728  -43.639  -7.637  6.972 0.3000000119
71001  -43.063  -7.042  4.398 0.3000000119
71998  -42.384  -6.497  2.860 0.3000000119
72003  -41.626  -6.235  1.417 0.3000000119
65144  -39.664  -14.000  16.210 0.3000000119
67120  -41.418  -11.525  14.170 0.3000000119
66155  -41.043  -12.156  14.631 0.3000000119
123157  -35.539  -17.031  16.598 0.3000000119
73006  -41.882  -5.787  2.825 0.3000000119
63132  -36.451  -15.472  17.283 0.3000000119
23788  -47.241  -54.951  6.829 0.4000000060
128051  -38.804  -37.939  4.541 0.8000000119
40748  -37.855  -37.783  6.681 0.8000000119
47494  -46.291  -30.418  11.421 0.4000000060
141707  -35.705  -25.988  12.975 0.5000000000
126105  -44.956  -28.924  12.316 0.4000000060
50839  -50.905  -27.602  8.143 0.3000000119
50825  -49.284  -27.862  8.930 0.4000000060
50846  -51.665  -26.973  7.618 0.3000000119
49770  -47.855  -28.525  10.252 0.4000000060
50824  -48.551  -27.465  9.131 0.4000000060
49783  -47.939  -27.703  9.739 0.4000000060
51855  -51.061  -26.426  7.191 0.3000000119
50837  -49.003  -27.163  8.456 0.4000000060
51845  -49.475  -26.785  7.838 0.3000000119
49743  -43.905  -28.484  12.291 0.3000000119
51833  -47.960  -26.916  9.275 0.4000000060
51834  -48.457  -26.833  8.729 0.4000000060
136253  -48.597  -24.977  7.326 0.3000000119
52805  -48.465  -25.648  7.847 0.4000000060
135334  -49.910  -23.767  6.933 0.3000000119
53882  -49.304  -25.046  6.962 0.3000000119
52810  -48.017  -24.856  7.819 0.4000000060
51843  -48.041  -26.147  8.707 0.4000000060
54923  -49.249  -23.421  7.320 0.3000000119
123164  -48.908  -22.749  7.550 0.3000000119
130183  -47.944  -22.865  7.715 0.3000000119
45165  -32.396  -31.970  10.577 0.5000000000
56993  -48.576  -21.274  7.588 0.3000000119
46352  -31.758  -31.695  10.105 0.5000000000
47519  -31.564  -30.250  9.238 0.5000000000
46353  -32.330  -31.188  10.222 0.5000000000
47503  -32.239  -30.432  9.825 0.5000000000
46354  -32.965  -31.401  10.860 0.5000000000
129639  -48.958  -19.788  7.092 0.3000000119
55960  -48.358  -22.062  7.712 0.3000000119
47504  -32.863  -30.601  10.514 0.5000000000
48631  -33.885  -29.741  11.223 0.5000000000
48660  -32.852  -29.015  9.968 0.5000000000
49765  -33.547  -28.540  10.441 0.5000000000
48646  -33.429  -29.350  10.610 0.5000000000
49778  -33.041  -28.169  9.772 0.5000000000
49777  -32.280  -28.621  9.278 0.5000000000
48647  -34.067  -28.907  11.082 0.5000000000
50808  -33.638  -27.717  10.287 0.4000000060
49766  -34.180  -28.103  10.867 0.5000000000
50820  -33.169  -27.317  9.639 0.4000000060
51817  -33.697  -26.869  10.167 0.4000000060
128200  -34.645  -26.868  11.249 0.5000000000
50809  -34.194  -27.291  10.748 0.4000000060
51818  -34.232  -26.455  10.673 0.5000000000
123722  -33.734  -25.983  10.080 0.4000000060
135916  -35.053  -26.499  11.619 0.4000000060
52783  -34.279  -25.610  10.651 0.5000000000
51806  -34.668  -26.098  11.219 0.4000000060
52782  -33.793  -25.075  10.047 0.3000000119
52769  -34.688  -25.302  11.300 0.4000000060
52757  -35.496  -25.775  12.480 0.4000000060
53860  -34.297  -24.760  10.698 0.3000000119
53837  -35.300  -24.534  12.531 0.3000000119
53809  -35.549  -24.540  13.232 0.3000000119
53851  -34.641  -24.470  11.418 0.3000000119
54898  -34.271  -23.912  10.814 0.3000000119
54889  -34.578  -23.660  11.548 0.3000000119
53836  -34.974  -24.169  12.087 0.3000000119
129908  -35.253  -23.902  12.740 0.3000000119
54852  -35.450  -23.654  13.485 0.3000000119
127567  -34.306  -23.084  10.956 0.3000000119
126831  -34.539  -22.898  11.712 0.3000000119
54875  -34.847  -23.413  12.263 0.3000000119
142590  -35.143  -23.116  12.955 0.3000000119
47518  -30.905  -30.085  8.656 0.5000000000
48666  -51.942  -29.262  8.625 0.3000000119
49784  -48.656  -28.423  9.611 0.4000000060
48658  -31.397  -29.717  8.818 0.5000000000
48675  -31.480  -29.014  8.653 0.4000000060
50819  -32.502  -27.748  9.156 0.5000000000
51829  -33.235  -26.435  9.515 0.5000000000
49755  -42.554  -27.743  11.046 0.4000000060
49744  -44.476  -28.408  12.412 0.4000000060
48619  -34.783  -29.998  12.207 0.5000000000
48637  -45.092  -29.711  12.000 0.4000000060
48649  -47.572  -29.381  10.683 0.4000000060
135476  -47.665  -24.269  7.797 0.3000000119
47490  -34.323  -30.225  11.741 0.5000000000
48632  -34.628  -29.345  11.752 0.5000000000
49753  -34.658  -28.430  11.505 0.5000000000
50793  -34.649  -27.643  11.338 0.5000000000
51793  -35.397  -26.493  12.095 0.4000000060
52746  -35.711  -25.462  13.219 0.3000000119
49799  -51.359  -28.370  8.498 0.3000000119
49798  -50.191  -28.155  8.682 0.4000000060
50838  -49.804  -27.435  8.260 0.3000000119
48650  -48.350  -29.319  10.231 0.4000000060
51853  -49.216  -26.110  7.508 0.3000000119
51846  -50.412  -26.974  7.654 0.3000000119
51844  -48.747  -26.465  8.145 0.4000000060
53881  -49.011  -24.254  7.156 0.3000000119
138962  -48.146  -24.314  7.465 0.3000000119
55966  -49.387  -21.853  7.362 0.3000000119
46372  -31.029  -31.380  9.628 0.5000000000
130801  -31.153  -30.671  9.205 0.5000000000
46373  -31.703  -30.964  9.641 0.5000000000
48659  -32.081  -29.577  9.409 0.5000000000
47489  -33.585  -30.658  11.240 0.5000000000
48645  -32.770  -29.835  10.208 0.5000000000
124057  -33.322  -30.043  10.755 0.5000000000
52770  -35.156  -25.861  11.750 0.3000000119
38806  -38.116  -40.182  7.899 0.6999999881
39820  -38.304  -38.495  5.080 0.6999999881
38815  -38.401  -39.345  6.631 0.6999999881
37888  -38.353  -40.026  6.987 0.6999999881
134925  -37.808  -40.306  8.608 0.6999999881
39810  -38.173  -38.299  7.511 0.6999999881
38807  -38.324  -39.250  7.523 0.6999999881
38793  -38.130  -39.613  8.466 0.6999999881
38772  -37.783  -40.004  9.180 0.6999999881
46361  -46.121  -31.943  10.446 0.3000000119
46344  -45.610  -31.214  11.080 0.3000000119
46362  -47.074  -31.816  10.580 0.3000000119
47509  -46.657  -31.164  11.036 0.3000000119
38794  -38.257  -38.783  8.361 0.6999999881
47510  -47.563  -30.939  10.754 0.3000000119
46381  -48.757  -31.142  10.179 0.3000000119
47525  -49.479  -30.543  9.752 0.3000000119
38773  -38.100  -39.235  9.190 0.6999999881
47493  -44.906  -30.635  11.400 0.3000000119
141960  -45.528  -30.361  11.595 0.3000000119
47511  -47.965  -30.124  10.581 0.3000000119
47524  -48.694  -30.209  10.224 0.3000000119
48664  -49.126  -29.456  9.770 0.3000000119
47495  -47.207  -30.268  11.056 0.3000000119
49785  -49.618  -28.730  9.281 0.3000000119
48623  -44.419  -29.140  12.179 0.3000000119
39827  -39.738  -38.211  4.405 0.6999999881
38827  -41.283  -39.163  4.194 0.6999999881
137181  -39.619  -38.978  4.411 0.6999999881
36938  -37.447  -41.823  7.455 0.6999999881
39826  -38.888  -38.779  4.589 0.6999999881
38819  -38.600  -39.307  5.118 0.6999999881
124228  -38.593  -39.884  5.985 0.6999999881
37870  -37.542  -41.067  8.302 0.6999999881
137285  -38.390  -38.970  5.892 0.6999999881
37851  -37.372  -40.724  9.145 0.6999999881
45193  -47.054  -32.828  9.232 0.3000000119
45174  -46.591  -32.434  9.849 0.3000000119
46363  -47.991  -31.529  10.451 0.3000000119
125761  -50.039  -31.174  9.461 0.3000000119
48665  -50.007  -29.669  9.407 0.3000000119
47526  -50.394  -30.535  9.352 0.3000000119
49786  -50.645  -28.957  9.026 0.3000000119
137466  -48.232  -30.783  10.477 0.3000000119
127813  -44.525  -49.877  4.021 0.4000000060
29729  -44.164  -48.450  4.267 0.4000000060
143240  -43.622  -48.013  4.693 0.4000000060
28735  -43.208  -49.546  5.157 0.4000000060
29730  -45.121  -48.084  3.393 0.4000000060
32820  -42.184  -44.755  5.755 0.5000000000
31772  -43.287  -46.304  5.070 0.4000000060
30760  -43.479  -47.295  4.848 0.4000000060
29726  -43.048  -48.069  5.308 0.4000000060
129656  -44.174  -46.568  4.330 0.5000000000
30766  -44.381  -47.489  4.084 0.4000000060
139763  -45.383  -47.287  3.158 0.4000000060
32821  -42.589  -45.542  5.542 0.4000000060
32822  -43.592  -45.188  4.827 0.5000000000
31780  -44.798  -45.963  3.660 0.5000000000
30769  -45.768  -46.687  2.482 0.5000000000
32830  -44.279  -45.662  4.317 0.5000000000
33868  -44.632  -44.734  4.081 0.5000000000
31788  -45.949  -46.181  2.067 0.5000000000
30772  -45.064  -47.251  1.586 0.5000000000
133044  -44.290  -47.943  1.832 0.5000000000
32837  -45.516  -45.097  2.593 0.5000000000
136967  -44.884  -43.923  3.795 0.6000000238
31792  -45.919  -47.019  1.734 0.5000000000
33876  -45.390  -44.475  2.316 0.5000000000
32840  -45.409  -45.457  1.984 0.5000000000
31785  -43.525  -46.547  2.538 0.6000000238
31789  -44.698  -46.366  1.795 0.5000000000
31784  -42.516  -46.739  3.527 0.5000000000
120946  -44.304  -42.659  4.537 0.6000000238
33873  -45.372  -44.240  3.119 0.6000000238
34933  -45.180  -43.338  3.256 0.6000000238
31786  -44.334  -45.563  2.256 0.6000000238
129905  -43.171  -45.790  3.183 0.6000000238
32834  -42.002  -45.892  4.110 0.5000000000
139642  -39.214  -45.093  5.185 0.5000000000
130663  -40.971  -46.181  4.669 0.5000000000
32828  -41.051  -45.326  4.556 0.5000000000
32827  -40.102  -45.437  4.996 0.5000000000
33843  -35.928  -43.956  6.125 0.4000000060
34937  -45.237  -43.781  2.668 0.6000000238
34897  -35.959  -43.790  6.140 0.5000000000
35968  -44.995  -42.809  2.995 0.6000000238
34938  -45.253  -44.056  2.546 0.5000000000
125489  -44.790  -42.672  3.011 0.6000000238
33872  -44.500  -43.957  2.593 0.6000000238
34907  -36.542  -43.951  5.678 0.5000000000
33871  -43.344  -44.099  3.311 0.6000000238
33867  -42.218  -44.308  4.050 0.6000000238
32835  -42.659  -45.017  3.604 0.5000000000
32818  -38.652  -45.298  5.626 0.5000000000
32829  -41.833  -45.049  4.242 0.5000000000
33865  -40.319  -44.675  4.692 0.5000000000
33866  -41.238  -44.522  4.455 0.5000000000
136729  -35.489  -43.676  6.561 0.4000000060
128193  -35.818  -43.274  6.776 0.5000000000
126071  -35.392  -44.528  7.838 0.4000000060
35936  -36.751  -43.429  6.129 0.5000000000
36976  -44.347  -41.742  3.587 0.6000000238
35937  -37.404  -42.817  6.071 0.5000000000
130704  -43.316  -42.591  3.501 0.6000000238
34931  -42.768  -43.372  3.660 0.6000000238
35961  -42.327  -42.645  4.066 0.6000000238
34930  -41.524  -43.553  4.365 0.6000000238
32826  -39.410  -44.589  4.854 0.5000000000
122950  -39.768  -43.998  4.621 0.5000000000
33864  -38.856  -43.966  4.574 0.5000000000
35922  -34.999  -43.047  6.668 0.4000000060
35905  -35.698  -42.592  7.538 0.5000000000
33834  -35.278  -43.861  7.006 0.4000000060
35906  -36.558  -42.554  7.542 0.5000000000
35924  -37.109  -42.674  6.836 0.5000000000
36949  -37.682  -42.077  6.516 0.5000000000
139234  -42.838  -40.229  3.921 0.6000000238
36975  -43.867  -41.310  3.579 0.6000000238
36959  -37.848  -42.298  5.774 0.5000000000
125524  -37.167  -43.461  5.650 0.5000000000
36970  -42.777  -41.030  3.836 0.6000000238
35960  -41.177  -42.459  4.384 0.6000000238
33856  -38.504  -44.481  4.971 0.5000000000
34919  -37.864  -43.515  4.752 0.5000000000
34927  -38.483  -43.377  4.548 0.5000000000
34928  -39.323  -43.314  4.504 0.5000000000
37887  -37.996  -40.861  7.335 0.6000000238
37900  -37.954  -41.386  6.760 0.5000000000
37916  -42.213  -39.643  4.093 0.6000000238
132142  -42.180  -41.914  4.140 0.6000000238
35949  -37.667  -42.970  5.214 0.5000000000
36969  -41.542  -41.421  4.212 0.6000000238
36960  -38.228  -42.162  5.172 0.5000000000
36968  -40.450  -41.652  4.333 0.5000000000
35959  -38.983  -42.647  4.525 0.5000000000
36967  -39.489  -41.810  4.452 0.5000000000
36919  -36.254  -42.111  8.512 0.4000000060
37901  -38.339  -40.724  6.440 0.6000000238
36950  -38.221  -41.541  5.918 0.6000000238
130020  -40.932  -40.907  4.192 0.6000000238
36966  -38.734  -41.994  4.677 0.5000000000
37914  -40.012  -40.825  4.359 0.6000000238
36900  -36.098  -41.659  9.358 0.4000000060
36901  -36.834  -41.464  8.991 0.5000000000
36918  -35.451  -42.019  8.539 0.4000000060
37909  -38.576  -40.724  5.534 0.6000000238
132321  -38.555  -41.377  5.048 0.5000000000
138096  -38.779  -40.738  4.887 0.5000000000
33854  -37.147  -44.136  5.457 0.5000000000
33855  -37.714  -44.070  4.918 0.5000000000
32817  -37.862  -44.591  5.447 0.5000000000
29720  -42.321  -48.186  5.991 0.4000000060
33858  -44.095  -44.243  4.568 0.6000000238
36971  -44.327  -41.385  3.805 0.6000000238
38828  -42.045  -38.887  4.239 0.6000000238
38826  -40.099  -39.666  4.353 0.6000000238
37915  -41.052  -40.109  4.171 0.6000000238
135782  -39.252  -40.350  4.594 0.6000000238
131798  -38.774  -40.099  5.084 0.6000000238
36920  -36.947  -41.866  8.268 0.5000000000
31787  -45.543  -45.762  2.696 0.5000000000
32838  -45.561  -45.265  2.154 0.5000000000
30771  -43.941  -47.317  2.112 0.5000000000
32836  -43.786  -44.810  2.672 0.6000000238
32839  -44.863  -44.657  2.338 0.6000000238
35923  -36.450  -43.177  6.679 0.5000000000
35966  -43.794  -42.013  3.367 0.6000000238
34929  -40.355  -43.327  4.504 0.5000000000
35962  -43.128  -41.896  3.674 0.6000000238
124494  -39.898  -42.530  4.418 0.5000000000
130800  -41.889  -40.527  4.101 0.6000000238
37913  -39.067  -41.182  4.575 0.5000000000
37854  -49.047  -40.059  9.696 0.3000000119
37843  -48.376  -40.616  10.145 0.3000000119
36905  -48.868  -40.889  9.390 0.3000000119
38776  -49.441  -39.520  9.194 0.3000000119
36924  -49.278  -41.177  8.726 0.3000000119
37874  -49.733  -40.669  8.204 0.3000000119
37892  -50.181  -40.079  7.488 0.3000000119
39771  -49.001  -38.512  10.106 0.3000000119
123531  -49.735  -39.814  8.387 0.3000000119
38810  -50.273  -39.264  6.936 0.3000000119
38796  -49.608  -38.939  8.571 0.3000000119
42502  -49.215  -34.998  5.728 0.3000000119
43383  -49.742  -34.578  5.793 0.3000000119
43376  -47.927  -34.086  6.007 0.3000000119
44253  -48.587  -33.946  6.251 0.3000000119
43377  -48.715  -34.334  5.942 0.3000000119
44252  -47.743  -33.834  6.310 0.3000000119
30773  -46.138  -47.407  1.931 0.4000000060
36941  -49.621  -41.587  8.024 0.3000000119
29737  -45.168  -48.263  1.600 0.4000000060
36942  -50.133  -41.597  7.161 0.3000000119
37893  -50.366  -40.700  6.590 0.3000000119
39812  -49.660  -38.303  7.893 0.3000000119
125551  -49.411  -37.559  8.017 0.3000000119
41631  -49.128  -35.790  6.404 0.3000000119
126697  -49.508  -36.653  6.621 0.3000000119
137606  -49.833  -36.060  5.759 0.3000000119
42503  -50.276  -35.228  5.419 0.3000000119
43378  -49.534  -34.062  6.155 0.3000000119
125410  -50.033  -40.933  7.525 0.3000000119
130553  -50.418  -39.859  6.580 0.3000000119
122811  -34.874  -53.508  5.454 0.4000000060
25766  -34.633  -52.842  4.963 0.3000000119
25779  -35.087  -52.276  4.882 0.3000000119
26761  -35.431  -51.340  5.180 0.3000000119
30757  -40.086  -47.869  5.647 0.4000000060
31770  -40.371  -47.180  5.330 0.4000000060
139686  -40.934  -49.099  4.818 0.4000000060
125177  -39.072  -46.254  6.048 0.4000000060
32819  -39.510  -45.866  5.447 0.4000000060
31769  -39.733  -46.866  5.710 0.4000000060
131700  -40.287  -46.416  5.204 0.4000000060
31778  -40.882  -47.017  4.842 0.4000000060
31779  -41.652  -46.872  4.310 0.4000000060
29727  -41.138  -48.454  4.652 0.4000000060
30765  -42.071  -47.596  3.852 0.4000000060
32788  -35.532  -45.483  8.386 0.3000000119
32799  -35.998  -44.942  7.666 0.3000000119
33844  -36.568  -44.266  5.972 0.4000000060
29725  -40.581  -48.599  5.220 0.4000000060
30758  -40.727  -47.794  5.023 0.4000000060
30764  -41.363  -47.684  4.478 0.4000000060
21833  -46.931  -56.236  6.671 0.3000000119
22785  -47.279  -55.380  6.804 0.3000000119
140136  -47.484  -55.071  6.087 0.3000000119
24818  -45.512  -53.915  5.317 0.3000000119
24826  -44.977  -53.023  4.519 0.3000000119
24831  -46.915  -52.720  3.261 0.3000000119
131326  -47.068  -52.527  2.746 0.3000000119
135077  -46.738  -52.522  2.305 0.3000000119
26777  -45.739  -51.139  3.401 0.3000000119
26778  -46.341  -51.130  2.473 0.3000000119
25793  -46.403  -52.041  2.131 0.3000000119
27758  -45.156  -50.533  3.658 0.3000000119
27760  -46.143  -50.425  2.607 0.3000000119
27761  -46.357  -50.436  2.091 0.3000000119
28740  -44.854  -48.995  3.655 0.3000000119
137710  -46.166  -49.114  2.100 0.3000000119
24817  -44.665  -53.574  5.620 0.3000000119
29733  -45.970  -47.558  2.301 0.3000000119
131966  -45.768  -48.618  2.584 0.3000000119
23798  -46.526  -54.343  5.014 0.3000000119
21830  -43.786  -56.676  7.180 0.4000000060
22760  -40.877  -55.539  8.574 0.3000000119
22761  -41.881  -56.129  7.853 0.3000000119
22786  -47.754  -55.482  6.178 0.4000000060
23766  -41.575  -55.087  8.624 0.3000000119
23767  -42.472  -54.702  8.734 0.4000000060
23787  -46.682  -54.583  7.233 0.4000000060
24781  -43.426  -53.333  10.180 0.3000000119
24782  -44.227  -52.983  10.259 0.4000000060
24783  -44.676  -52.989  9.867 0.3000000119
24791  -45.263  -53.419  8.716 0.4000000060
24797  -43.777  -53.246  7.093 0.4000000060
24816  -43.966  -53.363  6.103 0.4000000060
25714  -41.337  -51.317  12.475 0.3000000119
25740  -43.572  -52.192  11.154 0.3000000119
25749  -44.698  -52.750  9.701 0.4000000060
25767  -35.613  -51.976  5.071 0.3000000119
25787  -46.195  -51.638  3.266 0.3000000119
25788  -46.676  -51.957  2.763 0.3000000119
26709  -42.619  -50.800  12.162 0.3000000119
26718  -43.057  -51.264  11.658 0.3000000119
26739  -40.963  -51.285  9.255 0.4000000060
26741  -43.356  -51.578  10.380 0.4000000060
26758  -41.458  -51.168  7.111 0.4000000060
26779  -46.461  -51.614  2.233 0.3000000119
27672  -42.014  -50.276  12.608 0.3000000119
27689  -42.269  -50.524  12.205 0.3000000119
27722  -40.411  -50.762  9.752 0.3000000119
27735  -40.937  -49.930  7.339 0.4000000060
27742  -41.317  -50.403  7.053 0.4000000060
27743  -41.740  -50.537  6.580 0.4000000060
28646  -40.888  -49.290  13.862 0.3000000119
28663  -40.143  -49.143  12.608 0.3000000119
28664  -41.186  -49.354  13.151 0.3000000119
28703  -39.255  -49.644  9.743 0.3000000119
28733  -40.442  -49.541  5.276 0.4000000060
28743  -45.754  -49.610  2.875 0.3000000119
28744  -46.258  -49.853  2.077 0.3000000119
29632  -40.395  -48.190  14.580 0.3000000119
29671  -38.569  -48.443  11.418 0.3000000119
29672  -39.001  -48.967  11.969 0.3000000119
29695  -38.944  -48.908  9.297 0.3000000119
29701  -38.871  -48.136  9.016 0.3000000119
29702  -39.474  -48.565  8.487 0.3000000119
29703  -40.108  -48.569  7.857 0.3000000119
29712  -40.447  -47.944  7.490 0.4000000060
29728  -41.730  -48.359  4.059 0.4000000060
30654  -39.861  -47.438  15.401 0.3000000119
30693  -38.703  -47.934  12.750 0.3000000119
30728  -38.875  -47.481  8.833 0.3000000119
30751  -41.456  -47.334  6.604 0.4000000060
30752  -42.092  -47.332  6.149 0.5000000000
30767  -45.013  -46.617  3.460 0.4000000060
30770  -46.151  -46.839  2.024 0.5000000000
30774  -45.806  -47.608  1.681 0.4000000060
31717  -38.312  -45.875  11.106 0.3000000119
31771  -42.357  -46.540  5.782 0.5000000000
31790  -45.613  -46.412  1.747 0.5000000000
31791  -46.076  -46.619  1.939 0.5000000000
32785  -32.516  -45.527  8.584 0.5000000000
32803  -40.318  -45.687  7.237 0.3000000119
32810  -41.610  -45.202  6.211 0.5000000000
32831  -45.186  -45.145  3.376 0.5000000000
32841  -45.874  -46.000  1.997 0.5000000000
33805  -38.511  -44.337  10.754 0.3000000119
33846  -41.631  -44.549  6.160 0.5000000000
33857  -43.126  -44.555  5.257 0.5000000000
33863  -38.170  -43.901  4.613 0.5000000000
33874  -45.370  -44.375  2.319 0.5000000000
33875  -44.999  -43.889  2.480 0.5000000000
34816  -39.919  -43.391  13.847 0.3000000119
34883  -39.111  -43.420  8.453 0.4000000060
34898  -39.530  -43.648  7.782 0.5000000000
34899  -40.087  -43.980  7.188 0.5000000000
34918  -37.351  -43.775  5.232 0.5000000000
34932  -44.698  -43.337  4.149 0.6000000238
34935  -44.179  -43.067  2.992 0.6000000238
34936  -45.012  -43.439  2.690 0.5000000000
34939  -45.278  -44.160  2.362 0.5000000000
35805  -40.506  -42.762  14.994 0.3000000119
35872  -42.391  -43.633  11.149 0.3000000119
35880  -38.677  -42.746  10.576 0.3000000119
35881  -38.897  -42.046  10.849 0.3000000119
35889  -38.841  -42.069  10.028 0.4000000060
35927  -41.028  -41.880  7.168 0.6000000238
35939  -41.555  -42.077  6.681 0.6000000238
35940  -42.240  -42.313  6.124 0.6999999881
35950  -38.232  -42.769  4.687 0.5000000000
35964  -44.537  -42.150  3.470 0.6000000238
35967  -44.635  -42.362  3.340 0.6000000238
36885  -47.207  -41.643  10.448 0.3000000119
36902  -39.408  -41.340  9.604 0.5000000000
36904  -48.247  -41.460  9.695 0.3000000119
36921  -39.792  -41.334  8.808 0.5000000000
37818  -44.369  -40.773  12.714 0.4000000060
37855  -49.405  -40.365  8.960 0.3000000119
37917  -43.669  -40.545  3.871 0.6000000238
37920  -44.138  -41.094  3.745 0.6000000238
38708  -43.943  -38.708  14.188 0.4000000060
38721  -43.533  -39.487  13.944 0.4000000060
38731  -40.216  -39.171  12.111 0.4000000060
38738  -35.318  -39.503  11.385 0.8000000119
38743  -46.815  -39.978  11.823 0.4000000060
38760  -48.672  -39.671  10.359 0.3000000119
38809  -49.898  -39.165  7.747 0.3000000119
38825  -39.114  -39.551  4.644 0.6000000238
39720  -44.371  -37.966  14.223 0.4000000060
39726  -45.122  -38.065  13.811 0.4000000060
39739  -47.549  -38.438  11.879 0.4000000060
39754  -40.437  -38.418  11.527 0.4000000060
39755  -48.100  -38.486  11.353 0.4000000060
39770  -40.578  -38.448  10.645 0.5000000000
39788  -49.361  -38.701  9.387 0.3000000119
39815  -38.245  -38.599  6.679 0.6999999881
39821  -42.019  -38.233  5.166 0.8000000119
40650  -42.274  -37.330  14.435 0.4000000060
40660  -40.960  -37.244  13.430 0.4000000060
40664  -46.178  -37.632  13.180 0.4000000060
40696  -48.248  -37.737  11.048 0.4000000060
40743  -40.810  -37.565  7.286 0.6000000238
40753  -37.897  -36.885  4.919 0.6999999881
41530  -43.525  -36.496  14.466 0.4000000060
41564  -41.121  -35.954  13.222 0.5000000000
41642  -40.600  -36.421  4.882 0.6999999881
41646  -38.613  -36.466  4.615 0.6999999881
42395  -43.779  -35.816  14.316 0.4000000060
42432  -41.294  -35.175  13.088 0.5000000000
42435  -46.243  -35.842  12.369 0.4000000060
43299  -44.059  -34.669  13.440 0.5000000000
43327  -32.796  -34.619  11.569 0.6000000238
43368  -46.931  -34.077  6.166 0.4000000060
43374  -45.643  -33.310  6.277 0.4000000060
43375  -46.325  -33.645  6.368 0.4000000060
44146  -36.138  -33.197  13.957 0.6000000238
44167  -42.998  -33.818  13.086 0.5000000000
44226  -44.653  -32.798  6.516 0.4000000060
44234  -37.441  -33.600  7.771 0.6999999881
44239  -44.946  -33.036  6.349 0.4000000060
45105  -39.412  -32.054  14.166 0.6000000238
45185  -39.062  -32.167  9.764 0.6000000238
45203  -44.766  -32.637  6.329 0.3000000119
46302  -40.326  -30.932  14.232 0.6000000238
46411  -38.048  -30.865  4.326 0.6000000238
46412  -38.648  -31.152  4.331 0.6000000238
47447  -40.850  -30.597  13.984 0.6000000238
47463  -40.962  -30.783  13.307 0.6000000238
47464  -41.242  -30.168  13.602 0.6999999881
47551  -37.849  -30.399  4.390 0.6000000238
48609  -41.445  -29.458  13.882 0.6999999881
48621  -41.569  -29.012  12.929 0.5000000000
48688  -38.776  -28.110  6.681 0.5000000000
48698  -39.694  -28.852  3.787 0.5000000000
50708  -39.220  -27.137  16.313 0.6000000238
50760  -36.665  -27.799  14.208 0.6000000238
50775  -41.636  -27.883  14.155 0.6000000238
50822  -39.511  -25.492  8.713 0.5000000000
51720  -40.707  -26.237  16.248 0.6000000238
51721  -41.272  -26.020  15.772 0.6000000238
51785  -35.690  -26.537  12.806 0.6000000238
51810  -46.393  -26.485  10.914 0.5000000000
52672  -37.647  -25.198  16.504 0.5000000000
52747  -36.076  -25.685  13.810 0.5000000000
52811  -49.039  -25.509  7.273 0.3000000119
53739  -39.062  -24.865  17.135 0.5000000000
53741  -40.396  -24.178  17.045 0.5000000000
53763  -36.961  -24.822  16.047 0.5000000000
53852  -35.157  -25.018  12.004 0.3000000119
54794  -40.870  -23.551  16.871 0.5000000000
54831  -35.619  -23.342  14.251 0.4000000060
54890  -44.715  -23.051  12.148 0.4000000060
54917  -47.687  -23.664  7.735 0.3000000119
54918  -48.439  -23.565  7.490 0.3000000119
55944  -46.302  -22.730  9.398 0.4000000060
56834  -37.572  -21.301  17.538 0.3000000119
56854  -36.390  -21.542  16.569 0.4000000060
56857  -41.512  -21.900  16.043 0.4000000060
56991  -46.993  -21.390  8.017 0.4000000060
56992  -47.821  -21.517  7.804 0.4000000060
56998  -49.307  -21.019  7.175 0.3000000119
57923  -37.253  -20.568  17.582 0.3000000119
57925  -39.146  -20.856  17.695 0.3000000119
57992  -41.993  -20.348  13.162 0.4000000060
58010  -42.179  -20.655  12.226 0.4000000060
58033  -42.902  -20.164  11.704 0.4000000060
58080  -45.939  -20.105  8.273 0.3000000119
58081  -46.353  -20.115  8.048 0.3000000119
58083  -48.751  -20.496  7.360 0.3000000119
59115  -45.632  -19.652  8.318 0.3000000119
60060  -38.588  -18.656  17.930 0.3000000119
60062  -40.145  -18.427  17.294 0.3000000119
60099  -42.508  -17.999  14.599 0.3000000119
61074  -37.985  -18.063  18.060 0.3000000119
61084  -36.594  -17.761  17.553 0.3000000119
61087  -39.597  -17.738  17.458 0.3000000119
61101  -42.126  -17.426  15.085 0.3000000119
61137  -43.264  -17.349  13.487 0.3000000119
61156  -43.495  -17.400  12.680 0.3000000119
61174  -43.975  -16.845  11.206 0.3000000119
62130  -39.976  -16.206  16.820 0.3000000119
62144  -42.109  -16.102  14.901 0.3000000119
63154  -41.257  -15.366  15.530 0.3000000119
63205  -44.493  -15.245  11.533 0.3000000119
64158  -36.882  -14.796  17.278 0.3000000119
64196  -42.997  -14.294  13.694 0.3000000119
64242  -44.600  -14.380  10.253 0.3000000119
65165  -39.583  -13.271  15.950 0.3000000119
65166  -40.224  -13.873  15.788 0.3000000119
65222  -43.873  -13.732  12.638 0.3000000119
65223  -44.399  -13.942  12.041 0.3000000119
66156  -41.602  -12.871  14.461 0.3000000119
66180  -43.776  -12.428  12.039 0.3000000119
66263  -44.620  -12.850  8.429 0.3000000119
67138  -42.759  -11.340  12.817 0.3000000119
67139  -43.355  -11.908  12.413 0.3000000119
67152  -44.255  -11.999  10.917 0.3000000119
67206  -44.443  -11.229  9.479 0.3000000119
69108  -44.415  -9.518  6.399 0.3000000119
70037  -43.779  -8.674  4.237 0.3000000119
70991  -43.536  -7.621  5.576 0.3000000119
71022  -41.698  -7.307  0.669 0.3000000119
71973  -43.218  -7.021  5.820 0.3000000119
72004  -42.251  -6.889  1.768 0.3000000119
121688  -39.460  -43.680  17.180 0.3000000119
122029  -45.006  -42.938  3.648 0.6000000238
122149  -44.284  -15.988  10.018 0.3000000119
124164  -35.060  -27.930  11.820 0.6000000238
124457  -48.634  -35.833  7.041 0.4000000060
124515  -47.330  -40.327  11.272 0.4000000060
124975  -41.618  -25.616  14.982 0.6000000238
126177  -46.814  -52.210  2.406 0.3000000119
126871  -48.115  -19.886  7.550 0.3000000119
126930  -39.105  -44.674  13.643 0.3000000119
127288  -38.518  -44.027  9.442 0.3000000119
127812  -42.751  -48.920  5.545 0.4000000060
127832  -40.480  -15.895  16.333 0.3000000119
128725  -43.993  -27.901  12.497 0.4000000060
128806  -44.362  -52.361  10.030 0.4000000060
128869  -44.527  -11.920  9.086 0.3000000119
129089  -37.811  -35.665  4.898 0.6000000238
129706  -38.729  -44.035  8.791 0.4000000060
130138  -41.603  -15.935  15.350 0.3000000119
130658  -38.380  -34.299  13.411 0.6000000238
130689  -42.178  -49.179  6.168 0.4000000060
130771  -48.829  -39.010  10.476 0.4000000060
131240  -35.452  -25.065  12.685 0.4000000060
131892  -37.036  -34.958  6.844 0.6999999881
132542  -44.528  -10.566  7.548 0.3000000119
132847  -40.284  -47.021  15.092 0.3000000119
132975  -46.973  -54.754  6.276 0.3000000119
133501  -43.616  -15.754  13.208 0.3000000119
134400  -35.543  -22.574  14.373 0.4000000060
134474  -41.492  -14.863  15.208 0.3000000119
135630  -46.899  -26.393  10.195 0.5000000000
135931  -44.145  -53.049  5.168 0.3000000119
136041  -47.429  -25.534  9.140 0.5000000000
136088  -44.841  -18.471  8.121 0.3000000119
136703  -41.923  -23.172  11.738 0.4000000060
136839  -40.625  -44.040  4.559 0.5000000000
137107  -45.020  -52.931  9.199 0.4000000060
137580  -42.395  -14.166  14.223 0.3000000119
138783  -40.703  -28.191  15.448 0.6000000238
139060  -40.956  -57.011  7.877 0.3000000119
139566  -44.067  -8.811  8.451 0.3000000119
139977  -39.847  -46.649  7.771 0.3000000119
140068  -46.621  -38.752  12.585 0.4000000060
140476  -31.589  -34.329  10.971 0.5000000000
141074  -40.561  -37.179  9.747 0.6000000238
141201  -34.879  -33.762  13.120 0.6000000238
141544  -38.402  -48.030  11.052 0.3000000119
141873  -33.895  -45.544  8.759 0.5000000000
142151  -41.177  -22.426  11.955 0.5000000000
142160  -37.614  -16.012  17.562 0.3000000119
142201  -42.768  -16.776  14.296 0.3000000119
142211  -41.850  -14.041  14.581 0.3000000119
142751  -39.561  -44.864  15.046 0.3000000119
142772  -40.070  -47.599  14.216 0.3000000119
142879  -44.640  -53.655  6.370 0.4000000060
143232  -44.746  -18.025  7.935 0.3000000119
143638  -43.725  -40.258  4.032 0.6999999881
