#!ascii label  , from subject sub-v2s10x28991_ses-1 vox2ras=TkReg
1264
51173  -38.730  -24.874  54.807 0.0000000000
60159  -53.226  -14.319  49.429 0.0000000000
55647  -45.238  -19.562  51.917 0.0000000000
35056  -15.575  -41.552  76.000 0.0000000000
50216  -34.985  -24.947  59.860 0.0000000000
40551  -27.294  -34.867  74.499 0.0000000000
44480  -34.177  -31.080  73.712 0.0000000000
46607  -38.101  -28.988  67.401 0.0000000000
50160  -38.868  -25.607  66.024 0.0000000000
40673  -19.990  -35.431  68.992 0.0000000000
40523  -23.033  -35.282  75.327 0.0000000000
41536  -23.745  -34.488  68.961 0.0000000000
123843  -31.716  -33.265  68.125 0.0000000000
44554  -35.929  -31.810  69.045 0.0000000000
51071  -41.930  -24.712  61.180 0.0000000000
52045  -44.881  -24.063  59.143 0.0000000000
56563  -50.187  -18.181  50.882 0.0000000000
53865  -41.580  -22.206  53.505 0.0000000000
61065  -50.509  -13.198  44.850 0.0000000000
32139  -13.647  -44.799  77.900 0.0000000000
51981  -38.894  -23.822  63.628 0.0000000000
51142  -36.609  -24.865  57.960 0.0000000000
42479  -27.878  -34.181  68.391 0.0000000000
42432  -30.716  -33.174  73.552 0.0000000000
54696  -46.730  -20.180  57.723 0.0000000000
65477  -56.404  -8.058  41.478 0.0000000000
45655  -37.281  -30.210  65.560 0.0000000000
47568  -37.766  -28.693  64.704 0.0000000000
40651  -21.398  -35.007  69.316 0.0000000000
42516  -34.053  -33.166  66.222 0.0000000000
44579  -35.831  -32.040  66.101 0.0000000000
45628  -37.461  -30.444  68.175 0.0000000000
107140  -40.356  -25.177  57.901 0.0000000000
51091  -43.059  -25.181  60.280 0.0000000000
52066  -42.064  -23.950  56.921 0.0000000000
58396  -52.166  -16.663  50.816 0.0000000000
58382  -52.306  -16.037  53.776 0.0000000000
61021  -54.398  -12.460  49.265 0.0000000000
33154  -14.945  -43.812  73.035 0.0000000000
33119  -15.207  -43.078  77.459 0.0000000000
50193  -36.723  -25.292  63.190 0.0000000000
51032  -37.781  -24.124  64.539 0.0000000000
119856  -37.022  -24.023  62.556 0.0000000000
52034  -38.677  -24.107  60.813 0.0000000000
51122  -35.218  -24.506  58.872 0.0000000000
105924  -25.257  -35.447  74.893 0.0000000000
105861  -24.964  -35.323  77.886 0.0000000000
126655  -27.023  -35.236  78.062 0.0000000000
41455  -28.701  -34.286  77.148 0.0000000000
42508  -25.741  -33.712  66.268 0.0000000000
42510  -27.645  -33.516  66.126 0.0000000000
105393  -32.955  -32.497  71.047 0.0000000000
42462  -31.362  -33.247  70.800 0.0000000000
43429  -32.405  -32.386  73.232 0.0000000000
43410  -32.010  -32.011  75.892 0.0000000000
37970  -17.026  -38.432  71.721 0.0000000000
38848  -17.054  -36.283  73.925 0.0000000000
40516  -16.561  -35.278  76.289 0.0000000000
54763  -43.363  -20.311  53.074 0.0000000000
53818  -44.214  -21.307  55.719 0.0000000000
55593  -45.387  -19.361  55.354 0.0000000000
66348  -57.013  -7.252  40.887 0.0000000000
36026  -15.393  -40.601  79.517 0.0000000000
48400  -39.351  -27.225  70.058 0.0000000000
50124  -40.177  -25.713  69.196 0.0000000000
120254  -38.802  -27.263  66.503 0.0000000000
49328  -37.402  -26.747  63.380 0.0000000000
40609  -19.338  -35.263  71.609 0.0000000000
115675  -20.909  -34.884  74.170 0.0000000000
106800  -21.184  -35.280  71.777 0.0000000000
109131  -23.601  -35.175  72.306 0.0000000000
107379  -25.120  -34.757  71.717 0.0000000000
42512  -30.179  -33.719  66.516 0.0000000000
42514  -32.474  -33.622  66.176 0.0000000000
43478  -33.740  -32.653  68.167 0.0000000000
123409  -35.228  -31.734  71.211 0.0000000000
45602  -37.648  -30.694  71.357 0.0000000000
47495  -38.698  -28.698  70.768 0.0000000000
38890  -18.217  -37.336  69.011 0.0000000000
107474  -43.114  -23.511  63.602 0.0000000000
52861  -45.600  -22.506  65.624 0.0000000000
52005  -44.734  -24.147  62.898 0.0000000000
51059  -46.303  -24.427  62.009 0.0000000000
55649  -47.103  -19.246  51.357 0.0000000000
108519  -47.640  -17.983  54.608 0.0000000000
57447  -50.205  -17.181  54.684 0.0000000000
28027  -11.481  -48.112  82.104 0.0000000000
52103  -40.624  -23.422  54.288 0.0000000000
54790  -41.011  -20.848  51.113 0.0000000000
55676  -44.770  -19.510  49.630 0.0000000000
105362  -46.953  -18.355  48.969 0.0000000000
57499  -48.535  -17.285  48.422 0.0000000000
58434  -50.945  -15.778  47.644 0.0000000000
60187  -52.098  -14.467  46.416 0.0000000000
60200  -48.480  -14.319  45.378 0.0000000000
34069  -14.809  -42.580  80.915 0.0000000000
32109  -12.801  -44.021  81.524 0.0000000000
115139  -10.918  -45.891  82.361 0.0000000000
124049  -42.787  -21.239  68.341 0.0000000000
50997  -39.874  -23.495  67.403 0.0000000000
124004  -40.266  -22.884  66.970 0.0000000000
105564  -41.953  -23.094  65.144 0.0000000000
109339  -40.420  -24.101  62.295 0.0000000000
51107  -39.559  -24.896  59.444 0.0000000000
123422  -37.704  -25.317  56.484 0.0000000000
40482  -22.620  -34.777  78.180 0.0000000000
111127  -25.670  -34.120  69.154 0.0000000000
41505  -27.474  -34.195  71.493 0.0000000000
42481  -30.106  -33.886  68.854 0.0000000000
41523  -29.101  -33.924  71.156 0.0000000000
41484  -28.689  -34.160  73.691 0.0000000000
42401  -30.552  -33.034  76.992 0.0000000000
34149  -16.174  -42.080  72.524 0.0000000000
36091  -16.666  -40.616  71.948 0.0000000000
37023  -15.855  -39.572  75.072 0.0000000000
52964  -43.005  -22.596  56.068 0.0000000000
53791  -46.085  -21.915  58.151 0.0000000000
53783  -48.997  -21.462  59.446 0.0000000000
56490  -47.606  -17.933  57.300 0.0000000000
61895  -53.704  -12.911  46.425 0.0000000000
62749  -54.703  -11.190  45.689 0.0000000000
64564  -56.416  -8.766  45.456 0.0000000000
64584  -54.108  -10.023  41.946 0.0000000000
65464  -57.173  -8.333  43.968 0.0000000000
45666  -36.809  -30.743  64.211 0.0000000000
45679  -37.138  -29.973  63.818 0.0000000000
45678  -36.708  -30.601  63.302 0.0000000000
118291  -35.107  -32.713  64.957 0.0000000000
44588  -36.384  -31.464  64.659 0.0000000000
45646  -36.934  -30.901  66.040 0.0000000000
51143  -39.852  -25.092  57.045 0.0000000000
106320  -41.061  -25.037  57.867 0.0000000000
51160  -40.540  -24.582  56.362 0.0000000000
59303  -52.979  -15.361  50.350 0.0000000000
59290  -53.322  -15.403  51.257 0.0000000000
60142  -53.883  -14.502  51.292 0.0000000000
60998  -54.730  -12.899  51.621 0.0000000000
61013  -53.841  -13.431  49.569 0.0000000000
34125  -15.565  -42.545  75.143 0.0000000000
33132  -15.298  -43.230  75.634 0.0000000000
34106  -15.425  -42.419  76.965 0.0000000000
51084  -35.735  -24.851  61.337 0.0000000000
51056  -36.639  -24.491  62.938 0.0000000000
51085  -36.059  -24.357  61.356 0.0000000000
122635  -35.997  -24.207  60.522 0.0000000000
51103  -35.398  -24.596  60.139 0.0000000000
40519  -18.931  -34.483  75.217 0.0000000000
112865  -26.090  -35.350  74.974 0.0000000000
40501  -26.373  -35.329  76.565 0.0000000000
40527  -27.113  -35.060  76.040 0.0000000000
41454  -27.876  -34.729  76.908 0.0000000000
41467  -27.867  -34.695  75.781 0.0000000000
43443  -33.702  -31.903  72.351 0.0000000000
43452  -33.158  -32.233  71.886 0.0000000000
44501  -33.661  -31.663  73.190 0.0000000000
44466  -33.232  -31.208  75.221 0.0000000000
119854  -18.112  -35.433  72.667 0.0000000000
40564  -17.530  -35.396  73.998 0.0000000000
40542  -17.421  -35.121  74.856 0.0000000000
53705  -44.322  -21.075  67.838 0.0000000000
55622  -43.897  -19.939  52.878 0.0000000000
55607  -44.581  -19.685  54.119 0.0000000000
55624  -45.136  -19.236  53.768 0.0000000000
47520  -38.880  -27.769  68.756 0.0000000000
48415  -39.264  -27.059  68.360 0.0000000000
48419  -38.718  -27.734  67.030 0.0000000000
115429  -38.012  -27.865  64.758 0.0000000000
48448  -37.426  -27.721  63.174 0.0000000000
48456  -37.070  -27.057  62.588 0.0000000000
40628  -19.182  -35.508  70.304 0.0000000000
40610  -20.325  -35.201  71.857 0.0000000000
120690  -20.634  -35.222  70.525 0.0000000000
40653  -23.160  -34.714  69.537 0.0000000000
122144  -22.817  -35.025  70.705 0.0000000000
40631  -23.368  -34.810  70.286 0.0000000000
40590  -24.501  -35.044  72.385 0.0000000000
40633  -24.913  -34.628  70.901 0.0000000000
42529  -31.503  -33.942  65.427 0.0000000000
43489  -35.143  -32.307  67.513 0.0000000000
123466  -33.858  -32.795  67.561 0.0000000000
43480  -34.959  -32.182  68.567 0.0000000000
43470  -34.187  -32.270  69.310 0.0000000000
44543  -35.859  -31.768  70.049 0.0000000000
44519  -36.464  -31.441  71.364 0.0000000000
44544  -36.571  -31.528  69.690 0.0000000000
46594  -37.830  -29.723  67.966 0.0000000000
45620  -37.967  -30.105  69.706 0.0000000000
47519  -38.528  -28.618  69.133 0.0000000000
47496  -38.987  -27.942  70.460 0.0000000000
39714  -18.635  -36.412  69.152 0.0000000000
52003  -42.118  -23.988  62.553 0.0000000000
51985  -43.816  -23.727  63.311 0.0000000000
52004  -43.698  -24.157  62.531 0.0000000000
51130  -44.196  -24.465  59.045 0.0000000000
51073  -44.972  -24.754  61.212 0.0000000000
52036  -46.171  -24.114  60.527 0.0000000000
52023  -47.628  -23.791  61.612 0.0000000000
52047  -46.015  -23.769  59.745 0.0000000000
56550  -48.841  -18.785  51.715 0.0000000000
113063  -49.233  -18.473  52.969 0.0000000000
56546  -50.329  -18.191  52.412 0.0000000000
59263  -53.741  -14.580  55.504 0.0000000000
56585  -45.514  -18.815  48.837 0.0000000000
56599  -45.407  -17.898  47.958 0.0000000000
58431  -47.411  -16.729  47.445 0.0000000000
58445  -48.087  -16.219  47.006 0.0000000000
58422  -49.761  -16.604  48.181 0.0000000000
58446  -48.894  -15.983  46.929 0.0000000000
60185  -49.937  -15.246  46.253 0.0000000000
32147  -13.930  -44.885  76.571 0.0000000000
31085  -12.723  -45.742  77.971 0.0000000000
36013  -14.990  -40.307  81.510 0.0000000000
34070  -15.243  -42.048  80.478 0.0000000000
35020  -14.488  -41.470  82.252 0.0000000000
34048  -12.355  -42.754  83.675 0.0000000000
32096  -11.620  -44.028  83.401 0.0000000000
31042  -11.312  -45.155  82.074 0.0000000000
31031  -12.205  -45.107  83.720 0.0000000000
29964  -12.057  -46.722  83.077 0.0000000000
106196  -39.429  -25.986  66.765 0.0000000000
50147  -40.178  -24.441  67.953 0.0000000000
112589  -39.220  -24.890  66.636 0.0000000000
51962  -38.139  -23.793  64.204 0.0000000000
51929  -39.004  -23.358  66.174 0.0000000000
51946  -39.841  -23.156  65.748 0.0000000000
51947  -40.938  -23.060  65.684 0.0000000000
108108  -40.869  -23.260  64.907 0.0000000000
51983  -40.873  -23.512  63.927 0.0000000000
52001  -39.726  -23.914  62.937 0.0000000000
51105  -37.530  -24.377  59.488 0.0000000000
51088  -39.102  -24.446  60.084 0.0000000000
111420  -37.897  -24.767  58.787 0.0000000000
50235  -38.568  -25.095  58.305 0.0000000000
50246  -37.413  -25.188  57.206 0.0000000000
106486  -21.865  -35.127  74.274 0.0000000000
40521  -21.432  -34.748  75.744 0.0000000000
120082  -23.429  -35.262  76.243 0.0000000000
42492  -26.925  -33.882  67.290 0.0000000000
41573  -25.458  -34.117  67.633 0.0000000000
41558  -26.339  -34.091  68.706 0.0000000000
126395  -26.691  -34.128  70.364 0.0000000000
41540  -27.269  -34.094  69.805 0.0000000000
42496  -30.597  -33.661  67.406 0.0000000000
42495  -29.718  -33.775  67.396 0.0000000000
42482  -30.941  -33.528  68.285 0.0000000000
42441  -30.991  -33.238  72.500 0.0000000000
42461  -30.599  -33.655  70.616 0.0000000000
42440  -30.157  -33.678  72.075 0.0000000000
41495  -29.372  -33.884  72.507 0.0000000000
42431  -29.967  -33.548  73.884 0.0000000000
42410  -29.758  -33.527  75.797 0.0000000000
42422  -30.502  -33.143  74.482 0.0000000000
45574  -37.248  -29.915  73.280 0.0000000000
120272  -16.844  -39.262  71.824 0.0000000000
37030  -16.363  -39.461  73.260 0.0000000000
36065  -16.155  -40.392  73.780 0.0000000000
40496  -16.357  -35.002  77.339 0.0000000000
52988  -41.122  -22.768  53.874 0.0000000000
52088  -41.563  -23.301  55.454 0.0000000000
52990  -42.456  -22.186  54.746 0.0000000000
54713  -45.481  -20.253  56.436 0.0000000000
53819  -44.624  -21.554  56.530 0.0000000000
53804  -46.369  -21.057  57.892 0.0000000000
52941  -47.318  -22.181  58.882 0.0000000000
126922  -47.741  -20.567  58.505 0.0000000000
57415  -48.716  -16.995  56.561 0.0000000000
57429  -47.561  -17.498  56.245 0.0000000000
57400  -49.257  -16.721  57.974 0.0000000000
60202  -51.201  -14.424  45.787 0.0000000000
61039  -52.714  -13.757  46.123 0.0000000000
61901  -51.823  -13.086  45.088 0.0000000000
61914  -53.125  -12.021  44.845 0.0000000000
62763  -54.358  -10.967  44.890 0.0000000000
63666  -55.960  -9.408  45.887 0.0000000000
118117  -54.944  -9.946  44.257 0.0000000000
64609  -54.330  -9.316  40.423 0.0000000000
64594  -53.726  -9.776  41.133 0.0000000000
64595  -54.790  -9.498  41.411 0.0000000000
64577  -56.141  -8.552  43.815 0.0000000000
65462  -56.720  -8.083  43.383 0.0000000000
66325  -57.001  -7.761  42.706 0.0000000000
65494  -57.762  -8.420  40.316 0.0000000000
124738  -37.690  -29.521  66.399 0.0000000000
113266  -38.179  -28.436  66.102 0.0000000000
46634  -37.599  -29.381  65.204 0.0000000000
46665  -37.310  -29.229  63.586 0.0000000000
121903  -20.647  -35.175  69.376 0.0000000000
43502  -34.487  -33.102  65.399 0.0000000000
43503  -35.209  -32.576  65.724 0.0000000000
44573  -35.860  -31.954  67.055 0.0000000000
44556  -37.019  -31.083  68.458 0.0000000000
44567  -37.106  -30.862  67.707 0.0000000000
45638  -37.418  -30.304  67.390 0.0000000000
51090  -41.284  -25.167  60.026 0.0000000000
125837  -42.450  -25.034  60.788 0.0000000000
51109  -41.989  -25.311  59.290 0.0000000000
51128  -42.600  -24.868  58.490 0.0000000000
51147  -43.134  -24.209  57.920 0.0000000000
57480  -50.661  -17.732  50.589 0.0000000000
57463  -51.387  -17.386  52.598 0.0000000000
58388  -52.612  -16.391  52.265 0.0000000000
59283  -53.595  -15.235  53.369 0.0000000000
62714  -55.217  -11.264  49.472 0.0000000000
32158  -14.408  -44.488  75.916 0.0000000000
126592  -14.404  -44.122  77.414 0.0000000000
113321  -37.747  -25.189  64.865 0.0000000000
50159  -38.220  -24.813  65.600 0.0000000000
50176  -37.339  -24.569  64.267 0.0000000000
51044  -37.500  -24.029  63.929 0.0000000000
51980  -38.007  -23.867  63.421 0.0000000000
126416  -38.766  -24.005  62.075 0.0000000000
52017  -37.224  -23.932  61.863 0.0000000000
51086  -36.983  -24.019  60.365 0.0000000000
110388  -35.734  -24.626  58.271 0.0000000000
106813  -24.410  -35.472  74.740 0.0000000000
124518  -24.156  -35.415  76.214 0.0000000000
105739  -24.824  -35.446  76.640 0.0000000000
106401  -25.803  -35.303  78.316 0.0000000000
41424  -28.834  -34.780  78.737 0.0000000000
42509  -26.740  -33.606  66.413 0.0000000000
42493  -27.875  -33.976  67.497 0.0000000000
43459  -32.774  -32.620  70.090 0.0000000000
42471  -31.555  -33.190  69.515 0.0000000000
42454  -32.166  -32.869  70.911 0.0000000000
43441  -31.954  -32.829  72.475 0.0000000000
42433  -31.555  -32.828  73.339 0.0000000000
43409  -31.654  -32.343  74.974 0.0000000000
123787  -32.407  -31.842  74.913 0.0000000000
38878  -17.553  -37.684  70.426 0.0000000000
38870  -17.360  -37.625  71.242 0.0000000000
38847  -16.697  -37.304  74.050 0.0000000000
39664  -16.249  -36.676  75.473 0.0000000000
39665  -16.734  -35.703  75.324 0.0000000000
54762  -42.867  -20.848  53.243 0.0000000000
53834  -43.065  -21.696  54.785 0.0000000000
110319  -43.465  -20.560  53.777 0.0000000000
54732  -45.125  -20.026  55.725 0.0000000000
55577  -45.679  -19.542  56.057 0.0000000000
62759  -49.243  -12.092  43.922 0.0000000000
61912  -50.768  -12.518  44.432 0.0000000000
112505  -50.278  -11.913  43.833 0.0000000000
65490  -55.295  -8.711  39.984 0.0000000000
65492  -56.752  -7.477  41.028 0.0000000000
120257  -56.019  -8.032  39.859 0.0000000000
66358  -56.881  -6.849  39.939 0.0000000000
36038  -15.507  -40.698  77.019 0.0000000000
35051  -15.512  -41.581  77.301 0.0000000000
119294  -40.052  -25.662  70.291 0.0000000000
49280  -39.733  -26.496  69.648 0.0000000000
49292  -39.624  -26.351  67.730 0.0000000000
49300  -38.984  -26.593  66.269 0.0000000000
106528  -38.294  -27.830  65.592 0.0000000000
48435  -38.360  -27.143  65.211 0.0000000000
49321  -38.222  -26.339  64.960 0.0000000000
117738  -37.163  -25.793  63.604 0.0000000000
50205  -36.074  -25.451  61.849 0.0000000000
107041  -18.827  -34.966  72.852 0.0000000000
110790  -19.959  -34.707  73.831 0.0000000000
120242  -20.260  -35.062  72.624 0.0000000000
40568  -21.514  -35.129  73.447 0.0000000000
40569  -22.417  -35.258  73.614 0.0000000000
40629  -21.347  -35.188  70.619 0.0000000000
107056  -22.751  -35.267  72.198 0.0000000000
40570  -23.281  -35.348  73.761 0.0000000000
40571  -24.763  -35.221  73.200 0.0000000000
40572  -25.613  -35.140  73.347 0.0000000000
40573  -26.393  -35.000  73.519 0.0000000000
106391  -30.948  -33.804  65.882 0.0000000000
105857  -31.975  -33.552  66.825 0.0000000000
42515  -33.258  -33.433  66.230 0.0000000000
106640  -32.781  -33.342  66.926 0.0000000000
42484  -32.359  -33.000  68.436 0.0000000000
111166  -33.566  -32.358  69.823 0.0000000000
43453  -34.556  -31.873  71.147 0.0000000000
44518  -34.913  -31.664  71.827 0.0000000000
45559  -35.546  -30.208  74.130 0.0000000000
44504  -36.229  -31.166  72.187 0.0000000000
45601  -37.053  -31.040  71.844 0.0000000000
46559  -38.085  -29.523  72.826 0.0000000000
45610  -37.631  -30.712  69.921 0.0000000000
45611  -38.026  -30.218  70.632 0.0000000000
46571  -38.454  -29.345  72.026 0.0000000000
47470  -38.907  -28.158  72.165 0.0000000000
127447  -17.807  -37.060  70.227 0.0000000000
52859  -43.721  -22.529  65.657 0.0000000000
52880  -45.018  -22.965  64.980 0.0000000000
51967  -45.286  -23.396  64.325 0.0000000000
51968  -46.251  -23.590  64.189 0.0000000000
51057  -44.384  -24.575  61.962 0.0000000000
52006  -45.824  -24.273  62.825 0.0000000000
55637  -46.611  -19.198  52.227 0.0000000000
106602  -45.977  -18.998  53.179 0.0000000000
55625  -47.047  -18.839  52.955 0.0000000000
57446  -49.035  -17.886  54.366 0.0000000000
57432  -49.888  -16.741  55.698 0.0000000000
58373  -51.592  -16.392  54.221 0.0000000000
58365  -51.379  -15.456  56.443 0.0000000000
50292  -38.084  -24.882  53.724 0.0000000000
51190  -39.275  -24.412  54.218 0.0000000000
120055  -39.298  -24.020  53.506 0.0000000000
52120  -39.668  -23.507  53.128 0.0000000000
53007  -40.940  -22.456  52.967 0.0000000000
120060  -41.090  -21.830  52.386 0.0000000000
54778  -42.136  -20.856  51.936 0.0000000000
54793  -42.986  -20.314  51.861 0.0000000000
55645  -43.552  -20.032  51.512 0.0000000000
55662  -44.695  -19.711  50.474 0.0000000000
121313  -45.966  -19.487  50.551 0.0000000000
55665  -47.509  -19.022  50.558 0.0000000000
56561  -48.650  -18.483  50.199 0.0000000000
56600  -46.176  -17.766  48.127 0.0000000000
56588  -48.096  -17.808  48.886 0.0000000000
56574  -49.185  -18.055  49.759 0.0000000000
57489  -50.373  -17.260  49.545 0.0000000000
58411  -51.287  -16.367  49.187 0.0000000000
124410  -52.179  -15.296  48.792 0.0000000000
60166  -52.678  -14.654  48.740 0.0000000000
59330  -51.200  -15.336  46.970 0.0000000000
60201  -50.243  -14.647  45.734 0.0000000000
108793  -49.741  -14.210  45.372 0.0000000000
109931  -48.850  -12.815  44.465 0.0000000000
34087  -15.438  -42.269  78.735 0.0000000000
33104  -15.210  -42.849  79.219 0.0000000000
32124  -14.311  -43.717  79.540 0.0000000000
34050  -13.692  -41.752  82.949 0.0000000000
33093  -13.709  -43.682  80.983 0.0000000000
32123  -13.577  -44.350  79.544 0.0000000000
31058  -12.298  -45.523  79.855 0.0000000000
29972  -11.501  -46.026  80.534 0.0000000000
29971  -10.772  -46.626  81.117 0.0000000000
28992  -11.463  -47.331  82.503 0.0000000000
52835  -43.200  -21.529  67.467 0.0000000000
51904  -40.489  -23.014  68.680 0.0000000000
51012  -38.886  -23.890  66.455 0.0000000000
108452  -39.975  -23.078  67.100 0.0000000000
52843  -41.104  -22.492  67.103 0.0000000000
52844  -42.305  -22.251  66.768 0.0000000000
52858  -42.668  -22.631  65.840 0.0000000000
51965  -42.675  -23.306  64.251 0.0000000000
122656  -41.465  -23.710  63.171 0.0000000000
123447  -40.932  -24.275  61.851 0.0000000000
52019  -39.217  -24.116  61.438 0.0000000000
52035  -39.635  -24.348  60.736 0.0000000000
51089  -40.566  -24.683  60.604 0.0000000000
111444  -39.999  -25.197  58.732 0.0000000000
50248  -38.896  -25.296  57.409 0.0000000000
50269  -38.126  -25.144  55.307 0.0000000000
50234  -34.197  -24.905  58.765 0.0000000000
51121  -34.503  -24.641  58.572 0.0000000000
51141  -35.001  -24.562  58.094 0.0000000000
122383  -35.694  -24.961  56.788 0.0000000000
50258  -36.138  -25.139  56.195 0.0000000000
50267  -36.740  -25.256  55.594 0.0000000000
50268  -37.335  -25.209  55.045 0.0000000000
50281  -37.918  -25.057  54.419 0.0000000000
105862  -24.020  -35.246  77.278 0.0000000000
126170  -24.193  -34.360  68.412 0.0000000000
111126  -24.822  -34.253  68.115 0.0000000000
41537  -24.767  -34.266  69.101 0.0000000000
41520  -25.455  -34.361  70.422 0.0000000000
41492  -26.796  -34.467  72.118 0.0000000000
110767  -27.572  -34.539  73.224 0.0000000000
42527  -29.313  -33.680  65.930 0.0000000000
42494  -28.854  -33.942  67.399 0.0000000000
42480  -28.639  -34.203  68.667 0.0000000000
42470  -30.382  -33.816  69.772 0.0000000000
42469  -29.567  -34.083  69.580 0.0000000000
42460  -28.925  -34.100  70.225 0.0000000000
41506  -28.319  -34.039  71.716 0.0000000000
108140  -28.197  -34.278  73.122 0.0000000000
41483  -27.920  -34.546  73.933 0.0000000000
41468  -28.501  -34.330  75.471 0.0000000000
42400  -29.920  -33.498  76.961 0.0000000000
126935  -15.481  -43.150  72.971 0.0000000000
116300  -15.771  -41.869  74.739 0.0000000000
105541  -16.803  -40.776  71.029 0.0000000000
35095  -16.525  -41.373  71.488 0.0000000000
35083  -16.415  -41.306  72.350 0.0000000000
35067  -15.978  -41.182  74.301 0.0000000000
36052  -15.586  -40.643  76.116 0.0000000000
36045  -15.514  -39.852  76.700 0.0000000000
109717  -15.935  -36.657  76.318 0.0000000000
51176  -41.076  -23.949  55.874 0.0000000000
52075  -42.536  -23.265  56.493 0.0000000000
52068  -44.318  -23.233  57.833 0.0000000000
52978  -43.427  -21.920  55.567 0.0000000000
52954  -44.702  -22.525  57.518 0.0000000000
52938  -45.091  -23.044  58.124 0.0000000000
52926  -46.953  -22.821  59.299 0.0000000000
56520  -46.348  -18.423  54.665 0.0000000000
56498  -46.556  -18.421  56.211 0.0000000000
55562  -47.114  -19.273  57.725 0.0000000000
60174  -53.331  -13.653  48.106 0.0000000000
61877  -53.927  -12.924  48.074 0.0000000000
62733  -55.085  -11.443  47.636 0.0000000000
61902  -52.425  -12.426  44.865 0.0000000000
61904  -54.332  -11.892  46.000 0.0000000000
111902  -55.805  -10.343  47.306 0.0000000000
63659  -56.421  -9.427  46.861 0.0000000000
64559  -57.010  -8.923  46.456 0.0000000000
63694  -53.457  -10.424  42.512 0.0000000000
63685  -55.471  -9.287  44.091 0.0000000000
64571  -56.750  -8.425  44.998 0.0000000000
65479  -57.223  -7.896  41.979 0.0000000000
44596  -36.341  -31.373  63.723 0.0000000000
44587  -35.956  -31.959  64.194 0.0000000000
51159  -39.721  -24.887  56.018 0.0000000000
51174  -39.525  -24.627  55.143 0.0000000000
59296  -53.299  -14.671  50.072 0.0000000000
125165  -53.444  -14.857  50.684 0.0000000000
121885  -53.789  -14.197  50.605 0.0000000000
60151  -54.217  -13.754  51.178 0.0000000000
61004  -53.658  -13.983  50.035 0.0000000000
61005  -54.234  -13.270  50.611 0.0000000000
119824  -15.640  -41.905  75.431 0.0000000000
34115  -15.489  -42.396  76.045 0.0000000000
119786  -15.528  -41.866  76.589 0.0000000000
51055  -36.135  -24.641  62.064 0.0000000000
110841  -35.692  -24.573  60.794 0.0000000000
40544  -19.379  -34.575  74.424 0.0000000000
40550  -26.592  -35.094  74.305 0.0000000000
116722  -26.812  -35.125  75.089 0.0000000000
117897  -27.397  -34.891  75.222 0.0000000000
44502  -34.424  -31.490  72.661 0.0000000000
40543  -18.302  -34.759  74.372 0.0000000000
55635  -44.515  -19.693  52.453 0.0000000000
55623  -44.512  -19.653  53.320 0.0000000000
55636  -45.173  -19.393  52.850 0.0000000000
118390  -38.586  -28.246  68.336 0.0000000000
47532  -38.482  -28.313  67.626 0.0000000000
47589  -37.058  -28.032  62.341 0.0000000000
40649  -20.067  -35.293  69.924 0.0000000000
40654  -24.007  -34.572  69.764 0.0000000000
40632  -24.132  -34.714  70.594 0.0000000000
44565  -35.831  -31.891  68.019 0.0000000000
109605  -38.280  -28.929  68.243 0.0000000000
46595  -38.057  -29.622  68.948 0.0000000000
121442  -19.237  -36.015  68.463 0.0000000000
39715  -19.211  -35.691  69.444 0.0000000000
52021  -41.604  -24.322  61.847 0.0000000000
124206  -42.917  -24.172  62.306 0.0000000000
52022  -42.417  -24.412  61.792 0.0000000000
51112  -44.736  -24.517  59.724 0.0000000000
52046  -45.320  -24.086  59.546 0.0000000000
56551  -49.541  -18.539  51.319 0.0000000000
56545  -49.609  -18.539  52.252 0.0000000000
56552  -50.290  -18.278  51.696 0.0000000000
60104  -54.091  -14.721  57.049 0.0000000000
109181  -45.095  -18.511  48.392 0.0000000000
107737  -48.411  -15.686  46.479 0.0000000000
59344  -48.285  -15.092  45.892 0.0000000000
114765  -13.966  -44.610  77.323 0.0000000000
31086  -13.385  -45.226  77.350 0.0000000000
31096  -12.837  -45.906  77.012 0.0000000000
31071  -13.183  -45.191  78.315 0.0000000000
122307  -14.913  -41.151  81.676 0.0000000000
36012  -14.662  -40.627  82.445 0.0000000000
32097  -11.854  -44.199  84.021 0.0000000000
31032  -13.217  -45.398  83.676 0.0000000000
50146  -39.822  -25.256  67.345 0.0000000000
51963  -38.890  -23.583  64.489 0.0000000000
51964  -39.817  -23.372  64.727 0.0000000000
51982  -39.817  -23.649  63.799 0.0000000000
51124  -37.057  -24.616  58.792 0.0000000000
50247  -37.638  -24.985  58.099 0.0000000000
40546  -22.720  -35.282  74.444 0.0000000000
40522  -22.163  -35.073  75.129 0.0000000000
42478  -27.075  -34.087  68.115 0.0000000000
41559  -27.150  -34.146  68.979 0.0000000000
42467  -27.979  -34.205  69.199 0.0000000000
42497  -31.440  -33.472  67.478 0.0000000000
108287  -30.107  -33.586  72.974 0.0000000000
46547  -37.587  -29.036  74.103 0.0000000000
37910  -16.115  -38.189  75.103 0.0000000000
52989  -41.905  -22.331  54.253 0.0000000000
54695  -45.983  -20.458  57.189 0.0000000000
53805  -47.098  -20.801  58.210 0.0000000000
58342  -48.938  -16.789  57.237 0.0000000000
61053  -50.419  -13.960  45.291 0.0000000000
61054  -51.197  -13.600  45.218 0.0000000000
62775  -53.409  -10.965  43.710 0.0000000000
63670  -54.210  -10.596  44.104 0.0000000000
64610  -55.546  -8.904  40.916 0.0000000000
64596  -55.842  -8.827  41.922 0.0000000000
64586  -56.014  -8.624  42.916 0.0000000000
65468  -56.626  -8.013  42.421 0.0000000000
123221  -37.556  -29.681  65.910 0.0000000000
46680  -36.997  -29.710  62.900 0.0000000000
43509  -34.611  -33.112  64.334 0.0000000000
107968  -35.769  -32.139  65.073 0.0000000000
44566  -36.541  -31.414  67.586 0.0000000000
44574  -36.421  -31.463  66.558 0.0000000000
45647  -37.383  -30.182  66.469 0.0000000000
46606  -37.737  -29.635  67.044 0.0000000000
112808  -41.281  -25.329  59.167 0.0000000000
51145  -41.550  -24.597  57.422 0.0000000000
51146  -42.343  -24.427  57.668 0.0000000000
51129  -43.397  -24.668  58.689 0.0000000000
57481  -51.384  -17.257  50.644 0.0000000000
127484  -51.863  -17.092  51.148 0.0000000000
60135  -54.223  -14.605  53.302 0.0000000000
59275  -54.142  -14.535  54.471 0.0000000000
60126  -54.940  -14.155  54.756 0.0000000000
61870  -55.144  -11.557  50.397 0.0000000000
62715  -55.972  -10.502  50.373 0.0000000000
33124  -15.245  -43.128  76.554 0.0000000000
33131  -14.903  -44.046  75.151 0.0000000000
33123  -14.886  -43.820  76.178 0.0000000000
32148  -14.407  -44.281  76.743 0.0000000000
33118  -14.834  -43.688  77.050 0.0000000000
120460  -37.291  -25.297  64.186 0.0000000000
50183  -36.900  -24.899  63.712 0.0000000000
51069  -36.527  -24.157  62.047 0.0000000000
51043  -37.064  -24.362  63.649 0.0000000000
51979  -37.274  -24.042  63.211 0.0000000000
51999  -37.870  -23.947  62.517 0.0000000000
106678  -35.597  -24.408  59.648 0.0000000000
51104  -36.482  -24.256  59.650 0.0000000000
51123  -36.089  -24.493  58.885 0.0000000000
40524  -24.674  -35.478  75.620 0.0000000000
40484  -25.645  -35.426  77.130 0.0000000000
40485  -26.409  -35.304  77.636 0.0000000000
41438  -28.413  -34.642  77.975 0.0000000000
41439  -29.182  -34.267  78.058 0.0000000000
108368  -27.510  -33.705  66.799 0.0000000000
106003  -33.094  -32.087  72.761 0.0000000000
43442  -32.610  -32.460  72.405 0.0000000000
43418  -31.957  -32.363  74.094 0.0000000000
43419  -32.558  -32.057  74.023 0.0000000000
44456  -33.361  -30.980  76.361 0.0000000000
38871  -17.668  -36.933  70.847 0.0000000000
39688  -17.565  -36.780  71.639 0.0000000000
39680  -17.559  -35.902  73.178 0.0000000000
39672  -16.649  -36.524  74.679 0.0000000000
39673  -17.053  -35.779  74.529 0.0000000000
40518  -17.943  -34.638  75.417 0.0000000000
40517  -17.134  -34.884  75.789 0.0000000000
55592  -44.715  -19.909  54.950 0.0000000000
65513  -54.213  -8.823  39.493 0.0000000000
65533  -55.256  -8.185  39.108 0.0000000000
119974  -15.419  -40.173  78.235 0.0000000000
36985  -14.907  -39.091  81.859 0.0000000000
118105  -39.653  -26.561  70.442 0.0000000000
125520  -39.221  -26.996  67.788 0.0000000000
48420  -39.132  -26.945  67.105 0.0000000000
47554  -37.984  -28.546  65.369 0.0000000000
48442  -37.734  -27.357  63.996 0.0000000000
48443  -38.076  -27.023  64.598 0.0000000000
49320  -37.727  -26.267  64.199 0.0000000000
49338  -36.564  -26.283  62.203 0.0000000000
40566  -19.687  -34.872  73.083 0.0000000000
40588  -19.511  -35.077  72.352 0.0000000000
40589  -21.141  -35.187  72.544 0.0000000000
112051  -22.128  -35.244  72.800 0.0000000000
40650  -20.982  -35.135  69.958 0.0000000000
108252  -21.798  -35.031  70.006 0.0000000000
40612  -23.302  -35.133  71.690 0.0000000000
40611  -22.569  -35.198  71.378 0.0000000000
112050  -23.004  -35.262  72.962 0.0000000000
113456  -23.879  -35.276  73.078 0.0000000000
40591  -25.376  -34.923  72.539 0.0000000000
40592  -26.192  -34.818  72.723 0.0000000000
42513  -31.713  -33.743  66.073 0.0000000000
42532  -33.658  -33.464  65.539 0.0000000000
42498  -33.590  -33.085  66.949 0.0000000000
105394  -33.122  -32.981  67.803 0.0000000000
42473  -33.245  -32.598  68.940 0.0000000000
43462  -35.115  -31.832  70.531 0.0000000000
43461  -34.223  -32.081  70.296 0.0000000000
44503  -35.361  -31.272  72.450 0.0000000000
43454  -35.692  -31.543  71.656 0.0000000000
44520  -37.160  -31.234  71.000 0.0000000000
45590  -37.554  -30.379  72.302 0.0000000000
44545  -37.119  -31.088  69.370 0.0000000000
45619  -37.578  -30.465  69.015 0.0000000000
115563  -38.371  -29.339  70.038 0.0000000000
46578  -38.434  -29.433  71.139 0.0000000000
47482  -38.704  -28.765  71.686 0.0000000000
47508  -38.936  -27.884  69.594 0.0000000000
48389  -39.368  -27.158  71.082 0.0000000000
38879  -18.127  -36.764  69.737 0.0000000000
40608  -18.536  -35.579  71.416 0.0000000000
51948  -43.167  -23.024  65.000 0.0000000000
52879  -44.152  -22.958  64.966 0.0000000000
120609  -43.736  -23.333  64.175 0.0000000000
51986  -44.598  -23.598  63.786 0.0000000000
51987  -45.479  -23.824  63.589 0.0000000000
105445  -42.786  -24.857  61.137 0.0000000000
113018  -43.652  -25.000  60.823 0.0000000000
51074  -45.858  -24.477  61.208 0.0000000000
51058  -45.378  -24.592  62.033 0.0000000000
52007  -46.697  -24.182  62.782 0.0000000000
51060  -47.022  -24.145  62.060 0.0000000000
55638  -47.518  -19.056  52.110 0.0000000000
57454  -49.695  -17.753  54.070 0.0000000000
56534  -49.170  -18.204  53.664 0.0000000000
116842  -49.372  -17.414  54.937 0.0000000000
58381  -51.777  -16.753  53.185 0.0000000000
57456  -51.171  -17.186  53.492 0.0000000000
59255  -52.256  -14.987  56.366 0.0000000000
28030  -10.526  -48.217  81.347 0.0000000000
28035  -10.183  -48.798  80.704 0.0000000000
28031  -11.199  -48.558  81.673 0.0000000000
52142  -39.333  -23.272  52.373 0.0000000000
53006  -40.093  -22.895  52.655 0.0000000000
53024  -39.678  -22.605  51.895 0.0000000000
53902  -40.850  -21.454  51.672 0.0000000000
53884  -41.616  -21.354  52.169 0.0000000000
53903  -41.546  -21.049  51.587 0.0000000000
54792  -42.453  -20.540  51.644 0.0000000000
55644  -42.823  -20.256  51.195 0.0000000000
111335  -44.017  -19.819  50.006 0.0000000000
107362  -45.343  -19.643  50.965 0.0000000000
55663  -45.431  -19.523  50.112 0.0000000000
56572  -46.216  -18.777  49.090 0.0000000000
55679  -47.043  -18.903  49.705 0.0000000000
56560  -47.917  -18.655  49.959 0.0000000000
111535  -47.651  -18.331  49.296 0.0000000000
58432  -48.236  -16.808  47.749 0.0000000000
57498  -47.628  -17.374  48.215 0.0000000000
57487  -48.873  -17.688  49.084 0.0000000000
57488  -49.642  -17.505  49.325 0.0000000000
57500  -49.317  -17.153  48.640 0.0000000000
125565  -50.167  -16.081  47.595 0.0000000000
58423  -50.652  -16.347  48.437 0.0000000000
59310  -51.524  -15.741  48.421 0.0000000000
59315  -51.522  -15.404  47.604 0.0000000000
59329  -50.479  -15.573  46.924 0.0000000000
59345  -49.284  -14.751  45.698 0.0000000000
30000  -12.229  -46.351  77.655 0.0000000000
35046  -15.503  -41.550  78.241 0.0000000000
35041  -15.487  -41.473  79.125 0.0000000000
33095  -15.113  -42.746  80.055 0.0000000000
121200  -14.835  -43.230  79.617 0.0000000000
33094  -14.484  -43.300  80.385 0.0000000000
35002  -13.365  -41.540  83.819 0.0000000000
33084  -12.264  -43.644  82.433 0.0000000000
33085  -13.241  -43.347  81.901 0.0000000000
32114  -13.209  -44.267  80.570 0.0000000000
31050  -12.745  -44.885  80.188 0.0000000000
32113  -12.322  -44.700  81.225 0.0000000000
31049  -11.879  -45.395  80.908 0.0000000000
31048  -10.995  -45.948  81.606 0.0000000000
123868  -11.213  -46.532  80.184 0.0000000000
29968  -10.731  -46.695  82.059 0.0000000000
29960  -13.876  -46.308  83.233 0.0000000000
53704  -43.734  -20.868  68.599 0.0000000000
50115  -40.275  -24.555  70.609 0.0000000000
50125  -40.354  -24.813  69.634 0.0000000000
50982  -40.423  -23.965  68.954 0.0000000000
121702  -40.244  -23.517  68.120 0.0000000000
110058  -37.920  -24.313  65.113 0.0000000000
126405  -38.599  -24.523  66.137 0.0000000000
51025  -38.387  -23.889  65.750 0.0000000000
51930  -39.734  -23.142  66.550 0.0000000000
51918  -40.501  -22.695  67.542 0.0000000000
52833  -41.206  -22.178  68.076 0.0000000000
52857  -41.551  -22.745  66.162 0.0000000000
113029  -40.625  -23.807  63.079 0.0000000000
125497  -41.593  -23.509  63.671 0.0000000000
52002  -41.215  -24.037  62.446 0.0000000000
52018  -38.233  -23.977  61.606 0.0000000000
108666  -39.884  -24.680  60.109 0.0000000000
51108  -40.492  -25.112  59.555 0.0000000000
50260  -38.253  -25.317  56.884 0.0000000000
50261  -39.004  -25.222  56.506 0.0000000000
110858  -38.276  -25.283  56.101 0.0000000000
51120  -33.826  -24.780  58.168 0.0000000000
51156  -34.193  -24.713  56.861 0.0000000000
51157  -34.989  -24.760  57.197 0.0000000000
50257  -35.075  -24.913  56.062 0.0000000000
106040  -35.862  -25.186  55.331 0.0000000000
50280  -37.140  -25.222  54.338 0.0000000000
40545  -20.191  -34.639  74.507 0.0000000000
40520  -20.743  -34.690  75.029 0.0000000000
109858  -22.317  -34.820  77.224 0.0000000000
41557  -25.559  -34.131  68.431 0.0000000000
41538  -25.454  -34.222  69.776 0.0000000000
41504  -26.570  -34.304  71.160 0.0000000000
41493  -27.681  -34.315  72.440 0.0000000000
106022  -29.299  -33.721  66.772 0.0000000000
107852  -29.340  -34.055  68.175 0.0000000000
108369  -28.514  -34.153  68.007 0.0000000000
123399  -31.128  -33.432  70.015 0.0000000000
108877  -30.014  -33.810  71.245 0.0000000000
105491  -29.775  -33.953  70.419 0.0000000000
42468  -28.766  -34.187  69.417 0.0000000000
107089  -28.215  -34.032  70.858 0.0000000000
122125  -28.828  -34.048  73.027 0.0000000000
41494  -28.549  -34.076  72.454 0.0000000000
41477  -28.573  -34.265  74.537 0.0000000000
108865  -29.156  -33.914  75.168 0.0000000000
110166  -30.277  -33.167  76.270 0.0000000000
122305  -31.422  -32.428  75.771 0.0000000000
43400  -31.631  -32.351  76.692 0.0000000000
45572  -35.895  -30.768  73.081 0.0000000000
34137  -15.860  -42.452  73.342 0.0000000000
35074  -15.941  -41.903  74.008 0.0000000000
37050  -17.317  -38.473  70.734 0.0000000000
37067  -17.377  -39.360  70.105 0.0000000000
37049  -17.074  -39.273  71.066 0.0000000000
37038  -16.648  -39.772  72.324 0.0000000000
118119  -16.894  -39.978  71.473 0.0000000000
36075  -16.394  -40.479  72.842 0.0000000000
37024  -16.099  -39.550  74.242 0.0000000000
36058  -15.904  -40.342  74.668 0.0000000000
36057  -15.718  -40.271  75.386 0.0000000000
37011  -15.650  -39.693  75.862 0.0000000000
121080  -16.308  -36.014  75.997 0.0000000000
105954  -46.179  -22.038  66.481 0.0000000000
51191  -40.110  -24.079  54.678 0.0000000000
52087  -40.855  -23.694  55.082 0.0000000000
52089  -42.272  -22.951  55.776 0.0000000000
52067  -43.578  -23.449  57.513 0.0000000000
52076  -43.297  -22.973  56.794 0.0000000000
123243  -43.699  -21.324  55.103 0.0000000000
53802  -45.018  -21.815  57.206 0.0000000000
52955  -45.380  -22.223  57.852 0.0000000000
52939  -45.817  -22.735  58.462 0.0000000000
52058  -46.269  -23.142  59.098 0.0000000000
52940  -46.556  -22.440  58.697 0.0000000000
53782  -48.127  -21.849  59.114 0.0000000000
52928  -48.575  -22.326  59.725 0.0000000000
56531  -46.602  -18.590  53.835 0.0000000000
56521  -46.920  -17.987  55.062 0.0000000000
57413  -47.724  -17.520  56.862 0.0000000000
56499  -47.169  -17.927  56.600 0.0000000000
55579  -46.891  -18.624  57.055 0.0000000000
116374  -47.513  -18.527  57.718 0.0000000000
123833  -52.361  -14.645  47.257 0.0000000000
60173  -52.769  -14.253  47.955 0.0000000000
124447  -53.085  -13.896  47.634 0.0000000000
61040  -53.328  -13.462  46.639 0.0000000000
61028  -53.412  -13.542  47.413 0.0000000000
61884  -53.881  -12.997  47.094 0.0000000000
61885  -54.371  -12.387  47.554 0.0000000000
114930  -54.332  -12.290  46.706 0.0000000000
61913  -51.572  -12.476  44.582 0.0000000000
62748  -53.832  -11.812  45.282 0.0000000000
62742  -54.978  -11.342  46.562 0.0000000000
63652  -56.692  -9.613  48.076 0.0000000000
62750  -55.524  -10.366  46.255 0.0000000000
63672  -55.542  -9.463  44.910 0.0000000000
64558  -56.714  -8.929  46.280 0.0000000000
64560  -57.241  -9.171  46.488 0.0000000000
64565  -56.885  -8.661  45.764 0.0000000000
63704  -53.109  -10.213  41.695 0.0000000000
63695  -54.440  -10.054  42.816 0.0000000000
63684  -54.708  -10.002  43.625 0.0000000000
64576  -55.336  -9.376  43.261 0.0000000000
65456  -56.713  -8.248  44.210 0.0000000000
65457  -56.952  -8.301  44.480 0.0000000000
64572  -57.386  -9.133  45.350 0.0000000000
122943  -57.506  -9.610  44.629 0.0000000000
108425  -56.905  -7.403  41.130 0.0000000000
66337  -56.950  -7.504  41.630 0.0000000000
65493  -57.277  -7.696  41.134 0.0000000000
45654  -36.879  -30.860  65.120 0.0000000000
45667  -37.224  -30.102  64.692 0.0000000000
43510  -35.379  -32.507  64.221 0.0000000000
44580  -36.386  -31.507  65.597 0.0000000000
51144  -40.787  -24.807  57.195 0.0000000000
51161  -41.310  -24.239  56.648 0.0000000000
126649  -52.253  -16.296  50.375 0.0000000000
60990  -55.223  -12.824  52.548 0.0000000000
61851  -55.476  -12.080  52.037 0.0000000000
125050  -55.671  -11.604  51.720 0.0000000000
61860  -55.024  -12.024  51.220 0.0000000000
61014  -54.493  -12.546  50.218 0.0000000000
33155  -15.443  -43.203  73.749 0.0000000000
33140  -15.370  -43.264  74.682 0.0000000000
50192  -36.411  -25.329  62.576 0.0000000000
115522  -36.602  -23.982  61.243 0.0000000000
41464  -18.554  -34.356  76.208 0.0000000000
40525  -25.594  -35.446  75.907 0.0000000000
40526  -26.393  -35.294  75.693 0.0000000000
40502  -27.085  -35.157  77.173 0.0000000000
40486  -27.666  -35.012  77.955 0.0000000000
110528  -28.400  -34.406  76.296 0.0000000000
123548  -33.682  -32.015  71.808 0.0000000000
43430  -33.038  -31.902  73.602 0.0000000000
123545  -32.945  -31.688  74.359 0.0000000000
44479  -33.500  -31.389  74.125 0.0000000000
54764  -43.976  -20.064  53.600 0.0000000000
55608  -45.186  -19.253  54.609 0.0000000000
48409  -39.308  -27.155  69.195 0.0000000000
48414  -38.870  -27.588  67.867 0.0000000000
47578  -37.607  -28.405  63.925 0.0000000000
109352  -19.076  -35.420  70.982 0.0000000000
106659  -19.920  -35.242  70.911 0.0000000000
105860  -20.850  -35.247  71.173 0.0000000000
40652  -22.290  -34.862  69.364 0.0000000000
108370  -22.603  -34.916  70.099 0.0000000000
108371  -23.407  -34.970  71.026 0.0000000000
40613  -24.165  -34.901  71.510 0.0000000000
43496  -34.705  -32.837  66.187 0.0000000000
42499  -34.433  -32.737  66.983 0.0000000000
43488  -34.379  -32.508  67.895 0.0000000000
43479  -34.103  -32.439  68.585 0.0000000000
43471  -35.038  -31.961  69.624 0.0000000000
44530  -35.852  -31.719  70.899 0.0000000000
44531  -36.550  -31.549  70.535 0.0000000000
44532  -37.159  -31.213  70.186 0.0000000000
126360  -37.741  -30.078  68.528 0.0000000000
47507  -38.709  -28.515  69.990 0.0000000000
105657  -42.996  -23.799  62.937 0.0000000000
51111  -43.999  -24.930  59.916 0.0000000000
51092  -44.507  -24.799  60.509 0.0000000000
51093  -45.397  -24.442  60.329 0.0000000000
51075  -46.750  -24.060  61.191 0.0000000000
106324  -46.720  -23.673  60.274 0.0000000000
52037  -47.450  -23.543  60.682 0.0000000000
55650  -48.034  -18.977  51.318 0.0000000000
124016  -48.237  -18.912  52.062 0.0000000000
56535  -49.927  -18.147  53.151 0.0000000000
57455  -50.452  -17.542  53.756 0.0000000000
59274  -53.140  -15.200  54.464 0.0000000000
58374  -52.282  -15.474  54.991 0.0000000000
105257  -53.058  -14.721  55.944 0.0000000000
62736  -57.433  -10.094  47.944 0.0000000000
55688  -44.868  -19.104  48.902 0.0000000000
55677  -45.508  -19.198  49.383 0.0000000000
112345  -45.812  -18.339  48.494 0.0000000000
58421  -49.007  -16.799  47.967 0.0000000000
114057  -48.719  -16.419  47.434 0.0000000000
58433  -49.370  -16.284  47.505 0.0000000000
59314  -49.672  -15.783  46.908 0.0000000000
59328  -49.084  -15.443  46.321 0.0000000000
31070  -12.553  -45.635  78.901 0.0000000000
36020  -15.258  -40.479  80.451 0.0000000000
35021  -15.168  -41.244  80.891 0.0000000000
34061  -14.883  -41.836  81.318 0.0000000000
34060  -14.356  -42.254  81.857 0.0000000000
34042  -12.795  -42.142  84.007 0.0000000000
33078  -11.923  -43.390  83.230 0.0000000000
126947  -11.625  -43.942  82.865 0.0000000000
32108  -11.824  -44.319  82.204 0.0000000000
32102  -11.418  -44.597  82.843 0.0000000000
31030  -11.543  -44.820  83.380 0.0000000000
31036  -11.207  -45.414  82.844 0.0000000000
29963  -11.118  -46.287  82.816 0.0000000000
31037  -11.622  -45.752  83.352 0.0000000000
29959  -12.682  -46.082  83.416 0.0000000000
50135  -40.145  -25.581  68.247 0.0000000000
50136  -40.361  -24.952  68.762 0.0000000000
50996  -39.472  -24.105  67.097 0.0000000000
51033  -38.249  -23.767  64.951 0.0000000000
51945  -38.889  -23.427  65.371 0.0000000000
51931  -40.488  -22.931  66.433 0.0000000000
123460  -41.719  -23.359  64.209 0.0000000000
51087  -38.094  -24.214  60.163 0.0000000000
51106  -38.591  -24.691  59.290 0.0000000000
107777  -39.248  -25.069  58.782 0.0000000000
126567  -38.161  -25.215  57.591 0.0000000000
120700  -21.435  -34.907  74.859 0.0000000000
40499  -22.449  -34.977  76.204 0.0000000000
40500  -23.046  -35.040  77.188 0.0000000000
40468  -25.258  -35.246  79.325 0.0000000000
42491  -26.068  -33.927  67.054 0.0000000000
41574  -26.253  -34.051  67.871 0.0000000000
41539  -26.284  -34.091  69.696 0.0000000000
41522  -27.388  -34.110  70.606 0.0000000000
106023  -30.128  -33.762  68.037 0.0000000000
106962  -30.806  -33.466  71.478 0.0000000000
42452  -29.535  -33.870  71.773 0.0000000000
41485  -29.374  -33.864  73.376 0.0000000000
117896  -29.260  -33.889  74.225 0.0000000000
42421  -29.825  -33.529  74.803 0.0000000000
42411  -30.356  -33.132  75.427 0.0000000000
37954  -16.875  -38.063  72.601 0.0000000000
37969  -16.674  -38.900  72.491 0.0000000000
37909  -15.797  -38.785  75.566 0.0000000000
40497  -16.914  -34.663  76.862 0.0000000000
52104  -41.351  -23.029  54.680 0.0000000000
52976  -42.023  -22.666  55.064 0.0000000000
52977  -42.706  -22.339  55.341 0.0000000000
54712  -44.900  -20.782  56.114 0.0000000000
53820  -45.287  -21.046  56.836 0.0000000000
53803  -45.666  -21.403  57.545 0.0000000000
53792  -46.836  -21.654  58.389 0.0000000000
53793  -47.606  -21.353  58.616 0.0000000000
57430  -48.157  -17.256  55.974 0.0000000000
57444  -47.561  -17.640  55.460 0.0000000000
57414  -48.193  -17.218  56.721 0.0000000000
118715  -48.361  -17.306  57.487 0.0000000000
60203  -51.962  -13.813  45.618 0.0000000000
61055  -52.568  -13.163  45.472 0.0000000000
62762  -53.455  -11.376  44.416 0.0000000000
63665  -55.154  -10.323  45.352 0.0000000000
63671  -54.828  -10.278  44.671 0.0000000000
64608  -53.345  -9.509  40.511 0.0000000000
64585  -55.114  -9.479  42.363 0.0000000000
65463  -56.972  -8.033  43.716 0.0000000000
111708  -57.127  -8.051  43.359 0.0000000000
67190  -57.067  -6.988  40.309 0.0000000000
65515  -57.355  -7.408  40.368 0.0000000000
46621  -37.967  -28.988  66.626 0.0000000000
46635  -37.834  -29.079  65.932 0.0000000000
46650  -37.459  -29.315  64.310 0.0000000000
124257  -37.262  -28.691  63.007 0.0000000000
40675  -21.827  -34.848  68.498 0.0000000000
40676  -22.867  -34.665  68.744 0.0000000000
42552  -33.879  -33.490  64.772 0.0000000000
43497  -35.223  -32.435  66.591 0.0000000000
44555  -36.413  -31.556  68.405 0.0000000000
45637  -36.968  -30.870  66.959 0.0000000000
121583  -41.367  -24.845  60.770 0.0000000000
113177  -42.126  -25.201  60.302 0.0000000000
51110  -42.823  -25.201  59.387 0.0000000000
51127  -41.695  -25.056  58.319 0.0000000000
122540  -43.539  -24.946  59.414 0.0000000000
52055  -43.889  -23.966  58.227 0.0000000000
57470  -50.866  -17.838  51.251 0.0000000000
113727  -50.906  -17.891  52.080 0.0000000000
57471  -51.564  -17.396  51.648 0.0000000000
57464  -51.984  -16.910  52.342 0.0000000000
117684  -52.326  -16.436  52.918 0.0000000000
58397  -52.746  -16.242  51.448 0.0000000000
59282  -52.892  -15.889  53.152 0.0000000000
60116  -54.458  -14.494  55.617 0.0000000000
61852  -55.981  -11.586  52.001 0.0000000000
63627  -56.536  -10.263  50.222 0.0000000000
62725  -55.916  -10.284  49.454 0.0000000000
123401  -14.303  -44.698  75.130 0.0000000000
32140  -14.095  -44.327  77.986 0.0000000000
122264  -38.402  -25.732  65.399 0.0000000000
122012  -37.647  -24.479  64.718 0.0000000000
52000  -38.819  -23.979  62.785 0.0000000000
52033  -37.601  -23.917  61.010 0.0000000000
40547  -23.570  -35.422  74.593 0.0000000000
124078  -23.874  -35.439  75.440 0.0000000000
42472  -32.228  -32.899  69.324 0.0000000000
42483  -31.622  -33.209  68.828 0.0000000000
105395  -31.852  -32.996  70.112 0.0000000000
43451  -32.415  -32.682  71.724 0.0000000000
42453  -31.614  -33.056  71.648 0.0000000000
42423  -31.221  -32.760  74.239 0.0000000000
44455  -32.721  -31.510  76.049 0.0000000000
37997  -17.585  -38.465  69.833 0.0000000000
37955  -17.222  -37.484  72.085 0.0000000000
38835  -16.313  -37.431  74.919 0.0000000000
53866  -42.270  -21.629  53.542 0.0000000000
53849  -42.545  -21.828  54.267 0.0000000000
54747  -42.983  -21.249  54.003 0.0000000000
54748  -43.587  -20.961  54.481 0.0000000000
110455  -44.171  -20.715  54.993 0.0000000000
54749  -44.090  -20.287  54.309 0.0000000000
54731  -44.624  -20.519  55.492 0.0000000000
54714  -45.972  -19.783  56.651 0.0000000000
55561  -46.471  -19.562  57.143 0.0000000000
61911  -49.873  -12.654  44.430 0.0000000000
64630  -53.347  -9.163  39.888 0.0000000000
65491  -56.176  -8.128  40.609 0.0000000000
65514  -56.624  -7.358  40.345 0.0000000000
66357  -56.338  -7.353  39.536 0.0000000000
66347  -56.937  -7.108  40.543 0.0000000000
119706  -15.535  -41.282  76.607 0.0000000000
36032  -15.476  -40.796  77.827 0.0000000000
116759  -15.461  -40.754  78.642 0.0000000000
105182  -15.093  -39.623  80.901 0.0000000000
49287  -39.744  -26.433  68.728 0.0000000000
49312  -38.640  -26.475  65.600 0.0000000000
47542  -38.348  -28.380  66.844 0.0000000000
114290  -38.509  -27.806  66.312 0.0000000000
48426  -38.628  -27.194  65.890 0.0000000000
49339  -36.904  -26.110  62.916 0.0000000000
40567  -20.588  -34.960  73.279 0.0000000000
106024  -21.666  -35.256  71.283 0.0000000000
40630  -22.132  -35.117  70.694 0.0000000000
106799  -21.910  -35.311  72.003 0.0000000000
112085  -24.143  -35.412  73.894 0.0000000000
40548  -24.997  -35.376  74.034 0.0000000000
40549  -25.839  -35.297  74.157 0.0000000000
111985  -30.876  -34.021  65.049 0.0000000000
105858  -31.156  -33.675  66.695 0.0000000000
42531  -32.918  -33.691  65.553 0.0000000000
105617  -32.241  -33.276  67.598 0.0000000000
43460  -33.451  -32.338  70.489 0.0000000000
116884  -33.740  -32.130  71.210 0.0000000000
43444  -34.168  -31.854  71.829 0.0000000000
44481  -34.998  -30.880  73.376 0.0000000000
45573  -36.397  -30.151  73.620 0.0000000000
115173  -36.760  -30.636  72.719 0.0000000000
117525  -36.628  -31.435  68.987 0.0000000000
120482  -37.581  -30.866  70.612 0.0000000000
45591  -38.105  -29.994  71.720 0.0000000000
47469  -38.603  -28.653  72.731 0.0000000000
47483  -38.970  -28.059  71.355 0.0000000000
48376  -39.193  -27.454  72.079 0.0000000000
38889  -17.823  -37.595  69.696 0.0000000000
121116  -18.026  -36.395  70.417 0.0000000000
52860  -44.663  -22.477  65.608 0.0000000000
51966  -44.558  -23.269  64.442 0.0000000000
52881  -45.898  -23.076  64.953 0.0000000000
51072  -43.403  -24.586  61.707 0.0000000000
116946  -44.172  -24.832  61.252 0.0000000000
121390  -46.248  -23.986  63.422 0.0000000000
51988  -46.990  -23.962  63.607 0.0000000000
106400  -45.819  -19.320  52.327 0.0000000000
56532  -47.604  -18.425  53.686 0.0000000000
56533  -48.534  -18.477  53.270 0.0000000000
56522  -48.420  -18.123  54.107 0.0000000000
57445  -48.433  -17.623  55.036 0.0000000000
57431  -49.007  -17.137  55.863 0.0000000000
58353  -49.547  -16.417  56.786 0.0000000000
57462  -50.715  -17.772  52.901 0.0000000000
57448  -50.915  -16.889  54.349 0.0000000000
113095  -51.564  -15.827  55.328 0.0000000000
125273  -51.217  -16.400  54.784 0.0000000000
58372  -50.807  -16.374  55.381 0.0000000000
58364  -50.526  -15.955  56.545 0.0000000000
29004  -10.178  -48.146  79.962 0.0000000000
51189  -38.556  -24.786  54.114 0.0000000000
52102  -39.910  -23.789  53.882 0.0000000000
52121  -40.397  -23.156  53.468 0.0000000000
53025  -40.440  -22.183  52.175 0.0000000000
113026  -41.632  -21.776  52.872 0.0000000000
53885  -42.266  -21.162  52.670 0.0000000000
54779  -42.798  -20.564  52.402 0.0000000000
54791  -41.810  -20.737  51.298 0.0000000000
54780  -43.396  -20.178  52.352 0.0000000000
55634  -43.946  -19.923  52.156 0.0000000000
55646  -44.465  -19.779  51.471 0.0000000000
55661  -43.364  -20.018  50.598 0.0000000000
122845  -44.014  -19.856  50.811 0.0000000000
55648  -46.128  -19.454  51.410 0.0000000000
55678  -46.162  -19.265  49.857 0.0000000000
55664  -46.680  -19.312  50.544 0.0000000000
123500  -48.182  -18.795  50.583 0.0000000000
105534  -48.788  -18.718  50.928 0.0000000000
56562  -49.410  -18.343  50.508 0.0000000000
57497  -46.896  -17.816  48.414 0.0000000000
56587  -47.450  -17.944  48.757 0.0000000000
56573  -48.405  -18.193  49.521 0.0000000000
57479  -50.048  -17.845  50.073 0.0000000000
117430  -50.725  -17.427  50.115 0.0000000000
57490  -51.065  -16.952  49.767 0.0000000000
57501  -50.064  -16.940  48.890 0.0000000000
125631  -50.687  -16.761  49.178 0.0000000000
58403  -51.792  -16.492  50.009 0.0000000000
58412  -51.959  -15.831  49.323 0.0000000000
60158  -52.668  -15.149  49.520 0.0000000000
59316  -52.128  -15.044  47.963 0.0000000000
60172  -51.825  -15.039  47.070 0.0000000000
109898  -50.776  -15.046  46.320 0.0000000000
60186  -51.443  -14.901  46.476 0.0000000000
61064  -49.595  -13.501  44.956 0.0000000000
111048  -48.651  -13.602  44.974 0.0000000000
34097  -15.435  -42.347  77.841 0.0000000000
34078  -15.406  -42.170  79.618 0.0000000000
33112  -15.222  -42.997  78.359 0.0000000000
33111  -14.695  -43.680  77.981 0.0000000000
32133  -14.198  -44.045  78.746 0.0000000000
114172  -14.006  -40.953  83.232 0.0000000000
34049  -12.964  -42.227  83.402 0.0000000000
34059  -13.538  -42.596  82.381 0.0000000000
33086  -14.124  -43.003  81.389 0.0000000000
32115  -13.872  -43.863  80.170 0.0000000000
32132  -13.626  -44.630  78.600 0.0000000000
31059  -13.022  -45.042  79.210 0.0000000000
29001  -10.508  -47.383  81.372 0.0000000000
28997  -10.803  -47.702  81.963 0.0000000000
112651  -44.755  -20.799  68.862 0.0000000000
51917  -39.406  -23.416  66.763 0.0000000000
117224  -40.311  -23.030  67.783 0.0000000000
52832  -40.717  -22.583  68.402 0.0000000000
52834  -42.078  -21.876  67.718 0.0000000000
52845  -43.351  -22.087  66.453 0.0000000000
51984  -42.246  -23.557  63.458 0.0000000000
112996  -39.568  -24.074  62.134 0.0000000000
52020  -40.233  -24.290  61.457 0.0000000000
51070  -41.100  -24.504  61.297 0.0000000000
51125  -39.493  -25.248  58.046 0.0000000000
50270  -38.909  -25.056  55.643 0.0000000000
51102  -34.879  -24.641  59.353 0.0000000000
51140  -34.242  -24.592  57.821 0.0000000000
51158  -35.761  -24.814  57.537 0.0000000000
50245  -36.446  -25.062  57.006 0.0000000000
116131  -37.004  -25.250  56.387 0.0000000000
50259  -37.535  -25.294  55.822 0.0000000000
50279  -36.538  -25.269  54.757 0.0000000000
41475  -19.900  -34.532  75.149 0.0000000000
41466  -20.489  -34.535  75.839 0.0000000000
41556  -23.493  -34.473  68.166 0.0000000000
41519  -24.795  -34.461  70.097 0.0000000000
41503  -25.684  -34.472  71.102 0.0000000000
41521  -26.069  -34.209  70.490 0.0000000000
40614  -25.956  -34.594  71.901 0.0000000000
40593  -26.959  -34.679  72.950 0.0000000000
40574  -27.121  -34.804  73.723 0.0000000000
107059  -28.401  -33.548  65.724 0.0000000000
42511  -28.413  -33.682  66.621 0.0000000000
105729  -30.957  -33.538  69.232 0.0000000000
123476  -29.302  -34.129  68.921 0.0000000000
41541  -28.094  -34.108  70.012 0.0000000000
41507  -28.975  -33.950  71.914 0.0000000000
41476  -27.927  -34.629  74.878 0.0000000000
41469  -29.093  -33.961  76.288 0.0000000000
105473  -29.349  -33.936  77.309 0.0000000000
117204  -30.996  -32.750  75.158 0.0000000000
42412  -30.899  -32.773  76.240 0.0000000000
34136  -15.687  -42.541  74.286 0.0000000000
123292  -16.317  -41.877  71.845 0.0000000000
35075  -16.167  -41.401  73.322 0.0000000000
35062  -15.724  -41.112  75.232 0.0000000000
39657  -16.055  -35.755  76.762 0.0000000000
51175  -40.324  -24.324  55.518 0.0000000000
105662  -41.802  -23.587  56.196 0.0000000000
105663  -42.826  -23.688  57.204 0.0000000000
52056  -44.653  -23.726  58.523 0.0000000000
52965  -43.869  -22.189  56.386 0.0000000000
52953  -44.029  -22.747  57.159 0.0000000000
52057  -45.466  -23.533  58.912 0.0000000000
125712  -46.659  -23.348  59.645 0.0000000000
52048  -47.262  -23.198  59.912 0.0000000000
52927  -47.700  -22.583  59.508 0.0000000000
56530  -45.777  -18.839  54.219 0.0000000000
56508  -45.774  -18.810  55.042 0.0000000000
56510  -46.939  -17.863  55.854 0.0000000000
56509  -46.363  -18.368  55.451 0.0000000000
55594  -45.984  -18.920  55.757 0.0000000000
55578  -46.240  -19.118  56.470 0.0000000000
55550  -47.950  -18.981  58.342 0.0000000000
121705  -47.431  -19.932  58.207 0.0000000000
60167  -53.231  -13.936  48.762 0.0000000000
125761  -53.718  -13.306  48.750 0.0000000000
61027  -52.890  -14.098  47.030 0.0000000000
61878  -54.693  -11.975  48.421 0.0000000000
62724  -55.349  -11.055  48.682 0.0000000000
62734  -55.921  -10.256  48.464 0.0000000000
61066  -51.180  -12.977  44.822 0.0000000000
61056  -53.236  -13.128  45.927 0.0000000000
107482  -53.168  -12.543  45.358 0.0000000000
61903  -53.762  -12.476  45.917 0.0000000000
63653  -57.038  -9.603  47.930 0.0000000000
63654  -57.349  -9.667  47.380 0.0000000000
63660  -56.922  -9.123  47.118 0.0000000000
63661  -57.441  -9.670  46.753 0.0000000000
63682  -52.953  -10.823  43.103 0.0000000000
63683  -53.855  -10.530  43.292 0.0000000000
64570  -56.216  -8.620  44.626 0.0000000000
65478  -56.876  -7.614  41.739 0.0000000000
64611  -57.593  -8.537  41.258 0.0000000000
33079  -12.597  -42.925  82.846 0.0000000000
33103  -14.780  -43.437  78.900 0.0000000000
36005  -14.571  -40.112  83.135 0.0000000000
51126  -40.833  -25.256  58.578 0.0000000000
56543  -47.955  -18.743  52.749 0.0000000000
56544  -48.750  -18.698  52.489 0.0000000000
56586  -46.416  -18.223  48.609 0.0000000000
57472  -52.175  -16.830  51.582 0.0000000000
58413  -52.378  -15.886  50.027 0.0000000000
59257  -53.880  -14.578  56.590 0.0000000000
59327  -47.708  -15.663  46.344 0.0000000000
62744  -57.542  -10.378  47.102 0.0000000000
63632  -56.519  -10.059  49.874 0.0000000000
64552  -57.168  -9.259  47.027 0.0000000000
64566  -57.154  -8.910  45.946 0.0000000000
65452  -57.046  -8.573  45.257 0.0000000000
65458  -57.277  -8.698  44.668 0.0000000000
120550  -44.437  -22.155  56.958 0.0000000000
122751  -54.740  -14.091  53.998 0.0000000000
123059  -46.992  -18.236  54.353 0.0000000000
126121  -25.804  -34.179  70.114 0.0000000000
