#!ascii label  , from subject sub-v2s10x28991_ses-1 vox2ras=TkReg
2260
8630  27.930  -73.768  3.286 0.2000000030
7733  28.529  -74.405  3.752 0.2000000030
8644  29.438  -73.685  2.312 0.2000000030
7734  27.440  -74.433  3.854 0.2000000030
9648  29.608  -72.186  0.845 0.1000000015
7732  29.586  -74.518  3.566 0.3000000119
7747  30.062  -74.287  2.714 0.2000000030
8665  28.830  -73.015  1.963 0.1000000015
8645  28.379  -73.352  2.631 0.2000000030
8664  29.821  -73.467  1.553 0.1000000015
9630  29.236  -72.626  1.369 0.1000000015
9647  30.512  -72.622  0.312 0.1000000015
108824  31.104  -72.329  -0.312 0.1000000015
10595  30.409  -71.757  0.117 0.1000000015
10622  34.251  -71.844  -1.668 0.1000000015
10609  31.625  -71.791  -0.737 0.1000000015
115605  31.984  -71.261  -1.099 0.1000000015
11534  35.026  -70.980  -1.622 0.2000000030
11535  33.865  -71.303  -1.875 0.1000000015
7774  31.964  -74.482  0.461 0.1000000015
8683  33.151  -73.595  -0.424 0.1000000015
7759  30.463  -74.189  1.801 0.2000000030
9661  31.444  -73.404  -0.210 0.1000000015
7775  31.450  -74.283  0.574 0.1000000015
8686  31.000  -73.706  0.375 0.1000000015
9673  33.169  -73.074  -1.255 0.1000000015
11525  35.069  -71.168  -1.135 0.1000000015
13235  36.887  -68.190  -0.213 0.2000000030
122898  35.757  -68.929  -0.533 0.2000000030
14068  37.947  -67.254  0.855 0.1000000015
13243  36.342  -68.688  -0.660 0.2000000030
14931  38.701  -66.398  1.248 0.2000000030
15866  38.826  -65.862  1.238 0.1000000015
16801  38.871  -64.958  2.015 0.1000000015
8698  33.343  -73.394  -0.861 0.1000000015
9645  33.458  -73.086  -0.291 0.1000000015
9671  34.199  -72.344  -1.411 0.1000000015
14922  38.141  -66.675  1.840 0.2000000030
15851  39.037  -65.896  2.438 0.2000000030
15850  39.283  -65.580  3.158 0.2000000030
16816  39.100  -65.767  1.834 0.2000000030
16788  39.393  -65.203  3.032 0.1000000015
17734  39.069  -64.266  3.481 0.2000000030
9659  33.799  -73.081  -0.862 0.1000000015
111998  34.118  -71.663  -0.457 0.1000000015
11526  34.797  -71.112  -0.780 0.1000000015
13244  34.990  -69.460  -0.500 0.2000000030
14953  35.807  -67.101  0.677 0.2000000030
14952  37.045  -67.327  0.839 0.3000000119
16780  39.893  -65.296  4.651 0.3000000119
121178  39.909  -64.757  4.588 0.2000000030
17724  39.378  -63.977  4.163 0.2000000030
18721  37.284  -62.895  2.981 0.2000000030
14923  37.752  -66.477  2.002 0.3000000119
13236  36.065  -68.390  -0.162 0.2000000030
15841  39.392  -65.552  4.058 0.3000000119
16766  40.142  -65.746  5.393 0.3000000119
110996  41.100  -64.864  5.879 0.3000000119
17723  39.773  -63.622  4.747 0.2000000030
18710  38.555  -62.976  4.043 0.2000000030
19698  38.223  -61.666  3.938 0.2000000030
15824  40.220  -66.113  6.850 0.4000000060
15836  39.406  -65.676  4.444 0.3000000119
15830  40.165  -66.016  5.987 0.3000000119
15852  38.378  -66.264  2.343 0.2000000030
15842  39.227  -65.665  3.522 0.2000000030
18698  41.075  -63.558  5.565 0.3000000119
18702  39.725  -62.608  4.771 0.2000000030
19691  39.897  -61.712  4.692 0.2000000030
16733  41.461  -65.359  7.377 0.3000000119
15809  41.280  -65.703  6.978 0.3000000119
18697  42.287  -63.409  6.036 0.2000000030
19689  41.588  -61.615  5.086 0.2000000030
19686  41.388  -62.455  5.401 0.2000000030
20669  41.233  -60.857  4.461 0.1000000015
122294  40.448  -62.491  5.076 0.2000000030
20670  40.207  -60.891  4.428 0.2000000030
19690  40.753  -61.619  4.869 0.2000000030
20671  39.445  -61.085  4.388 0.2000000030
112065  41.864  -63.842  7.698 0.3000000119
16732  42.638  -64.474  7.403 0.3000000119
16753  42.009  -65.107  7.234 0.3000000119
18674  43.481  -63.298  7.451 0.2000000030
17710  43.261  -63.941  7.264 0.3000000119
18689  43.898  -63.098  7.198 0.2000000030
17711  42.488  -64.639  6.889 0.3000000119
18696  43.355  -63.349  6.643 0.1000000015
19685  42.621  -62.275  5.681 0.1000000015
20668  42.986  -60.719  4.459 0.1000000015
20658  43.323  -61.424  5.441 0.1000000015
20657  44.418  -61.409  5.995 0.1000000015
20688  41.533  -60.322  3.672 0.1000000015
18690  41.764  -62.907  7.451 0.3000000119
18675  42.800  -63.671  7.667 0.2000000030
19661  42.970  -62.690  7.535 0.2000000030
20645  42.661  -60.724  7.319 0.2000000030
21751  42.954  -59.778  7.730 0.1000000015
125227  43.849  -62.364  7.447 0.1000000015
20632  44.602  -60.770  7.527 0.1000000015
19659  44.620  -61.689  7.225 0.1000000015
18695  44.036  -62.350  6.536 0.1000000015
125208  43.851  -60.847  5.115 0.1000000015
20667  44.156  -60.491  4.262 0.1000000015
19675  42.081  -61.713  7.162 0.2000000030
21737  44.587  -59.979  7.618 0.1000000015
21750  44.653  -59.491  7.255 0.1000000015
20631  45.261  -60.667  7.230 0.1000000015
20643  45.629  -60.149  6.712 0.1000000015
19658  45.113  -61.405  7.020 0.1000000015
21748  45.715  -59.719  5.878 0.1000000015
20666  45.363  -60.154  4.543 0.1000000015
20656  45.542  -60.321  5.715 0.1000000015
22778  43.791  -58.838  7.285 0.1000000015
22803  45.858  -59.161  4.171 0.1000000015
20684  45.670  -59.665  3.861 0.1000000015
22767  43.897  -59.332  7.614 0.1000000015
10624  32.593  -72.182  -1.288 0.1000000015
8685  31.771  -74.224  0.037 0.1000000015
14077  38.036  -67.273  0.151 0.1000000015
16617  26.920  -64.021  17.413 0.5000000000
16618  26.616  -63.851  18.013 0.5000000000
17577  26.489  -63.150  18.114 0.5000000000
17582  26.705  -63.269  17.340 0.5000000000
18564  26.522  -62.443  16.827 0.5000000000
16600  25.551  -63.901  20.787 0.2000000030
16604  25.750  -64.523  20.201 0.2000000030
16605  25.577  -63.758  20.146 0.3000000119
109115  25.736  -63.954  19.622 0.3000000119
17570  26.094  -63.568  18.846 0.5000000000
18552  26.254  -62.699  18.493 0.5000000000
19496  25.892  -61.481  19.181 0.5000000000
19514  26.215  -61.927  18.518 0.5000000000
20457  26.240  -61.074  18.553 0.5000000000
19530  26.459  -61.438  17.933 0.5000000000
17590  26.640  -63.223  16.407 0.5000000000
118363  26.475  -61.624  17.169 0.5000000000
127502  26.776  -63.932  15.506 0.5000000000
14836  28.838  -67.077  13.940 0.5000000000
122402  25.431  -62.612  21.015 0.3000000119
18522  25.478  -62.230  20.513 0.3000000119
18536  25.841  -62.480  19.196 0.5000000000
123426  26.447  -60.737  18.032 0.5000000000
20475  26.470  -60.849  17.413 0.5000000000
18578  26.286  -62.483  15.905 0.5000000000
16639  26.677  -63.986  14.956 0.5000000000
12274  32.872  -69.476  11.547 0.4000000060
13140  32.132  -69.030  11.880 0.5000000000
13141  31.497  -68.589  12.068 0.5000000000
14844  29.015  -66.974  13.000 0.5000000000
109822  27.919  -65.724  13.811 0.5000000000
12286  33.629  -69.705  11.035 0.4000000060
17547  25.496  -63.248  21.272 0.3000000119
19471  25.407  -61.232  21.361 0.4000000060
20426  25.460  -60.516  21.117 0.4000000060
20447  25.667  -60.967  19.844 0.5000000000
21554  25.944  -59.162  19.913 0.5000000000
20446  25.979  -60.589  19.177 0.5000000000
21567  26.123  -59.691  19.161 0.5000000000
110285  26.297  -58.767  19.181 0.5000000000
106787  26.409  -59.243  18.303 0.5000000000
106783  26.422  -60.023  17.646 0.5000000000
19541  26.260  -61.683  16.308 0.5000000000
16654  27.228  -64.757  13.970 0.6000000238
13975  30.255  -67.854  12.357 0.5000000000
14837  28.466  -66.385  13.385 0.5000000000
15748  27.523  -65.020  13.260 0.5000000000
113455  36.014  -70.465  10.326 0.4000000060
11410  35.196  -70.295  10.623 0.4000000060
12287  32.754  -69.422  10.892 0.5000000000
107881  25.473  -63.148  26.431 0.1000000015
19411  25.404  -61.193  26.528 0.1000000015
20372  25.517  -60.281  26.373 0.1000000015
110734  25.585  -62.616  25.156 0.1000000015
19423  25.411  -60.897  25.573 0.1000000015
21482  25.736  -59.449  26.247 0.1000000015
123010  25.431  -61.200  24.764 0.1000000015
20384  25.514  -59.943  25.573 0.1000000015
21495  25.700  -59.217  25.586 0.1000000015
18508  25.489  -62.462  22.348 0.2000000030
19445  25.452  -61.913  23.009 0.1000000015
19457  25.399  -61.682  22.018 0.3000000119
21544  25.623  -59.610  20.729 0.5000000000
20415  25.450  -60.003  22.568 0.4000000060
113019  25.488  -59.746  21.712 0.4000000060
22567  25.870  -58.537  20.665 0.4000000060
22579  26.201  -58.246  19.924 0.5000000000
126800  26.452  -57.516  19.889 0.5000000000
108415  26.463  -57.892  19.258 0.5000000000
22591  26.542  -58.243  18.489 0.5000000000
19555  25.930  -61.681  15.434 0.5000000000
13976  29.659  -67.436  12.658 0.5000000000
123089  30.542  -67.824  11.801 0.5000000000
11411  34.311  -70.167  10.554 0.4000000060
11437  36.934  -71.321  9.044 0.5000000000
16503  25.385  -64.387  29.096 0.1000000015
17491  25.342  -63.803  27.779 0.1000000015
112921  25.360  -63.050  27.322 0.1000000015
18467  25.360  -62.217  26.749 0.1000000015
20359  25.567  -60.536  27.247 0.1000000015
20358  25.945  -59.967  27.835 0.1000000015
18455  25.386  -62.281  27.825 0.1000000015
19397  25.438  -61.418  27.490 0.1000000015
21468  25.793  -59.704  27.045 0.1000000015
23578  28.394  -57.122  24.740 0.2000000030
107336  29.244  -57.295  24.083 0.2000000030
18495  25.597  -62.490  23.611 0.1000000015
110252  25.433  -60.805  24.111 0.1000000015
21505  25.557  -59.454  24.819 0.1000000015
22516  25.891  -58.614  25.234 0.1000000015
23580  26.654  -57.348  24.385 0.2000000030
114225  25.449  -60.266  23.441 0.2000000030
21515  25.505  -59.408  23.913 0.1000000015
22538  25.642  -58.663  23.483 0.2000000030
23590  26.571  -57.187  23.470 0.2000000030
23588  28.569  -56.823  23.926 0.2000000030
21524  25.500  -59.445  23.173 0.2000000030
22547  25.570  -58.900  22.498 0.2000000030
23609  26.292  -57.280  21.620 0.3000000119
24598  26.769  -56.675  21.079 0.4000000060
23619  26.262  -57.543  20.665 0.5000000000
16655  26.705  -64.101  14.137 0.5000000000
24608  26.755  -56.785  20.170 0.4000000060
111196  26.956  -63.725  12.183 0.5000000000
17645  26.753  -63.837  12.850 0.5000000000
17640  26.429  -63.467  13.469 0.5000000000
15757  28.455  -65.551  11.985 0.5000000000
15758  27.820  -64.983  12.343 0.5000000000
16672  26.928  -64.288  13.380 0.5000000000
21583  26.465  -59.176  17.432 0.5000000000
22603  26.584  -58.441  17.641 0.5000000000
13154  31.002  -68.287  11.455 0.5000000000
14851  29.454  -66.675  11.341 0.5000000000
113720  29.391  -66.732  12.172 0.5000000000
107252  25.870  -62.418  14.052 0.5000000000
11412  33.287  -69.989  10.406 0.5000000000
13153  31.708  -68.780  11.424 0.5000000000
15747  28.104  -65.695  12.865 0.5000000000
17619  26.272  -63.259  14.396 0.6000000238
17449  25.810  -63.410  30.134 0.1000000015
17481  25.346  -63.729  28.623 0.1000000015
18426  26.238  -62.018  30.009 0.1000000015
19365  27.218  -60.871  29.870 0.1000000015
19362  29.929  -61.215  29.503 0.1000000015
18444  25.484  -62.395  28.725 0.1000000015
19367  25.831  -61.779  29.272 0.1000000015
19384  26.037  -60.977  28.922 0.1000000015
21454  26.493  -59.578  28.222 0.1000000015
21453  27.003  -58.973  28.101 0.1000000015
22493  26.783  -58.585  27.329 0.1000000015
22514  28.654  -57.891  26.279 0.1000000015
22515  26.430  -58.031  25.682 0.1000000015
23569  28.560  -57.566  25.637 0.2000000030
23577  29.408  -57.786  24.986 0.2000000030
23571  26.852  -57.466  25.228 0.1000000015
23570  27.656  -57.342  25.473 0.2000000030
24573  26.913  -56.733  22.860 0.3000000119
24582  27.603  -56.454  22.733 0.3000000119
24570  29.084  -56.845  23.198 0.2000000030
24583  26.990  -56.552  22.035 0.3000000119
24581  28.462  -56.404  22.604 0.2000000030
110541  27.233  -56.300  20.609 0.4000000060
24596  28.364  -55.863  21.150 0.3000000119
24607  27.346  -56.165  19.963 0.4000000060
25507  27.802  -55.845  20.493 0.4000000060
108531  25.876  -61.728  12.760 0.5000000000
107542  25.695  -60.860  13.728 0.5000000000
19597  25.737  -61.656  13.508 0.5000000000
24627  27.052  -56.686  18.892 0.5000000000
21665  26.315  -59.182  13.101 0.5000000000
22694  26.800  -58.437  13.465 0.5000000000
22672  26.513  -58.557  14.374 0.5000000000
20531  25.790  -60.314  14.385 0.5000000000
19573  25.726  -61.498  14.457 0.6000000238
23658  26.792  -57.609  17.861 0.5000000000
23641  27.084  -56.836  18.111 0.5000000000
22671  27.169  -57.926  14.179 0.5000000000
22647  26.785  -57.946  14.922 0.5000000000
115237  26.094  -59.411  14.760 0.6000000238
123912  25.795  -60.936  15.087 0.5000000000
20491  26.186  -60.068  16.148 0.5000000000
122928  25.958  -60.199  15.282 0.5000000000
20511  26.019  -60.921  15.828 0.5000000000
9523  35.193  -72.648  8.295 0.4000000060
111697  36.913  -71.967  8.766 0.4000000060
11421  37.464  -70.926  9.972 0.4000000060
17490  34.732  -63.325  27.646 0.1000000015
18443  31.095  -61.920  28.779 0.1000000015
19395  32.291  -61.483  27.527 0.1000000015
20329  26.691  -60.491  29.251 0.1000000015
20326  28.678  -60.560  29.633 0.1000000015
20346  29.159  -60.198  29.111 0.1000000015
20345  30.560  -60.541  28.196 0.1000000015
118010  28.457  -60.078  29.249 0.1000000015
21450  29.696  -59.907  28.438 0.1000000015
20357  30.928  -60.281  27.479 0.1000000015
22491  28.015  -58.350  27.551 0.1000000015
21480  29.686  -58.882  27.058 0.1000000015
22503  29.140  -58.299  26.637 0.1000000015
21494  30.583  -58.947  25.571 0.2000000030
21504  30.932  -59.046  24.626 0.2000000030
110361  30.602  -58.626  24.015 0.2000000030
22525  29.982  -57.976  24.133 0.2000000030
23587  29.859  -57.582  23.372 0.2000000030
18573  36.480  -63.207  15.657 0.2000000030
23598  29.831  -57.238  22.541 0.2000000030
19551  34.467  -62.583  15.239 0.2000000030
19552  33.839  -61.707  15.500 0.2000000030
20489  33.598  -60.383  16.011 0.2000000030
22623  32.970  -58.951  16.648 0.2000000030
120056  28.636  -56.187  21.912 0.2000000030
113768  32.955  -62.286  14.910 0.2000000030
20490  32.540  -60.466  15.608 0.2000000030
21603  32.073  -59.467  15.853 0.2000000030
23673  31.216  -57.474  16.515 0.2000000030
23672  31.932  -57.762  16.779 0.3000000119
24648  31.064  -56.668  17.075 0.2000000030
24637  30.617  -56.132  17.617 0.4000000060
21619  30.580  -59.932  14.730 0.2000000030
21618  31.211  -60.265  15.119 0.3000000119
22626  30.786  -58.282  15.763 0.3000000119
23674  30.348  -57.278  16.007 0.4000000060
124696  30.779  -56.912  16.568 0.3000000119
24649  30.316  -56.326  16.714 0.4000000060
25552  29.361  -55.542  17.709 0.5000000000
25531  28.606  -55.505  19.270 0.4000000060
25543  27.983  -55.651  18.826 0.5000000000
22670  27.880  -58.163  13.442 0.5000000000
21641  28.974  -58.606  13.955 0.4000000060
22669  28.868  -57.814  14.625 0.4000000060
22646  29.576  -58.482  14.765 0.4000000060
23693  29.388  -57.413  15.311 0.4000000060
23694  28.685  -56.683  15.561 0.5000000000
24665  28.815  -56.203  16.155 0.5000000000
24650  29.338  -55.814  16.777 0.5000000000
24626  27.490  -56.165  18.434 0.5000000000
23721  28.032  -57.592  14.381 0.5000000000
23722  27.389  -57.514  14.824 0.5000000000
23696  27.116  -57.363  15.545 0.5000000000
118727  26.373  -58.733  15.182 0.5000000000
21604  26.327  -59.094  16.013 0.5000000000
22627  26.529  -58.559  16.710 0.5000000000
23677  26.768  -57.711  17.011 0.5000000000
17499  37.396  -63.976  26.292 0.1000000015
17489  35.491  -63.419  27.392 0.1000000015
18452  34.973  -62.820  27.251 0.1000000015
18476  36.381  -62.735  26.112 0.1000000015
19394  33.184  -61.640  27.190 0.1000000015
19407  35.281  -61.924  26.223 0.1000000015
19410  32.750  -60.984  26.758 0.1000000015
19408  34.599  -61.452  26.169 0.1000000015
20370  31.673  -60.122  26.531 0.1000000015
20369  33.009  -60.602  26.131 0.1000000015
21479  30.447  -59.244  26.557 0.1000000015
21493  31.407  -59.456  25.241 0.2000000030
108291  33.226  -60.402  24.899 0.2000000030
22536  30.377  -58.235  23.482 0.2000000030
23597  30.459  -58.115  22.686 0.2000000030
18563  36.213  -62.356  16.017 0.1000000015
20488  34.593  -60.680  16.326 0.2000000030
21602  33.640  -59.446  16.734 0.2000000030
23608  29.871  -56.857  21.712 0.2000000030
118531  37.604  -65.374  17.559 0.1000000015
18562  36.719  -62.920  16.667 0.1000000015
19539  35.833  -61.646  16.428 0.1000000015
20474  34.974  -60.305  17.242 0.1000000015
21581  34.060  -59.442  17.584 0.1000000015
23655  32.343  -57.773  17.406 0.1000000015
23656  31.695  -57.179  17.439 0.2000000030
24606  29.217  -55.832  20.601 0.3000000119
24595  29.213  -56.201  21.451 0.2000000030
22589  32.529  -58.043  18.308 0.1000000015
23640  31.518  -57.022  18.535 0.1000000015
24623  30.767  -56.290  18.611 0.3000000119
25530  29.298  -55.612  19.701 0.2000000030
24652  27.645  -56.431  16.680 0.5000000000
115173  28.005  -55.950  17.242 0.5000000000
24625  28.020  -55.782  17.965 0.5000000000
24639  27.534  -56.314  17.602 0.5000000000
24667  27.574  -56.776  15.898 0.5000000000
23676  27.110  -57.084  16.385 0.5000000000
23657  27.091  -56.947  17.253 0.5000000000
22648  26.572  -58.178  15.748 0.5000000000
16548  38.525  -64.645  25.261 0.1000000015
16557  38.652  -64.390  24.249 0.1000000015
126503  38.536  -63.932  23.852 0.1000000015
16558  37.976  -63.938  24.879 0.1000000015
17517  37.191  -63.202  24.580 0.1000000015
17524  38.631  -63.196  23.543 0.1000000015
110622  35.860  -62.176  25.778 0.1000000015
18477  35.883  -61.984  24.948 0.1000000015
17526  36.897  -62.919  23.795 0.1000000015
19421  34.672  -61.176  25.210 0.1000000015
20394  33.951  -60.729  24.838 0.2000000030
20396  32.575  -60.118  24.422 0.2000000030
20404  32.835  -60.369  23.627 0.2000000030
109047  31.133  -59.121  23.887 0.2000000030
110464  32.640  -60.474  22.844 0.2000000030
21514  30.917  -58.847  23.197 0.2000000030
21523  31.051  -58.828  22.342 0.2000000030
23607  30.406  -57.656  21.900 0.2000000030
16616  36.861  -65.008  17.954 0.1000000015
116369  36.443  -63.343  17.718 0.1000000015
20455  35.404  -60.964  17.887 0.1000000015
128224  34.529  -59.908  17.650 0.1000000015
21566  33.048  -58.721  18.449 0.1000000015
22566  31.110  -57.841  20.531 0.1000000015
108422  30.475  -57.322  21.087 0.2000000030
22555  30.881  -58.152  21.318 0.2000000030
113091  33.589  -59.385  18.474 0.1000000015
22590  31.922  -57.734  19.035 0.1000000015
23629  31.123  -56.855  19.307 0.2000000030
24613  30.545  -56.364  19.466 0.2000000030
23618  29.932  -56.477  20.866 0.2000000030
18489  40.998  -62.398  23.706 0.1000000015
16566  39.350  -63.956  23.617 0.1000000015
19418  39.122  -61.114  25.005 0.1000000015
19440  40.138  -61.163  23.839 0.1000000015
125349  39.379  -62.131  23.402 0.1000000015
17525  37.603  -63.154  23.698 0.1000000015
18485  36.311  -62.539  24.232 0.1000000015
18494  35.705  -62.369  23.569 0.1000000015
19443  35.032  -61.850  23.720 0.1000000015
110385  35.844  -62.575  22.884 0.1000000015
19444  34.245  -61.461  23.331 0.1000000015
20403  33.421  -60.855  23.253 0.2000000030
20414  31.925  -59.934  22.531 0.2000000030
118153  31.393  -59.311  22.674 0.2000000030
117290  32.441  -60.630  21.942 0.2000000030
21522  31.492  -59.449  21.971 0.2000000030
21533  31.564  -59.508  21.172 0.1000000015
22554  31.199  -58.848  21.597 0.2000000030
17573  38.417  -64.465  18.157 0.1000000015
16609  37.169  -65.099  18.508 0.1000000015
16610  36.675  -64.885  18.520 0.1000000015
19512  35.461  -62.017  18.397 0.1000000015
114482  31.365  -58.727  20.830 0.2000000030
17575  35.911  -64.549  18.920 0.1000000015
18550  35.246  -63.308  18.812 0.1000000015
20456  34.188  -59.948  18.423 0.1000000015
21552  32.887  -59.476  19.325 0.1000000015
22578  32.421  -58.577  19.180 0.1000000015
111165  31.726  -58.446  19.941 0.2000000030
20379  37.965  -60.185  25.117 0.1000000015
20392  39.249  -60.229  24.016 0.1000000015
20402  39.080  -60.356  23.539 0.1000000015
18492  37.272  -62.580  23.173 0.1000000015
114700  36.505  -62.531  22.851 0.1000000015
18507  35.102  -62.328  22.894 0.1000000015
19455  33.738  -61.436  22.616 0.2000000030
108261  34.843  -62.414  22.178 0.1000000015
19469  33.584  -61.782  21.782 0.2000000030
19456  33.091  -61.090  22.302 0.2000000030
126552  33.647  -62.227  21.224 0.1000000015
19470  32.828  -61.345  21.452 0.2000000030
18532  37.324  -62.957  19.282 0.1000000015
17567  35.985  -64.343  19.274 0.1000000015
18533  36.477  -63.159  19.734 0.1000000015
17554  35.442  -63.634  19.796 0.1000000015
18520  34.264  -63.070  20.130 0.1000000015
19480  33.245  -61.995  20.350 0.1000000015
119956  33.229  -61.963  21.013 0.1000000015
17574  37.705  -64.416  18.650 0.1000000015
120080  35.507  -64.142  19.226 0.1000000015
17568  35.096  -63.756  19.509 0.1000000015
18534  34.343  -62.943  19.643 0.1000000015
20445  32.886  -60.512  19.758 0.1000000015
20433  32.494  -60.751  20.400 0.1000000015
20434  31.999  -60.154  20.773 0.1000000015
17576  35.321  -64.021  19.099 0.1000000015
110414  34.726  -62.624  19.081 0.1000000015
19494  33.481  -61.114  19.572 0.1000000015
21543  31.829  -59.376  20.437 0.1000000015
21489  37.610  -59.575  24.757 0.1000000015
21500  38.668  -59.817  23.771 0.1000000015
19452  38.524  -60.574  22.890 0.1000000015
18504  37.077  -62.106  22.429 0.1000000015
18505  36.036  -62.427  22.196 0.1000000015
124881  37.221  -60.066  19.504 0.1000000015
20442  37.351  -60.756  19.763 0.1000000015
19479  36.651  -61.772  20.929 0.1000000015
18515  35.119  -62.576  21.588 0.1000000015
110475  37.371  -60.408  18.944 0.1000000015
19492  36.694  -62.062  20.190 0.1000000015
19478  37.176  -61.255  20.401 0.1000000015
123448  35.155  -62.971  20.674 0.1000000015
112237  34.538  -62.859  20.740 0.1000000015
108001  37.572  -61.213  18.918 0.1000000015
19491  37.295  -61.903  19.562 0.1000000015
18519  35.931  -62.663  20.457 0.1000000015
18521  33.771  -62.514  20.678 0.1000000015
20413  38.060  -60.121  22.290 0.1000000015
21531  37.510  -59.710  21.855 0.1000000015
19468  36.829  -61.814  21.644 0.1000000015
20423  37.628  -60.330  21.539 0.1000000015
21551  36.739  -59.417  19.679 0.1000000015
121125  37.232  -60.019  20.216 0.1000000015
21541  36.875  -59.535  20.535 0.1000000015
18514  35.871  -62.417  21.342 0.1000000015
21564  37.036  -59.704  18.863 0.1000000015
20432  37.353  -60.509  20.727 0.1000000015
18537  25.559  -62.578  19.936 0.4000000060
129108  26.395  -60.287  16.935 0.5000000000
19497  25.608  -61.842  19.870 0.4000000060
22557  25.665  -58.767  21.496 0.4000000060
18478  25.486  -62.638  25.913 0.1000000015
21481  26.174  -58.945  26.821 0.1000000015
109304  25.410  -60.957  22.723 0.2000000030
108451  25.890  -57.974  21.306 0.4000000060
18407  26.135  -62.717  30.280 0.1000000015
20350  25.715  -60.748  28.117 0.1000000015
23589  27.090  -56.892  24.048 0.3000000119
22526  26.217  -57.927  24.827 0.2000000030
22537  26.056  -57.890  23.935 0.2000000030
22546  25.908  -57.912  23.000 0.2000000030
24572  27.329  -56.682  23.447 0.3000000119
23599  26.378  -57.234  22.520 0.3000000119
24571  28.166  -56.555  23.366 0.2000000030
24597  27.519  -56.173  21.249 0.3000000119
18617  26.048  -62.539  13.204 0.5000000000
19347  26.796  -61.561  30.214 0.1000000015
19364  28.102  -60.937  30.145 0.1000000015
123102  29.366  -60.734  29.469 0.1000000015
20348  27.000  -59.696  28.812 0.1000000015
21452  27.748  -59.203  28.520 0.1000000015
21451  28.696  -59.547  28.679 0.1000000015
22504  28.345  -58.055  26.885 0.1000000015
22505  27.414  -58.059  26.942 0.1000000015
23560  27.103  -57.687  26.066 0.1000000015
22513  29.264  -58.073  25.877 0.1000000015
122575  29.879  -58.382  25.482 0.2000000030
109865  27.905  -56.192  21.968 0.3000000119
25520  28.496  -55.632  20.165 0.4000000060
111934  25.752  -60.803  12.866 0.5000000000
20554  25.833  -60.014  13.433 0.5000000000
120364  26.024  -59.828  12.652 0.5000000000
19380  32.184  -62.162  28.118 0.1000000015
18453  33.516  -62.301  27.533 0.1000000015
20344  31.051  -61.265  28.341 0.1000000015
19396  31.407  -60.914  27.685 0.1000000015
21465  29.313  -59.183  27.892 0.1000000015
20371  30.995  -59.870  26.885 0.1000000015
20356  32.005  -60.701  26.994 0.1000000015
21478  31.198  -59.545  26.106 0.1000000015
21503  31.692  -59.570  24.294 0.2000000030
19550  35.451  -62.158  15.699 0.2000000030
18574  35.241  -63.226  15.046 0.2000000030
20507  32.801  -61.462  15.318 0.2000000030
116920  32.985  -59.692  16.152 0.2000000030
22624  32.370  -58.376  16.675 0.2000000030
21582  33.498  -58.899  17.535 0.1000000015
126589  31.774  -60.585  15.289 0.2000000030
22644  31.052  -59.268  15.496 0.2000000030
22625  31.566  -58.446  16.203 0.3000000119
24624  29.985  -55.662  18.225 0.4000000060
21620  29.907  -59.480  14.351 0.5000000000
22645  30.275  -59.023  15.118 0.4000000060
20509  31.413  -61.086  14.729 0.2000000030
127676  30.084  -58.136  15.393 0.4000000060
23675  29.523  -56.530  16.027 0.5000000000
25542  28.738  -55.497  18.327 0.5000000000
24614  30.052  -55.791  19.168 0.3000000119
21640  29.780  -59.652  13.736 0.5000000000
23695  27.880  -56.944  15.232 0.5000000000
17510  37.415  -63.595  25.597 0.1000000015
18464  35.578  -62.594  26.650 0.1000000015
19409  33.619  -61.098  26.388 0.1000000015
19420  35.296  -61.647  25.517 0.1000000015
20383  31.922  -59.902  25.788 0.1000000015
20382  32.672  -60.248  25.463 0.2000000030
19434  33.933  -60.903  23.981 0.2000000030
20473  35.420  -60.939  16.821 0.1000000015
19529  35.901  -61.608  17.492 0.1000000015
16556  39.564  -64.873  23.946 0.1000000015
17523  40.683  -63.538  23.470 0.1000000015
19432  35.224  -61.590  24.659 0.1000000015
19433  34.530  -61.251  24.285 0.2000000030
15686  37.750  -65.693  18.166 0.1000000015
17580  36.362  -64.488  18.382 0.1000000015
18557  36.049  -62.634  18.067 0.1000000015
110581  30.693  -56.894  20.169 0.2000000030
20444  33.576  -60.162  19.160 0.1000000015
23628  31.366  -57.506  19.711 0.1000000015
19429  40.622  -61.692  23.900 0.1000000015
18483  41.023  -62.012  23.993 0.1000000015
18484  40.459  -61.382  24.047 0.1000000015
19419  38.221  -60.872  25.508 0.1000000015
19431  38.855  -60.465  24.637 0.1000000015
19430  39.783  -60.789  24.145 0.1000000015
18490  40.246  -61.723  23.654 0.1000000015
20391  39.626  -60.690  23.801 0.1000000015
18491  38.412  -62.304  23.259 0.1000000015
19441  39.383  -61.149  23.401 0.1000000015
18486  35.631  -62.070  24.224 0.1000000015
18493  36.395  -62.674  23.429 0.1000000015
20425  31.906  -60.124  21.554 0.2000000030
19481  32.761  -61.441  20.698 0.1000000015
16608  37.858  -65.252  18.453 0.1000000015
16603  36.443  -64.727  18.835 0.1000000015
18549  35.749  -63.984  18.620 0.1000000015
19513  34.823  -61.419  18.730 0.1000000015
21553  32.216  -59.186  19.807 0.1000000015
20393  38.475  -59.877  24.349 0.1000000015
19442  38.182  -61.600  22.798 0.1000000015
18506  35.381  -62.483  22.362 0.1000000015
18516  34.247  -62.401  21.517 0.1000000015
19511  37.716  -62.172  18.798 0.1000000015
18548  37.731  -63.281  18.782 0.1000000015
17566  36.906  -64.268  19.192 0.1000000015
17555  34.812  -63.476  20.138 0.1000000015
17569  34.665  -63.431  19.742 0.1000000015
18535  33.722  -62.518  19.986 0.1000000015
21542  32.346  -59.945  20.089 0.1000000015
21501  37.983  -59.381  24.088 0.1000000015
20412  38.477  -59.921  23.068 0.1000000015
19453  37.780  -60.992  22.059 0.1000000015
19467  37.353  -61.049  21.222 0.1000000015
21520  37.795  -59.576  22.671 0.1000000015
21540  37.321  -59.873  21.027 0.1000000015
21532  36.742  -59.258  21.347 0.1000000015
22576  36.110  -58.516  19.470 0.1000000015
13927  28.556  -67.819  18.515 0.1000000015
13096  29.980  -68.353  17.927 0.1000000015
13926  29.274  -67.964  17.982 0.1000000015
14783  28.145  -67.027  18.046 0.1000000015
14785  26.908  -66.064  18.749 0.1000000015
13921  27.628  -67.540  19.523 0.1000000015
14773  26.776  -66.634  20.082 0.1000000015
13095  30.811  -68.812  17.882 0.2000000030
15683  26.167  -65.332  19.839 0.1000000015
13931  30.708  -67.882  17.144 0.2000000030
13932  29.753  -67.584  17.378 0.1000000015
13093  32.481  -68.713  16.540 0.2000000030
13933  28.927  -67.323  17.670 0.1000000015
15688  26.463  -65.346  19.014 0.1000000015
12222  33.043  -69.204  16.397 0.2000000030
13930  31.445  -67.977  16.523 0.2000000030
14788  27.822  -66.249  17.715 0.2000000030
13945  30.084  -67.337  16.709 0.2000000030
14787  28.572  -66.565  17.344 0.2000000030
109441  27.324  -65.919  18.137 0.3000000119
16612  26.491  -64.543  18.529 0.3000000119
15694  27.493  -65.346  17.556 0.3000000119
13944  30.783  -67.546  16.361 0.2000000030
14801  29.521  -66.905  16.365 0.2000000030
11349  33.927  -70.153  15.938 0.2000000030
15705  28.169  -65.832  17.104 0.2000000030
12235  33.169  -69.404  15.799 0.2000000030
7593  35.345  -74.309  14.397 0.1000000015
11336  33.662  -69.876  16.439 0.2000000030
13106  31.993  -68.229  16.171 0.2000000030
107290  32.566  -68.653  16.015 0.2000000030
16611  26.961  -64.586  17.805 0.4000000060
9404  36.574  -72.790  16.000 0.1000000015
11366  34.685  -70.825  15.968 0.1000000015
14800  30.149  -67.273  16.183 0.2000000030
8477  36.248  -73.449  15.877 0.1000000015
15706  27.776  -65.141  16.841 0.4000000060
108476  35.426  -71.596  15.835 0.2000000030
13117  31.867  -68.286  15.842 0.2000000030
123872  34.665  -71.374  15.166 0.2000000030
8494  36.533  -73.518  14.121 0.1000000015
8504  36.925  -73.067  13.463 0.2000000030
8485  36.768  -73.262  14.851 0.1000000015
8493  37.000  -72.994  14.223 0.1000000015
126476  33.346  -70.245  15.309 0.2000000030
108155  30.947  -68.130  15.575 0.2000000030
13952  30.435  -67.534  15.806 0.2000000030
14814  28.965  -66.537  15.844 0.4000000060
9417  36.196  -72.418  15.448 0.1000000015
13953  29.606  -67.506  15.285 0.4000000060
16624  27.356  -64.510  16.444 0.4000000060
11367  33.985  -70.799  15.187 0.3000000119
11368  32.409  -70.121  14.778 0.3000000119
10419  35.287  -71.992  14.706 0.2000000030
10420  34.022  -71.599  14.147 0.4000000060
14824  28.934  -67.005  15.019 0.4000000060
17589  26.901  -63.899  16.055 0.4000000060
11384  33.179  -71.084  13.417 0.4000000060
16636  38.056  -65.407  15.432 0.1000000015
17600  37.012  -64.049  15.452 0.1000000015
15722  27.716  -65.219  15.996 0.4000000060
13124  30.372  -68.722  14.688 0.4000000060
111419  28.376  -66.262  15.167 0.5000000000
11385  32.358  -70.615  13.725 0.4000000060
106866  33.101  -70.872  14.377 0.3000000119
12246  31.504  -69.645  14.609 0.4000000060
12255  31.147  -69.597  13.497 0.4000000060
127146  37.318  -64.773  14.972 0.1000000015
15720  38.326  -65.848  14.758 0.1000000015
17601  35.797  -63.941  14.507 0.1000000015
125450  27.464  -65.067  15.202 0.4000000060
14825  28.389  -66.416  14.314 0.5000000000
15736  27.574  -65.290  14.483 0.5000000000
16637  36.414  -64.427  14.257 0.1000000015
18575  34.320  -63.240  14.535 0.1000000015
17639  35.151  -63.910  13.936 0.1000000015
17618  35.546  -64.173  13.966 0.1000000015
18577  32.788  -62.545  14.372 0.1000000015
13091  29.348  -68.440  18.677 0.1000000015
13928  27.762  -67.360  18.806 0.1000000015
14778  26.590  -66.077  19.541 0.1000000015
14777  27.126  -66.863  19.315 0.1000000015
13920  28.081  -67.890  19.235 0.1000000015
16599  25.768  -64.634  21.080 0.1000000015
17581  27.038  -63.886  16.820 0.4000000060
18576  33.547  -62.773  14.640 0.1000000015
12218  31.487  -69.250  17.836 0.1000000015
14802  28.759  -66.315  16.607 0.3000000119
12236  32.237  -69.051  15.519 0.2000000030
15721  28.339  -65.921  15.928 0.4000000060
13123  31.248  -68.901  15.197 0.3000000119
13962  29.343  -67.661  14.503 0.4000000060
16653  37.384  -64.993  14.285 0.1000000015
18590  34.046  -63.235  14.158 0.1000000015
13917  27.330  -67.312  20.310 0.1000000015
116753  24.107  -72.690  8.219 0.1000000015
8578  24.187  -73.336  7.361 0.1000000015
6804  24.367  -76.117  7.912 0.1000000015
8563  23.692  -72.578  7.487 0.1000000015
115708  24.708  -75.027  9.021 0.1000000015
9527  23.909  -72.251  8.813 0.1000000015
108439  22.892  -72.072  7.481 0.1000000015
9549  21.604  -71.996  7.178 0.1000000015
9547  23.156  -72.405  6.756 0.1000000015
2289  22.418  -82.537  18.332 0.1000000015
107963  19.179  -74.304  11.295 0.1000000015
108406  19.002  -73.665  9.972 0.1000000015
7646  24.715  -74.156  8.972 0.1000000015
8549  19.281  -73.215  9.160 0.1000000015
8562  24.421  -73.596  8.166 0.1000000015
9529  20.470  -72.261  8.549 0.1000000015
7645  24.969  -74.805  9.607 0.1000000015
9550  20.743  -72.178  7.565 0.1000000015
6790  24.555  -75.698  8.635 0.1000000015
119844  22.385  -82.913  20.735 0.1000000015
2288  23.064  -82.069  17.680 0.1000000015
2300  23.198  -82.032  16.642 0.1000000015
2780  23.407  -82.612  21.975 0.1000000015
2254  22.738  -82.796  21.304 0.1000000015
2268  22.690  -82.701  19.801 0.1000000015
2277  22.956  -82.312  18.743 0.1000000015
3367  23.410  -80.849  16.481 0.1000000015
5309  20.348  -77.359  13.866 0.1000000015
6756  19.452  -75.434  12.561 0.1000000015
8547  24.534  -73.006  8.983 0.1000000015
9528  23.258  -71.981  8.280 0.1000000015
7635  25.415  -74.480  10.388 0.1000000015
6069  25.001  -76.501  9.894 0.1000000015
6070  24.663  -76.461  9.236 0.1000000015
2810  23.456  -81.773  18.305 0.1000000015
2819  23.354  -81.631  17.327 0.1000000015
2245  23.824  -82.747  22.111 0.1000000015
2267  23.129  -82.702  20.513 0.1000000015
2802  23.452  -82.196  19.358 0.1000000015
3348  23.772  -81.218  18.068 0.1000000015
3357  23.551  -81.077  17.241 0.1000000015
3942  23.225  -79.589  16.677 0.1000000015
111688  22.228  -78.890  15.463 0.1000000015
4609  21.319  -78.211  14.656 0.1000000015
4603  21.830  -78.047  15.287 0.1000000015
5299  21.416  -77.466  14.862 0.1000000015
6015  20.649  -75.874  14.105 0.1000000015
6743  19.993  -75.648  13.312 0.1000000015
113023  20.473  -74.948  13.607 0.1000000015
7628  19.789  -73.779  11.580 0.1000000015
9491  21.592  -71.964  10.599 0.1000000015
7636  24.974  -73.734  9.680 0.1000000015
9489  24.282  -72.034  10.273 0.1000000015
106921  23.257  -71.791  9.234 0.1000000015
9510  22.488  -71.690  9.982 0.1000000015
115905  21.224  -71.937  8.952 0.1000000015
6776  25.704  -75.572  10.766 0.1000000015
6783  25.212  -75.612  10.108 0.1000000015
114178  24.557  -80.057  18.593 0.1000000015
2772  24.850  -82.896  22.944 0.1000000015
2252  24.321  -82.944  21.871 0.1000000015
2253  23.535  -82.767  21.469 0.1000000015
2789  24.094  -82.191  20.097 0.1000000015
3332  24.788  -81.300  19.400 0.1000000015
3347  24.409  -80.841  18.661 0.1000000015
3356  23.950  -80.319  17.975 0.1000000015
4595  23.290  -78.494  17.161 0.1000000015
5274  22.590  -77.710  16.280 0.1000000015
6000  22.078  -76.469  15.653 0.1000000015
2237  24.620  -82.952  22.614 0.1000000015
2244  25.303  -83.030  22.397 0.1000000015
125778  24.435  -82.557  21.005 0.1000000015
2801  25.040  -81.826  20.250 0.1000000015
5287  21.726  -77.081  15.264 0.1000000015
126444  21.676  -76.545  15.204 0.1000000015
7605  20.509  -74.208  13.137 0.1000000015
6755  19.958  -74.783  12.877 0.1000000015
8514  20.759  -73.514  12.689 0.1000000015
7617  20.149  -74.017  12.377 0.1000000015
9469  21.033  -72.495  11.347 0.1000000015
8525  20.496  -73.274  11.883 0.1000000015
10483  22.985  -71.571  11.303 0.1000000015
118335  21.740  -71.982  11.284 0.1000000015
8535  20.147  -73.007  11.026 0.1000000015
9488  24.857  -72.509  10.483 0.1000000015
9509  23.490  -71.744  10.067 0.1000000015
10493  23.038  -71.598  10.606 0.1000000015
8534  25.680  -73.686  11.141 0.1000000015
7627  25.934  -74.700  11.113 0.1000000015
6046  26.068  -76.507  11.135 0.1000000015
6037  26.669  -76.460  11.665 0.1000000015
6765  26.258  -75.583  11.344 0.1000000015
3918  25.700  -79.552  19.197 0.1000000015
3932  24.301  -79.241  18.272 0.1000000015
2771  25.428  -83.032  23.233 0.1000000015
2770  26.367  -82.990  23.007 0.1000000015
2778  26.037  -82.882  22.441 0.1000000015
2787  26.112  -82.183  21.461 0.1000000015
3315  25.859  -81.518  20.477 0.1000000015
3331  25.578  -80.954  19.729 0.1000000015
3346  25.157  -80.339  19.145 0.1000000015
123280  23.968  -78.803  17.963 0.1000000015
5273  22.997  -77.645  16.837 0.1000000015
5989  22.650  -76.817  16.387 0.1000000015
2235  25.852  -83.182  23.227 0.1000000015
2788  25.196  -82.441  21.226 0.1000000015
113588  22.490  -75.946  16.158 0.1000000015
6731  22.085  -75.494  15.657 0.1000000015
6732  21.574  -75.114  15.072 0.1000000015
7595  21.539  -74.308  14.803 0.1000000015
7604  21.251  -73.940  14.178 0.1000000015
9437  22.242  -72.001  13.151 0.1000000015
9438  21.754  -72.577  13.373 0.1000000015
9487  25.257  -72.702  11.051 0.1000000015
119241  25.594  -72.360  12.382 0.1000000015
9466  25.047  -72.178  11.754 0.1000000015
10481  24.266  -71.692  11.727 0.1000000015
10468  22.863  -71.613  12.172 0.1000000015
9467  22.261  -71.783  11.659 0.1000000015
9465  25.663  -72.943  11.728 0.1000000015
10492  23.764  -71.655  10.930 0.1000000015
8523  26.013  -73.629  11.739 0.1000000015
8512  26.240  -73.182  12.202 0.1000000015
110937  26.107  -74.161  11.500 0.1000000015
6035  28.163  -76.508  12.460 0.1000000015
2756  27.375  -82.314  25.158 0.1000000015
2764  26.723  -82.552  24.270 0.1000000015
2765  25.967  -82.861  23.575 0.1000000015
3296  27.662  -81.835  22.965 0.1000000015
3303  27.462  -81.413  21.891 0.1000000015
3919  25.036  -79.392  18.854 0.1000000015
2763  27.112  -82.555  24.453 0.1000000015
113656  27.096  -82.383  22.690 0.1000000015
2786  26.880  -81.531  21.335 0.1000000015
3329  27.230  -80.280  20.128 0.1000000015
4569  24.894  -78.449  18.621 0.1000000015
5248  24.699  -77.589  18.381 0.1000000015
5982  23.853  -76.808  17.697 0.1000000015
5247  25.533  -77.605  18.636 0.1000000015
6704  24.365  -76.104  17.837 0.1000000015
6714  23.644  -75.315  17.228 0.1000000015
6724  22.614  -75.076  16.263 0.1000000015
7587  22.132  -74.252  15.571 0.1000000015
6723  23.283  -74.787  16.816 0.1000000015
8472  22.618  -73.443  15.932 0.1000000015
8481  22.810  -72.691  15.769 0.1000000015
9422  22.158  -72.381  14.092 0.1000000015
10450  22.777  -71.710  13.758 0.1000000015
9421  22.839  -71.830  14.588 0.1000000015
10466  24.760  -71.768  12.590 0.1000000015
10449  23.512  -71.542  13.440 0.1000000015
123661  26.110  -72.465  12.686 0.1000000015
9436  25.581  -71.917  13.173 0.1000000015
9450  26.787  -72.769  12.607 0.1000000015
8511  27.134  -73.722  12.315 0.1000000015
7626  26.453  -74.780  11.604 0.1000000015
6754  26.873  -75.582  11.845 0.1000000015
6753  27.576  -75.563  12.224 0.1000000015
127791  28.833  -79.564  20.049 0.1000000015
3901  28.913  -79.315  19.451 0.1000000015
2746  27.707  -82.065  25.468 0.1000000015
2762  27.751  -82.167  24.846 0.1000000015
3291  28.187  -81.664  24.360 0.1000000015
3295  28.255  -81.257  23.464 0.1000000015
3313  27.390  -80.723  20.887 0.1000000015
3894  28.146  -79.919  20.263 0.1000000015
4556  28.473  -78.960  18.979 0.1000000015
4567  27.988  -78.312  18.759 0.1000000015
2768  27.699  -82.193  24.008 0.1000000015
3903  26.917  -79.796  19.623 0.1000000015
5246  26.486  -77.565  18.698 0.1000000015
115132  27.010  -76.690  18.521 0.1000000015
6713  25.042  -75.441  17.990 0.1000000015
5975  25.214  -76.820  18.422 0.1000000015
7567  24.041  -74.541  17.340 0.1000000015
8471  23.160  -73.139  16.355 0.1000000015
9399  23.527  -72.336  16.105 0.1000000015
9410  23.125  -71.989  15.390 0.1000000015
10428  24.536  -71.555  14.869 0.1000000015
10446  26.228  -71.701  13.787 0.1000000015
10447  24.789  -71.643  13.412 0.1000000015
10448  24.203  -71.542  13.191 0.1000000015
9435  26.462  -72.117  13.139 0.1000000015
9449  27.670  -72.941  12.605 0.1000000015
4516  29.928  -78.810  23.558 0.1000000015
107714  28.706  -80.640  25.120 0.1000000015
112347  29.209  -79.688  24.357 0.1000000015
3879  29.456  -79.423  22.167 0.1000000015
3885  29.512  -79.358  20.984 0.1000000015
4547  30.529  -78.951  19.904 0.1000000015
3846  27.621  -81.209  26.481 0.1000000015
3270  28.118  -81.476  25.773 0.1000000015
3875  28.693  -80.671  24.161 0.1000000015
3886  28.767  -79.908  21.735 0.1000000015
118498  28.771  -79.710  20.717 0.1000000015
116926  29.405  -78.831  18.831 0.1000000015
5243  29.521  -78.102  18.606 0.1000000015
5973  27.924  -76.699  18.568 0.1000000015
5245  27.504  -77.504  18.622 0.1000000015
7550  26.028  -75.212  18.166 0.1000000015
7566  24.709  -74.804  17.668 0.1000000015
115551  24.739  -74.173  17.548 0.1000000015
8470  23.901  -72.858  16.772 0.1000000015
10411  24.929  -71.669  15.635 0.1000000015
10427  25.251  -71.598  14.094 0.1000000015
109624  27.675  -71.889  13.382 0.1000000015
9433  28.090  -72.354  13.013 0.1000000015
3859  29.044  -79.599  25.098 0.1000000015
4531  30.153  -78.880  22.527 0.1000000015
4539  30.316  -78.957  21.319 0.1000000015
5235  30.336  -77.942  18.801 0.1000000015
5962  29.887  -76.986  19.025 0.1000000015
5972  28.637  -76.760  18.672 0.1000000015
6701  28.236  -76.045  18.719 0.1000000015
6702  26.908  -75.118  18.425 0.1000000015
116933  25.465  -74.441  17.839 0.1000000015
8461  26.021  -73.557  17.796 0.1000000015
8462  25.170  -73.502  17.510 0.1000000015
10390  25.908  -71.919  16.845 0.1000000015
9390  24.768  -72.766  17.064 0.1000000015
10410  25.942  -71.483  15.519 0.1000000015
10401  25.434  -71.763  16.275 0.1000000015
114039  26.705  -71.197  15.831 0.1000000015
114795  25.346  -71.546  14.936 0.1000000015
11353  27.363  -70.826  15.749 0.1000000015
113881  26.926  -71.132  15.056 0.1000000015
10426  26.110  -71.523  14.577 0.1000000015
114453  27.666  -71.449  13.859 0.1000000015
107401  29.132  -71.675  13.757 0.1000000015
8498  30.714  -73.305  13.198 0.1000000015
4502  29.609  -78.782  24.370 0.1000000015
4501  30.418  -78.185  23.718 0.1000000015
4538  31.402  -78.573  20.553 0.1000000015
5234  31.209  -78.140  19.309 0.1000000015
5953  31.352  -77.620  19.643 0.1000000015
4503  29.054  -78.489  24.938 0.1000000015
4546  31.499  -78.372  19.700 0.1000000015
5963  29.011  -76.413  18.924 0.1000000015
7533  28.060  -74.889  19.416 0.1000000015
7549  26.389  -74.365  18.178 0.1000000015
8453  26.684  -73.536  18.251 0.1000000015
10399  27.017  -71.042  16.532 0.1000000015
10400  26.257  -71.499  16.323 0.1000000015
10425  27.665  -71.076  14.529 0.1000000015
10424  28.413  -71.233  14.133 0.1000000015
10423  29.335  -71.120  14.538 0.1000000015
9419  31.683  -72.417  14.487 0.1000000015
9418  32.580  -72.858  14.826 0.1000000015
5904  30.103  -76.612  24.416 0.1000000015
122974  29.757  -77.666  24.416 0.1000000015
5192  31.405  -77.846  23.192 0.1000000015
4529  32.093  -78.303  21.267 0.1000000015
5218  33.529  -77.320  21.360 0.1000000015
5952  32.144  -77.758  20.051 0.1000000015
116434  32.021  -78.028  22.285 0.1000000015
4537  32.217  -78.206  20.175 0.1000000015
6667  29.961  -76.131  20.689 0.1000000015
6678  29.289  -76.060  19.751 0.1000000015
6679  28.531  -75.141  19.991 0.1000000015
8452  27.172  -73.392  18.834 0.1000000015
9379  27.191  -72.447  19.122 0.1000000015
10389  26.410  -72.018  17.393 0.1000000015
10370  31.297  -71.187  19.511 0.1000000015
10377  31.265  -71.289  18.907 0.1000000015
118462  30.447  -70.989  18.726 0.1000000015
11331  29.629  -70.510  18.004 0.1000000015
11332  28.511  -70.301  17.519 0.1000000015
10388  27.025  -71.259  17.473 0.1000000015
114290  26.515  -71.538  16.918 0.1000000015
11330  30.782  -71.155  18.160 0.1000000015
11333  27.671  -70.592  17.079 0.1000000015
10376  31.639  -71.133  19.082 0.1000000015
115941  31.820  -71.213  18.621 0.1000000015
10387  31.286  -71.329  17.564 0.1000000015
10398  30.912  -71.235  16.573 0.1000000015
115094  29.016  -70.377  16.111 0.1000000015
11352  28.234  -70.526  15.708 0.1000000015
122789  31.926  -71.051  18.703 0.1000000015
10375  32.313  -71.100  18.140 0.1000000015
10397  31.848  -71.597  17.011 0.1000000015
11351  29.145  -70.623  15.385 0.1000000015
10407  31.495  -71.650  16.002 0.1000000015
10422  30.322  -71.409  14.736 0.1000000015
9387  33.718  -71.917  17.344 0.1000000015
9408  32.006  -72.208  15.452 0.1000000015
8480  33.484  -73.270  15.241 0.1000000015
5903  31.088  -76.533  24.141 0.1000000015
5182  30.766  -77.387  23.922 0.1000000015
5917  31.774  -77.263  23.495 0.1000000015
5916  32.899  -77.325  23.076 0.1000000015
5208  33.032  -77.750  21.570 0.1000000015
5191  32.445  -77.707  22.671 0.1000000015
5207  33.752  -77.372  21.555 0.1000000015
5941  32.715  -77.589  20.687 0.1000000015
120534  31.827  -77.022  20.662 0.1000000015
6666  30.732  -76.117  21.366 0.1000000015
7519  28.061  -74.379  20.061 0.1000000015
11307  27.832  -70.895  19.714 0.1000000015
10379  26.806  -71.979  18.012 0.1000000015
11320  30.696  -71.175  19.399 0.1000000015
11321  29.594  -70.610  19.011 0.1000000015
11322  28.572  -70.383  18.512 0.1000000015
11313  27.778  -70.725  18.943 0.1000000015
12212  31.884  -70.121  18.240 0.1000000015
11318  32.268  -70.737  18.214 0.1000000015
6638  31.475  -75.639  24.475 0.1000000015
5901  33.181  -76.831  23.436 0.1000000015
5902  32.161  -76.583  23.782 0.1000000015
5189  34.089  -77.241  21.678 0.1000000015
5914  34.570  -76.829  21.951 0.1000000015
5926  34.176  -77.034  21.514 0.1000000015
5927  33.417  -76.903  21.295 0.1000000015
5928  32.051  -76.573  21.307 0.1000000015
108759  31.052  -75.617  22.209 0.1000000015
6660  29.746  -75.495  21.489 0.1000000015
109022  28.475  -74.589  20.666 0.1000000015
120524  27.673  -72.825  20.624 0.1000000015
8436  28.137  -73.783  20.904 0.1000000015
10360  27.854  -71.677  20.942 0.1000000015
9359  27.886  -72.179  21.253 0.1000000015
9373  27.389  -72.180  19.985 0.1000000015
11310  30.865  -71.190  20.028 0.1000000015
11305  30.000  -70.966  20.613 0.1000000015
11306  28.297  -70.885  20.298 0.1000000015
120091  27.059  -71.931  18.646 0.1000000015
12198  31.270  -70.597  20.092 0.1000000015
11303  31.177  -70.890  20.772 0.1000000015
11309  31.511  -70.981  19.517 0.1000000015
6637  32.861  -75.972  24.142 0.1000000015
6650  33.871  -76.598  23.390 0.1000000015
6649  34.761  -76.456  22.753 0.1000000015
6658  34.076  -76.593  21.640 0.1000000015
120943  33.353  -76.144  21.885 0.1000000015
7502  32.578  -75.257  22.595 0.1000000015
124244  30.035  -75.228  22.210 0.1000000015
108738  30.492  -74.682  22.763 0.1000000015
7505  28.931  -74.131  22.084 0.1000000015
9349  29.087  -72.586  22.544 0.1000000015
8430  28.132  -72.944  21.471 0.1000000015
10359  28.415  -71.607  21.467 0.1000000015
10344  28.976  -71.814  22.227 0.1000000015
11297  28.948  -70.945  21.012 0.1000000015
117802  31.266  -71.069  20.065 0.1000000015
12204  31.047  -69.802  19.541 0.1000000015
12213  31.240  -69.599  18.599 0.1000000015
6636  34.198  -75.902  23.909 0.1000000015
6648  35.359  -75.849  22.689 0.1000000015
5913  34.935  -76.308  22.292 0.1000000015
7499  35.475  -75.326  22.736 0.1000000015
7500  34.903  -75.584  22.417 0.1000000015
7501  33.924  -75.694  22.234 0.1000000015
7503  31.462  -75.012  22.762 0.1000000015
7492  31.017  -74.165  23.265 0.1000000015
7504  29.572  -74.234  22.590 0.1000000015
8413  29.649  -73.252  23.028 0.1000000015
129095  29.625  -71.579  22.279 0.1000000015
11296  30.070  -71.111  21.331 0.1000000015
112324  29.301  -71.354  21.764 0.1000000015
11304  30.960  -71.137  20.681 0.1000000015
13090  30.307  -69.067  18.829 0.1000000015
7489  35.009  -74.506  23.094 0.1000000015
116338  34.108  -74.857  22.839 0.1000000015
116128  33.740  -74.043  23.425 0.1000000015
8410  32.986  -73.288  23.590 0.1000000015
7491  31.855  -74.476  23.205 0.1000000015
8411  31.763  -73.535  23.541 0.1000000015
8412  30.719  -73.382  23.430 0.1000000015
9339  30.294  -72.809  23.336 0.1000000015
10343  29.674  -71.961  22.689 0.1000000015
12200  29.839  -69.058  20.388 0.1000000015
12199  30.768  -69.765  20.515 0.1000000015
11295  31.120  -71.083  21.457 0.1000000015
12205  30.290  -69.366  19.759 0.1000000015
8409  34.332  -73.198  23.527 0.1000000015
9336  33.689  -72.177  23.463 0.1000000015
10326  33.093  -71.402  23.134 0.1000000015
10341  32.568  -70.764  22.470 0.1000000015
9338  31.162  -72.603  23.473 0.1000000015
10328  30.569  -71.991  23.174 0.1000000015
125379  30.145  -69.114  21.224 0.1000000015
12192  30.920  -69.581  21.586 0.1000000015
12191  31.154  -70.333  21.097 0.1000000015
10358  30.180  -71.262  21.992 0.1000000015
13081  28.887  -68.554  20.313 0.1000000015
122845  33.310  -70.083  22.520 0.1000000015
10327  31.776  -71.764  23.203 0.1000000015
9337  32.303  -72.433  23.470 0.1000000015
11284  31.667  -70.785  22.028 0.1000000015
10342  31.344  -71.334  22.555 0.1000000015
109832  31.609  -69.862  22.002 0.1000000015
11283  32.379  -70.079  22.287 0.1000000015
11294  31.410  -70.537  21.708 0.1000000015
124713  19.000  -75.988  12.295 0.1000000015
7618  19.477  -74.607  12.034 0.1000000015
8536  19.405  -73.611  10.767 0.1000000015
8548  19.763  -72.865  10.030 0.1000000015
7676  24.388  -74.289  7.513 0.1000000015
7659  24.545  -74.687  8.356 0.1000000015
115204  22.229  -71.737  8.896 0.1000000015
9512  20.550  -72.286  9.486 0.1000000015
124039  22.437  -71.822  8.050 0.1000000015
109880  22.392  -72.105  6.875 0.1000000015
125165  21.544  -71.862  8.099 0.1000000015
2278  22.300  -82.780  19.253 0.1000000015
7637  18.840  -74.328  10.561 0.1000000015
6766  18.932  -75.338  11.799 0.1000000015
9513  19.891  -72.595  9.190 0.1000000015
113620  23.560  -80.269  17.210 0.1000000015
126017  20.649  -76.763  14.171 0.1000000015
6024  20.135  -76.533  13.628 0.1000000015
9508  24.729  -72.728  9.842 0.1000000015
2809  24.035  -81.552  18.950 0.1000000015
3943  22.708  -79.241  15.918 0.1000000015
3933  23.686  -79.299  17.595 0.1000000015
4596  22.844  -78.491  16.480 0.1000000015
6736  21.228  -75.712  14.693 0.1000000015
9490  22.349  -71.707  10.887 0.1000000015
9492  20.718  -72.385  10.383 0.1000000015
122398  25.235  -73.260  10.391 0.1000000015
117519  24.615  -72.024  11.008 0.1000000015
4585  23.755  -78.345  17.744 0.1000000015
8524  21.131  -72.830  12.269 0.1000000015
8500  21.523  -73.151  13.826 0.1000000015
9468  21.629  -72.207  11.946 0.1000000015
10482  23.552  -71.573  11.713 0.1000000015
3904  26.031  -80.089  19.518 0.1000000015
2230  26.315  -82.872  23.547 0.1000000015
3314  26.659  -81.128  20.647 0.1000000015
3330  26.384  -80.611  19.993 0.1000000015
5258  23.502  -77.600  17.451 0.1000000015
116360  23.712  -76.027  17.402 0.1000000015
8483  21.847  -73.353  14.746 0.1000000015
3302  28.188  -80.806  22.344 0.1000000015
114644  25.846  -78.585  18.963 0.1000000015
4557  27.467  -79.033  19.183 0.1000000015
5981  24.481  -76.837  18.134 0.1000000015
4568  26.969  -78.360  18.912 0.1000000015
6703  25.634  -76.042  18.320 0.1000000015
123873  24.242  -75.374  17.594 0.1000000015
7579  22.849  -74.068  16.341 0.1000000015
126999  23.346  -71.574  14.141 0.1000000015
9434  27.277  -72.271  13.017 0.1000000015
8510  28.167  -73.749  12.462 0.1000000015
7616  27.035  -74.711  12.054 0.1000000015
3893  29.450  -79.356  19.964 0.1000000015
3902  27.875  -79.559  19.574 0.1000000015
3285  28.298  -81.572  25.049 0.1000000015
3880  28.792  -80.230  22.903 0.1000000015
3312  28.108  -80.376  21.274 0.1000000015
5974  26.067  -76.750  18.534 0.1000000015
114296  27.435  -75.898  18.529 0.1000000015
116025  26.548  -75.920  18.403 0.1000000015
8463  24.336  -73.564  17.233 0.1000000015
10412  23.621  -71.613  14.805 0.1000000015
10445  27.038  -71.747  13.556 0.1000000015
9448  28.563  -73.029  12.695 0.1000000015
3874  29.362  -79.560  23.363 0.1000000015
4555  30.767  -78.596  19.068 0.1000000015
5971  29.381  -77.281  18.705 0.1000000015
9409  23.981  -71.758  15.596 0.1000000015
9397  25.259  -72.232  16.782 0.1000000015
110564  26.946  -71.391  14.203 0.1000000015
10444  28.327  -71.786  13.521 0.1000000015
9432  29.001  -72.421  13.184 0.1000000015
114837  30.973  -78.597  21.689 0.1000000015
4530  31.015  -78.375  22.682 0.1000000015
5954  30.370  -76.835  19.741 0.1000000015
6692  28.477  -75.605  19.202 0.1000000015
9389  25.714  -72.668  17.326 0.1000000015
9388  26.448  -72.763  17.841 0.1000000015
11340  27.706  -70.600  16.324 0.1000000015
10443  29.970  -71.728  13.997 0.1000000015
111478  29.673  -72.202  13.521 0.1000000015
9420  30.825  -72.012  14.218 0.1000000015
9430  31.293  -72.798  13.698 0.1000000015
5225  32.450  -78.005  20.138 0.1000000015
7534  27.593  -74.146  19.303 0.1000000015
9380  26.882  -72.693  18.416 0.1000000015
11370  28.401  -70.787  14.863 0.1000000015
10421  31.195  -71.727  15.039 0.1000000015
9407  32.906  -72.584  15.815 0.1000000015
5219  32.686  -77.743  20.683 0.1000000015
6668  29.087  -75.239  20.884 0.1000000015
7520  27.750  -73.659  20.117 0.1000000015
11337  30.315  -70.821  17.203 0.1000000015
11338  29.307  -70.366  16.904 0.1000000015
11339  28.389  -70.348  16.597 0.1000000015
11323  27.721  -70.633  18.002 0.1000000015
10371  27.383  -71.475  19.321 0.1000000015
11350  29.912  -70.688  16.113 0.1000000015
10386  32.144  -71.436  17.946 0.1000000015
10409  29.894  -70.931  15.235 0.1000000015
10408  30.623  -71.255  15.599 0.1000000015
11319  31.773  -70.877  18.889 0.1000000015
10406  32.372  -72.042  16.451 0.1000000015
9395  34.267  -72.474  16.991 0.1000000015
9396  33.290  -72.330  16.805 0.1000000015
9365  27.589  -72.008  20.683 0.1000000015
11311  29.824  -70.856  19.861 0.1000000015
118001  29.038  -70.735  20.318 0.1000000015
11312  28.613  -70.592  19.539 0.1000000015
109186  29.273  -74.813  21.854 0.1000000015
8429  28.526  -73.616  21.781 0.1000000015
115371  30.337  -71.562  22.527 0.1000000015
13125  29.744  -68.325  14.086 0.4000000060
10442  34.123  -71.477  13.033 0.3000000119
11397  32.645  -70.423  12.781 0.3000000119
12254  31.879  -70.093  13.120 0.3000000119
13132  30.358  -68.885  13.559 0.4000000060
13968  29.368  -67.647  13.526 0.4000000060
12263  32.409  -69.601  12.312 0.3000000119
124752  30.416  -68.445  12.765 0.4000000060
6081  30.258  -77.031  6.349 0.1000000015
6821  30.753  -76.212  6.460 0.1000000015
7673  32.226  -74.413  7.014 0.2000000030
9546  34.402  -73.167  7.749 0.3000000119
13999  29.727  -67.253  10.783 0.4000000060
10441  35.196  -71.986  13.561 0.3000000119
10511  36.333  -71.448  7.878 0.4000000060
11423  35.263  -70.534  9.832 0.4000000060
8557  33.208  -73.237  7.961 0.2000000030
9522  36.497  -72.416  7.938 0.3000000119
11438  36.069  -70.956  8.872 0.4000000060
11424  33.906  -70.495  9.746 0.4000000060
13164  31.257  -68.678  10.870 0.4000000060
5376  29.905  -77.748  6.179 0.1000000015
8575  32.691  -73.764  7.449 0.3000000119
11439  34.602  -70.889  8.939 0.4000000060
12299  32.268  -69.904  10.151 0.4000000060
12289  30.894  -69.082  10.208 0.4000000060
5375  30.276  -77.277  6.018 0.1000000015
119153  29.070  -66.206  10.990 0.5000000000
7672  33.076  -74.353  6.868 0.2000000030
8573  34.935  -73.576  6.959 0.3000000119
10510  36.904  -71.824  7.897 0.3000000119
11425  32.813  -70.411  9.582 0.4000000060
15767  28.069  -64.900  11.459 0.4000000060
18625  26.218  -62.307  12.285 0.4000000060
10512  35.205  -71.273  7.966 0.4000000060
10513  33.801  -71.182  8.200 0.4000000060
12300  31.322  -69.742  9.785 0.4000000060
13171  30.105  -68.753  9.807 0.4000000060
13166  29.865  -67.987  10.264 0.5000000000
107902  30.132  -77.128  5.714 0.2000000030
6096  30.616  -76.689  6.113 0.2000000030
6820  31.642  -75.613  6.281 0.2000000030
8591  34.390  -73.957  6.436 0.2000000030
115573  31.518  -74.893  6.886 0.2000000030
9543  36.906  -72.081  6.863 0.3000000119
10525  36.621  -71.745  7.038 0.3000000119
5391  29.274  -77.958  5.594 0.1000000015
11441  32.390  -70.756  8.761 0.4000000060
8572  35.962  -73.162  6.675 0.3000000119
10527  34.106  -71.304  7.332 0.4000000060
11426  31.818  -70.328  9.293 0.4000000060
14855  29.203  -66.702  10.522 0.5000000000
15766  28.625  -65.561  11.001 0.5000000000
17648  26.673  -62.968  11.770 0.4000000060
12301  30.475  -69.452  9.359 0.4000000060
14006  29.178  -67.385  9.831 0.5000000000
14856  28.804  -66.117  10.300 0.5000000000
16686  27.723  -64.211  11.018 0.4000000060
6095  31.231  -76.155  5.978 0.2000000030
6819  32.504  -75.300  6.003 0.2000000030
116965  33.715  -74.442  6.291 0.2000000030
8590  35.154  -73.618  6.154 0.4000000060
7683  34.413  -74.110  5.973 0.2000000030
9563  36.585  -72.564  6.296 0.3000000119
8603  35.538  -73.289  5.664 0.4000000060
10535  36.762  -71.916  6.298 0.3000000119
13172  29.436  -68.242  9.385 0.5000000000
16685  28.156  -64.809  10.531 0.5000000000
18629  26.434  -62.075  11.409 0.4000000060
120467  26.034  -61.291  11.984 0.4000000060
10541  36.484  -71.959  5.750 0.4000000060
11442  31.516  -70.595  8.372 0.4000000060
14865  28.570  -66.202  9.470 0.5000000000
6833  31.928  -75.535  5.713 0.2000000030
127599  30.636  -75.927  5.205 0.2000000030
6818  33.236  -74.853  5.771 0.2000000030
20578  26.205  -60.592  11.492 0.4000000060
7696  33.956  -74.334  5.596 0.2000000030
10526  35.372  -71.442  7.047 0.3000000119
109177  32.290  -71.012  7.026 0.4000000060
12309  30.225  -69.635  8.413 0.4000000060
113816  30.096  -76.437  5.279 0.2000000030
6832  32.633  -75.007  5.243 0.2000000030
8618  34.973  -73.363  5.216 0.3000000119
9584  35.928  -72.225  5.272 0.4000000060
20568  26.014  -60.321  12.081 0.4000000060
10536  35.959  -71.547  6.081 0.3000000119
13175  29.285  -68.339  8.472 0.5000000000
15769  28.460  -65.453  9.977 0.5000000000
6119  30.077  -75.625  4.723 0.2000000030
113128  31.324  -75.698  5.382 0.2000000030
123942  33.298  -71.141  6.746 0.4000000060
11443  30.766  -70.238  7.914 0.4000000060
17654  27.606  -63.139  9.920 0.5000000000
18638  26.705  -61.788  10.601 0.4000000060
20530  30.343  -60.341  14.085 0.4000000060
6845  29.175  -75.062  4.328 0.2000000030
6843  31.633  -75.096  4.488 0.2000000030
7697  33.425  -74.509  5.093 0.2000000030
8619  34.263  -73.555  4.757 0.2000000030
10543  34.798  -71.242  5.551 0.4000000060
107416  29.004  -67.639  8.176 0.5000000000
15782  28.383  -65.509  9.053 0.5000000000
6846  28.406  -75.579  4.612 0.2000000030
10542  35.632  -71.719  5.294 0.4000000060
10537  34.492  -71.288  6.451 0.3000000119
12316  29.660  -69.029  7.943 0.5000000000
111037  28.925  -67.674  8.942 0.5000000000
18628  27.036  -62.774  10.819 0.5000000000
7716  28.191  -74.886  4.242 0.2000000030
21664  28.950  -58.875  13.243 0.4000000060
20529  30.698  -60.922  13.953 0.2000000030
22711  26.781  -58.662  12.754 0.4000000060
126311  26.253  -59.651  12.056 0.4000000060
6844  30.869  -75.354  4.644 0.2000000030
9585  35.070  -72.767  4.846 0.4000000060
18637  27.204  -62.203  9.988 0.4000000060
21691  26.314  -59.883  11.485 0.4000000060
6863  30.251  -74.976  4.080 0.2000000030
7714  32.855  -74.531  4.460 0.2000000030
7713  33.542  -74.119  4.588 0.2000000030
6862  31.193  -74.903  3.818 0.2000000030
22693  27.400  -58.365  12.762 0.4000000060
21690  26.598  -59.161  11.652 0.4000000060
119694  26.682  -59.411  10.879 0.4000000060
12314  30.876  -70.093  6.978 0.3000000119
120690  28.572  -66.367  8.596 0.5000000000
17670  28.029  -63.778  9.459 0.5000000000
19619  26.596  -61.035  10.472 0.4000000060
10547  35.117  -71.900  4.811 0.4000000060
11456  32.671  -70.663  6.202 0.4000000060
12323  31.166  -69.764  6.138 0.3000000119
13180  29.877  -68.913  7.055 0.4000000060
11464  34.064  -70.651  5.063 0.4000000060
14878  28.868  -66.931  7.984 0.5000000000
112893  32.321  -74.521  3.618 0.2000000030
22710  27.063  -58.513  12.027 0.4000000060
18651  27.704  -62.405  9.318 0.5000000000
12324  30.463  -69.385  6.619 0.4000000060
13181  29.396  -68.182  7.506 0.5000000000
16723  28.404  -64.843  8.663 0.5000000000
14893  29.296  -66.770  7.331 0.5000000000
14035  29.586  -67.448  6.964 0.5000000000
12264  31.647  -69.294  12.549 0.4000000060
12288  31.808  -69.219  10.669 0.4000000060
22692  28.234  -58.441  12.838 0.4000000060
21678  26.478  -59.121  12.381 0.4000000060
15799  28.580  -65.489  8.232 0.5000000000
10480  37.276  -71.807  11.617 0.3000000119
11394  36.131  -70.822  11.476 0.3000000119
11395  34.822  -70.492  11.627 0.2000000030
12273  33.755  -69.958  11.523 0.2000000030
9463  35.533  -72.714  11.122 0.2000000030
9481  37.390  -71.847  11.046 0.3000000119
10491  37.580  -71.181  10.469 0.3000000119
11409  36.967  -70.668  10.429 0.3000000119
9483  35.220  -72.428  10.295 0.2000000030
114515  36.469  -72.165  9.506 0.2000000030
123138  37.110  -71.646  9.289 0.2000000030
121095  31.856  -73.628  7.612 0.2000000030
7735  26.384  -74.359  3.570 0.1000000015
7749  26.040  -73.827  2.961 0.1000000015
11512  32.179  -70.676  1.057 0.1000000015
9428  36.860  -72.716  13.446 0.1000000015
10440  36.152  -72.053  13.003 0.2000000030
10465  35.397  -71.403  12.355 0.2000000030
9461  36.987  -72.443  11.937 0.2000000030
10464  36.932  -71.459  11.750 0.2000000030
7609  35.208  -74.404  13.535 0.1000000015
8519  35.158  -73.498  11.932 0.1000000015
8518  36.266  -73.292  12.458 0.2000000030
7622  34.334  -74.634  12.626 0.1000000015
113579  33.949  -73.906  11.777 0.1000000015
6121  28.621  -76.357  4.958 0.1000000015
6864  27.529  -75.250  4.402 0.1000000015
109148  32.093  -74.469  2.703 0.1000000015
8643  32.336  -73.919  2.698 0.1000000015
9614  32.230  -72.894  2.382 0.1000000015
10560  32.533  -71.901  3.067 0.1000000015
7745  31.792  -74.614  2.000 0.1000000015
10572  31.966  -71.760  2.237 0.1000000015
124724  32.888  -70.302  3.488 0.1000000015
10582  31.996  -71.317  1.630 0.1000000015
12367  32.022  -69.385  2.186 0.1000000015
13228  32.243  -67.833  3.423 0.1000000015
119320  32.277  -67.814  2.481 0.1000000015
14919  32.179  -66.317  3.203 0.1000000015
8517  36.818  -73.091  12.844 0.2000000030
9597  34.270  -72.320  4.391 0.1000000015
12322  32.100  -70.046  5.709 0.3000000119
7731  30.638  -74.665  3.227 0.1000000015
113886  31.947  -74.633  2.907 0.1000000015
7728  32.908  -74.173  4.012 0.1000000015
10559  33.404  -72.023  3.810 0.1000000015
12346  33.306  -70.081  4.545 0.2000000030
12333  32.613  -69.534  4.925 0.3000000119
13205  30.413  -68.232  5.956 0.3000000119
14034  30.122  -67.436  6.252 0.3000000119
8631  26.925  -73.744  3.226 0.1000000015
9599  32.756  -72.914  3.321 0.1000000015
11487  33.476  -70.448  4.122 0.1000000015
12347  32.691  -69.159  4.243 0.2000000030
14049  30.642  -67.487  5.519 0.3000000119
7746  31.102  -74.646  2.232 0.1000000015
116794  32.515  -68.707  3.650 0.1000000015
14058  31.479  -67.021  4.372 0.2000000030
14912  30.916  -66.788  5.082 0.3000000119
14057  31.946  -67.021  3.625 0.1000000015
15838  31.636  -65.482  4.358 0.2000000030
15827  30.871  -65.619  5.956 0.4000000060
14925  32.492  -66.379  2.374 0.1000000015
15845  32.124  -65.517  3.597 0.1000000015
16773  31.650  -64.882  4.851 0.3000000119
12217  32.160  -69.117  17.335 0.1000000015
11328  34.025  -70.494  17.081 0.1000000015
18650  28.161  -62.369  8.640 0.4000000060
16722  28.724  -64.640  7.948 0.4000000060
13189  29.880  -68.189  6.650 0.3000000119
15814  29.502  -66.009  7.107 0.4000000060
114981  29.099  -65.343  7.509 0.4000000060
15828  30.184  -65.875  6.520 0.4000000060
108160  30.168  -64.034  6.993 0.4000000060
16743  31.151  -64.412  6.823 0.5000000000
123132  31.427  -65.058  5.667 0.3000000119
127818  31.626  -64.769  6.111 0.5000000000
15857  32.557  -65.607  2.790 0.2000000030
16772  31.994  -64.504  5.541 0.4000000060
14936  33.270  -66.288  1.268 0.1000000015
16805  33.534  -64.440  2.703 0.1000000015
106937  32.682  -64.164  4.096 0.2000000030
16785  32.101  -64.815  4.110 0.2000000030
14081  33.929  -67.603  0.326 0.1000000015
14955  33.657  -66.725  0.755 0.1000000015
16793  33.395  -63.961  3.448 0.2000000030
13237  33.879  -68.685  -0.002 0.1000000015
14954  34.576  -66.851  0.602 0.1000000015
19629  27.435  -61.658  9.403 0.4000000060
19618  26.929  -61.353  9.945 0.3000000119
19628  27.838  -61.855  8.919 0.4000000060
17684  29.013  -63.712  7.669 0.4000000060
112711  28.518  -63.033  8.224 0.4000000060
126198  29.604  -63.856  7.254 0.4000000060
18665  28.676  -62.197  7.956 0.4000000060
16761  30.580  -65.141  6.570 0.4000000060
18681  31.538  -62.934  7.435 0.4000000060
17701  30.826  -63.511  7.102 0.4000000060
17700  31.824  -63.812  7.317 0.5000000000
16742  32.344  -64.209  7.163 0.4000000060
17717  33.479  -63.716  5.290 0.3000000119
16771  32.757  -64.206  5.972 0.4000000060
16758  33.016  -64.376  7.035 0.4000000060
16803  35.512  -64.621  2.648 0.2000000030
16792  34.967  -63.912  3.131 0.2000000030
17727  33.424  -63.669  4.339 0.2000000030
15868  35.589  -65.782  1.591 0.1000000015
15855  35.004  -65.011  1.944 0.2000000030
11544  34.892  -70.690  -2.059 0.1000000015
21725  27.620  -60.443  8.901 0.4000000060
21710  27.254  -59.844  9.482 0.4000000060
20614  28.732  -60.124  7.913 0.4000000060
19668  29.666  -61.260  7.427 0.4000000060
20639  29.482  -60.551  7.545 0.4000000060
19667  30.422  -61.564  7.284 0.4000000060
113661  31.888  -62.093  7.624 0.4000000060
113947  31.131  -62.087  7.335 0.4000000060
18680  32.494  -62.954  7.848 0.3000000119
17698  33.399  -64.069  7.972 0.4000000060
17683  33.136  -63.535  8.082 0.4000000060
17716  34.328  -63.691  5.639 0.3000000119
16757  34.416  -64.215  6.685 0.3000000119
107680  33.795  -64.398  7.158 0.4000000060
16802  36.574  -65.094  2.883 0.2000000030
16790  37.125  -64.981  3.611 0.2000000030
17725  35.302  -63.647  4.089 0.2000000030
17736  34.256  -63.573  3.704 0.2000000030
15867  36.748  -66.165  1.837 0.2000000030
108358  35.288  -69.306  -2.273 0.1000000015
12398  34.784  -69.924  -2.265 0.1000000015
117316  36.289  -68.866  -1.032 0.1000000015
22719  27.079  -58.653  11.090 0.3000000119
21709  27.633  -59.009  9.284 0.4000000060
22731  27.178  -58.938  10.119 0.3000000119
21723  28.785  -59.059  8.094 0.4000000060
22750  29.727  -58.717  7.740 0.4000000060
21746  29.497  -59.659  7.629 0.4000000060
20638  30.170  -60.197  7.405 0.4000000060
20636  31.589  -60.604  7.575 0.4000000060
117956  30.747  -60.763  7.388 0.4000000060
112412  32.727  -61.997  7.977 0.4000000060
19665  32.169  -61.267  7.729 0.3000000119
16718  36.164  -64.258  8.116 0.3000000119
16719  35.373  -64.251  8.167 0.3000000119
17681  34.602  -63.851  8.347 0.3000000119
18662  34.152  -63.096  8.438 0.3000000119
18663  33.387  -62.770  8.281 0.3000000119
115387  38.804  -65.632  5.012 0.2000000030
16781  38.073  -65.234  5.014 0.2000000030
16755  36.873  -64.590  6.650 0.3000000119
124301  36.126  -64.467  7.044 0.2000000030
114198  35.097  -64.450  7.839 0.3000000119
16721  34.045  -64.271  8.118 0.3000000119
16789  37.927  -65.376  4.118 0.2000000030
16769  36.044  -63.895  5.021 0.2000000030
15844  37.633  -65.689  2.944 0.2000000030
22708  29.012  -58.566  12.466 0.3000000119
22707  29.691  -58.553  12.595 0.3000000119
22717  28.497  -57.994  11.831 0.3000000119
23766  28.338  -57.706  11.040 0.4000000060
119914  29.348  -57.068  9.195 0.3000000119
116614  29.021  -56.963  9.906 0.4000000060
115740  30.888  -57.552  8.287 0.4000000060
110123  30.213  -56.984  8.786 0.4000000060
124605  29.127  -58.321  8.233 0.4000000060
22748  31.360  -58.302  7.870 0.4000000060
22774  30.582  -58.713  7.628 0.4000000060
22773  32.149  -58.945  7.841 0.3000000119
21743  31.867  -59.787  7.688 0.4000000060
21744  31.210  -59.174  7.597 0.4000000060
19643  36.020  -61.453  8.387 0.3000000119
108848  35.439  -60.945  8.442 0.2000000030
124214  34.874  -60.501  8.508 0.2000000030
21721  34.049  -59.373  8.644 0.2000000030
19646  33.017  -61.139  8.079 0.3000000119
20613  32.483  -60.445  7.834 0.3000000119
18659  36.874  -62.783  8.311 0.3000000119
18660  35.931  -62.569  8.411 0.3000000119
19644  35.203  -61.850  8.479 0.2000000030
19645  34.230  -62.103  8.440 0.2000000030
122549  33.444  -61.806  8.269 0.2000000030
15825  39.585  -66.008  6.385 0.2000000030
15826  38.715  -65.556  6.903 0.3000000119
16754  37.511  -64.830  7.256 0.3000000119
16738  36.752  -64.482  7.760 0.3000000119
21676  29.641  -59.251  12.823 0.3000000119
21677  28.960  -58.888  12.780 0.3000000119
22709  28.103  -58.246  12.299 0.3000000119
23804  31.993  -57.624  8.569 0.3000000119
108661  34.795  -58.220  9.012 0.2000000030
23802  34.317  -57.651  9.276 0.2000000030
23803  33.360  -57.835  9.113 0.2000000030
110909  32.368  -58.306  8.326 0.2000000030
22771  35.290  -58.918  7.491 0.2000000030
21720  34.999  -59.552  8.638 0.2000000030
111218  34.779  -58.798  8.890 0.2000000030
22746  34.262  -58.415  9.057 0.2000000030
20553  30.435  -60.347  13.715 0.2000000030
14080  35.300  -67.715  0.250 0.1000000015
14934  35.096  -66.277  1.026 0.1000000015
128905  39.631  -65.941  7.058 0.3000000119
15843  38.567  -65.823  3.270 0.2000000030
12272  34.604  -70.072  11.065 0.3000000119
11402  35.903  -70.407  10.966 0.3000000119
115271  36.139  -72.365  8.703 0.2000000030
110418  31.480  -68.476  17.236 0.1000000015
11396  33.637  -70.629  12.351 0.2000000030
9586  34.147  -73.109  4.482 0.1000000015
11465  33.167  -70.251  5.325 0.3000000119
21663  29.750  -59.550  13.229 0.3000000119
9598  33.488  -72.993  4.011 0.1000000015
21702  26.782  -59.753  10.228 0.3000000119
11475  33.961  -70.732  4.660 0.3000000119
13188  30.745  -69.010  5.893 0.2000000030
7729  32.453  -74.225  3.393 0.1000000015
9462  36.462  -72.643  11.603 0.2000000030
11401  37.079  -70.785  11.018 0.3000000119
9482  36.563  -72.269  10.576 0.2000000030
11501  31.829  -70.410  1.972 0.1000000015
7744  32.088  -74.407  1.663 0.1000000015
8629  32.880  -73.722  3.694 0.1000000015
112216  33.149  -71.061  3.652 0.1000000015
11488  32.277  -70.886  2.775 0.1000000015
108465  32.439  -69.022  3.034 0.1000000015
13218  32.313  -68.300  4.093 0.1000000015
10548  34.083  -71.329  4.397 0.2000000030
12334  31.580  -69.278  5.390 0.3000000119
13203  32.022  -68.764  4.682 0.3000000119
14906  30.464  -66.555  5.883 0.4000000060
15813  29.844  -65.268  6.965 0.4000000060
13219  31.673  -67.930  4.510 0.3000000119
14048  31.130  -67.509  4.924 0.3000000119
14917  31.250  -66.161  4.660 0.3000000119
19647  28.225  -61.592  8.405 0.4000000060
17702  29.794  -63.216  7.233 0.4000000060
15856  33.816  -64.999  1.917 0.2000000030
109057  34.119  -63.888  2.997 0.2000000030
20615  28.158  -60.701  8.372 0.4000000060
18664  29.541  -62.116  7.423 0.4000000060
16783  36.250  -64.222  4.126 0.2000000030
122594  28.234  -58.629  8.801 0.4000000060
16756  35.300  -64.371  7.071 0.3000000119
16770  35.223  -63.883  5.951 0.2000000030
16768  37.001  -64.516  5.564 0.2000000030
22737  27.975  -58.251  9.612 0.4000000060
23778  28.403  -57.585  10.198 0.4000000060
22751  28.668  -58.072  8.706 0.4000000060
112130  38.801  -65.702  5.815 0.2000000030
16767  37.842  -65.087  6.233 0.2000000030
23765  28.929  -57.318  11.536 0.4000000060
21722  32.842  -59.605  8.085 0.2000000030
20635  36.570  -60.662  7.517 0.2000000030
116315  35.965  -60.081  7.868 0.2000000030
20610  35.543  -60.151  8.348 0.2000000030
20611  34.292  -60.150  8.521 0.2000000030
23777  28.869  -57.023  10.746 0.3000000119
23755  29.198  -57.897  12.193 0.2000000030
24702  29.504  -56.850  12.147 0.3000000119
9505  33.546  -72.477  9.510 0.1000000015
9486  32.027  -72.719  9.848 0.1000000015
9506  32.688  -72.533  9.249 0.1000000015
9429  36.427  -72.580  14.191 0.1000000015
117191  34.834  -72.412  9.295 0.1000000015
8559  31.164  -73.181  8.141 0.1000000015
9524  33.719  -72.652  8.641 0.1000000015
9525  32.640  -72.769  8.564 0.1000000015
19572  30.990  -61.172  13.890 0.1000000015
119608  30.782  -60.701  13.673 0.1000000015
20550  32.901  -60.993  13.609 0.1000000015
21660  32.044  -60.696  13.513 0.1000000015
21662  30.358  -59.993  13.218 0.1000000015
125712  32.022  -59.702  13.589 0.1000000015
22691  30.320  -59.136  12.897 0.1000000015
22690  31.103  -59.519  13.259 0.1000000015
111392  31.052  -58.614  13.314 0.1000000015
23754  29.762  -57.669  12.558 0.1000000015
23720  31.306  -57.682  13.841 0.1000000015
23719  32.147  -57.473  14.596 0.2000000030
24729  29.481  -56.408  10.444 0.2000000030
24682  31.467  -56.655  14.436 0.2000000030
124358  30.067  -56.828  12.923 0.2000000030
24701  30.004  -55.986  12.466 0.2000000030
24715  29.344  -56.525  11.291 0.2000000030
111755  31.618  -55.860  14.816 0.2000000030
24689  30.995  -55.754  14.102 0.2000000030
128540  29.751  -56.035  11.734 0.2000000030
24728  30.294  -55.964  10.211 0.2000000030
24744  30.838  -56.372  9.522 0.2000000030
23788  31.432  -56.925  8.931 0.2000000030
24742  33.190  -56.450  9.897 0.1000000015
23692  32.274  -56.408  15.175 0.2000000030
25606  30.458  -55.439  11.717 0.2000000030
25616  30.812  -55.497  10.853 0.2000000030
24727  31.419  -55.828  10.249 0.1000000015
25615  31.908  -55.312  10.779 0.1000000015
24743  32.073  -56.376  9.763 0.1000000015
21661  31.180  -60.393  13.421 0.1000000015
119336  31.531  -61.738  13.893 0.1000000015
20551  32.071  -61.602  13.651 0.1000000015
19595  32.886  -61.993  13.656 0.1000000015
21639  32.897  -59.938  13.853 0.1000000015
112619  30.714  -56.775  13.671 0.2000000030
128921  30.790  -55.279  13.414 0.2000000030
16735  39.719  -65.165  7.697 0.2000000030
17678  37.397  -63.695  8.216 0.2000000030
17677  38.198  -64.150  8.059 0.2000000030
16734  40.724  -65.416  7.547 0.2000000030
18677  39.812  -63.426  7.650 0.2000000030
19641  37.332  -62.139  8.111 0.2000000030
18678  38.805  -62.970  7.730 0.2000000030
18657  38.143  -63.420  8.090 0.2000000030
18676  41.000  -63.804  7.682 0.2000000030
19642  36.659  -61.858  8.289 0.2000000030
19662  38.451  -62.070  7.227 0.1000000015
18692  39.349  -62.346  7.093 0.2000000030
19663  37.689  -61.741  7.480 0.2000000030
19664  37.055  -61.378  7.840 0.2000000030
19677  39.868  -61.553  6.504 0.1000000015
19678  38.865  -61.541  6.525 0.1000000015
19679  38.020  -61.357  6.654 0.1000000015
20646  41.212  -60.714  6.663 0.1000000015
23691  33.201  -57.291  15.249 0.1000000015
21741  36.176  -59.948  6.880 0.1000000015
20661  38.156  -60.067  5.688 0.1000000015
20651  36.859  -60.311  6.487 0.1000000015
20647  40.012  -60.521  6.224 0.1000000015
20660  39.055  -60.232  5.816 0.1000000015
21753  40.698  -59.764  6.565 0.1000000015
21740  42.021  -58.782  8.038 0.1000000015
25571  32.719  -55.750  15.453 0.1000000015
23690  34.395  -57.003  15.414 0.1000000015
24663  33.712  -56.481  15.497 0.1000000015
22772  34.906  -58.155  8.207 0.1000000015
21742  35.712  -59.576  7.363 0.1000000015
20662  37.289  -59.833  5.824 0.1000000015
21755  36.511  -59.544  6.077 0.1000000015
21759  39.678  -59.602  6.069 0.1000000015
22780  41.210  -59.022  7.390 0.1000000015
21754  40.254  -59.018  6.594 0.1000000015
24662  34.402  -56.115  15.458 0.1000000015
25583  31.556  -55.104  14.635 0.1000000015
23835  35.126  -57.577  6.084 0.1000000015
23836  34.645  -57.687  6.991 0.1000000015
24796  36.836  -56.992  5.606 0.1000000015
22795  35.919  -57.988  5.638 0.1000000015
22783  36.189  -58.768  5.815 0.1000000015
22784  35.477  -58.464  6.239 0.1000000015
23840  37.247  -57.718  5.526 0.1000000015
22794  36.686  -58.285  5.546 0.1000000015
23833  38.735  -57.330  6.434 0.1000000015
23839  38.161  -57.871  5.706 0.1000000015
21760  38.760  -59.442  5.685 0.1000000015
22793  37.535  -58.485  5.513 0.1000000015
24777  40.087  -56.575  8.545 0.1000000015
23832  39.633  -57.628  7.119 0.1000000015
22782  39.084  -58.078  6.146 0.1000000015
22781  39.916  -58.346  6.786 0.1000000015
26404  33.598  -54.801  15.417 0.1000000015
26405  32.826  -55.007  15.436 0.1000000015
23826  34.487  -57.325  7.874 0.1000000015
24778  38.474  -56.099  7.193 0.1000000015
24785  38.383  -56.668  6.610 0.1000000015
123617  39.183  -56.169  7.923 0.1000000015
24757  34.329  -56.896  8.734 0.1000000015
18691  40.421  -62.594  7.196 0.1000000015
19676  40.945  -61.745  6.754 0.1000000015
23831  40.549  -57.936  7.809 0.1000000015
24789  34.542  -56.930  6.645 0.1000000015
17761  35.325  -63.182  1.349 0.1000000015
18723  35.684  -61.964  2.158 0.1000000015
18737  34.895  -62.487  1.247 0.1000000015
17774  34.900  -63.577  0.614 0.1000000015
127021  34.265  -63.886  -1.684 0.1000000015
16891  34.660  -64.531  -3.225 0.1000000015
16906  34.285  -64.909  -4.771 0.1000000015
16818  35.717  -63.975  0.949 0.1000000015
18722  36.420  -62.356  2.588 0.1000000015
17792  34.343  -63.187  -0.153 0.1000000015
16864  34.517  -64.517  -1.238 0.1000000015
19707  36.934  -60.903  2.853 0.1000000015
18712  36.917  -61.796  3.104 0.1000000015
17746  38.041  -63.973  2.500 0.1000000015
114145  36.522  -63.889  1.475 0.1000000015
16835  35.620  -64.480  0.311 0.1000000015
19725  35.765  -61.164  1.878 0.1000000015
17735  38.229  -63.510  3.251 0.1000000015
20713  36.440  -60.693  2.116 0.1000000015
125389  38.122  -60.844  3.648 0.1000000015
20690  39.559  -60.420  3.824 0.1000000015
109975  37.873  -59.966  2.338 0.1000000015
20692  37.761  -60.409  3.038 0.1000000015
20710  39.362  -59.843  3.027 0.1000000015
17747  36.938  -63.417  2.282 0.1000000015
122925  33.259  -65.124  -4.840 0.1000000015
2231  25.760  -83.137  23.253 0.1000000015
2236  25.356  -83.135  23.067 0.1000000015
2243  25.761  -83.206  22.953 0.1000000015
2246  23.136  -82.682  21.691 0.1000000015
2247  22.663  -82.718  21.353 0.1000000015
2769  27.043  -82.717  23.514 0.1000000015
2777  26.688  -82.303  22.105 0.1000000015
3917  26.487  -79.235  19.275 0.1000000015
4566  28.841  -78.391  18.670 0.1000000015
4584  24.240  -78.326  18.194 0.1000000015
4602  22.386  -78.283  15.870 0.1000000015
5190  33.450  -77.520  22.154 0.1000000015
5217  33.978  -77.229  21.495 0.1000000015
5226  32.008  -78.128  19.798 0.1000000015
5244  28.568  -77.545  18.591 0.1000000015
5257  24.034  -77.567  17.992 0.1000000015
5286  22.212  -77.387  15.782 0.1000000015
5300  20.932  -77.440  14.409 0.1000000015
5390  29.780  -77.791  5.847 0.1000000015
5915  33.984  -77.134  22.582 0.1000000015
5942  31.068  -76.887  20.342 0.1000000015
5961  30.673  -77.545  19.198 0.1000000015
5988  23.267  -76.785  17.128 0.1000000015
6001  21.245  -76.612  14.735 0.1000000015
6036  27.337  -76.492  12.156 0.1000000015
6047  18.658  -76.247  11.630 0.1000000015
6058  25.492  -76.549  10.544 0.1000000015
6109  30.664  -76.536  5.786 0.2000000030
6110  29.419  -77.035  5.349 0.2000000030
6120  29.300  -76.023  4.868 0.1000000015
6647  35.714  -75.283  22.897 0.1000000015
6656  35.223  -75.908  22.469 0.1000000015
6657  34.639  -76.440  22.037 0.1000000015
6659  32.262  -75.974  22.044 0.1000000015
6693  27.725  -75.126  18.815 0.1000000015
6784  24.819  -75.695  9.440 0.1000000015
6801  31.009  -75.433  6.803 0.1000000015
7490  32.893  -74.448  23.250 0.1000000015
7493  30.209  -73.856  23.179 0.1000000015
7513  28.693  -74.378  21.408 0.1000000015
7548  27.106  -74.291  18.584 0.1000000015
7596  21.050  -74.889  14.337 0.1000000015
7599  35.668  -74.189  14.028 0.1000000015
7615  27.831  -74.633  12.298 0.1000000015
7684  32.880  -74.867  6.380 0.2000000030
7685  32.197  -75.093  6.467 0.2000000030
7695  34.699  -73.784  5.589 0.2000000030
7712  34.194  -74.007  5.095 0.2000000030
7715  32.258  -74.863  4.386 0.2000000030
7730  31.878  -74.792  3.622 0.2000000030
7748  28.969  -73.952  3.087 0.2000000030
7773  32.254  -74.372  0.372 0.1000000015
7790  32.347  -74.291  -0.002 0.1000000015
8420  28.978  -73.466  22.429 0.1000000015
8444  27.434  -73.118  19.653 0.1000000015
8476  36.740  -73.141  15.609 0.1000000015
8482  22.334  -73.211  15.440 0.1000000015
8486  36.076  -73.896  14.640 0.1000000015
8501  21.012  -73.697  13.445 0.1000000015
8505  36.106  -73.670  13.340 0.2000000030
8506  35.232  -74.148  12.896 0.1000000015
8513  21.307  -73.041  13.050 0.1000000015
8522  26.501  -74.030  11.884 0.1000000015
8558  32.166  -73.131  8.091 0.2000000030
8574  33.769  -73.839  7.113 0.3000000119
8589  36.012  -73.199  6.053 0.4000000060
8602  36.204  -72.894  5.778 0.4000000060
8628  33.535  -73.694  4.287 0.2000000030
8663  30.700  -74.003  1.001 0.1000000015
8684  32.662  -74.165  0.036 0.1000000015
8687  30.153  -73.116  0.914 0.1000000015
8699  32.813  -73.828  -0.389 0.1000000015
8700  32.282  -73.846  -0.392 0.1000000015
9340  29.798  -72.486  23.031 0.1000000015
9358  28.442  -72.336  21.889 0.1000000015
9398  24.496  -72.118  16.381 0.1000000015
9406  33.836  -72.885  16.177 0.1000000015
9411  22.450  -72.481  15.054 0.1000000015
9416  36.853  -72.887  14.962 0.1000000015
9431  30.390  -72.438  13.593 0.1000000015
9446  36.884  -72.516  12.655 0.2000000030
9451  22.163  -71.923  12.391 0.1000000015
9452  21.671  -72.409  12.706 0.1000000015
9504  37.285  -71.622  10.049 0.3000000119
9511  21.441  -71.928  9.720 0.1000000015
9521  36.986  -72.020  7.780 0.3000000119
9544  36.687  -72.457  7.098 0.3000000119
9545  35.683  -72.964  7.454 0.3000000119
9548  22.196  -71.889  7.526 0.1000000015
9562  36.800  -72.079  6.155 0.3000000119
9575  36.445  -72.381  5.738 0.4000000060
9576  35.816  -72.817  5.382 0.4000000060
9629  32.323  -72.533  1.378 0.1000000015
9649  28.715  -71.831  1.100 0.1000000015
9658  34.297  -72.492  -1.096 0.1000000015
9660  32.844  -73.527  -0.774 0.1000000015
9672  33.871  -72.926  -1.231 0.1000000015
10357  30.970  -71.230  22.110 0.1000000015
10365  28.154  -71.252  20.824 0.1000000015
10366  27.707  -71.431  20.291 0.1000000015
10378  27.277  -71.293  18.399 0.1000000015
10439  36.978  -72.178  12.427 0.2000000030
10467  23.743  -71.544  12.530 0.1000000015
10500  37.299  -71.276  9.651 0.2000000030
10514  32.892  -71.057  8.293 0.4000000060
10528  33.017  -71.185  7.573 0.4000000060
10538  33.736  -70.899  5.880 0.4000000060
10607  34.688  -71.868  -0.951 0.1000000015
10608  34.128  -72.508  -0.703 0.1000000015
10621  34.631  -71.739  -1.337 0.1000000015
10623  33.623  -72.244  -1.557 0.1000000015
10636  34.572  -71.236  -1.856 0.1000000015
11369  31.703  -70.218  13.929 0.4000000060
11371  27.708  -70.792  15.150 0.1000000015
11408  37.522  -70.918  10.560 0.3000000119
11422  36.697  -70.706  9.699 0.4000000060
11440  33.366  -70.836  8.948 0.4000000060
11450  32.180  -70.998  7.900 0.4000000060
11451  31.480  -70.639  7.427 0.4000000060
11457  31.704  -70.428  6.548 0.3000000119
11463  34.714  -71.216  4.903 0.4000000060
11517  33.875  -70.633  -0.259 0.1000000015
11524  35.349  -70.344  -1.277 0.2000000030
11543  35.216  -70.211  -1.854 0.1000000015
12203  31.486  -70.471  19.207 0.1000000015
12247  30.790  -69.302  14.344 0.4000000060
12262  33.107  -69.844  12.097 0.2000000030
12275  32.275  -69.161  11.300 0.5000000000
12308  30.920  -70.128  8.881 0.4000000060
12310  29.750  -68.995  8.913 0.5000000000
12315  30.236  -69.594  7.455 0.4000000060
12359  32.905  -69.595  3.780 0.1000000015
12377  35.858  -69.495  -0.955 0.2000000030
12378  35.270  -70.404  -0.941 0.1000000015
13094  31.977  -68.386  16.721 0.2000000030
13131  30.904  -68.918  12.720 0.4000000060
13142  30.840  -68.232  12.189 0.5000000000
13165  30.606  -68.387  10.609 0.4000000060
13204  31.139  -68.336  5.238 0.3000000119
13230  32.176  -68.556  2.302 0.1000000015
13242  36.796  -68.224  -0.847 0.1000000015
13252  35.722  -69.340  -1.503 0.1000000015
13943  31.381  -67.793  16.016 0.2000000030
13961  29.945  -68.101  15.073 0.4000000060
13967  29.907  -68.157  13.138 0.4000000060
13987  30.018  -67.260  11.774 0.5000000000
13998  30.340  -67.781  11.133 0.5000000000
14007  28.674  -66.962  9.208 0.5000000000
14013  28.755  -67.135  8.580 0.5000000000
14021  29.202  -67.404  7.582 0.5000000000
14061  32.243  -67.080  2.848 0.1000000015
14078  37.411  -67.657  0.285 0.1000000015
14079  36.524  -67.849  0.286 0.2000000030
14784  27.478  -66.613  18.438 0.1000000015
14786  29.358  -66.899  17.025 0.2000000030
14813  29.629  -67.093  15.799 0.4000000060
14845  28.738  -66.253  12.502 0.5000000000
14852  28.991  -66.148  11.678 0.5000000000
14864  28.838  -66.692  9.852 0.5000000000
14907  29.862  -66.676  6.668 0.3000000119
14916  31.731  -66.243  3.951 0.2000000030
14921  38.685  -66.418  1.746 0.2000000030
14924  32.984  -65.720  1.912 0.1000000015
14932  38.390  -66.827  1.353 0.2000000030
14933  37.585  -66.844  1.473 0.3000000119
14935  34.061  -66.113  0.941 0.1000000015
14951  38.379  -66.782  0.723 0.1000000015
15680  26.066  -65.282  20.684 0.1000000015
15687  26.937  -65.296  18.286 0.3000000119
15735  28.000  -65.889  14.597 0.5000000000
15798  28.875  -66.160  7.750 0.5000000000
15810  40.785  -65.865  7.177 0.4000000060
15811  40.102  -65.817  7.353 0.3000000119
15812  39.205  -65.472  7.468 0.3000000119
15823  40.658  -65.980  6.709 0.3000000119
15831  39.562  -65.841  5.382 0.2000000030
15835  39.755  -65.684  4.975 0.3000000119
15837  38.855  -65.715  4.153 0.2000000030
15839  31.258  -65.531  5.106 0.3000000119
15853  37.244  -65.880  2.407 0.2000000030
15854  36.078  -65.404  2.233 0.1000000015
15865  38.966  -66.137  1.667 0.2000000030
15869  34.494  -65.584  1.425 0.2000000030
15870  33.661  -65.698  1.451 0.2000000030
15887  38.525  -66.215  0.695 0.1000000015
16531  25.439  -64.674  27.338 0.1000000015
16549  37.905  -64.241  25.810 0.1000000015
16615  37.320  -65.428  18.190 0.1000000015
16638  27.142  -64.468  15.565 0.5000000000
16680  27.232  -64.376  12.642 0.5000000000
16683  27.512  -64.306  11.845 0.5000000000
16703  28.200  -64.627  9.504 0.5000000000
16716  37.802  -64.457  7.941 0.2000000030
16717  36.966  -64.282  8.085 0.3000000119
16720  34.678  -64.352  8.093 0.3000000119
16736  38.701  -64.775  7.795 0.2000000030
16737  38.225  -65.007  7.574 0.3000000119
16739  35.893  -64.459  7.697 0.3000000119
16740  34.403  -64.435  7.623 0.3000000119
16741  33.639  -64.319  7.645 0.4000000060
16744  30.248  -64.697  6.875 0.4000000060
16745  29.494  -64.505  7.269 0.4000000060
16759  31.971  -64.504  6.537 0.4000000060
16760  31.256  -64.928  6.340 0.5000000000
16764  41.696  -65.240  6.709 0.3000000119
16765  40.768  -65.695  6.180 0.3000000119
16779  40.353  -65.283  5.293 0.3000000119
16782  37.063  -64.587  4.536 0.2000000030
16784  32.697  -63.968  4.962 0.3000000119
16787  39.573  -65.162  3.780 0.3000000119
16791  35.926  -64.366  3.412 0.2000000030
16794  32.696  -64.734  3.265 0.2000000030
16800  39.224  -65.498  2.488 0.1000000015
16804  34.498  -64.403  2.491 0.2000000030
16905  34.709  -64.755  -4.498 0.1000000015
17448  26.333  -63.234  30.755 0.1000000015
17467  25.495  -63.582  29.398 0.1000000015
17488  36.313  -63.843  27.224 0.1000000015
17500  36.814  -63.483  26.383 0.1000000015
17501  36.132  -63.176  26.788 0.1000000015
17511  36.879  -63.090  25.564 0.1000000015
17516  37.962  -63.784  24.041 0.1000000015
17556  25.496  -63.086  20.476 0.3000000119
17571  25.657  -63.246  19.690 0.4000000060
17588  36.945  -63.873  17.347 0.1000000015
17602  34.861  -63.744  14.158 0.1000000015
17603  26.472  -63.335  15.457 0.5000000000
17646  26.473  -63.161  12.619 0.4000000060
17653  27.881  -64.025  10.187 0.5000000000
17679  36.356  -63.660  8.303 0.3000000119
17680  35.494  -63.592  8.377 0.3000000119
17682  33.760  -63.706  8.275 0.4000000060
17685  28.346  -63.959  8.607 0.5000000000
17692  43.505  -63.425  7.373 0.2000000030
17693  43.130  -63.905  7.503 0.3000000119
17694  42.480  -64.343  7.586 0.3000000119
17695  41.557  -64.769  7.656 0.3000000119
17696  40.335  -64.612  7.801 0.2000000030
17697  39.070  -64.181  7.944 0.2000000030
17699  32.689  -63.800  7.663 0.4000000060
17712  33.588  -64.096  6.345 0.4000000060
17713  42.871  -64.113  6.709 0.3000000119
17714  40.403  -64.237  5.209 0.2000000030
17715  35.055  -63.552  5.033 0.2000000030
17726  34.305  -63.477  4.662 0.2000000030
17745  38.956  -64.619  2.732 0.2000000030
17807  34.208  -63.636  -0.948 0.1000000015
18427  25.709  -62.690  29.571 0.1000000015
18454  32.810  -62.268  27.804 0.1000000015
18465  34.781  -62.208  26.813 0.1000000015
18466  34.027  -61.835  27.003 0.1000000015
18517  25.447  -62.542  21.657 0.3000000119
18551  34.886  -63.457  19.341 0.1000000015
18556  36.410  -62.226  17.085 0.1000000015
18558  26.495  -62.369  17.782 0.5000000000
18593  25.977  -62.475  14.959 0.6000000238
18658  37.543  -62.883  8.190 0.2000000030
18661  34.916  -62.862  8.473 0.3000000119
18679  37.998  -62.509  7.884 0.2000000030
18682  30.531  -62.551  7.207 0.4000000060
18703  39.218  -62.999  4.492 0.2000000030
18711  37.697  -62.320  3.562 0.2000000030
18735  35.913  -62.889  2.039 0.1000000015
18736  35.350  -62.444  1.685 0.1000000015
18754  34.562  -62.599  0.587 0.1000000015
19346  27.478  -61.525  30.511 0.1000000015
19363  29.099  -61.153  30.076 0.1000000015
19366  26.449  -61.258  29.626 0.1000000015
19381  31.635  -61.697  28.189 0.1000000015
19382  30.523  -61.255  28.861 0.1000000015
19383  29.889  -60.626  28.941 0.1000000015
19385  25.586  -61.581  28.417 0.1000000015
19422  34.114  -60.917  25.674 0.1000000015
19435  25.498  -61.727  24.012 0.1000000015
19454  34.366  -61.983  22.461 0.1000000015
19482  25.486  -61.318  20.611 0.4000000060
19493  34.037  -61.955  19.436 0.1000000015
19495  32.962  -61.348  20.069 0.1000000015
19540  35.017  -61.492  15.917 0.2000000030
19554  31.717  -61.672  14.501 0.2000000030
19608  26.343  -61.191  11.109 0.4000000060
19660  43.899  -61.274  7.544 0.1000000015
19666  31.322  -61.385  7.449 0.4000000060
19674  44.500  -62.227  7.097 0.1000000015
19683  45.169  -61.052  6.446 0.1000000015
19684  44.786  -61.765  6.820 0.1000000015
19692  39.043  -61.937  4.442 0.2000000030
19699  37.535  -61.253  3.432 0.1000000015
19708  36.293  -61.420  2.511 0.1000000015
19726  35.207  -61.725  1.472 0.1000000015
20327  27.912  -60.384  29.597 0.1000000015
20328  27.310  -60.230  29.348 0.1000000015
20347  27.833  -59.811  29.090 0.1000000015
20349  26.278  -60.212  28.566 0.1000000015
20381  33.470  -60.596  25.585 0.1000000015
20395  33.343  -60.519  24.166 0.2000000030
20397  25.444  -60.394  24.838 0.1000000015
20405  32.201  -59.972  23.498 0.2000000030
20424  32.319  -60.809  21.108 0.2000000030
20435  25.576  -60.499  20.427 0.5000000000
20443  34.222  -60.772  19.017 0.1000000015
20508  31.977  -61.352  15.070 0.2000000030
20552  31.342  -61.148  13.676 0.1000000015
20587  26.794  -60.510  10.016 0.3000000119
20588  26.461  -60.316  10.791 0.4000000060
20597  27.256  -60.840  9.410 0.4000000060
20609  36.102  -60.661  8.225 0.2000000030
20612  33.427  -60.300  8.247 0.2000000030
20616  27.707  -61.192  8.858 0.4000000060
20633  43.795  -60.263  7.703 0.1000000015
20634  37.259  -61.064  6.951 0.1000000015
20637  30.979  -59.987  7.485 0.4000000060
20644  45.475  -60.583  6.630 0.1000000015
20648  39.232  -60.933  6.148 0.1000000015
20649  38.470  -60.804  6.105 0.1000000015
20650  37.638  -60.598  6.205 0.1000000015
20655  45.776  -60.034  5.864 0.1000000015
20659  42.237  -61.184  4.888 0.1000000015
20665  45.809  -59.843  4.842 0.1000000015
20672  38.763  -60.944  4.057 0.2000000030
20691  38.634  -60.333  3.434 0.1000000015
20711  38.517  -59.892  2.694 0.1000000015
21464  30.276  -59.661  27.532 0.1000000015
21466  28.410  -58.855  28.056 0.1000000015
21467  26.331  -59.249  27.592 0.1000000015
21492  32.075  -59.838  25.047 0.2000000030
21511  37.994  -59.460  23.433 0.1000000015
21513  31.547  -59.455  23.343 0.2000000030
21555  25.755  -60.083  19.861 0.5000000000
21601  34.337  -59.873  16.810 0.2000000030
21621  26.169  -59.502  15.471 0.5000000000
21642  26.142  -59.272  13.912 0.5000000000
21719  35.449  -59.502  8.178 0.2000000030
21724  27.986  -59.661  8.622 0.4000000060
21736  45.341  -60.019  7.262 0.1000000015
21739  42.700  -59.004  8.036 0.1000000015
21745  30.337  -59.397  7.510 0.4000000060
21756  35.827  -59.245  6.511 0.1000000015
21758  45.811  -59.578  4.956 0.1000000015
21761  37.833  -59.277  5.566 0.1000000015
21762  36.951  -59.060  5.569 0.1000000015
21769  45.837  -59.407  4.080 0.1000000015
22483  27.683  -58.712  28.016 0.1000000015
22490  28.850  -58.544  27.384 0.1000000015
22492  27.358  -58.511  27.611 0.1000000015
22502  29.853  -58.624  26.198 0.1000000015
22506  26.634  -58.258  26.517 0.1000000015
22507  26.050  -58.708  26.034 0.1000000015
22524  30.251  -58.449  24.802 0.2000000030
22527  25.741  -58.618  24.376 0.1000000015
22545  30.773  -58.355  21.958 0.2000000030
22556  25.822  -57.945  22.074 0.4000000060
22602  32.916  -58.335  17.465 0.1000000015
22668  31.922  -58.581  13.917 0.1000000015
22718  27.746  -58.190  11.422 0.3000000119
22730  27.742  -58.198  10.569 0.4000000060
22745  35.102  -58.819  8.603 0.1000000015
22747  33.207  -58.758  8.525 0.2000000030
22749  30.369  -58.114  7.857 0.4000000060
22785  34.941  -58.204  6.857 0.1000000015
22787  45.751  -59.223  5.040 0.1000000015
22791  39.390  -58.823  5.999 0.1000000015
22792  38.464  -58.655  5.655 0.1000000015
23559  27.920  -57.653  26.266 0.1000000015
23579  27.367  -57.048  24.697 0.2000000030
23630  26.695  -57.127  19.397 0.5000000000
23639  32.066  -57.486  18.155 0.1000000015
23642  26.738  -57.404  18.665 0.5000000000
23697  26.735  -57.726  16.259 0.5000000000
23739  30.435  -57.932  13.040 0.1000000015
23787  32.709  -57.037  9.417 0.1000000015
23789  29.806  -56.528  9.606 0.2000000030
23790  28.662  -57.602  9.301 0.4000000060
23801  34.585  -57.575  8.972 0.1000000015
23805  30.081  -57.617  8.246 0.4000000060
23806  29.345  -57.612  8.585 0.4000000060
23834  37.827  -57.093  5.900 0.1000000015
23841  36.490  -57.631  5.534 0.1000000015
24562  27.813  -56.740  24.077 0.2000000030
24580  29.208  -56.563  22.264 0.2000000030
24605  29.982  -56.097  20.017 0.2000000030
24636  31.206  -56.584  17.836 0.2000000030
24638  29.995  -55.735  17.358 0.5000000000
24651  28.405  -55.992  16.667 0.5000000000
24664  33.050  -56.327  15.478 0.1000000015
24666  28.125  -56.431  15.984 0.5000000000
24690  30.400  -55.938  13.287 0.2000000030
24714  29.910  -55.836  10.996 0.2000000030
24726  32.566  -55.853  10.281 0.1000000015
24784  39.246  -56.821  7.441 0.1000000015
25532  27.908  -55.697  19.675 0.4000000060
25541  29.362  -55.493  18.841 0.4000000060
25553  28.623  -55.666  17.421 0.5000000000
25570  33.540  -55.641  15.522 0.1000000015
25582  32.125  -55.420  15.217 0.1000000015
25595  30.601  -55.300  12.673 0.2000000030
107020  26.399  -59.546  16.814 0.5000000000
107080  31.514  -74.714  2.915 0.1000000015
107286  25.423  -61.841  25.715 0.1000000015
107303  37.062  -63.503  16.356 0.1000000015
107818  23.070  -75.827  16.789 0.1000000015
107931  32.366  -60.394  26.293 0.1000000015
108131  36.905  -71.690  8.752 0.5000000000
108346  42.054  -60.636  4.213 0.1000000015
108408  22.913  -71.621  12.965 0.1000000015
108426  44.024  -62.791  7.265 0.2000000030
108448  26.062  -64.565  19.320 0.3000000119
108574  34.216  -62.728  27.510 0.1000000015
108843  25.400  -60.693  21.907 0.4000000060
109151  27.112  -64.622  14.715 0.5000000000
109445  29.992  -79.082  19.119 0.1000000015
109531  26.297  -60.237  18.492 0.5000000000
109668  36.110  -64.218  6.218 0.2000000030
109946  36.317  -66.614  1.262 0.2000000030
110744  27.353  -64.526  17.169 0.4000000060
110851  24.170  -71.505  14.000 0.1000000015
111016  39.926  -62.758  23.461 0.1000000015
111310  27.872  -65.640  15.237 0.4000000060
111312  31.990  -67.607  4.013 0.1000000015
111827  25.496  -61.908  24.861 0.1000000015
112738  32.380  -69.874  2.899 0.1000000015
112813  41.989  -64.406  6.361 0.3000000119
114959  28.046  -63.121  9.027 0.5000000000
115337  25.334  -63.049  28.209 0.1000000015
115413  36.035  -71.434  7.487 0.3000000119
116723  33.976  -61.043  8.398 0.2000000030
116792  32.188  -64.415  4.685 0.2000000030
116830  23.575  -73.802  16.835 0.1000000015
117094  34.981  -68.461  -0.135 0.1000000015
117687  25.405  -63.077  28.927 0.1000000015
117888  25.449  -60.067  24.217 0.2000000030
118565  25.398  -61.939  21.188 0.4000000060
118834  30.896  -66.116  5.302 0.3000000119
118956  27.235  -63.599  11.389 0.4000000060
119090  32.168  -72.962  -0.780 0.1000000015
119366  31.414  -60.369  27.128 0.1000000015
119650  21.644  -76.002  15.176 0.1000000015
119681  26.337  -60.913  16.648 0.5000000000
119891  29.075  -62.852  7.665 0.4000000060
120313  30.084  -60.862  7.336 0.4000000060
120552  22.526  -71.765  12.675 0.1000000015
120559  33.088  -64.176  7.530 0.4000000060
120648  44.822  -60.651  5.418 0.1000000015
120926  31.533  -71.323  18.331 0.1000000015
121050  36.366  -73.583  15.240 0.1000000015
121100  25.436  -61.141  23.450 0.1000000015
121156  24.095  -72.150  9.495 0.1000000015
121292  18.676  -74.409  9.874 0.1000000015
121690  24.535  -77.070  9.075 0.1000000015
122129  27.443  -56.085  19.225 0.5000000000
122307  27.034  -56.564  19.530 0.5000000000
122564  24.916  -76.232  18.197 0.1000000015
122592  42.088  -64.840  7.473 0.3000000119
122631  20.825  -74.327  13.759 0.1000000015
122689  29.705  -58.048  8.060 0.4000000060
122971  37.508  -71.209  10.956 0.3000000119
122990  29.374  -55.491  18.278 0.4000000060
123116  28.528  -57.211  15.004 0.5000000000
123363  29.912  -71.736  0.483 0.1000000015
123441  33.393  -61.864  19.859 0.1000000015
123592  35.838  -64.004  8.287 0.3000000119
123725  34.780  -60.455  18.226 0.1000000015
123726  27.501  -63.556  10.676 0.5000000000
123875  35.486  -61.048  1.250 0.1000000015
124262  32.356  -68.357  3.028 0.1000000015
124493  28.534  -72.980  22.122 0.1000000015
124661  36.464  -62.565  25.203 0.1000000015
125313  28.869  -61.217  7.779 0.4000000060
125417  31.999  -75.243  5.063 0.2000000030
125512  31.865  -71.082  2.138 0.1000000015
125842  30.109  -78.576  18.766 0.1000000015
126156  32.158  -63.400  7.576 0.3000000119
126212  37.530  -71.388  10.955 0.3000000119
126248  34.782  -62.997  1.048 0.1000000015
126404  34.730  -61.286  8.470 0.2000000030
126411  26.124  -62.926  13.772 0.5000000000
126753  34.679  -61.958  23.083 0.1000000015
126839  34.388  -71.050  12.330 0.2000000030
126879  40.219  -63.245  5.109 0.2000000030
126933  24.193  -73.008  7.782 0.1000000015
127000  37.450  -64.619  7.731 0.3000000119
127073  40.685  -58.535  7.410 0.1000000015
127125  30.178  -73.326  23.306 0.1000000015
127227  43.141  -61.755  7.439 0.2000000030
127427  30.712  -60.840  13.830 0.1000000015
127731  36.607  -64.535  7.359 0.3000000119
127808  33.044  -65.053  2.463 0.2000000030
127873  25.437  -61.459  25.226 0.1000000015
127904  30.237  -68.761  6.410 0.4000000060
128071  36.943  -72.884  14.232 0.1000000015
128219  28.687  -58.513  8.449 0.4000000060
128250  34.890  -56.499  15.364 0.1000000015
128354  36.544  -61.138  8.154 0.2000000030
128378  28.341  -58.098  9.090 0.4000000060
128553  27.557  -65.203  13.872 0.5000000000
128805  31.497  -57.283  19.168 0.1000000015
128876  28.152  -65.699  16.535 0.3000000119
128973  40.466  -61.103  6.451 0.1000000015
129057  19.057  -74.773  11.580 0.1000000015
