#!ascii label  , from subject sub-v2s10x28991_ses-1 vox2ras=TkReg
326
20457  26.240  -61.074  18.553 0.0000000000
109177  32.290  -71.012  7.026 0.0000000000
13106  31.993  -68.229  16.171 0.0000000000
13976  29.659  -67.436  12.658 0.0000000000
9462  36.462  -72.643  11.603 0.0000000000
10420  34.022  -71.599  14.147 0.0000000000
7609  35.208  -74.404  13.535 0.0000000000
12289  30.894  -69.082  10.208 0.0000000000
16686  27.723  -64.211  11.018 0.0000000000
15705  28.169  -65.832  17.104 0.0000000000
13124  30.372  -68.722  14.688 0.0000000000
12273  33.755  -69.958  11.523 0.0000000000
11437  36.934  -71.321  9.044 0.0000000000
9506  32.688  -72.533  9.249 0.0000000000
108451  25.890  -57.974  21.306 0.0000000000
16605  25.577  -63.758  20.146 0.0000000000
13928  27.762  -67.360  18.806 0.0000000000
19597  25.737  -61.656  13.508 0.0000000000
8477  36.248  -73.449  15.877 0.0000000000
11426  31.818  -70.328  9.293 0.0000000000
13172  29.436  -68.242  9.385 0.0000000000
14801  29.521  -66.905  16.365 0.0000000000
108155  30.947  -68.130  15.575 0.0000000000
10440  36.152  -72.053  13.003 0.0000000000
10442  34.123  -71.477  13.033 0.0000000000
11394  36.131  -70.822  11.476 0.0000000000
11410  35.196  -70.295  10.623 0.0000000000
10491  37.580  -71.181  10.469 0.0000000000
9546  34.402  -73.167  7.749 0.0000000000
16599  25.768  -64.634  21.080 0.0000000000
14778  26.590  -66.077  19.541 0.0000000000
14773  26.776  -66.634  20.082 0.0000000000
109822  27.919  -65.724  13.811 0.0000000000
16672  26.928  -64.288  13.380 0.0000000000
18637  27.204  -62.203  9.988 0.0000000000
20578  26.205  -60.592  11.492 0.0000000000
11336  33.662  -69.876  16.439 0.0000000000
126476  33.346  -70.245  15.309 0.0000000000
108476  35.426  -71.596  15.835 0.0000000000
8493  37.000  -72.994  14.223 0.0000000000
8518  36.266  -73.292  12.458 0.0000000000
13154  31.002  -68.287  11.455 0.0000000000
15757  28.455  -65.551  11.985 0.0000000000
14855  29.203  -66.702  10.522 0.0000000000
15769  28.460  -65.453  9.977 0.0000000000
11456  32.671  -70.663  6.202 0.0000000000
17577  26.489  -63.150  18.114 0.0000000000
111419  28.376  -66.262  15.167 0.0000000000
13968  29.368  -67.647  13.526 0.0000000000
106866  33.101  -70.872  14.377 0.0000000000
12254  31.879  -70.093  13.120 0.0000000000
13141  31.497  -68.589  12.068 0.0000000000
12287  32.754  -69.422  10.892 0.0000000000
11424  33.906  -70.495  9.746 0.0000000000
10513  33.801  -71.182  8.200 0.0000000000
9483  35.220  -72.428  10.295 0.0000000000
115271  36.139  -72.365  8.703 0.0000000000
10510  36.904  -71.824  7.897 0.0000000000
10526  35.372  -71.442  7.047 0.0000000000
23619  26.262  -57.543  20.665 0.0000000000
21554  25.944  -59.162  19.913 0.0000000000
20426  25.460  -60.516  21.117 0.0000000000
18536  25.841  -62.480  19.196 0.0000000000
16612  26.491  -64.543  18.529 0.0000000000
14788  27.822  -66.249  17.715 0.0000000000
13932  29.753  -67.584  17.378 0.0000000000
13095  30.811  -68.812  17.882 0.0000000000
110418  31.480  -68.476  17.236 0.0000000000
18625  26.218  -62.307  12.285 0.0000000000
21567  26.123  -59.691  19.161 0.0000000000
106787  26.409  -59.243  18.303 0.0000000000
123426  26.447  -60.737  18.032 0.0000000000
11442  31.516  -70.595  8.372 0.0000000000
12309  30.225  -69.635  8.413 0.0000000000
13944  30.783  -67.546  16.361 0.0000000000
14800  30.149  -67.273  16.183 0.0000000000
13117  31.867  -68.286  15.842 0.0000000000
9461  36.987  -72.443  11.937 0.0000000000
10464  36.932  -71.459  11.750 0.0000000000
10480  37.276  -71.807  11.617 0.0000000000
11401  37.079  -70.785  11.018 0.0000000000
9481  37.390  -71.847  11.046 0.0000000000
8575  32.691  -73.764  7.449 0.0000000000
14774  26.432  -65.997  20.380 0.0000000000
14837  28.466  -66.385  13.385 0.0000000000
15748  27.523  -65.020  13.260 0.0000000000
15747  28.104  -65.695  12.865 0.0000000000
19619  26.596  -61.035  10.472 0.0000000000
11366  34.685  -70.825  15.968 0.0000000000
9405  35.983  -72.128  16.401 0.0000000000
7593  35.345  -74.309  14.397 0.0000000000
8485  36.768  -73.262  14.851 0.0000000000
8494  36.533  -73.518  14.121 0.0000000000
8504  36.925  -73.067  13.463 0.0000000000
13164  31.257  -68.678  10.870 0.0000000000
13999  29.727  -67.253  10.783 0.0000000000
13166  29.865  -67.987  10.264 0.0000000000
14865  28.570  -66.202  9.470 0.0000000000
15782  28.383  -65.509  9.053 0.0000000000
17670  28.029  -63.778  9.459 0.0000000000
16611  26.961  -64.586  17.805 0.0000000000
16617  26.920  -64.021  17.413 0.0000000000
15706  27.776  -65.141  16.841 0.0000000000
14836  28.838  -67.077  13.940 0.0000000000
13125  29.744  -68.325  14.086 0.0000000000
11367  33.985  -70.799  15.187 0.0000000000
11368  32.409  -70.121  14.778 0.0000000000
11396  33.637  -70.629  12.351 0.0000000000
11397  32.645  -70.423  12.781 0.0000000000
12263  32.409  -69.601  12.312 0.0000000000
12264  31.647  -69.294  12.549 0.0000000000
13140  32.132  -69.030  11.880 0.0000000000
12274  32.872  -69.476  11.547 0.0000000000
113455  36.014  -70.465  10.326 0.0000000000
11411  34.311  -70.167  10.554 0.0000000000
11423  35.263  -70.534  9.832 0.0000000000
11439  34.602  -70.889  8.939 0.0000000000
11438  36.069  -70.956  8.872 0.0000000000
129193  28.924  -74.561  9.314 0.0000000000
9526  31.746  -72.673  8.858 0.0000000000
8545  31.160  -72.937  9.558 0.0000000000
9486  32.027  -72.719  9.848 0.0000000000
9505  33.546  -72.477  9.510 0.0000000000
114515  36.469  -72.165  9.506 0.0000000000
117191  34.834  -72.412  9.295 0.0000000000
8572  35.962  -73.162  6.675 0.0000000000
9522  36.497  -72.416  7.938 0.0000000000
9543  36.906  -72.081  6.863 0.0000000000
10525  36.621  -71.745  7.038 0.0000000000
10535  36.762  -71.916  6.298 0.0000000000
24598  26.769  -56.675  21.079 0.0000000000
22579  26.201  -58.246  19.924 0.0000000000
22567  25.870  -58.537  20.665 0.0000000000
122402  25.431  -62.612  21.015 0.0000000000
19471  25.407  -61.232  21.361 0.0000000000
18522  25.478  -62.230  20.513 0.0000000000
19497  25.608  -61.842  19.870 0.0000000000
18537  25.559  -62.578  19.936 0.0000000000
17570  26.094  -63.568  18.846 0.0000000000
109115  25.736  -63.954  19.622 0.0000000000
14777  27.126  -66.863  19.315 0.0000000000
14785  26.908  -66.064  18.749 0.0000000000
14783  28.145  -67.027  18.046 0.0000000000
13933  28.927  -67.323  17.670 0.0000000000
13926  29.274  -67.964  17.982 0.0000000000
12213  31.240  -69.599  18.599 0.0000000000
12218  31.487  -69.250  17.836 0.0000000000
15767  28.069  -64.900  11.459 0.0000000000
111196  26.956  -63.725  12.183 0.0000000000
17648  26.673  -62.968  11.770 0.0000000000
20568  26.014  -60.321  12.081 0.0000000000
12300  31.322  -69.742  9.785 0.0000000000
13171  30.105  -68.753  9.807 0.0000000000
14802  28.759  -66.315  16.607 0.0000000000
13123  31.248  -68.901  15.197 0.0000000000
10441  35.196  -71.986  13.561 0.0000000000
10465  35.397  -71.403  12.355 0.0000000000
11395  34.822  -70.492  11.627 0.0000000000
12272  34.604  -70.072  11.065 0.0000000000
11402  35.903  -70.407  10.966 0.0000000000
11409  36.967  -70.668  10.429 0.0000000000
11421  37.464  -70.926  9.972 0.0000000000
9524  33.719  -72.652  8.641 0.0000000000
8557  33.208  -73.237  7.961 0.0000000000
8573  34.935  -73.576  6.959 0.0000000000
16600  25.551  -63.901  20.787 0.0000000000
16604  25.750  -64.523  20.201 0.0000000000
15683  26.167  -65.332  19.839 0.0000000000
13921  27.628  -67.540  19.523 0.0000000000
16655  26.705  -64.101  14.137 0.0000000000
17640  26.429  -63.467  13.469 0.0000000000
18628  27.036  -62.774  10.819 0.0000000000
18629  26.434  -62.075  11.409 0.0000000000
18638  26.705  -61.788  10.601 0.0000000000
21691  26.314  -59.883  11.485 0.0000000000
107290  32.566  -68.653  16.015 0.0000000000
12235  33.169  -69.404  15.799 0.0000000000
11349  33.927  -70.153  15.938 0.0000000000
123872  34.665  -71.374  15.166 0.0000000000
10419  35.287  -71.992  14.706 0.0000000000
9417  36.196  -72.418  15.448 0.0000000000
9429  36.427  -72.580  14.191 0.0000000000
9428  36.860  -72.716  13.446 0.0000000000
8517  36.818  -73.091  12.844 0.0000000000
123089  30.542  -67.824  11.801 0.0000000000
113720  29.391  -66.732  12.172 0.0000000000
14851  29.454  -66.675  11.341 0.0000000000
119153  29.070  -66.206  10.990 0.0000000000
15766  28.625  -65.561  11.001 0.0000000000
14006  29.178  -67.385  9.831 0.0000000000
14856  28.804  -66.117  10.300 0.0000000000
16685  28.156  -64.809  10.531 0.0000000000
17654  27.606  -63.139  9.920 0.0000000000
123942  33.298  -71.141  6.746 0.0000000000
19514  26.215  -61.927  18.518 0.0000000000
19530  26.459  -61.438  17.933 0.0000000000
17582  26.705  -63.269  17.340 0.0000000000
14844  29.015  -66.974  13.000 0.0000000000
12246  31.504  -69.645  14.609 0.0000000000
11384  33.179  -71.084  13.417 0.0000000000
11385  32.358  -70.615  13.725 0.0000000000
12255  31.147  -69.597  13.497 0.0000000000
13132  30.358  -68.885  13.559 0.0000000000
124752  30.416  -68.445  12.765 0.0000000000
13975  30.255  -67.854  12.357 0.0000000000
13153  31.708  -68.780  11.424 0.0000000000
12288  31.808  -69.219  10.669 0.0000000000
12286  33.629  -69.705  11.035 0.0000000000
11412  33.287  -69.989  10.406 0.0000000000
12299  32.268  -69.904  10.151 0.0000000000
11425  32.813  -70.411  9.582 0.0000000000
11441  32.390  -70.756  8.761 0.0000000000
8519  35.158  -73.498  11.932 0.0000000000
7642  29.815  -73.789  9.525 0.0000000000
9464  34.436  -72.930  11.083 0.0000000000
9463  35.533  -72.714  11.122 0.0000000000
9482  36.563  -72.269  10.576 0.0000000000
123138  37.110  -71.646  9.289 0.0000000000
9523  35.193  -72.648  8.295 0.0000000000
111697  36.913  -71.967  8.766 0.0000000000
10511  36.333  -71.448  7.878 0.0000000000
10512  35.205  -71.273  7.966 0.0000000000
10527  34.106  -71.304  7.332 0.0000000000
10537  34.492  -71.288  6.451 0.0000000000
24607  27.346  -56.165  19.963 0.0000000000
110541  27.233  -56.300  20.609 0.0000000000
24608  26.755  -56.785  20.170 0.0000000000
126800  26.452  -57.516  19.889 0.0000000000
20446  25.979  -60.589  19.177 0.0000000000
20415  25.450  -60.003  22.568 0.0000000000
22557  25.665  -58.767  21.496 0.0000000000
21544  25.623  -59.610  20.729 0.0000000000
20447  25.667  -60.967  19.844 0.0000000000
19496  25.892  -61.481  19.181 0.0000000000
18552  26.254  -62.699  18.493 0.0000000000
16618  26.616  -63.851  18.013 0.0000000000
15694  27.493  -65.346  17.556 0.0000000000
15688  26.463  -65.346  19.014 0.0000000000
109441  27.324  -65.919  18.137 0.0000000000
14787  28.572  -66.565  17.344 0.0000000000
13945  30.084  -67.337  16.709 0.0000000000
13930  31.445  -67.977  16.523 0.0000000000
13096  29.980  -68.353  17.927 0.0000000000
13931  30.708  -67.882  17.144 0.0000000000
13093  32.481  -68.713  16.540 0.0000000000
15758  27.820  -64.983  12.343 0.0000000000
17645  26.753  -63.837  12.850 0.0000000000
18617  26.048  -62.539  13.204 0.0000000000
120467  26.034  -61.291  11.984 0.0000000000
108531  25.876  -61.728  12.760 0.0000000000
7599  35.668  -74.189  14.028 0.0000000000
7600  34.816  -74.651  13.888 0.0000000000
7644  28.577  -74.819  8.991 0.0000000000
8486  36.076  -73.896  14.640 0.0000000000
8505  36.106  -73.670  13.340 0.0000000000
8506  35.232  -74.148  12.896 0.0000000000
8546  30.398  -73.204  9.221 0.0000000000
8574  33.769  -73.839  7.113 0.0000000000
9416  36.853  -72.887  14.962 0.0000000000
9446  36.884  -72.516  12.655 0.0000000000
9504  37.285  -71.622  10.049 0.0000000000
9521  36.986  -72.020  7.780 0.0000000000
9544  36.687  -72.457  7.098 0.0000000000
9545  35.683  -72.964  7.454 0.0000000000
10439  36.978  -72.178  12.427 0.0000000000
10500  37.299  -71.276  9.651 0.0000000000
10514  32.892  -71.057  8.293 0.0000000000
10528  33.017  -71.185  7.573 0.0000000000
11369  31.703  -70.218  13.929 0.0000000000
11408  37.522  -70.918  10.560 0.0000000000
11422  36.697  -70.706  9.699 0.0000000000
11440  33.366  -70.836  8.948 0.0000000000
11450  32.180  -70.998  7.900 0.0000000000
11451  31.480  -70.639  7.427 0.0000000000
12247  30.790  -69.302  14.344 0.0000000000
12262  33.107  -69.844  12.097 0.0000000000
12275  32.275  -69.161  11.300 0.0000000000
12308  30.920  -70.128  8.881 0.0000000000
13094  31.977  -68.386  16.721 0.0000000000
13131  30.904  -68.918  12.720 0.0000000000
13142  30.840  -68.232  12.189 0.0000000000
13165  30.606  -68.387  10.609 0.0000000000
13927  28.556  -67.819  18.515 0.0000000000
13943  31.381  -67.793  16.016 0.0000000000
13967  29.907  -68.157  13.138 0.0000000000
13987  30.018  -67.260  11.774 0.0000000000
13998  30.340  -67.781  11.133 0.0000000000
14784  27.478  -66.613  18.438 0.0000000000
14786  29.358  -66.899  17.025 0.0000000000
14845  28.738  -66.253  12.502 0.0000000000
14852  28.991  -66.148  11.678 0.0000000000
14864  28.838  -66.692  9.852 0.0000000000
15680  26.066  -65.282  20.684 0.0000000000
15687  26.937  -65.296  18.286 0.0000000000
16680  27.232  -64.376  12.642 0.0000000000
16683  27.512  -64.306  11.845 0.0000000000
16703  28.200  -64.627  9.504 0.0000000000
17556  25.496  -63.086  20.476 0.0000000000
17571  25.657  -63.246  19.690 0.0000000000
17646  26.473  -63.161  12.619 0.0000000000
17653  27.881  -64.025  10.187 0.0000000000
18558  26.495  -62.369  17.782 0.0000000000
19482  25.486  -61.318  20.611 0.0000000000
19608  26.343  -61.191  11.109 0.0000000000
20435  25.576  -60.499  20.427 0.0000000000
20588  26.461  -60.316  10.791 0.0000000000
21555  25.755  -60.083  19.861 0.0000000000
22556  25.822  -57.945  22.074 0.0000000000
25532  27.908  -55.697  19.675 0.0000000000
108131  36.905  -71.690  8.752 0.0000000000
108448  26.062  -64.565  19.320 0.0000000000
108843  25.400  -60.693  21.907 0.0000000000
109531  26.297  -60.237  18.492 0.0000000000
110744  27.353  -64.526  17.169 0.0000000000
115413  36.035  -71.434  7.487 0.0000000000
118565  25.398  -61.939  21.188 0.0000000000
118956  27.235  -63.599  11.389 0.0000000000
121050  36.366  -73.583  15.240 0.0000000000
122971  37.508  -71.209  10.956 0.0000000000
123726  27.501  -63.556  10.676 0.0000000000
126212  37.530  -71.388  10.955 0.0000000000
126411  26.124  -62.926  13.772 0.0000000000
126839  34.388  -71.050  12.330 0.0000000000
128071  36.943  -72.884  14.232 0.0000000000
128553  27.557  -65.203  13.872 0.0000000000
128876  28.152  -65.699  16.535 0.0000000000
