#Insight Transform File V1.0
#Transform 0
Transform: AffineTransform_float_3_3
Parameters: 0.999996 0.0015337 -0.0022618 -0.00153784 0.999997 -0.00194873 0.00225783 0.00195221 0.999996 -0.0840791 0.0222771 0.391571
FixedParameters: 0 0 0

#Transform 1
Transform: AffineTransform_float_3_3
Parameters: 0.999997 0.00136252 -0.00168344 -0.00136516 0.999998 -0.00122009 0.00168182 0.00122292 0.999998 -0.0778928 0.00891904 0.315597
FixedParameters: 0 0 0

#Transform 2
Transform: AffineTransform_float_3_3
Parameters: 1 0.00102772 -0.00029126 -0.00102839 0.999997 -0.00189688 0.00028925 0.0018975 0.999998 -0.0501101 0.0215546 0.237947
FixedParameters: 0 0 0

#Transform 3
Transform: AffineTransform_float_3_3
Parameters: 1 0.00081226 -0.000483833 -0.000813056 0.999999 -0.00127458 0.000483708 0.00127539 0.999999 -0.0525959 -0.00708021 0.234115
FixedParameters: 0 0 0

#Transform 4
Transform: AffineTransform_float_3_3
Parameters: 1 0.000949585 -0.000742259 -0.000950044 0.999999 -0.00111379 0.000740897 0.00111524 0.999999 -0.0522052 -0.00386385 0.229445
FixedParameters: 0 0 0

#Transform 5
Transform: AffineTransform_float_3_3
Parameters: 1 0.000988145 -0.000613214 -0.000987898 0.999999 -0.000806187 0.000612427 0.000806107 0.999999 -0.0521814 0.00735265 0.238961
FixedParameters: 0 0 0

#Transform 6
Transform: AffineTransform_float_3_3
Parameters: 1 0.00100035 -0.000509792 -0.00100034 0.999999 -0.00116996 0.000508205 0.00117102 0.999999 -0.0522941 -0.000713317 0.253357
FixedParameters: 0 0 0

#Transform 7
Transform: AffineTransform_float_3_3
Parameters: 1 0.0010334 -0.000440709 -0.00103369 1 -0.000595505 0.000440509 0.000596001 1 -0.0536001 0.0226068 0.302225
FixedParameters: 0 0 0

#Transform 8
Transform: AffineTransform_float_3_3
Parameters: 0.999999 0.000648696 -0.000298326 -0.000648676 1 3.36725e-05 0.000298369 -3.32854e-05 1 -0.0497326 0.0265469 0.285434
FixedParameters: 0 0 0

#Transform 9
Transform: AffineTransform_float_3_3
Parameters: 0.999999 0.000596498 -0.000469356 -0.000596673 0.999999 -0.000419039 0.00046983 0.000419612 1 -0.0480055 0.00924345 0.213953
FixedParameters: 0 0 0

#Transform 10
Transform: AffineTransform_float_3_3
Parameters: 1 0.000529427 -0.000890233 -0.000529519 0.999999 0.000472781 0.000891004 -0.000472767 0.999999 -0.0461296 -0.00429949 0.240894
FixedParameters: 0 0 0

#Transform 11
Transform: AffineTransform_float_3_3
Parameters: 0.999999 0.00056897 -0.000760552 -0.000568939 1 0.00081454 0.000760666 -0.000813715 1 -0.0502867 0.0138834 0.188117
FixedParameters: 0 0 0

#Transform 12
Transform: AffineTransform_float_3_3
Parameters: 0.999999 0.000583987 -0.00067585 -0.000584225 0.999999 0.000685605 0.00067589 -0.000685758 0.999999 -0.0478005 0.0339469 0.175128
FixedParameters: 0 0 0

#Transform 13
Transform: AffineTransform_float_3_3
Parameters: 0.999999 0.000617303 -0.000564264 -0.000617427 1 0.000959393 0.000564636 -0.000958736 1 -0.0475072 0.0495834 0.173431
FixedParameters: 0 0 0

#Transform 14
Transform: AffineTransform_float_3_3
Parameters: 0.999999 0.000671605 -0.000302883 -0.0006723 1 0.000823093 0.000303234 -0.000823152 0.999999 -0.0496731 0.0292519 0.175948
FixedParameters: 0 0 0

#Transform 15
Transform: AffineTransform_float_3_3
Parameters: 0.999999 0.000579712 -0.000713762 -0.000579744 1 0.000823518 0.000713904 -0.00082273 1 -0.0487798 0.0224913 0.207479
FixedParameters: 0 0 0

#Transform 16
Transform: AffineTransform_float_3_3
Parameters: 1 1.59758e-05 -0.00059088 -1.52384e-05 1 -0.000201318 0.000590655 0.000201363 1 -0.060763 0.0376386 0.108537
FixedParameters: 0 0 0

#Transform 17
Transform: AffineTransform_float_3_3
Parameters: 1 0.000198533 -0.00102895 -0.000199865 1 -0.00112161 0.00102829 0.00112205 0.999999 -0.0718729 0.00123083 0.178738
FixedParameters: 0 0 0

#Transform 18
Transform: AffineTransform_float_3_3
Parameters: 1 -0.000104652 -0.00114285 0.000104469 1 -9.32599e-05 0.00114286 9.25448e-05 1 -0.0268405 0.0787306 0.145708
FixedParameters: 0 0 0

#Transform 19
Transform: AffineTransform_float_3_3
Parameters: 1 0.00034558 -0.000245902 -0.000345646 1 -0.000578662 0.000246476 0.000578845 1 -0.0129905 0.0111787 0.0818607
FixedParameters: 0 0 0

#Transform 20
Transform: AffineTransform_float_3_3
Parameters: 1 3.6646e-05 0.000208032 -3.63351e-05 0.999999 -0.000747037 -0.000208087 0.000747022 0.999999 0.00485692 -0.000201998 0.0280773
FixedParameters: 0 0 0

#Transform 21
Transform: AffineTransform_float_3_3
Parameters: 1 -0.000339199 0.00054077 0.000338827 0.999999 -0.000733893 -0.000541034 0.000733317 0.999999 0.00402858 -0.00596611 -0.00347129
FixedParameters: 0 0 0

#Transform 22
Transform: AffineTransform_float_3_3
Parameters: 0.999999 -0.000452044 0.000897288 0.000452268 0.999999 -0.000780935 -0.000897401 0.000781231 1 -0.0216008 0.0314473 -0.071556
FixedParameters: 0 0 0

#Transform 23
Transform: AffineTransform_float_3_3
Parameters: 1 0.000312335 0.000104265 -0.000312448 1 0.000539908 -0.000103927 -0.000539973 1 -0.00930697 0.0277464 -0.0931753
FixedParameters: 0 0 0

#Transform 24
Transform: AffineTransform_float_3_3
Parameters: 0.999999 0.000717217 1.33192e-05 -0.000717221 0.999999 0.000156563 -1.30946e-05 -0.000156582 1 -0.0169954 -0.0162695 -0.126795
FixedParameters: 0 0 0

#Transform 25
Transform: AffineTransform_float_3_3
Parameters: 0.999996 0.00217397 -0.00189911 -0.0021733 0.999997 0.000458415 0.00190049 -0.00045376 0.999998 -0.250245 -0.0223364 0.242144
FixedParameters: 0 0 0

#Transform 26
Transform: AffineTransform_float_3_3
Parameters: 1 0.000217714 -5.49634e-05 -0.000217682 1 0.000284534 5.50873e-05 -0.00028451 1 -0.05875 0.0940106 0.0125935
FixedParameters: 0 0 0

#Transform 27
Transform: AffineTransform_float_3_3
Parameters: 1 0.000359084 -0.000309762 -0.000358426 1 0.00108129 0.00031048 -0.00108107 1 -0.0361372 0.0471874 -0.218169
FixedParameters: 0 0 0

#Transform 28
Transform: AffineTransform_float_3_3
Parameters: 1 -0.000113201 -0.00048518 0.000115417 0.999995 0.00337155 0.000484284 -0.00337169 0.999994 -0.00158943 0.0551771 -0.228452
FixedParameters: 0 0 0

#Transform 29
Transform: AffineTransform_float_3_3
Parameters: 1 5.89191e-05 -0.000102293 -5.84799e-05 0.999998 0.00233467 0.000102395 -0.00233466 0.999998 0.0324631 -0.0152108 -0.319378
FixedParameters: 0 0 0

#Transform 30
Transform: AffineTransform_float_3_3
Parameters: 1 7.0866e-05 0.000361101 -7.18358e-05 0.999995 0.00292853 -0.000360157 -0.00292855 0.999995 0.0299742 -0.0281102 -0.3687
FixedParameters: 0 0 0

#Transform 31
Transform: AffineTransform_float_3_3
Parameters: 1 0.000307218 0.000384324 -0.000307602 0.999999 0.00146618 -0.000384672 -0.0014664 0.999999 0.0245665 -0.053139 -0.384548
FixedParameters: 0 0 0

#Transform 32
Transform: AffineTransform_float_3_3
Parameters: 1 0.000313346 0.000489391 -0.000314221 0.999999 0.000881589 -0.000488895 -0.000881469 1 0.0174536 -0.0736452 -0.341867
FixedParameters: 0 0 0

#Transform 33
Transform: AffineTransform_float_3_3
Parameters: 0.999999 0.00040303 0.000813764 -0.000404456 0.999999 0.00146797 -0.000812855 -0.0014686 0.999998 0.0212087 -0.0546964 -0.363724
FixedParameters: 0 0 0

#Transform 34
Transform: AffineTransform_float_3_3
Parameters: 0.999999 0.000148685 0.000860197 -0.000150427 0.999999 0.00156502 -0.000860062 -0.00156483 0.999999 0.0192232 -0.040852 -0.358431
FixedParameters: 0 0 0

#Transform 35
Transform: AffineTransform_float_3_3
Parameters: 0.999999 0.000407069 0.000730005 -0.00040865 0.999997 0.0022429 -0.000729759 -0.00224303 0.999997 0.0026044 -0.0221997 -0.348149
FixedParameters: 0 0 0

#Transform 36
Transform: AffineTransform_float_3_3
Parameters: 1 0.000315734 0.000546462 -0.000316593 0.999997 0.00233531 -0.00054657 -0.00233561 0.999997 0.00203556 -0.0259182 -0.333814
FixedParameters: 0 0 0

#Transform 37
Transform: AffineTransform_float_3_3
Parameters: 0.999999 0.000377698 0.000669851 -0.000379242 0.999998 0.00169816 -0.000669873 -0.00169822 0.999999 0.0123377 -0.0421493 -0.321524
FixedParameters: 0 0 0

#Transform 38
Transform: AffineTransform_float_3_3
Parameters: 1 0.000344078 0.000495019 -0.000345207 0.999998 0.00187795 -0.000495033 -0.00187828 0.999998 0.00121657 -0.0289312 -0.321731
FixedParameters: 0 0 0

#Transform 39
Transform: AffineTransform_float_3_3
Parameters: 0.999999 8.93842e-05 0.000784438 -9.00096e-05 1 0.000398581 -0.000784367 -0.000398722 0.999999 0.0166812 -0.0315805 -0.319467
FixedParameters: 0 0 0

#Transform 40
Transform: AffineTransform_float_3_3
Parameters: 0.999999 -0.000567047 -0.00113435 0.000567147 1 4.35543e-05 0.0011343 -4.44134e-05 1 -0.00902525 -0.0465476 -0.136317
FixedParameters: 0 0 0

#Transform 41
Transform: AffineTransform_float_3_3
Parameters: 1 -5.53681e-05 -0.000474399 5.52689e-05 1 -0.00010454 0.00047441 0.000104488 1 0.015975 -0.00475877 -0.218861
FixedParameters: 0 0 0

#Transform 42
Transform: AffineTransform_float_3_3
Parameters: 1 -0.000138186 -0.000273477 0.000138727 0.999999 0.00101383 0.000273139 -0.00101347 1 0.00821166 -0.00909775 -0.257109
FixedParameters: 0 0 0

#Transform 43
Transform: AffineTransform_float_3_3
Parameters: 1 -0.00011686 -0.000190128 0.000117266 1 0.00110259 0.000189812 -0.00110264 1 0.00904402 -0.0157002 -0.27757
FixedParameters: 0 0 0

#Transform 44
Transform: AffineTransform_float_3_3
Parameters: 1 -0.000129593 -0.0002149 0.000129964 0.999999 0.000865686 0.000214675 -0.000865742 0.999999 0.0161478 -0.0172013 -0.294569
FixedParameters: 0 0 0

#Transform 45
Transform: AffineTransform_float_3_3
Parameters: 1 -6.08009e-05 4.94064e-05 6.16455e-05 1 0.00118761 -4.98281e-05 -0.00118757 1 0.0297495 0.00847226 -0.301997
FixedParameters: 0 0 0

#Transform 46
Transform: AffineTransform_float_3_3
Parameters: 1 -4.58466e-05 0.000207025 4.66098e-05 1 0.000511905 -0.000207292 -0.00051186 1 0.0191858 -0.0121711 -0.316014
FixedParameters: 0 0 0

#Transform 47
Transform: AffineTransform_float_3_3
Parameters: 1 -4.75331e-05 0.000130475 4.82272e-05 1 0.00102668 -0.00013085 -0.00102664 1 0.0191502 0.0127573 -0.328189
FixedParameters: 0 0 0

#Transform 48
Transform: AffineTransform_float_3_3
Parameters: 1 -9.38349e-05 -6.71489e-05 9.3963e-05 0.999999 0.000955669 6.69695e-05 -0.000955681 0.999999 0.0296362 -0.00488916 -0.365575
FixedParameters: 0 0 0

#Transform 49
Transform: AffineTransform_float_3_3
Parameters: 1 -0.000168704 -0.000229836 0.000168441 0.999998 0.00157699 0.000229466 -0.00157709 0.999998 0.0195567 -0.0154994 -0.353409
FixedParameters: 0 0 0

#Transform 50
Transform: AffineTransform_float_3_3
Parameters: 1 -0.000155319 -0.000452109 0.000156881 0.999999 0.00175726 0.000451445 -0.0017574 0.999999 0.0022089 -0.0375978 -0.367012
FixedParameters: 0 0 0

#Transform 51
Transform: AffineTransform_float_3_3
Parameters: 0.999999 -4.75601e-05 -0.00185477 5.2819e-05 0.999997 0.00274595 0.00185536 -0.00274541 0.999995 -0.054235 -0.0829591 -0.45166
FixedParameters: 0 0 0

#Transform 52
Transform: AffineTransform_float_3_3
Parameters: 0.999999 -0.000273262 -0.000888836 0.000274186 1 0.0010923 0.000888406 -0.00109191 0.999999 0.00719146 -0.0159558 -0.418277
FixedParameters: 0 0 0

#Transform 53
Transform: AffineTransform_float_3_3
Parameters: 0.999999 -0.00026759 -0.000868589 0.000268782 1 0.00112835 0.000869119 -0.00112883 0.999999 -0.00785452 -0.0588991 -0.484385
FixedParameters: 0 0 0

#Transform 54
Transform: AffineTransform_float_3_3
Parameters: 0.999999 -0.000378779 -0.0012976 0.000380441 0.999999 0.000640532 0.00129711 -0.00064109 0.999999 0.00299601 -0.0614348 -0.518134
FixedParameters: 0 0 0

#Transform 55
Transform: AffineTransform_float_3_3
Parameters: 1 -0.000330001 -0.00113331 0.000331346 1 0.00102324 0.00113285 -0.00102402 0.999999 0.00865883 -0.0636172 -0.503969
FixedParameters: 0 0 0

#Transform 56
Transform: AffineTransform_float_3_3
Parameters: 0.999999 -0.00015485 -0.00126154 0.000155986 0.999998 0.00170204 0.00126063 -0.0017021 0.999997 -0.0100673 -0.0469661 -0.474436
FixedParameters: 0 0 0

#Transform 57
Transform: AffineTransform_float_3_3
Parameters: 0.999999 -0.000124656 -0.000872816 0.000125097 0.999999 0.00150347 0.000871848 -0.00150376 0.999998 0.00792821 -0.0473718 -0.489581
FixedParameters: 0 0 0

#Transform 58
Transform: AffineTransform_float_3_3
Parameters: 0.999999 -0.000271325 -0.000951833 0.000273599 0.999998 0.00160533 0.000952037 -0.00160543 0.999999 0.00760355 -0.0513292 -0.457307
FixedParameters: 0 0 0

#Transform 59
Transform: AffineTransform_float_3_3
Parameters: 0.999999 -0.000261592 -0.000876091 0.000263013 0.999999 0.00137524 0.000875531 -0.00137572 0.999998 0.00670477 -0.0241241 -0.429041
FixedParameters: 0 0 0

#Transform 60
Transform: AffineTransform_float_3_3
Parameters: 0.999999 -9.39702e-05 -0.000768001 9.49423e-05 0.999999 0.00127623 0.000767921 -0.0012764 0.999999 0.00622276 -0.0331273 -0.433058
FixedParameters: 0 0 0

#Transform 61
Transform: AffineTransform_float_3_3
Parameters: 0.999999 -7.73283e-05 -0.00125328 7.85552e-05 0.999999 0.0012728 0.00125346 -0.00127262 0.999999 0.00502832 -0.0372415 -0.462396
FixedParameters: 0 0 0

#Transform 62
Transform: AffineTransform_float_3_3
Parameters: 0.999999 -6.71966e-05 -0.00129434 7.02198e-05 0.999998 0.0020166 0.00129341 -0.00201642 0.999997 -0.00781716 -0.0281436 -0.458818
FixedParameters: 0 0 0

#Transform 63
Transform: AffineTransform_float_3_3
Parameters: 1 -7.85862e-05 -0.00117092 8.11961e-05 0.999998 0.00205273 0.00116994 -0.00205255 0.999997 -0.0112001 -0.0302339 -0.458507
FixedParameters: 0 0 0

#Transform 64
Transform: AffineTransform_float_3_3
Parameters: 0.999999 -0.00020341 -0.00070983 0.000205329 0.999998 0.00205802 0.000709093 -0.00205834 0.999997 -0.0153078 -0.0352512 -0.458927
FixedParameters: 0 0 0

#Transform 65
Transform: AffineTransform_float_3_3
Parameters: 0.999999 -3.02336e-05 -0.000877376 3.25707e-05 0.999997 0.00246526 0.000877487 -0.00246537 0.999996 -0.00689854 -0.0236931 -0.457459
FixedParameters: 0 0 0

#Transform 66
Transform: AffineTransform_float_3_3
Parameters: 0.999999 6.31068e-06 -0.000748224 -4.34031e-06 0.999997 0.00265415 0.000748461 -0.0026542 0.999996 -0.0100342 -0.00874593 -0.476597
FixedParameters: 0 0 0

#Transform 67
Transform: AffineTransform_float_3_3
Parameters: 1 2.36686e-05 -0.000469402 -2.26429e-05 0.999997 0.00217246 0.000469549 -0.00217204 0.999998 0.00301806 -0.0271014 -0.468511
FixedParameters: 0 0 0

#Transform 68
Transform: AffineTransform_float_3_3
Parameters: 1 -0.000124701 -0.000573668 0.000125928 0.999998 0.00196762 0.000573286 -0.00196689 0.999998 -0.00447538 -0.0282747 -0.449792
FixedParameters: 0 0 0

#Transform 69
Transform: AffineTransform_float_3_3
Parameters: 0.999999 -0.000196363 -0.000709388 0.000198808 0.999998 0.00228294 0.000709507 -0.00228324 0.999997 -0.00935318 -0.0260038 -0.455872
FixedParameters: 0 0 0

#Transform 70
Transform: AffineTransform_float_3_3
Parameters: 0.999999 -5.08104e-05 -0.000903547 5.31921e-05 0.999997 0.00241864 0.000903561 -0.00241879 0.999996 0.00176833 -0.000145031 -0.436327
FixedParameters: 0 0 0

#Transform 71
Transform: AffineTransform_float_3_3
Parameters: 1 -0.000176353 -0.000629836 0.000178309 0.999997 0.00235893 0.000629046 -0.00235918 0.999997 0.00620767 -0.0112944 -0.428845
FixedParameters: 0 0 0

#Transform 72
Transform: AffineTransform_float_3_3
Parameters: 0.999999 -0.000189859 -0.000744678 0.000191945 0.999996 0.0027467 0.000743837 -0.00274704 0.999996 0.00594971 -0.0139335 -0.429967
FixedParameters: 0 0 0

#Transform 73
Transform: AffineTransform_float_3_3
Parameters: 1 -0.000180514 -0.000657596 0.000182686 0.999997 0.00242389 0.000656763 -0.00242416 0.999997 0.00374388 7.48594e-05 -0.438012
FixedParameters: 0 0 0

#Transform 74
Transform: AffineTransform_float_3_3
Parameters: 1 -0.000172377 -0.000592813 0.000173995 0.999997 0.00222121 0.00059209 -0.00222102 0.999998 0.00658578 -0.0125385 -0.436917
FixedParameters: 0 0 0

#Transform 75
Transform: AffineTransform_float_3_3
Parameters: 0.999999 -0.000191782 -0.000708362 0.000194421 0.999997 0.00242388 0.000708446 -0.00242417 0.999997 0.00618134 -0.00508776 -0.436578
FixedParameters: 0 0 0

#Transform 76
Transform: AffineTransform_float_3_3
Parameters: 1 -0.00018188 -0.000607051 0.000183324 0.999998 0.00201508 0.00060642 -0.00201533 0.999998 0.00657867 -0.0154524 -0.437883
FixedParameters: 0 0 0

#Transform 77
Transform: AffineTransform_float_3_3
Parameters: 1 2.56246e-05 -0.000559981 -2.41848e-05 0.999997 0.00219084 0.000560137 -0.00219041 0.999998 0.0109371 -0.0188596 -0.423628
FixedParameters: 0 0 0

#Transform 78
Transform: AffineTransform_float_3_3
Parameters: 0.999999 -0.000332392 -0.000951623 0.000334203 0.999998 0.00201313 0.000950554 -0.00201249 0.999998 0.00584801 -0.046855 -0.422672
FixedParameters: 0 0 0

#Transform 79
Transform: AffineTransform_float_3_3
Parameters: 1 -0.000482949 -0.000842542 0.000484753 0.999997 0.00271915 0.000841376 -0.00271913 0.999996 -0.0215578 -0.0265042 -0.344095
FixedParameters: 0 0 0

#Transform 80
Transform: AffineTransform_float_3_3
Parameters: 1 -0.000537615 0.000279386 0.000537453 1 0.000290501 -0.000279698 -0.0002902 1 0.00398478 -0.0204326 -0.470948
FixedParameters: 0 0 0

#Transform 81
Transform: AffineTransform_float_3_3
Parameters: 1 -0.00049057 0.000406828 0.000491024 1 0.000909103 -0.000406966 -0.000909092 0.999999 0.00794505 -0.0440204 -0.585839
FixedParameters: 0 0 0

#Transform 82
Transform: AffineTransform_float_3_3
Parameters: 1 -0.000405324 0.00028094 0.000405712 0.999999 0.00140919 -0.000281385 -0.00140892 0.999999 0.00643503 -0.0298267 -0.572093
FixedParameters: 0 0 0

#Transform 83
Transform: AffineTransform_float_3_3
Parameters: 1 -0.000491279 0.00032362 0.000491483 0.999998 0.00150702 -0.000324404 -0.00150666 0.999999 0.024125 -0.0520548 -0.575465
FixedParameters: 0 0 0

#Transform 84
Transform: AffineTransform_float_3_3
Parameters: 1 -0.000350753 1.54773e-05 0.000350884 0.999998 0.00195202 -1.59877e-05 -0.001952 0.999998 0.0047131 -0.0718075 -0.561823
FixedParameters: 0 0 0

#Transform 85
Transform: AffineTransform_float_3_3
Parameters: 1 -0.000147881 -3.47891e-05 0.000147996 0.999998 0.0020489 3.40682e-05 -0.00204891 0.999998 0.00109745 -0.0434586 -0.562224
FixedParameters: 0 0 0

#Transform 86
Transform: AffineTransform_float_3_3
Parameters: 1 0.000206707 -0.000392155 -0.000205923 0.999996 0.00257072 0.000392289 -0.0025706 0.999996 -0.00748918 -0.0301462 -0.535906
FixedParameters: 0 0 0

#Transform 87
Transform: AffineTransform_float_3_3
Parameters: 1 0.000205411 -0.000411331 -0.000204462 0.999997 0.00266769 0.00041144 -0.00266756 0.999997 -0.0117007 -0.0333178 -0.551336
FixedParameters: 0 0 0

#Transform 88
Transform: AffineTransform_float_3_3
Parameters: 1 0.000167356 -0.000630211 -0.000164601 0.999995 0.00300878 0.000631142 -0.00300817 0.999996 -0.00752749 -0.0399845 -0.553949
FixedParameters: 0 0 0

#Transform 89
Transform: AffineTransform_float_3_3
Parameters: 1 0.000146192 -0.000207658 -0.000145297 0.999996 0.00280772 0.000207273 -0.00280767 0.999996 -0.00964677 -0.0341356 -0.537695
FixedParameters: 0 0 0

#Transform 90
Transform: AffineTransform_float_3_3
Parameters: 1 0.000269534 -0.000182685 -0.000268679 0.999995 0.00311149 0.000183099 -0.0031114 0.999995 -0.00706079 -0.0339516 -0.52819
FixedParameters: 0 0 0

#Transform 91
Transform: AffineTransform_float_3_3
Parameters: 1 0.00028731 -0.000135362 -0.000286696 0.999995 0.00335337 0.000135969 -0.00335331 0.999995 -0.00716871 -0.0143702 -0.52482
FixedParameters: 0 0 0

#Transform 92
Transform: AffineTransform_float_3_3
Parameters: 1 0.000243821 -0.00031318 -0.000242089 0.999995 0.00321547 0.000313481 -0.00321533 0.999995 -0.0106 -0.0303561 -0.514278
FixedParameters: 0 0 0

#Transform 93
Transform: AffineTransform_float_3_3
Parameters: 1 0.000265118 -0.000126506 -0.000264508 0.999996 0.00255372 0.000127687 -0.00255365 0.999996 -0.00899657 -0.0202813 -0.461284
FixedParameters: 0 0 0

#Transform 94
Transform: AffineTransform_float_3_3
Parameters: 1 0.000317547 6.57693e-05 -0.000316998 0.999996 0.00287955 -6.43905e-05 -0.00287957 0.999996 -0.00710065 -0.0424774 -0.498367
FixedParameters: 0 0 0

#Transform 95
Transform: AffineTransform_float_3_3
Parameters: 1 0.000377917 -0.000262818 -0.000376272 0.999993 0.0036542 0.000264192 -0.00365492 0.999994 -0.00868988 -0.0247305 -0.507522
FixedParameters: 0 0 0

#Transform 96
Transform: AffineTransform_float_3_3
Parameters: 1 0.00032361 -0.000319403 -0.000322486 0.999993 0.00376238 0.000320677 -0.00376221 0.999993 -0.00808112 -0.0303663 -0.520492
FixedParameters: 0 0 0

#Transform 97
Transform: AffineTransform_float_3_3
Parameters: 1 0.000235904 -0.000311482 -0.00023434 0.999995 0.00294258 0.000311662 -0.00294245 0.999995 -0.00800334 -0.0420322 -0.508278
FixedParameters: 0 0 0

#Transform 98
Transform: AffineTransform_float_3_3
Parameters: 1 0.000336383 -0.000215006 -0.00033528 0.999997 0.00264498 0.000216611 -0.00264526 0.999996 -0.00904501 -0.0259628 -0.486165
FixedParameters: 0 0 0

#Transform 99
Transform: AffineTransform_float_3_3
Parameters: 1 0.000378946 -2.86027e-05 -0.000379043 0.999994 0.00340141 2.98627e-05 -0.00340141 0.999994 -0.00791268 -0.0275677 -0.50302
FixedParameters: 0 0 0

#Transform 100
Transform: AffineTransform_float_3_3
Parameters: 1 0.000280481 -0.000171733 -0.00027961 0.999994 0.00339337 0.000172315 -0.00339328 0.999994 -0.00734057 -0.0144254 -0.522176
FixedParameters: 0 0 0

#Transform 101
Transform: AffineTransform_float_3_3
Parameters: 1 0.000317509 -0.000344729 -0.000316276 0.999994 0.00364435 0.000345882 -0.00364417 0.999994 -0.00816856 -0.0214745 -0.525782
FixedParameters: 0 0 0

#Transform 102
Transform: AffineTransform_float_3_3
Parameters: 1 0.000251791 -0.000394628 -0.000249873 0.999991 0.00406809 0.000395455 -0.00406794 0.999991 -0.00788737 -0.0199728 -0.522617
FixedParameters: 0 0 0

#Transform 103
Transform: AffineTransform_float_3_3
Parameters: 1 0.000471998 -0.00012478 -0.000471574 0.999992 0.00379434 0.00012601 -0.00379425 0.999993 -0.00824149 -0.0141551 -0.526996
FixedParameters: 0 0 0

#Transform 104
Transform: AffineTransform_float_3_3
Parameters: 1 0.000497542 -0.000291125 -0.000495774 0.999992 0.00395471 0.000292646 -0.00395445 0.999992 -0.00680463 -0.0178859 -0.516409
FixedParameters: 0 0 0

#Transform 105
Transform: AffineTransform_float_3_3
Parameters: 1 0.000284115 -0.000197046 -0.000282742 0.999993 0.00369825 0.000198741 -0.00369814 0.999993 -0.0083287 -0.0292649 -0.485323
FixedParameters: 0 0 0

#Transform 106
Transform: AffineTransform_float_3_3
Parameters: 1 -4.319e-05 -0.000346025 4.49648e-05 0.999993 0.00378565 0.000346483 -0.00378569 0.999993 -0.00618698 -0.0142023 -0.504765
FixedParameters: 0 0 0

#Transform 107
Transform: AffineTransform_float_3_3
Parameters: 0.999999 -0.00053537 -0.000464525 0.000536784 0.999994 0.00325549 0.000463141 -0.00325511 0.999994 -0.0379114 -0.0314935 -0.368087
FixedParameters: 0 0 0

#Transform 108
Transform: AffineTransform_float_3_3
Parameters: 0.99999 -0.00210896 -0.00400681 0.00210295 0.999997 -0.00128986 0.00400922 0.00128103 0.999991 -0.192645 -0.0459426 -0.640471
FixedParameters: 0 0 0

#Transform 109
Transform: AffineTransform_float_3_3
Parameters: 0.999989 -0.000733734 -0.00467628 0.000744113 0.999997 0.00217604 0.0046741 -0.00217901 0.999987 -0.388906 0.312271 -0.593806
FixedParameters: 0 0 0

#Transform 110
Transform: AffineTransform_float_3_3
Parameters: 0.999995 0.000131396 -0.00319923 -0.000122169 0.999995 0.00288143 0.00319974 -0.00288056 0.999991 -0.278239 0.27671 -0.45548
FixedParameters: 0 0 0

#Transform 111
Transform: AffineTransform_float_3_3
Parameters: 0.999999 0.000260497 0.000672861 -0.000258684 0.999996 -0.00283254 -0.000674123 0.00283213 0.999996 -0.130995 0.267042 -0.248038
FixedParameters: 0 0 0

#Transform 112
Transform: AffineTransform_float_3_3
Parameters: 1 7.42059e-05 0.000272301 -7.45735e-05 0.999997 0.00239465 -0.000272336 -0.00239466 0.999997 -0.0858866 0.0612825 -0.269115
FixedParameters: 0 0 0

#Transform 113
Transform: AffineTransform_float_3_3
Parameters: 1 0.000130977 0.000550586 -0.000133113 0.999996 0.0027799 -0.0005503 -0.00278002 0.999996 -0.0755763 0.054251 -0.39952
FixedParameters: 0 0 0

#Transform 114
Transform: AffineTransform_float_3_3
Parameters: 0.999999 0.000303708 0.000821656 -0.00030693 0.999993 0.00368891 -0.000820461 -0.00368934 0.999993 -0.0583895 0.031989 -0.460083
FixedParameters: 0 0 0

#Transform 115
Transform: AffineTransform_float_3_3
Parameters: 1 8.1365e-05 0.000470274 -8.39238e-05 0.999993 0.00388432 -0.000469336 -0.00388436 0.999993 -0.049921 0.0102454 -0.49148
FixedParameters: 0 0 0

#Transform 116
Transform: AffineTransform_float_3_3
Parameters: 0.999999 0.00032607 0.00154786 -0.000332342 0.999993 0.00388399 -0.00154708 -0.00388442 0.999991 0.0144586 0.0131361 -0.546987
FixedParameters: 0 0 0

#Transform 117
Transform: AffineTransform_float_3_3
Parameters: 1 0.000476371 0.00111437 -0.000481678 0.999992 0.00398988 -0.00111286 -0.00399043 0.999992 8.40097e-06 0.00492448 -0.5349
FixedParameters: 0 0 0

#Transform 118
Transform: AffineTransform_float_3_3
Parameters: 1 0.000385485 0.00111904 -0.000390224 0.999991 0.00424776 -0.00111735 -0.00424807 0.999991 -0.00905524 0.003052 -0.547516
FixedParameters: 0 0 0

#Transform 119
Transform: AffineTransform_float_3_3
Parameters: 0.999999 0.000431709 0.000819079 -0.000434976 0.99999 0.00430261 -0.000816799 -0.00430279 0.999991 -0.0261145 0.00105962 -0.523013
FixedParameters: 0 0 0
