#!ascii label  , from subject sub-v2s10x28952_ses-1 vox2ras=TkReg
634
22642  32.068  -36.865  14.576 0.6000000238
102453  34.993  -44.338  19.821 0.6999999881
17918  33.998  -43.171  18.717 0.6999999881
88681  31.407  -41.110  17.014 0.8999999762
20993  30.822  -39.729  15.421 0.8000000119
21820  31.338  -38.115  14.936 0.8000000119
23386  32.031  -36.207  14.592 0.6000000238
94516  32.362  -35.756  14.660 0.6999999881
97544  34.465  -35.293  15.123 0.6999999881
17910  35.186  -43.588  19.992 0.6999999881
17142  35.392  -44.412  20.678 0.6999999881
18632  33.940  -42.261  18.946 0.6999999881
90772  33.388  -40.941  18.888 0.6000000238
20195  32.725  -40.941  18.378 0.6999999881
89098  32.463  -41.858  17.945 0.6999999881
20209  32.056  -40.997  17.685 0.8000000119
21805  31.663  -38.571  16.619 0.8000000119
89934  31.189  -38.784  15.543 0.8000000119
22635  31.672  -37.498  14.786 0.6000000238
24141  32.483  -34.952  14.640 0.6000000238
24140  33.874  -34.887  14.837 0.6999999881
95296  35.242  -35.015  14.977 0.6999999881
17909  35.543  -43.435  20.878 0.5000000000
89340  35.609  -44.030  21.630 0.6000000238
19392  34.411  -41.282  19.828 0.4000000060
18631  34.524  -42.027  19.613 0.6000000238
19393  33.880  -41.437  19.224 0.5000000000
20968  32.844  -39.330  18.370 0.6000000238
88218  32.279  -40.060  17.883 0.8000000119
20983  32.191  -39.075  17.539 0.6999999881
22621  31.733  -37.251  15.946 0.6999999881
23367  31.737  -36.527  15.304 0.6999999881
94587  31.868  -34.756  14.873 0.5000000000
24910  33.128  -34.186  14.779 0.6000000238
24909  34.468  -34.237  14.729 0.6000000238
24139  36.370  -35.144  14.681 0.5000000000
18608  35.608  -42.338  21.825 0.5000000000
17125  35.410  -44.457  22.337 0.6000000238
90337  34.577  -45.283  23.086 0.6000000238
86918  35.544  -42.696  21.113 0.5000000000
20194  33.192  -40.163  18.773 0.5000000000
21793  32.746  -38.591  17.981 0.6000000238
23355  32.531  -36.699  16.654 0.6000000238
87402  32.029  -36.747  16.081 0.6000000238
88808  31.757  -35.635  15.133 0.5000000000
24896  31.946  -34.344  15.095 0.5000000000
24911  32.148  -34.208  14.916 0.6000000238
25759  33.748  -33.452  14.885 0.6000000238
25757  36.219  -33.714  14.390 0.5000000000
25756  37.449  -34.604  14.131 0.5000000000
24907  36.855  -34.915  14.256 0.5000000000
89068  35.530  -43.633  22.465 0.5000000000
17104  34.589  -44.684  23.345 0.5000000000
19384  34.902  -41.186  20.449 0.5000000000
20180  34.264  -40.068  19.912 0.4000000060
20957  34.096  -39.219  19.624 0.3000000119
102532  33.678  -38.972  19.162 0.4000000060
22591  33.717  -38.017  18.672 0.3000000119
22600  34.071  -37.293  18.509 0.3000000119
92207  33.174  -38.156  18.208 0.5000000000
22609  32.932  -37.088  17.357 0.5000000000
24118  32.855  -35.276  16.376 0.5000000000
24119  32.094  -34.961  15.442 0.5000000000
25745  32.252  -33.734  15.490 0.5000000000
25760  32.780  -33.624  15.049 0.6000000238
26585  34.274  -32.726  15.093 0.6000000238
25758  34.972  -33.486  14.701 0.5000000000
86984  37.611  -33.714  14.260 0.5000000000
17862  35.389  -43.131  23.151 0.5000000000
19365  35.532  -41.401  21.877 0.5000000000
20152  35.357  -40.588  21.515 0.5000000000
20942  34.701  -39.565  20.431 0.4000000060
20167  34.888  -40.426  20.653 0.5000000000
21780  34.415  -38.474  19.677 0.4000000060
22590  34.446  -37.796  19.253 0.3000000119
23354  33.167  -36.268  16.982 0.4000000060
91427  32.451  -34.204  16.052 0.5000000000
101436  32.261  -33.517  15.798 0.4000000060
26584  35.364  -32.598  14.759 0.5000000000
101036  35.790  -31.671  14.820 0.5000000000
26581  38.315  -33.317  14.332 0.5000000000
86540  36.899  -33.385  14.322 0.5000000000
17863  34.911  -43.254  23.686 0.5000000000
18592  35.606  -41.995  22.656 0.5000000000
88330  35.535  -40.710  22.231 0.5000000000
20153  35.199  -39.834  21.202 0.4000000060
22575  34.958  -38.016  20.047 0.4000000060
23335  34.795  -36.903  18.961 0.3000000119
23344  34.392  -36.506  18.235 0.3000000119
24105  33.764  -35.451  17.107 0.4000000060
95963  33.372  -34.652  16.638 0.4000000060
24875  33.184  -33.600  16.670 0.4000000060
24889  32.364  -33.330  16.099 0.4000000060
25737  32.334  -33.035  15.934 0.5000000000
26567  33.755  -32.409  15.637 0.5000000000
26586  33.182  -32.883  15.326 0.6000000238
100455  36.344  -31.840  14.586 0.4000000060
26583  36.245  -32.525  14.507 0.5000000000
19331  35.423  -41.688  23.484 0.4000000060
20930  35.430  -39.335  21.781 0.4000000060
86007  35.490  -40.048  22.025 0.4000000060
21764  35.302  -38.320  20.821 0.4000000060
22589  35.191  -37.220  19.738 0.4000000060
24096  34.569  -35.539  17.869 0.4000000060
24874  34.095  -34.571  17.246 0.4000000060
25722  33.501  -32.868  17.172 0.4000000060
25723  32.711  -32.891  16.411 0.5000000000
26559  33.386  -32.357  16.116 0.5000000000
27331  34.356  -31.973  15.889 0.6000000238
26566  34.816  -32.074  15.266 0.5000000000
27343  36.258  -31.058  15.127 0.4000000060
20129  35.435  -40.719  23.594 0.4000000060
21751  35.514  -38.654  21.621 0.4000000060
20922  35.563  -39.519  22.612 0.4000000060
22574  35.612  -37.446  20.666 0.4000000060
23334  35.429  -36.392  19.415 0.4000000060
88256  34.170  -33.536  17.564 0.4000000060
26545  33.305  -32.613  16.623 0.4000000060
91963  34.075  -32.206  16.634 0.5000000000
27344  35.427  -31.613  15.487 0.6000000238
20909  35.504  -39.775  23.417 0.4000000060
85762  35.769  -38.291  22.354 0.4000000060
22563  35.773  -37.931  21.527 0.4000000060
90548  35.751  -36.618  20.199 0.4000000060
24864  35.410  -34.470  18.754 0.4000000060
25710  34.951  -33.561  18.359 0.5000000000
24865  34.827  -34.496  18.002 0.4000000060
25711  34.438  -32.800  18.011 0.3000000119
26544  34.052  -32.507  17.339 0.3000000119
87910  35.162  -31.745  16.591 0.4000000060
27330  36.123  -31.191  15.994 0.4000000060
20893  35.278  -40.004  24.113 0.4000000060
23312  36.156  -36.680  21.011 0.4000000060
23323  35.874  -35.952  19.853 0.4000000060
24855  35.937  -34.482  19.507 0.3000000119
27315  34.637  -32.128  17.331 0.3000000119
91646  36.168  -31.389  17.186 0.4000000060
88596  36.841  -30.805  16.694 0.4000000060
22550  36.138  -37.484  22.316 0.3000000119
23322  36.236  -35.956  20.522 0.3000000119
25699  35.551  -33.617  19.115 0.3000000119
25700  35.106  -32.804  18.816 0.4000000060
26530  35.023  -32.445  18.542 0.3000000119
27300  34.727  -32.343  18.013 0.3000000119
27314  35.352  -31.827  17.869 0.3000000119
28092  37.459  -30.405  17.438 0.4000000060
27288  35.324  -31.557  19.589 0.4000000060
27299  35.147  -32.048  18.752 0.4000000060
27298  35.627  -31.550  18.875 0.3000000119
96806  36.155  -31.377  18.117 0.4000000060
28077  37.232  -30.398  18.380 0.4000000060
28093  36.817  -30.937  17.799 0.4000000060
28062  36.756  -30.254  19.099 0.4000000060
99824  37.478  -29.850  18.741 0.4000000060
28840  38.012  -29.834  17.078 0.3000000119
29578  37.999  -29.132  18.682 0.3000000119
99517  31.853  -37.240  14.662 0.6999999881
20210  31.643  -40.417  17.219 0.8000000119
24142  31.895  -35.563  14.755 0.6000000238
21812  31.473  -37.948  15.734 0.6999999881
22622  31.565  -37.322  15.209 0.6999999881
24908  35.724  -34.432  14.590 0.6000000238
20181  33.875  -40.629  19.441 0.4000000060
20967  33.481  -39.390  19.005 0.4000000060
98095  32.248  -38.387  17.310 0.6999999881
22610  32.305  -37.259  16.737 0.6999999881
23381  31.776  -35.965  14.891 0.6999999881
19383  35.269  -41.098  21.087 0.5000000000
23366  32.264  -36.028  15.923 0.5000000000
23353  33.654  -36.850  17.813 0.4000000060
25744  32.526  -33.123  15.577 0.6000000238
24095  35.169  -35.224  18.478 0.3000000119
21727  35.607  -38.774  23.232 0.4000000060
28078  36.444  -30.911  18.702 0.3000000119
28825  37.900  -29.908  18.086 0.3000000119
17193  30.418  -43.565  16.269 0.6000000238
17185  30.366  -44.865  16.801 0.6000000238
17956  33.371  -42.905  14.274 0.6000000238
18686  33.684  -42.832  14.218 0.6000000238
14695  29.625  -47.162  17.446 0.5000000000
89609  30.203  -45.092  17.038 0.6000000238
17933  30.482  -43.423  16.659 0.6999999881
17180  30.409  -44.329  16.813 0.6999999881
16356  29.920  -45.744  16.958 0.6000000238
17947  30.596  -43.074  15.558 0.6000000238
17958  31.357  -42.573  14.854 0.6000000238
18688  31.989  -42.118  14.289 0.6000000238
18687  32.875  -42.423  14.406 0.6000000238
18680  33.125  -42.235  14.470 0.6000000238
19428  33.831  -41.575  16.212 0.6000000238
19427  34.659  -42.046  16.753 0.6999999881
14688  30.488  -47.537  17.972 0.6000000238
17171  31.683  -44.746  17.646 0.6999999881
15522  30.247  -46.672  17.644 0.5000000000
88616  30.802  -45.335  17.469 0.6999999881
17938  30.159  -43.048  16.118 0.6999999881
17948  30.265  -42.799  15.725 0.6999999881
19442  31.687  -41.419  14.304 0.5000000000
19429  33.164  -41.198  15.572 0.6000000238
20218  33.482  -40.649  16.249 0.6000000238
19419  34.397  -40.991  17.031 0.6999999881
20208  34.653  -40.146  17.392 0.6999999881
20193  36.056  -40.429  18.245 0.6999999881
20966  36.004  -39.446  18.102 0.6999999881
24843  41.093  -35.091  20.687 0.4000000060
24085  39.140  -35.829  19.758 0.5000000000
22597  38.180  -37.089  19.252 0.6000000238
22588  37.740  -37.800  19.102 0.6000000238
89963  36.599  -39.045  18.399 0.6999999881
13005  32.245  -49.421  19.725 0.5000000000
14677  32.055  -48.223  19.258 0.5000000000
15521  32.068  -46.528  18.461 0.6000000238
14687  31.382  -48.027  18.619 0.5000000000
16346  31.906  -45.659  17.999 0.6999999881
87468  31.217  -47.072  18.266 0.6000000238
17932  31.310  -43.229  17.333 0.6999999881
17179  30.874  -44.035  17.264 0.6999999881
18662  30.405  -42.694  16.359 0.6999999881
18689  31.082  -41.932  14.577 0.6999999881
19437  32.712  -41.410  14.764 0.6000000238
92353  33.925  -40.002  16.834 0.6999999881
20980  35.445  -38.942  17.550 0.6999999881
91323  36.085  -38.748  17.849 0.6999999881
93004  37.072  -37.727  18.241 0.6000000238
12965  32.519  -49.675  21.633 0.5000000000
11340  32.371  -51.111  21.119 0.4000000060
14676  32.611  -48.034  19.800 0.5000000000
12989  32.492  -49.327  20.642 0.5000000000
14686  32.232  -47.451  18.996 0.5000000000
92762  33.525  -46.126  19.160 0.6000000238
16345  32.861  -45.962  18.623 0.6000000238
18646  32.410  -42.899  17.771 0.6999999881
17170  32.816  -45.094  18.259 0.6000000238
17178  32.208  -43.891  17.718 0.6999999881
86597  30.847  -42.764  16.940 0.6999999881
18682  30.462  -42.093  15.200 0.6999999881
95965  31.404  -40.802  14.343 0.6999999881
19438  32.028  -40.757  14.350 0.6999999881
20992  33.183  -39.709  15.951 0.6999999881
20991  33.728  -39.248  16.472 0.6999999881
21803  34.928  -38.396  16.972 0.8000000119
21802  35.847  -38.122  17.284 0.6999999881
24853  38.486  -34.859  18.833 0.5000000000
23342  37.491  -36.363  17.902 0.6000000238
22599  36.522  -37.557  17.366 0.6000000238
15505  33.717  -47.172  20.426 0.6000000238
14664  33.189  -47.824  20.440 0.6000000238
101580  34.073  -45.239  19.062 0.6000000238
17160  33.735  -44.849  18.678 0.6000000238
17926  33.195  -43.480  18.220 0.6000000238
19420  31.720  -41.658  17.435 0.6999999881
18661  31.016  -41.972  16.809 0.6999999881
18671  30.439  -41.964  16.040 0.6999999881
100232  30.400  -41.904  15.465 0.6999999881
20228  30.606  -40.378  14.964 0.8000000119
20231  30.906  -40.679  14.583 0.8000000119
20227  31.954  -39.729  14.414 0.6000000238
21811  33.065  -38.731  15.643 0.6000000238
22618  35.265  -37.768  16.728 0.8000000119
25709  39.326  -33.513  18.978 0.5000000000
24093  37.942  -35.511  18.242 0.6000000238
23351  37.187  -36.469  16.909 0.6999999881
24863  38.707  -34.084  18.407 0.6000000238
13802  33.220  -48.329  21.782 0.5000000000
12954  31.919  -49.821  23.001 0.4000000060
12118  31.365  -50.145  23.352 0.4000000060
15504  34.378  -46.451  20.508 0.5000000000
13821  33.230  -48.170  21.149 0.5000000000
15512  34.261  -45.732  19.584 0.6000000238
17159  34.421  -44.744  19.270 0.6000000238
18645  33.226  -42.548  18.362 0.6000000238
19430  30.844  -41.223  16.238 0.8000000119
20220  30.729  -40.586  15.639 0.8000000119
88748  31.436  -39.198  14.550 0.6000000238
89198  32.634  -38.006  15.067 0.6000000238
22619  34.409  -37.851  16.390 0.6999999881
23363  37.002  -36.361  16.055 0.6999999881
24104  37.390  -36.058  16.336 0.6000000238
24888  38.517  -35.179  15.657 0.6000000238
90656  38.271  -34.709  17.970 0.6000000238
24873  38.393  -34.684  17.017 0.6000000238
14632  34.200  -47.081  22.027 0.5000000000
13788  33.339  -48.114  22.260 0.5000000000
12938  31.668  -49.430  23.581 0.5000000000
12939  30.932  -49.727  23.930 0.5000000000
16329  35.175  -45.330  20.904 0.5000000000
15493  34.125  -47.143  21.183 0.5000000000
88629  34.591  -43.796  19.254 0.6000000238
21828  31.432  -38.554  14.706 0.6999999881
22634  32.060  -37.774  14.587 0.6000000238
22633  32.828  -37.239  15.054 0.6000000238
23379  33.806  -36.681  15.515 0.6000000238
101941  35.709  -36.723  16.181 0.6999999881
23378  34.845  -36.333  15.848 0.6000000238
23364  36.464  -36.539  16.128 0.6000000238
25720  39.160  -33.394  18.070 0.5000000000
25736  38.911  -34.309  16.408 0.4000000060
15477  34.533  -46.298  22.303 0.5000000000
15478  33.956  -46.832  22.825 0.5000000000
13763  32.066  -48.004  24.146 0.5000000000
13764  31.364  -48.203  24.321 0.5000000000
91630  28.926  -48.932  24.502 0.5000000000
12928  27.660  -49.065  24.233 0.5000000000
23380  32.670  -36.385  14.806 0.6000000238
24131  36.306  -35.631  15.128 0.4000000060
23376  36.984  -36.072  15.303 0.5000000000
24116  38.017  -35.757  14.913 0.4000000060
24887  39.194  -34.947  15.073 0.4000000060
16301  34.803  -45.551  22.547 0.6000000238
15452  33.579  -46.523  23.405 0.5000000000
14600  32.476  -47.403  24.036 0.5000000000
14602  30.723  -47.605  24.474 0.5000000000
13767  28.775  -48.187  24.553 0.5000000000
87034  26.929  -48.914  23.952 0.5000000000
13780  25.812  -48.442  23.619 0.4000000060
12944  24.698  -48.947  23.088 0.5000000000
99715  22.603  -49.312  22.433 0.4000000060
12968  21.243  -49.954  21.831 0.4000000060
12165  20.002  -51.106  21.680 0.4000000060
24132  35.111  -35.658  15.461 0.6000000238
24129  38.002  -35.634  14.335 0.4000000060
24895  38.621  -35.360  14.331 0.4000000060
16274  33.470  -45.818  23.668 0.5000000000
15439  32.148  -46.817  24.314 0.4000000060
99847  30.938  -46.971  24.476 0.4000000060
14604  28.869  -47.403  24.555 0.5000000000
15443  27.614  -46.929  24.298 0.4000000060
13781  25.154  -48.466  23.351 0.5000000000
14617  25.316  -47.760  23.478 0.4000000060
14635  23.507  -47.670  22.755 0.5000000000
13790  24.449  -47.948  23.205 0.5000000000
14636  22.748  -47.801  22.417 0.3000000119
13805  20.950  -48.936  21.646 0.3000000119
12990  19.662  -49.384  21.150 0.3000000119
24906  37.698  -35.367  14.214 0.4000000060
16257  32.722  -45.572  24.106 0.5000000000
87337  32.107  -46.089  24.348 0.5000000000
91902  30.676  -46.333  24.482 0.4000000060
17864  34.414  -43.986  23.725 0.4000000060
17087  33.371  -44.996  23.919 0.4000000060
100633  32.023  -45.339  24.325 0.4000000060
88349  30.761  -45.008  24.295 0.4000000060
17849  33.492  -44.055  24.117 0.4000000060
17088  32.516  -44.637  24.231 0.4000000060
17089  31.502  -44.703  24.293 0.4000000060
17848  34.172  -43.248  24.167 0.4000000060
89770  31.936  -44.054  24.280 0.4000000060
17091  29.993  -44.789  24.084 0.4000000060
16275  29.204  -44.908  23.866 0.4000000060
17850  32.605  -43.713  24.343 0.4000000060
18563  34.665  -42.614  24.111 0.3000000119
17851  31.809  -43.300  24.353 0.4000000060
17106  30.131  -43.975  23.768 0.4000000060
88058  28.668  -44.541  23.432 0.4000000060
19317  34.835  -41.682  24.280 0.4000000060
16302  27.036  -45.049  23.027 0.4000000060
100309  27.526  -44.452  22.842 0.4000000060
20114  35.083  -40.748  24.270 0.3000000119
88060  33.885  -41.429  24.845 0.4000000060
18566  32.110  -42.480  24.560 0.4000000060
17852  30.979  -43.254  24.124 0.4000000060
17865  30.290  -43.279  23.797 0.4000000060
17867  28.811  -43.694  23.100 0.4000000060
18579  30.571  -42.609  24.062 0.3000000119
86200  34.915  -45.076  20.090 0.5000000000
17957  32.409  -42.687  14.563 0.6000000238
20981  35.311  -39.807  17.742 0.6999999881
20982  34.528  -39.286  17.147 0.6999999881
92278  39.537  -35.051  19.774 0.5000000000
97105  39.128  -34.329  19.340 0.5000000000
23333  38.580  -36.437  19.492 0.5000000000
24086  38.406  -35.653  19.212 0.4000000060
23341  37.933  -36.333  18.871 0.6000000238
13835  32.349  -48.719  19.849 0.5000000000
20230  31.390  -40.096  14.413 0.6999999881
22608  37.094  -37.061  17.557 0.6000000238
17169  33.113  -44.317  18.236 0.6000000238
20998  32.470  -39.309  14.866 0.6999999881
21810  34.011  -38.561  16.456 0.8000000119
23352  36.691  -36.881  16.727 0.6999999881
12953  32.264  -49.835  22.412 0.4000000060
20999  31.928  -39.021  14.425 0.6000000238
22617  35.976  -37.275  16.655 0.6999999881
26529  39.686  -32.849  18.642 0.5000000000
24094  37.619  -35.822  17.181 0.6000000238
22620  33.476  -37.939  15.766 0.6999999881
23365  34.833  -37.123  16.268 0.6999999881
24117  37.449  -35.965  15.494 0.6000000238
14633  33.619  -47.562  22.538 0.5000000000
13777  31.929  -48.669  23.859 0.5000000000
12924  31.165  -48.997  24.204 0.4000000060
23377  36.011  -36.208  15.711 0.6000000238
12967  22.186  -50.050  22.151 0.3000000119
24130  37.277  -35.605  14.534 0.5000000000
14614  27.372  -47.676  24.296 0.5000000000
13792  23.050  -48.551  22.611 0.4000000060
92429  20.149  -50.244  21.548 0.4000000060
18564  33.934  -42.361  24.535 0.4000000060
98214  32.557  -43.018  24.460 0.4000000060
13849  46.953  -49.607  15.529 0.3000000119
13851  45.095  -48.584  16.612 0.3000000119
20225  42.004  -40.201  15.564 0.4000000060
19400  41.905  -40.213  17.551 0.4000000060
18654  41.958  -41.456  16.476 0.4000000060
18655  41.210  -42.433  17.380 0.4000000060
20204  41.430  -39.222  16.927 0.4000000060
20217  40.889  -39.914  16.443 0.4000000060
19415  39.888  -40.871  17.210 0.4000000060
19402  39.382  -40.714  18.218 0.5000000000
18666  38.804  -42.884  16.309 0.5000000000
18657  38.484  -42.582  17.408 0.5000000000
20188  41.876  -39.392  17.793 0.4000000060
20203  42.173  -39.418  17.001 0.5000000000
20216  41.796  -39.648  16.247 0.5000000000
93386  37.898  -43.183  16.855 0.5000000000
20189  41.435  -40.236  18.463 0.5000000000
20177  40.810  -40.219  19.383 0.5000000000
19401  41.193  -41.209  18.278 0.4000000060
18642  40.817  -42.207  18.156 0.4000000060
17931  40.842  -43.362  17.369 0.4000000060
17925  40.440  -43.282  18.158 0.4000000060
16354  40.673  -45.082  17.549 0.3000000119
15532  41.667  -46.211  16.719 0.4000000060
21776  40.462  -38.072  19.682 0.4000000060
20965  40.552  -38.800  18.491 0.4000000060
20954  39.612  -38.945  19.141 0.4000000060
21775  41.180  -38.664  18.629 0.4000000060
21801  41.630  -38.852  17.863 0.4000000060
21789  41.238  -38.719  18.109 0.4000000060
20190  39.786  -39.582  18.527 0.4000000060
19416  38.966  -41.716  17.881 0.5000000000
86887  40.735  -38.591  19.771 0.4000000060
20964  41.660  -38.935  18.103 0.4000000060
20990  42.027  -39.165  16.822 0.4000000060
20191  38.735  -40.380  18.883 0.5000000000
19403  38.446  -41.292  18.570 0.5000000000
18658  37.508  -42.809  17.562 0.5000000000
91954  36.518  -42.714  17.381 0.6000000238
19417  36.091  -41.996  17.838 0.6000000238
18668  36.036  -43.058  16.457 0.6000000238
20206  35.824  -41.229  17.984 0.6000000238
18669  35.104  -42.684  16.074 0.5000000000
89714  40.225  -42.825  18.773 0.4000000060
18670  34.223  -42.298  15.642 0.5000000000
17167  40.103  -44.168  18.533 0.4000000060
92736  40.247  -44.940  18.394 0.4000000060
91411  40.523  -45.696  18.287 0.4000000060
21778  39.352  -38.206  19.534 0.4000000060
20955  38.637  -39.144  19.383 0.5000000000
20956  37.846  -39.348  19.269 0.5000000000
19404  37.534  -41.473  18.590 0.5000000000
20192  37.514  -40.043  19.032 0.5000000000
19405  36.568  -41.353  18.320 0.6000000238
21790  37.257  -38.612  18.814 0.6000000238
95194  37.036  -40.669  18.687 0.6000000238
13040  47.228  -49.981  14.538 0.3000000119
13845  44.669  -48.599  17.321 0.3000000119
14673  42.468  -47.869  19.323 0.3000000119
22562  40.920  -36.976  20.907 0.4000000060
22573  40.558  -37.167  20.285 0.4000000060
22585  40.269  -37.388  19.859 0.4000000060
93876  40.163  -37.798  19.558 0.4000000060
22586  39.520  -37.327  19.693 0.4000000060
22587  38.579  -37.685  19.523 0.5000000000
98162  38.779  -37.053  19.630 0.4000000060
21779  38.206  -38.514  19.410 0.5000000000
19418  35.274  -41.628  17.484 0.6000000238
23331  40.150  -36.753  19.967 0.4000000060
20979  40.912  -38.901  17.706 0.4000000060
18667  37.002  -43.250  16.703 0.5000000000
14685  41.660  -47.377  18.799 0.3000000119
21777  40.558  -38.413  18.995 0.4000000060
20178  38.928  -39.660  19.185 0.5000000000
90812  37.921  -40.716  18.988 0.5000000000
12102  30.200  -50.035  24.105 0.5000000000
12164  20.863  -50.795  21.598 0.4000000060
12179  32.473  -50.251  21.006 0.4000000060
12925  30.317  -49.262  24.333 0.4000000060
12927  28.503  -49.425  24.351 0.5000000000
12937  32.434  -49.033  23.027 0.5000000000
12941  27.004  -49.649  23.744 0.5000000000
12958  22.263  -48.416  22.334 0.3000000119
12969  20.442  -49.540  21.495 0.3000000119
13765  30.487  -48.417  24.446 0.5000000000
13766  29.605  -48.682  24.505 0.5000000000
13768  27.891  -48.274  24.439 0.5000000000
13776  32.565  -48.121  23.575 0.5000000000
13778  27.177  -48.367  24.172 0.5000000000
13779  26.512  -48.391  23.890 0.4000000060
13789  32.917  -48.650  22.305 0.5000000000
13791  23.866  -48.688  22.887 0.5000000000
13803  32.770  -48.837  21.463 0.5000000000
13822  32.762  -48.499  20.556 0.5000000000
14601  31.630  -47.389  24.368 0.4000000060
14603  29.707  -47.711  24.553 0.4000000060
14605  28.143  -47.543  24.493 0.5000000000
14613  33.244  -47.353  23.386 0.5000000000
14615  26.752  -47.111  24.015 0.4000000060
14616  26.124  -47.656  23.783 0.4000000060
14634  33.088  -48.179  22.895 0.5000000000
14651  33.657  -47.730  21.710 0.5000000000
14674  41.814  -47.513  19.668 0.3000000119
14675  33.108  -47.326  19.729 0.5000000000
15440  31.470  -46.556  24.435 0.5000000000
15451  34.217  -45.979  23.118 0.5000000000
15453  32.853  -46.531  23.937 0.5000000000
15492  34.583  -46.464  21.454 0.5000000000
15513  33.697  -46.600  19.738 0.6000000238
15514  32.956  -46.687  19.110 0.6000000238
15527  40.910  -46.086  17.796 0.4000000060
16258  31.270  -45.663  24.417 0.4000000060
16259  30.327  -45.599  24.393 0.4000000060
16276  28.501  -45.399  23.900 0.4000000060
16300  35.236  -45.123  22.224 0.6000000238
16316  35.415  -44.875  21.593 0.6000000238
16317  35.044  -45.696  21.719 0.5000000000
16330  34.763  -45.726  20.415 0.5000000000
16338  33.607  -45.529  18.861 0.6000000238
16355  30.106  -45.861  17.275 0.5000000000
17090  30.724  -44.342  24.111 0.4000000060
17103  35.174  -44.037  23.137 0.5000000000
17105  34.011  -44.612  23.775 0.4000000060
17107  29.420  -44.228  23.569 0.4000000060
17108  28.113  -44.159  22.960 0.4000000060
17126  35.019  -44.868  22.790 0.6000000238
17157  39.910  -44.727  19.279 0.4000000060
17168  33.951  -44.069  18.631 0.6000000238
17866  29.597  -43.453  23.464 0.4000000060
17878  35.582  -42.811  22.545 0.5000000000
17898  35.633  -43.178  21.758 0.6000000238
17917  34.634  -42.898  19.405 0.6999999881
17936  36.486  -43.310  15.541 0.5000000000
17945  32.778  -43.378  15.012 0.6000000238
18565  32.957  -42.446  24.625 0.4000000060
18567  31.314  -42.578  24.363 0.4000000060
18577  35.484  -42.442  23.141 0.5000000000
18578  35.184  -42.479  23.669 0.5000000000
18620  35.400  -41.865  20.927 0.5000000000
18629  40.406  -42.042  18.929 0.4000000060
18630  39.873  -42.829  19.543 0.4000000060
18643  38.053  -42.183  18.238 0.5000000000
18644  37.041  -42.177  18.121 0.6000000238
18659  35.577  -42.457  17.107 0.5000000000
18660  31.630  -42.388  17.417 0.6999999881
18672  30.251  -42.514  15.797 0.6999999881
18679  33.889  -42.551  14.533 0.6000000238
18681  30.641  -42.487  15.213 0.6000000238
18690  30.772  -41.438  14.719 0.6999999881
19346  35.578  -41.155  22.814 0.5000000000
19406  33.270  -41.650  18.613 0.6999999881
19414  41.651  -41.296  17.402 0.4000000060
19425  41.361  -40.300  15.681 0.5000000000
19431  30.564  -41.260  15.488 0.6999999881
19436  33.450  -41.932  15.163 0.6000000238
19439  30.507  -41.303  14.991 0.6999999881
19441  32.386  -41.747  14.349 0.6000000238
19443  31.138  -41.238  14.430 0.6999999881
20141  35.579  -40.325  22.816 0.4000000060
20176  41.432  -39.431  18.673 0.4000000060
20179  38.235  -39.931  19.199 0.5000000000
20205  40.415  -39.797  17.492 0.4000000060
20207  35.251  -40.700  17.698 0.6999999881
20219  31.149  -40.427  16.386 0.8999999762
20226  32.682  -40.371  15.118 0.6999999881
20931  35.163  -39.086  20.985 0.4000000060
20952  41.307  -38.903  18.887 0.4000000060
20977  41.929  -39.002  17.411 0.4000000060
20978  41.677  -38.955  17.420 0.4000000060
20984  31.481  -39.555  16.708 0.8000000119
21000  30.989  -39.060  14.806 0.6999999881
21006  30.929  -39.767  14.661 0.8000000119
21765  34.724  -38.776  20.272 0.4000000060
21781  33.925  -38.539  19.201 0.4000000060
21791  36.524  -38.266  17.993 0.6999999881
21792  33.359  -38.722  18.680 0.4000000060
21804  31.961  -37.863  16.682 0.6999999881
21818  32.233  -38.533  14.634 0.6000000238
21819  31.751  -38.508  14.556 0.6000000238
22598  37.563  -37.080  18.528 0.6000000238
22601  33.378  -37.559  18.038 0.5000000000
22602  32.665  -37.841  17.529 0.6000000238
22632  33.876  -37.351  15.856 0.6999999881
22643  31.698  -37.952  14.713 0.6999999881
23321  40.699  -36.462  20.530 0.4000000060
23332  39.287  -36.617  19.803 0.4000000060
23343  35.093  -36.047  18.643 0.4000000060
23382  31.733  -36.841  14.804 0.6999999881
23387  31.901  -36.460  14.676 0.6000000238
24077  36.177  -35.260  19.995 0.3000000119
24103  37.904  -35.535  16.282 0.6000000238
24133  31.762  -34.945  14.966 0.5000000000
24890  32.099  -34.056  15.447 0.4000000060
26560  32.767  -32.707  16.171 0.5000000000
26568  32.831  -32.684  15.829 0.5000000000
84720  36.705  -39.844  18.606 0.6000000238
85779  34.889  -45.976  20.987 0.5000000000
85999  32.397  -50.017  20.268 0.5000000000
86571  35.379  -39.305  23.924 0.4000000060
86616  34.078  -45.252  23.532 0.5000000000
87043  33.277  -41.853  24.805 0.4000000060
87357  32.602  -49.229  22.214 0.4000000060
87735  30.124  -50.806  23.719 0.4000000060
88650  28.342  -48.777  24.451 0.5000000000
88981  34.447  -40.711  20.056 0.4000000060
89358  35.219  -42.612  20.251 0.5000000000
89538  31.270  -43.901  24.171 0.4000000060
91191  33.315  -43.146  24.403 0.4000000060
91602  21.751  -49.176  22.185 0.4000000060
92190  30.202  -46.939  24.535 0.4000000060
92923  35.627  -35.426  19.220 0.4000000060
94068  38.014  -35.209  17.360 0.6000000238
94109  35.573  -38.910  22.329 0.4000000060
94773  33.746  -39.895  19.367 0.4000000060
95435  33.623  -47.626  20.976 0.5000000000
95692  37.628  -35.776  14.771 0.5000000000
97548  36.069  -37.280  21.467 0.4000000060
97618  37.190  -39.415  18.858 0.6000000238
97947  30.555  -44.662  17.229 0.6999999881
98499  27.902  -44.864  23.295 0.4000000060
98710  34.955  -41.775  20.166 0.4000000060
98713  41.386  -46.390  17.349 0.4000000060
99371  30.680  -43.754  23.982 0.4000000060
99407  30.735  -50.322  23.682 0.4000000060
100594  33.963  -36.177  17.599 0.4000000060
100959  38.502  -34.313  17.744 0.6000000238
100963  31.035  -46.188  17.818 0.6000000238
101298  32.505  -44.517  17.943 0.6000000238
101628  20.678  -50.169  21.635 0.4000000060
101675  30.761  -39.685  14.862 0.8000000119
101767  26.184  -47.036  23.734 0.4000000060
102118  38.894  -35.126  19.425 0.4000000060
102329  26.768  -47.843  24.065 0.5000000000
102502  35.280  -41.225  23.952 0.4000000060
102634  33.695  -35.736  15.084 0.6000000238
