#!ascii label  , from subject sub-v2s10x28988_ses-1 vox2ras=TkReg
1427
4662  22.737  -76.029  11.915 0.5000000000
13636  18.145  -61.437  12.722 0.6000000238
121340  17.298  -61.221  12.731 0.6000000238
13666  16.735  -61.441  12.250 0.6000000238
13637  16.588  -60.983  13.086 0.6999999881
13656  15.842  -61.098  12.605 0.6000000238
12892  16.389  -62.258  14.191 0.6999999881
13638  15.770  -60.673  13.202 0.6000000238
8065  23.323  -69.432  14.099 0.5000000000
7516  25.617  -70.755  10.979 0.6000000238
122032  25.157  -70.200  11.559 0.6000000238
8064  23.934  -69.865  13.476 0.5000000000
6321  26.450  -72.215  9.049 0.5000000000
117265  26.035  -71.142  10.240 0.4000000060
6932  25.079  -71.305  11.856 0.5000000000
7504  24.723  -70.492  12.385 0.6000000238
10080  17.597  -66.843  10.268 0.5000000000
4158  26.185  -76.122  8.525 0.4000000060
10107  18.023  -66.676  9.840 0.5000000000
9411  16.759  -67.162  10.096 0.5000000000
11489  18.341  -65.289  9.853 0.6000000238
12946  18.629  -62.848  11.054 0.6000000238
13653  18.690  -61.444  12.224 0.6000000238
12890  18.940  -62.556  13.969 0.6999999881
13664  18.484  -61.450  11.886 0.6000000238
12891  18.063  -62.453  13.952 0.6999999881
11423  18.621  -64.359  15.610 0.6000000238
12167  17.614  -63.218  14.500 0.6999999881
11406  18.266  -64.925  16.226 0.6000000238
11424  17.684  -64.544  15.603 0.6000000238
12168  16.749  -63.178  14.563 0.6999999881
11407  17.330  -65.091  16.400 0.6999999881
14384  14.839  -60.279  12.978 0.6000000238
9371  22.407  -67.852  13.354 0.5000000000
8085  24.193  -69.261  12.622 0.6000000238
8711  23.095  -68.214  12.824 0.5000000000
7535  26.344  -70.426  9.671 0.6000000238
8116  25.430  -69.829  10.662 0.6999999881
8084  24.657  -69.654  12.036 0.6000000238
6320  26.689  -72.799  8.302 0.4000000060
10769  19.697  -66.314  9.616 0.5000000000
10093  18.260  -66.782  9.964 0.5000000000
4674  25.084  -76.503  10.356 0.5000000000
11498  19.149  -65.710  9.622 0.5000000000
12937  19.975  -62.294  11.411 0.6999999881
105502  19.023  -64.479  10.139 0.6000000238
114078  20.667  -62.297  12.538 0.6999999881
12938  19.035  -62.064  11.485 0.6000000238
12945  19.444  -62.795  10.922 0.6000000238
13652  19.431  -61.752  12.369 0.6999999881
12889  19.809  -62.629  13.842 0.6999999881
12148  19.061  -63.735  15.092 0.6000000238
12165  19.442  -63.164  14.510 0.6000000238
11422  19.497  -64.262  15.690 0.6000000238
12166  18.544  -63.179  14.512 0.6000000238
10679  19.519  -65.296  17.381 0.6000000238
10680  18.687  -65.392  17.565 0.6999999881
13615  14.837  -61.414  14.709 0.6999999881
14385  14.196  -60.180  13.282 0.5000000000
11425  16.725  -64.551  15.682 0.6999999881
12879  16.057  -62.984  14.715 0.6999999881
121352  15.200  -60.771  13.817 0.6000000238
8734  23.671  -68.200  10.113 0.5000000000
8721  23.051  -68.006  11.749 0.5000000000
9384  22.450  -67.663  12.259 0.5000000000
8127  25.308  -68.675  9.641 0.6999999881
8710  23.673  -68.569  12.204 0.6000000238
7545  27.222  -70.087  8.637 0.5000000000
8125  26.546  -69.691  9.067 0.6999999881
8126  25.789  -69.535  9.810 0.6999999881
8101  24.841  -69.331  11.087 0.6000000238
8102  24.255  -68.906  11.594 0.6000000238
6338  27.377  -72.214  8.351 0.4000000060
6955  27.000  -71.761  8.768 0.4000000060
6956  26.484  -71.413  9.453 0.5000000000
116007  20.446  -63.824  10.281 0.5000000000
11497  20.602  -64.627  9.787 0.5000000000
11488  19.809  -64.653  9.905 0.5000000000
12922  21.505  -62.558  12.297 0.6000000238
12214  19.664  -63.689  10.457 0.5000000000
12904  21.225  -62.599  13.166 0.6999999881
12145  22.207  -63.863  14.917 0.6000000238
12182  20.823  -62.973  13.969 0.6999999881
12905  20.375  -62.416  13.243 0.6999999881
11420  22.060  -64.276  15.721 0.6000000238
114533  20.817  -63.453  14.800 0.6000000238
12164  20.193  -63.179  14.460 0.6999999881
110896  21.810  -65.262  17.837 0.6999999881
11421  21.174  -64.230  15.841 0.6000000238
12147  20.031  -63.671  15.130 0.6000000238
10643  21.557  -65.046  19.547 0.6000000238
10677  20.930  -65.367  17.938 0.6999999881
11388  20.399  -65.122  17.251 0.6999999881
11343  20.879  -64.144  20.351 0.6000000238
10644  20.863  -65.123  19.474 0.6000000238
10678  20.075  -65.467  18.013 0.6999999881
14351  13.164  -60.059  14.656 0.6000000238
10661  19.795  -65.393  18.679 0.6999999881
12880  15.510  -63.224  15.403 0.6999999881
13624  14.532  -60.611  14.267 0.6000000238
11344  20.026  -64.029  20.277 0.6999999881
11356  20.434  -64.659  19.941 0.6000000238
11373  19.147  -65.158  19.014 0.8000000119
10681  17.937  -65.375  17.714 0.6999999881
11408  16.453  -64.769  16.499 0.6999999881
11426  15.875  -64.247  15.920 0.6999999881
9395  22.971  -67.807  10.378 0.6000000238
8744  25.810  -67.977  9.190 0.6999999881
109876  24.940  -67.931  9.483 0.6999999881
8733  24.462  -68.474  9.899 0.6000000238
8134  27.331  -69.235  8.495 0.5000000000
110558  26.721  -68.938  8.696 0.6999999881
6968  27.889  -71.710  8.272 0.4000000060
6969  27.478  -71.114  8.526 0.5000000000
10768  20.405  -66.275  9.503 0.5000000000
9410  20.696  -67.092  9.967 0.5000000000
122510  21.265  -64.568  9.718 0.5000000000
12943  21.738  -62.942  10.871 0.6000000238
12180  22.775  -63.239  12.773 0.6000000238
113847  21.918  -62.730  11.841 0.6999999881
12944  20.914  -62.648  11.088 0.6999999881
12162  22.335  -63.525  14.140 0.6999999881
12903  22.037  -62.799  12.978 0.6999999881
11402  22.835  -64.609  15.955 0.6000000238
11419  22.712  -64.254  15.302 0.6000000238
12181  21.736  -63.083  13.711 0.6999999881
11372  24.262  -65.195  18.752 0.6999999881
115135  22.652  -65.235  17.689 0.6999999881
10694  22.980  -64.949  16.856 0.6999999881
13609  12.058  -60.492  15.799 0.6000000238
11353  23.676  -64.887  19.354 0.6000000238
10657  23.286  -65.312  18.436 0.6999999881
11386  22.130  -64.911  17.061 0.6999999881
116334  23.324  -61.854  20.510 0.6000000238
12079  22.634  -63.286  20.585 0.6000000238
12078  23.493  -63.634  20.483 0.6000000238
112836  23.094  -64.568  19.936 0.6000000238
10658  22.353  -65.301  18.541 0.6999999881
13618  12.843  -60.613  15.532 0.6000000238
114130  21.887  -62.962  20.580 0.6000000238
117641  22.644  -64.108  20.389 0.6000000238
12119  15.243  -63.786  17.455 0.6999999881
12133  14.583  -63.313  17.000 0.6000000238
12881  14.444  -62.011  15.483 0.6999999881
13616  14.219  -61.061  14.970 0.6000000238
112355  21.770  -61.989  20.509 0.5000000000
12815  21.094  -62.653  20.480 0.6000000238
12082  19.668  -63.160  20.335 0.8000000119
12093  18.333  -63.656  19.806 0.8000000119
12106  16.872  -63.889  18.928 0.8000000119
11389  17.175  -65.034  17.862 0.8000000119
11391  15.768  -64.324  16.890 0.6999999881
12132  15.225  -63.716  16.412 0.6999999881
11358  18.732  -64.443  19.521 0.8000000119
11374  18.256  -64.879  18.924 0.8000000119
8745  23.991  -67.897  9.691 0.6999999881
9423  22.970  -67.594  9.888 0.6999999881
109281  21.838  -67.210  11.731 0.6000000238
8743  26.572  -68.070  8.798 0.6999999881
9424  21.886  -67.186  9.828 0.6000000238
8749  27.410  -68.162  8.521 0.6000000238
9409  21.324  -67.269  10.056 0.5000000000
118340  21.386  -66.797  9.623 0.5000000000
15832  4.561  -57.332  19.947 0.6000000238
11496  21.713  -65.003  9.523 0.5000000000
15831  5.465  -58.102  19.721 0.5000000000
117524  21.932  -64.128  9.858 0.5000000000
15047  8.134  -59.671  20.040 0.6000000238
12194  23.537  -63.545  11.874 0.6999999881
12211  22.530  -63.310  10.684 0.6000000238
104440  23.629  -64.216  13.761 0.6999999881
12195  22.893  -63.223  11.936 0.6999999881
14326  10.047  -60.899  18.647 0.6000000238
10693  23.502  -65.054  16.156 0.6999999881
118868  23.030  -64.038  14.561 0.6000000238
10656  24.800  -65.532  18.259 0.6999999881
122003  24.486  -65.765  17.607 0.6999999881
10675  23.867  -65.479  17.073 0.6999999881
13600  12.147  -61.828  17.404 0.6000000238
13601  11.358  -61.539  17.843 0.6000000238
11352  24.569  -64.596  19.451 0.6000000238
105114  23.976  -65.487  17.940 0.6999999881
12850  12.733  -62.315  18.063 0.6000000238
14338  10.973  -61.025  16.925 0.6000000238
12834  25.817  -62.637  19.991 0.6000000238
118246  24.326  -63.647  20.348 0.6000000238
12849  13.476  -62.539  18.493 0.6999999881
12860  13.943  -62.860  17.594 0.6000000238
13599  12.841  -62.057  17.025 0.6000000238
114597  24.036  -62.101  20.549 0.6000000238
12836  17.161  -62.772  19.899 0.6000000238
12837  16.387  -62.665  19.792 0.6000000238
12108  15.503  -63.548  18.368 0.6999999881
12120  14.720  -63.320  18.065 0.6000000238
13607  13.833  -61.715  15.779 0.6000000238
12818  18.462  -62.094  20.313 0.6000000238
12095  16.668  -63.300  19.330 0.8000000119
12083  18.791  -62.968  20.223 0.6000000238
12835  17.956  -62.855  20.062 0.6999999881
12118  15.919  -64.123  17.867 0.8000000119
9421  25.688  -67.039  9.226 0.6999999881
9422  24.717  -67.059  9.362 0.6999999881
109681  23.739  -67.082  9.487 0.6999999881
10100  28.178  -66.880  8.885 0.6999999881
9420  26.573  -67.130  8.980 0.6999999881
117515  22.845  -66.789  9.536 0.6000000238
10104  22.072  -66.411  9.462 0.6000000238
17475  4.663  -55.873  20.824 0.6000000238
17454  3.469  -55.859  21.368 0.6000000238
16647  5.092  -56.480  20.417 0.6000000238
16648  4.059  -56.408  20.372 0.6000000238
114127  22.179  -65.516  9.420 0.6000000238
112846  5.806  -57.581  20.293 0.5000000000
11466  24.105  -63.937  12.036 0.6999999881
117632  23.190  -63.605  10.427 0.6999999881
15031  8.546  -59.132  20.780 0.4000000060
15032  7.203  -58.703  20.556 0.5000000000
11437  24.257  -64.943  13.953 0.6999999881
11454  24.206  -64.437  12.935 0.8000000119
14293  9.124  -59.818  20.241 0.5000000000
10727  24.159  -65.220  14.806 0.6000000238
12179  23.523  -63.733  12.780 0.6999999881
14310  10.557  -60.640  19.686 0.6000000238
10692  24.173  -65.659  16.209 0.6999999881
10709  23.877  -65.119  15.438 0.6999999881
13580  12.333  -61.531  19.663 0.6999999881
13592  10.873  -61.233  18.853 0.6000000238
11370  26.564  -64.543  18.701 0.6999999881
10655  25.678  -65.541  18.349 0.6999999881
13579  13.179  -61.840  19.966 0.5000000000
13591  12.115  -61.933  18.571 0.6000000238
12846  27.132  -62.590  19.120 0.6000000238
12105  26.517  -63.274  19.403 0.6000000238
11371  25.254  -64.907  18.909 0.6999999881
13590  12.894  -62.170  19.115 0.6999999881
12833  26.557  -62.434  19.542 0.6000000238
123508  25.622  -63.605  19.775 0.6000000238
12838  15.572  -62.576  19.749 0.5000000000
12839  13.767  -62.321  19.569 0.6000000238
12811  24.904  -62.367  20.398 0.6000000238
13556  18.128  -61.251  20.318 0.6000000238
108626  16.871  -62.048  20.206 0.5000000000
12847  15.106  -63.014  18.984 0.6999999881
13555  18.977  -61.358  20.390 0.6000000238
125600  26.269  -65.680  9.609 0.6999999881
10103  24.549  -66.111  9.369 0.6999999881
10765  24.239  -65.220  9.453 0.6000000238
10766  23.086  -65.555  9.409 0.6000000238
17446  4.784  -55.908  21.912 0.4000000060
16617  4.197  -56.736  22.583 0.5000000000
12209  24.377  -64.022  9.959 0.6000000238
17474  5.750  -55.652  20.747 0.5000000000
16623  2.980  -57.071  21.912 0.6000000238
11478  24.743  -64.231  10.637 0.6999999881
10752  24.923  -64.703  11.315 0.6999999881
12216  23.522  -63.894  9.969 0.6000000238
15829  7.805  -58.296  20.870 0.5000000000
124000  24.515  -64.982  13.266 0.6999999881
15030  9.507  -59.156  20.861 0.4000000060
9998  26.954  -66.687  17.464 0.6999999881
10013  25.369  -66.765  16.626 0.6999999881
10028  25.240  -66.807  15.705 0.6999999881
14292  10.178  -59.904  20.413 0.6000000238
11385  27.997  -64.396  17.737 0.6999999881
10672  27.095  -65.886  17.823 0.6999999881
10000  24.721  -66.164  16.988 0.6999999881
10014  24.738  -66.300  16.058 0.6999999881
112569  11.909  -60.378  20.434 0.5000000000
14309  11.501  -60.967  19.849 0.5000000000
12117  27.845  -63.523  18.087 0.6000000238
11369  27.263  -64.328  18.388 0.6999999881
10654  26.623  -65.277  18.300 0.6999999881
10674  25.196  -66.034  17.776 0.6999999881
14290  12.242  -60.938  20.224 0.5000000000
116430  27.477  -61.798  18.779 0.5000000000
12859  27.699  -62.679  18.459 0.6000000238
107951  26.764  -63.955  18.917 0.6000000238
10759  26.211  -65.124  10.046 0.6999999881
11486  25.811  -64.702  10.007 0.6999999881
114509  5.619  -56.288  22.289 0.4000000060
10074  26.268  -66.315  10.951 0.6999999881
11493  24.828  -64.477  9.765 0.6999999881
16605  5.825  -57.314  22.748 0.4000000060
10751  25.461  -65.038  10.787 0.6999999881
15780  4.628  -57.558  22.666 0.6000000238
10740  25.220  -65.925  12.700 0.8000000119
10744  25.298  -65.420  11.671 0.6999999881
9351  25.528  -67.096  14.354 0.6000000238
10052  25.252  -66.489  13.709 0.6000000238
14250  6.457  -59.979  22.517 0.6000000238
9999  26.183  -67.041  17.110 0.6999999881
9315  25.863  -67.304  16.232 0.6999999881
10040  25.093  -66.602  14.700 0.6000000238
9997  27.754  -66.131  17.515 0.6000000238
12131  28.953  -63.578  16.686 0.6000000238
13537  7.674  -61.342  21.371 0.5000000000
119420  28.302  -62.695  17.671 0.6000000238
12116  28.443  -63.624  17.397 0.6999999881
112936  28.378  -61.723  17.501 0.5000000000
10064  25.667  -66.209  11.816 0.6999999881
16604  6.822  -57.767  22.808 0.4000000060
9383  25.654  -66.767  12.821 0.8000000119
15791  6.134  -58.821  22.770 0.5000000000
9350  26.003  -67.594  14.428 0.8000000119
14240  7.231  -59.801  22.898 0.4000000060
14986  6.960  -59.141  23.005 0.4000000060
9370  25.765  -67.252  13.690 0.6999999881
14249  7.643  -60.392  22.700 0.4000000060
117109  6.568  -59.445  22.782 0.5000000000
111031  29.298  -64.915  16.754 0.6000000238
10012  27.719  -66.995  17.182 0.6000000238
9314  26.638  -67.531  16.474 0.6999999881
14238  8.998  -60.341  23.327 0.4000000060
11401  29.358  -64.163  16.378 0.6000000238
10671  28.134  -65.307  17.538 0.6000000238
13535  9.258  -61.429  21.989 0.4000000060
14266  7.234  -60.800  21.961 0.6000000238
108164  28.721  -62.996  16.997 0.6000000238
118751  28.749  -62.231  16.850 0.5000000000
118177  28.959  -60.749  15.509 0.5000000000
15776  8.235  -58.924  23.266 0.4000000060
10063  26.119  -66.952  12.000 0.8000000119
14985  7.707  -59.417  23.184 0.4000000060
9369  26.230  -67.752  13.813 0.6999999881
14984  8.509  -59.668  23.367 0.4000000060
9313  27.587  -67.677  16.511 0.6000000238
103669  26.926  -67.958  15.806 0.6999999881
120767  28.412  -66.422  17.247 0.6000000238
9312  28.601  -67.251  16.811 0.6000000238
14237  9.942  -60.500  23.465 0.4000000060
13520  9.508  -61.255  22.629 0.4000000060
12130  29.386  -63.372  15.921 0.6000000238
12788  9.976  -61.675  22.023 0.4000000060
12868  29.060  -62.781  16.286 0.4000000060
15775  9.140  -58.769  23.080 0.4000000060
8676  27.205  -68.441  14.175 0.6999999881
115239  9.667  -59.320  23.333 0.4000000060
9333  28.470  -67.986  16.118 0.6999999881
9334  27.715  -68.187  15.619 0.6000000238
14983  9.341  -59.866  23.520 0.4000000060
10707  29.901  -64.776  16.211 0.6000000238
10011  29.181  -66.458  17.006 0.6000000238
13509  10.629  -61.133  23.371 0.4000000060
124332  29.598  -63.263  15.332 0.6000000238
13518  11.455  -61.804  22.958 0.3000000119
105257  29.638  -62.283  14.617 0.4000000060
13622  29.621  -61.598  14.114 0.4000000060
12902  29.987  -62.320  13.901 0.4000000060
14981  11.187  -59.819  23.410 0.4000000060
14236  11.055  -60.624  23.531 0.4000000060
11436  30.338  -64.495  15.353 0.6000000238
12160  30.216  -63.922  14.806 0.6000000238
11435  30.713  -64.355  14.545 0.6000000238
12901  30.463  -62.396  12.895 0.4000000060
12193  31.136  -62.895  12.217 0.5000000000
13650  30.309  -61.502  12.136 0.4000000060
11991  13.523  -63.276  26.218 0.3000000119
119408  30.879  -62.083  11.704 0.4000000060
117739  14.083  -59.212  22.752 0.4000000060
120403  14.387  -62.382  25.451 0.3000000119
13455  12.220  -61.726  28.248 0.4000000060
15770  15.022  -59.118  22.804 0.4000000060
14232  15.297  -60.390  24.105 0.4000000060
14211  15.309  -61.128  25.721 0.3000000119
14223  14.930  -61.188  24.691 0.3000000119
13453  13.618  -62.176  27.406 0.3000000119
13473  14.277  -62.092  26.926 0.3000000119
12718  12.664  -62.374  27.709 0.3000000119
14977  15.689  -59.647  23.569 0.4000000060
14970  16.046  -60.089  24.470 0.4000000060
13472  14.783  -61.481  26.578 0.3000000119
14196  14.143  -61.521  27.376 0.3000000119
109702  10.311  -57.964  28.020 0.4000000060
16569  9.202  -57.369  27.753 0.3000000119
18242  9.480  -56.034  27.391 0.3000000119
14177  13.555  -60.922  27.762 0.3000000119
14178  12.643  -60.902  28.100 0.3000000119
14961  16.525  -59.595  24.808 0.4000000060
14222  15.690  -60.658  25.027 0.4000000060
14210  15.738  -60.490  25.955 0.3000000119
14195  15.237  -60.667  26.561 0.3000000119
14950  14.515  -60.578  27.309 0.3000000119
14935  11.437  -59.241  28.195 0.3000000119
14933  13.651  -59.901  27.686 0.3000000119
117592  9.914  -57.478  27.785 0.3000000119
121322  12.975  -60.215  27.931 0.3000000119
17390  11.035  -56.491  27.449 0.4000000060
17391  9.920  -56.736  27.541 0.3000000119
18241  10.267  -55.809  27.363 0.3000000119
14962  16.187  -60.087  25.409 0.4000000060
14948  15.847  -59.714  26.378 0.4000000060
14949  15.210  -59.955  26.973 0.3000000119
15735  10.813  -58.568  28.143 0.4000000060
112664  14.408  -59.422  27.358 0.3000000119
109446  11.651  -58.324  27.817 0.3000000119
16568  10.595  -57.338  27.668 0.4000000060
16567  11.426  -57.408  27.585 0.4000000060
18256  10.576  -54.931  27.149 0.3000000119
15757  16.434  -59.315  25.726 0.4000000060
15747  15.918  -58.603  26.511 0.4000000060
15748  15.176  -58.992  26.999 0.4000000060
15749  14.205  -58.223  27.189 0.4000000060
15733  13.451  -58.886  27.494 0.3000000119
15734  12.560  -58.525  27.623 0.3000000119
16566  12.281  -57.637  27.492 0.3000000119
17389  12.032  -56.739  27.345 0.3000000119
17405  11.826  -55.845  27.221 0.5000000000
18255  11.088  -55.586  27.264 0.4000000060
19158  9.910  -54.213  26.959 0.3000000119
116452  15.039  -58.087  26.842 0.4000000060
16577  14.487  -57.341  26.773 0.4000000060
16578  13.677  -57.232  27.019 0.3000000119
115164  13.363  -56.546  26.889 0.3000000119
18253  13.026  -55.247  26.660 0.3000000119
16565  13.164  -57.896  27.351 0.3000000119
17404  12.717  -56.084  26.982 0.3000000119
18254  12.335  -55.350  26.886 0.3000000119
19156  12.444  -54.647  26.683 0.3000000119
16579  12.874  -57.001  27.210 0.3000000119
109750  11.609  -54.934  26.951 0.3000000119
20081  10.223  -53.467  26.641 0.3000000119
16584  17.742  -57.578  25.421 0.3000000119
17401  16.244  -57.179  26.408 0.3000000119
109253  15.203  -55.976  26.488 0.3000000119
112037  13.917  -55.041  26.528 0.3000000119
19155  13.228  -54.424  26.556 0.3000000119
17402  14.795  -56.641  26.571 0.3000000119
111060  14.359  -55.885  26.538 0.3000000119
117462  13.552  -55.897  26.659 0.3000000119
115986  11.870  -54.171  26.691 0.3000000119
20080  11.667  -53.475  26.569 0.3000000119
19157  11.002  -54.045  26.837 0.3000000119
120673  10.955  -53.308  26.602 0.3000000119
17412  17.936  -56.728  25.883 0.3000000119
17400  16.205  -56.214  26.466 0.3000000119
122201  15.533  -56.681  26.488 0.3000000119
111998  14.846  -55.186  26.490 0.3000000119
19154  14.590  -54.385  26.495 0.3000000119
20079  12.578  -53.718  26.540 0.3000000119
20946  12.209  -52.775  26.483 0.3000000119
117873  11.327  -52.719  26.513 0.3000000119
20947  10.473  -52.748  26.499 0.3000000119
20077  14.339  -53.620  26.457 0.3000000119
20078  13.525  -53.618  26.488 0.3000000119
115066  10.814  -51.921  26.404 0.3000000119
20944  14.005  -52.856  26.372 0.3000000119
20945  13.123  -52.825  26.437 0.3000000119
20943  14.855  -52.913  26.289 0.3000000119
20968  14.521  -52.146  26.069 0.3000000119
20969  13.657  -52.036  26.213 0.3000000119
20970  12.741  -51.949  26.345 0.3000000119
20971  11.785  -51.896  26.426 0.3000000119
21845  11.254  -51.107  26.025 0.3000000119
4661  23.731  -75.965  11.694 0.5000000000
4142  24.454  -76.724  9.623 0.5000000000
4159  25.374  -76.554  8.659 0.4000000060
105677  17.181  -62.396  14.004 0.6999999881
12893  15.564  -62.039  14.520 0.6999999881
122935  27.148  -72.995  8.049 0.4000000060
4673  25.945  -76.466  10.177 0.5000000000
117010  20.347  -64.250  15.815 0.6000000238
12218  21.218  -63.918  10.073 0.5000000000
11387  21.286  -64.971  17.169 0.6000000238
10745  24.788  -65.041  12.531 0.8000000119
12203  24.465  -64.009  10.301 0.6999999881
10726  24.561  -65.814  14.537 0.6000000238
124387  28.029  -62.032  18.169 0.5000000000
10673  26.154  -66.247  17.815 0.6999999881
13522  8.060  -60.942  22.169 0.4000000060
106062  28.479  -60.420  16.472 0.5000000000
12144  29.795  -63.871  15.496 0.6000000238
13614  29.372  -61.651  15.008 0.4000000060
10706  30.535  -65.077  15.928 0.6000000238
13508  11.761  -61.397  23.407 0.3000000119
12888  29.884  -63.142  14.656 0.4000000060
12178  30.801  -63.354  13.211 0.4000000060
14978  14.710  -59.819  23.343 0.4000000060
16586  16.273  -57.935  26.386 0.3000000119
17413  17.126  -56.981  26.248 0.3000000119
9331  30.745  -67.926  16.134 0.5000000000
8674  29.167  -68.718  14.793 0.5000000000
8675  27.940  -68.656  14.058 0.6999999881
8690  28.193  -68.798  13.450 0.6999999881
9394  26.643  -67.138  11.268 0.6000000238
117455  29.213  -68.233  15.726 0.5000000000
8659  28.465  -68.404  15.291 0.6000000238
8692  26.695  -68.154  13.553 0.6000000238
9406  27.728  -66.817  9.639 0.6000000238
105046  26.499  -66.289  9.420 0.6000000238
8062  28.800  -69.121  13.258 0.6999999881
8718  27.612  -68.347  11.445 0.6000000238
107801  27.305  -67.435  10.706 0.6000000238
8707  28.089  -68.825  12.508 0.6999999881
9393  26.971  -67.903  11.767 0.6000000238
10087  27.217  -66.410  9.583 0.6000000238
9310  30.507  -67.087  16.520 0.5000000000
8082  29.963  -69.556  12.040 0.6999999881
8717  28.451  -68.861  11.266 0.6999999881
8115  28.993  -68.625  10.067 0.6000000238
104339  28.437  -67.058  9.188 0.6000000238
8061  29.603  -69.408  13.078 0.6000000238
8083  29.010  -69.297  12.260 0.6999999881
8732  28.146  -67.840  10.162 0.6000000238
8043  30.785  -69.326  14.085 0.6000000238
120901  31.744  -66.082  16.277 0.5000000000
9311  29.563  -67.133  16.656 0.5000000000
107906  30.569  -69.594  12.968 0.6999999881
8100  29.418  -69.293  11.076 0.6000000238
9428  28.467  -67.296  8.751 0.6000000238
10704  32.751  -65.559  15.327 0.5000000000
125109  30.631  -66.257  16.527 0.5000000000
10739  33.192  -64.941  13.409 0.5000000000
10705  31.860  -65.433  15.528 0.5000000000
11463  33.348  -64.067  11.630 0.4000000060
12925  15.319  -61.771  12.355 0.4000000060
13665  17.681  -61.369  11.969 0.4000000060
12941  16.461  -62.358  11.802 0.4000000060
12940  17.322  -62.084  11.646 0.5000000000
12947  17.775  -63.009  11.174 0.5000000000
11480  16.539  -64.169  11.014 0.5000000000
10724  31.593  -64.961  14.649 0.5000000000
12215  17.327  -63.999  10.774 0.5000000000
9412  15.908  -67.370  9.974 0.6000000238
11433  32.320  -64.759  13.436 0.4000000060
107768  18.246  -64.023  10.568 0.5000000000
11490  17.631  -64.970  10.223 0.5000000000
10095  16.510  -67.020  9.777 0.5000000000
12207  15.235  -63.573  11.882 0.5000000000
12206  16.084  -63.403  11.592 0.5000000000
11482  14.872  -64.590  11.606 0.5000000000
11481  15.701  -64.410  11.318 0.5000000000
11491  15.229  -65.283  10.825 0.5000000000
111303  16.975  -64.819  10.487 0.5000000000
10762  15.576  -65.991  10.109 0.5000000000
10110  15.544  -66.900  9.642 0.5000000000
11434  31.701  -64.707  13.883 0.5000000000
10771  16.340  -66.189  9.701 0.5000000000
11475  34.139  -63.748  11.258 0.4000000060
11464  32.318  -63.967  12.107 0.4000000060
11476  33.350  -63.416  11.194 0.4000000060
107770  13.451  -59.882  13.920 0.5000000000
10753  14.570  -65.615  11.087 0.5000000000
10725  31.020  -64.957  15.206 0.5000000000
12177  31.495  -63.718  12.615 0.4000000060
14352  12.460  -59.860  15.040 0.5000000000
15101  11.231  -59.469  14.773 0.5000000000
14363  10.967  -59.704  14.401 0.5000000000
15112  12.327  -59.646  14.239 0.5000000000
12192  31.930  -63.172  11.571 0.4000000060
14353  11.666  -59.709  15.247 0.5000000000
15102  10.242  -59.279  15.002 0.5000000000
14346  10.317  -60.358  16.527 0.5000000000
15089  9.019  -59.517  15.885 0.5000000000
15115  9.754  -59.400  14.859 0.5000000000
14364  10.148  -59.863  14.475 0.4000000060
14347  9.419  -60.092  16.609 0.5000000000
15104  8.608  -59.445  15.503 0.6000000238
14365  9.081  -59.857  14.665 0.6000000238
105245  9.738  -60.663  17.533 0.5000000000
15078  7.295  -59.672  17.824 0.5000000000
15077  7.824  -59.697  16.975 0.5000000000
15091  7.436  -59.434  16.293 0.6000000238
15117  8.030  -59.634  15.371 0.6000000238
13628  8.300  -60.777  14.537 0.6000000238
12897  8.530  -61.884  14.292 0.5000000000
12913  7.443  -62.319  13.741 0.5000000000
14327  9.237  -60.549  18.355 0.5000000000
110999  7.684  -59.830  18.926 0.5000000000
15062  6.666  -59.384  18.694 0.5000000000
108278  7.039  -59.456  17.003 0.5000000000
15063  5.711  -59.059  18.380 0.6000000238
15105  7.069  -59.549  15.742 0.6000000238
14366  7.207  -60.093  15.209 0.6000000238
13629  7.120  -60.826  14.593 0.6000000238
13644  6.597  -61.720  14.029 0.5000000000
12874  4.099  -62.073  16.188 0.5000000000
12187  5.792  -62.961  12.626 0.5000000000
14312  8.673  -60.206  19.175 0.5000000000
15048  7.088  -59.287  19.914 0.5000000000
15050  5.131  -58.450  18.673 0.6000000238
15863  4.326  -58.393  18.249 0.6000000238
15864  3.617  -58.401  18.451 0.6000000238
113922  5.281  -59.298  16.204 0.6000000238
15080  4.391  -58.853  17.283 0.6000000238
15106  5.856  -59.649  15.820 0.6000000238
15093  4.215  -59.278  16.367 0.6000000238
14367  6.064  -60.550  14.979 0.6000000238
13630  5.629  -61.187  14.375 0.5000000000
12914  6.239  -62.373  13.311 0.5000000000
13631  4.033  -61.285  14.049 0.5000000000
13619  2.966  -61.252  15.093 0.5000000000
13646  3.781  -61.874  13.422 0.5000000000
12884  2.879  -62.010  14.729 0.5000000000
15853  4.618  -57.900  19.067 0.6000000238
116900  3.802  -57.789  19.168 0.6000000238
15854  3.178  -58.173  19.011 0.6000000238
112465  2.912  -58.714  18.987 0.6000000238
15865  3.148  -58.854  18.245 0.6000000238
15081  3.616  -59.316  17.060 0.6000000238
15065  2.965  -59.609  17.838 0.6000000238
15094  3.205  -59.925  16.392 0.5000000000
15082  3.020  -59.852  17.125 0.5000000000
14356  3.616  -60.407  15.191 0.5000000000
13602  2.967  -60.980  17.241 0.5000000000
13595  3.932  -61.361  17.492 0.6000000238
13611  2.788  -61.196  15.966 0.5000000000
124780  2.984  -61.689  16.289 0.5000000000
13594  4.789  -61.749  17.635 0.5000000000
12863  6.355  -62.365  17.383 0.5000000000
15035  2.860  -58.858  19.914 0.6000000238
14314  2.968  -59.556  19.135 0.6000000238
14330  3.063  -60.181  18.435 0.6000000238
120507  4.826  -61.646  18.592 0.6000000238
12853  5.763  -61.985  17.995 0.5000000000
15007  3.072  -58.748  20.783 0.6000000238
14329  3.919  -61.075  18.974 0.6000000238
109625  5.653  -61.760  19.620 0.6000000238
13583  6.162  -62.009  18.918 0.5000000000
14251  5.765  -60.127  22.064 0.6000000238
15005  4.950  -59.757  21.749 0.6000000238
14268  5.341  -60.541  21.439 0.6000000238
14294  4.863  -60.767  20.609 0.6000000238
13584  4.861  -61.450  19.443 0.6000000238
13582  6.666  -61.927  19.745 0.5000000000
14267  6.326  -60.651  21.842 0.6000000238
13539  5.792  -61.181  20.979 0.6000000238
13538  6.716  -61.273  21.174 0.6000000238
13563  5.355  -61.381  20.158 0.6000000238
13561  7.295  -61.750  20.506 0.6000000238
12823  8.209  -62.147  20.119 0.5000000000
13560  8.251  -61.774  20.825 0.4000000060
9407  27.084  -66.391  10.232 0.6000000238
8709  26.801  -68.105  12.685 0.6999999881
10010  29.946  -66.387  16.670 0.5000000000
10688  31.092  -65.653  16.174 0.5000000000
109051  33.121  -65.291  14.518 0.5000000000
10723  32.322  -65.096  14.385 0.5000000000
10096  15.056  -66.633  9.957 0.6000000238
15092  6.322  -59.369  16.468 0.6000000238
15064  5.105  -58.778  17.725 0.6000000238
14355  5.204  -60.162  15.299 0.6000000238
14348  2.949  -60.552  15.786 0.5000000000
14269  4.374  -60.060  21.031 0.6000000238
14295  3.720  -60.064  20.086 0.6000000238
13562  6.191  -61.640  20.422 0.6000000238
123261  7.515  -62.079  19.746 0.6000000238
4645  23.260  -75.650  12.751 0.4000000060
5111  23.426  -74.321  14.141 0.5000000000
5110  23.995  -73.863  13.941 0.5000000000
111480  23.937  -74.403  13.490 0.4000000060
5135  23.843  -74.966  12.978 0.4000000060
4644  24.338  -75.376  12.260 0.4000000060
5642  25.152  -73.170  13.993 0.5000000000
5643  24.420  -73.375  14.234 0.5000000000
5121  25.313  -74.206  12.759 0.5000000000
4659  25.308  -75.413  11.654 0.5000000000
4660  24.722  -75.963  11.274 0.4000000060
5660  25.631  -73.504  13.322 0.5000000000
5674  26.249  -73.916  12.585 0.5000000000
5147  25.957  -74.737  11.963 0.5000000000
110793  26.215  -75.570  11.213 0.5000000000
112366  25.638  -76.068  10.889 0.4000000060
123742  26.363  -76.072  10.597 0.4000000060
5659  26.598  -73.276  13.244 0.5000000000
5673  27.360  -73.840  12.444 0.5000000000
109142  28.237  -74.321  12.006 0.5000000000
5132  27.658  -74.704  11.701 0.5000000000
5145  27.823  -75.397  11.043 0.5000000000
4672  26.742  -76.140  10.125 0.4000000060
8133  28.202  -68.716  8.400 0.5000000000
7544  27.921  -69.877  8.396 0.4000000060
7543  28.607  -70.208  8.358 0.4000000060
6967  28.563  -71.134  8.392 0.4000000060
6336  28.213  -72.167  8.342 0.4000000060
6337  27.646  -72.652  8.204 0.4000000060
5131  28.475  -74.851  11.470 0.5000000000
5716  28.026  -73.111  8.333 0.4000000060
5177  27.817  -74.154  8.663 0.4000000060
4697  26.858  -75.481  8.354 0.4000000060
5130  29.046  -74.595  11.468 0.4000000060
5144  28.487  -75.106  11.027 0.5000000000
122580  27.197  -75.864  9.909 0.4000000060
4657  27.385  -75.666  10.443 0.4000000060
106661  29.393  -69.522  8.364 0.4000000060
6335  28.931  -71.775  8.688 0.4000000060
6319  28.558  -72.614  8.760 0.4000000060
5671  29.629  -74.172  11.961 0.4000000060
107291  28.281  -74.468  9.636 0.4000000060
4670  27.780  -75.007  9.459 0.4000000060
5683  29.570  -74.149  11.534 0.4000000060
5143  29.017  -74.688  11.006 0.4000000060
5690  28.800  -74.268  10.308 0.4000000060
4671  27.653  -75.503  10.094 0.4000000060
8748  28.813  -67.956  8.567 0.5000000000
117983  29.829  -68.848  8.426 0.4000000060
8131  30.239  -69.253  8.391 0.4000000060
7541  30.712  -69.587  8.500 0.4000000060
6953  30.883  -70.862  9.248 0.4000000060
6318  29.255  -72.524  9.531 0.4000000060
6304  29.877  -73.059  10.513 0.4000000060
5701  28.546  -73.528  9.320 0.4000000060
5688  30.298  -73.542  11.424 0.4000000060
5700  29.182  -73.490  10.167 0.4000000060
8742  28.984  -67.474  9.015 0.5000000000
8741  30.198  -68.346  8.844 0.5000000000
8114  30.038  -68.888  9.909 0.6000000238
8740  31.043  -68.610  8.831 0.5000000000
7533  31.334  -69.862  8.735 0.4000000060
124239  32.205  -70.771  9.846 0.4000000060
6942  32.351  -71.340  10.538 0.4000000060
123252  32.128  -72.193  11.479 0.4000000060
8113  32.319  -68.818  9.288 0.4000000060
110443  30.483  -69.375  10.834 0.5000000000
8122  32.601  -69.026  9.137 0.4000000060
6952  32.071  -70.163  9.231 0.4000000060
8098  32.968  -68.881  10.026 0.5000000000
8097  33.931  -69.004  10.076 0.4000000060
7531  32.880  -69.339  9.242 0.4000000060
7526  33.581  -69.522  9.681 0.4000000060
110320  32.055  -69.439  11.377 0.6000000238
8081  30.974  -69.551  11.734 0.6000000238
110106  34.190  -69.304  11.052 0.5000000000
119742  34.959  -69.474  11.052 0.4000000060
8045  28.643  -68.881  14.039 0.5000000000
15833  3.657  -57.076  19.961 0.5000000000
121197  2.716  -57.314  21.116 0.5000000000
15792  5.123  -58.445  22.576 0.5000000000
112212  2.777  -56.641  21.218 0.5000000000
14993  4.466  -58.878  22.043 0.5000000000
16668  3.143  -57.396  19.792 0.5000000000
5122  24.679  -73.842  13.500 0.5000000000
5134  24.514  -74.590  12.895 0.5000000000
7542  29.902  -69.982  8.405 0.4000000060
6965  30.353  -70.402  8.663 0.4000000060
5689  29.503  -74.002  10.902 0.4000000060
8123  31.809  -68.847  8.915 0.4000000060
7532  32.126  -69.295  8.876 0.4000000060
6317  30.280  -71.961  9.965 0.4000000060
6303  30.738  -72.619  10.839 0.4000000060
115037  31.215  -68.817  9.629 0.5000000000
6941  33.414  -70.586  10.248 0.4000000060
8099  31.687  -69.182  10.430 0.5000000000
8080  33.170  -69.325  11.124 0.6000000238
8111  34.094  -69.228  10.068 0.5000000000
105744  32.280  -69.596  12.377 0.5000000000
11432  37.637  -63.915  13.861 0.3000000119
11431  38.294  -64.421  13.450 0.3000000119
11447  37.272  -64.277  12.567 0.3000000119
12155  37.884  -63.971  13.087 0.3000000119
122625  36.729  -63.823  14.758 0.3000000119
11400  35.413  -64.333  16.730 0.3000000119
12127  35.297  -63.810  16.138 0.3000000119
10718  38.529  -64.752  13.502 0.3000000119
10037  37.763  -65.937  14.143 0.4000000060
10038  36.426  -66.143  14.606 0.4000000060
11415  38.371  -64.483  14.165 0.3000000119
10721  35.814  -65.465  14.000 0.4000000060
10737  36.977  -64.793  12.873 0.4000000060
10027  32.419  -66.128  16.133 0.4000000060
9309  31.368  -67.402  16.363 0.4000000060
118665  37.031  -64.590  15.707 0.3000000119
11448  36.275  -64.265  12.116 0.3000000119
10722  33.911  -65.287  14.152 0.4000000060
12885  35.137  -62.939  13.920 0.3000000119
11460  36.524  -63.957  12.126 0.3000000119
9328  35.308  -67.609  15.685 0.4000000060
8027  34.371  -68.839  15.371 0.4000000060
8028  32.782  -69.119  15.041 0.4000000060
8671  31.992  -69.046  15.005 0.4000000060
10036  38.839  -65.469  13.916 0.4000000060
10024  35.785  -66.855  15.346 0.4000000060
9329  34.482  -67.684  15.913 0.4000000060
8655  32.353  -68.476  15.746 0.4000000060
8656  31.622  -68.615  15.456 0.4000000060
118707  39.120  -65.247  14.066 0.3000000119
10025  34.713  -66.797  15.659 0.4000000060
8636  33.062  -67.954  16.192 0.4000000060
8658  30.089  -68.468  15.409 0.4000000060
11398  38.080  -64.711  15.127 0.3000000119
10026  33.214  -66.247  15.913 0.4000000060
8657  30.983  -68.486  15.480 0.4000000060
10687  37.353  -65.112  16.076 0.3000000119
10703  33.570  -65.664  15.153 0.4000000060
10738  34.402  -64.866  12.928 0.4000000060
124930  35.842  -69.384  14.244 0.4000000060
8058  33.626  -69.655  13.210 0.4000000060
8025  37.021  -68.771  14.880 0.4000000060
8026  35.643  -68.959  15.051 0.4000000060
111102  33.949  -69.580  14.024 0.4000000060
8059  32.510  -69.635  13.483 0.4000000060
119143  39.513  -66.443  15.281 0.3000000119
10022  38.626  -66.509  14.541 0.4000000060
9996  37.166  -66.126  17.302 0.3000000119
10668  37.798  -65.759  16.432 0.3000000119
117987  30.618  -68.849  14.846 0.4000000060
10669  36.548  -65.475  17.127 0.3000000119
106171  33.343  -69.565  12.211 0.4000000060
8057  34.748  -69.656  13.076 0.4000000060
11462  34.344  -64.132  11.494 0.3000000119
12919  35.229  -63.234  11.619 0.3000000119
11449  35.095  -64.320  11.810 0.3000000119
8044  29.361  -69.137  13.923 0.4000000060
8042  31.701  -69.408  14.239 0.4000000060
105781  31.420  -69.612  12.418 0.4000000060
8079  34.454  -69.535  11.939 0.4000000060
10719  38.014  -65.119  13.322 0.3000000119
12157  36.166  -63.303  13.398 0.3000000119
12158  35.682  -63.277  14.341 0.3000000119
10023  37.017  -66.790  14.938 0.4000000060
117531  35.627  -64.757  12.748 0.4000000060
109679  33.935  -66.300  15.634 0.4000000060
10702  34.567  -65.773  14.897 0.4000000060
9308  32.172  -67.688  16.267 0.4000000060
8652  36.010  -68.258  15.436 0.4000000060
121096  33.697  -69.278  14.864 0.4000000060
8654  33.358  -68.643  15.601 0.4000000060
10021  39.356  -65.923  14.480 0.3000000119
116760  33.960  -68.161  15.921 0.4000000060
10700  39.392  -65.789  14.749 0.3000000119
8651  37.342  -68.032  15.290 0.4000000060
108649  39.384  -66.617  14.757 0.3000000119
10006  39.020  -66.091  15.723 0.3000000119
4566  20.405  -75.202  19.555 0.3000000119
4033  20.671  -76.077  19.538 0.3000000119
5066  20.535  -74.383  19.651 0.3000000119
4032  21.435  -76.188  19.678 0.3000000119
5076  20.265  -74.510  18.955 0.3000000119
4582  19.966  -75.284  18.683 0.3000000119
5596  20.933  -73.241  19.518 0.3000000119
5054  21.199  -74.082  20.395 0.3000000119
4549  20.829  -74.603  20.112 0.3000000119
6196  21.530  -72.688  18.238 0.3000000119
104382  20.949  -73.223  18.721 0.3000000119
5085  20.102  -74.626  18.057 0.3000000119
5112  22.657  -74.939  14.350 0.3000000119
6160  22.427  -72.177  20.798 0.3000000119
5053  21.896  -73.950  20.701 0.3000000119
6182  21.903  -72.020  18.828 0.3000000119
6161  21.740  -72.675  20.444 0.3000000119
4547  22.315  -74.806  20.425 0.3000000119
105387  21.460  -73.692  16.877 0.3000000119
5624  23.432  -73.258  15.280 0.3000000119
5099  22.948  -74.055  14.927 0.3000000119
6835  22.736  -71.680  18.311 0.3000000119
5603  21.862  -72.958  17.258 0.3000000119
6195  22.269  -72.266  17.767 0.3000000119
6212  23.471  -72.270  16.504 0.3000000119
5611  23.048  -72.879  15.985 0.3000000119
120592  22.803  -73.529  15.601 0.3000000119
6234  24.239  -72.884  14.946 0.3000000119
6249  27.850  -72.731  14.197 0.4000000060
6250  26.302  -72.467  14.657 0.4000000060
4576  28.444  -75.733  18.596 0.3000000119
4029  30.277  -76.169  18.941 0.3000000119
4564  21.824  -75.504  20.091 0.3000000119
4031  22.380  -76.179  19.610 0.3000000119
5050  25.492  -74.354  20.890 0.3000000119
5064  25.212  -74.816  19.985 0.3000000119
4560  27.199  -75.188  19.305 0.3000000119
4577  27.487  -75.599  18.618 0.3000000119
5567  23.818  -72.809  21.559 0.3000000119
5065  24.323  -74.891  20.039 0.3000000119
4561  25.787  -75.167  19.354 0.3000000119
4046  25.996  -76.064  18.204 0.3000000119
113187  26.890  -76.009  18.090 0.3000000119
5052  22.870  -74.161  20.725 0.3000000119
4546  23.352  -74.891  20.240 0.3000000119
4580  24.675  -75.928  18.937 0.3000000119
4047  25.173  -76.281  18.377 0.3000000119
4563  23.917  -75.558  19.553 0.3000000119
4581  23.883  -76.346  19.036 0.3000000119
5084  20.712  -74.094  17.428 0.3000000119
5613  21.074  -74.390  16.530 0.3000000119
5568  22.865  -72.806  21.283 0.3000000119
5612  22.268  -73.385  16.301 0.3000000119
5060  29.382  -75.214  19.805 0.3000000119
4067  23.840  -77.139  18.491 0.3000000119
5051  23.829  -74.310  20.698 0.3000000119
5063  26.914  -74.849  20.029 0.3000000119
4562  24.926  -75.307  19.391 0.3000000119
4579  25.509  -75.666  18.804 0.3000000119
4066  24.768  -76.953  18.071 0.3000000119
6252  24.831  -72.907  14.517 0.3000000119
6209  34.924  -73.069  16.116 0.3000000119
6210  34.219  -72.713  15.570 0.3000000119
6226  32.940  -72.769  14.684 0.3000000119
6244  32.418  -72.960  14.187 0.4000000060
5636  31.194  -73.315  13.663 0.4000000060
5657  29.911  -73.624  13.118 0.3000000119
5672  28.992  -74.393  11.978 0.3000000119
6224  34.359  -72.712  15.528 0.3000000119
125794  33.464  -72.711  14.426 0.4000000060
6264  32.523  -72.973  13.730 0.4000000060
6277  32.657  -72.725  12.948 0.4000000060
113744  30.264  -73.816  12.048 0.3000000119
6914  33.180  -71.991  12.037 0.4000000060
6287  32.387  -72.486  12.122 0.4000000060
6289  31.016  -73.025  11.578 0.3000000119
6930  32.883  -71.670  11.259 0.3000000119
6818  35.942  -72.703  18.443 0.3000000119
103793  35.696  -73.188  17.558 0.3000000119
6848  33.706  -72.261  15.857 0.4000000060
6227  32.128  -72.652  14.694 0.4000000060
6245  31.656  -73.027  14.192 0.3000000119
5637  30.315  -73.323  13.705 0.3000000119
5638  29.398  -73.224  13.733 0.3000000119
6181  36.418  -73.676  17.955 0.3000000119
6192  36.069  -73.637  17.249 0.3000000119
6223  35.035  -72.995  15.897 0.3000000119
6242  34.776  -72.443  14.984 0.3000000119
6263  33.230  -72.689  13.699 0.4000000060
6866  36.274  -71.712  15.452 0.3000000119
6881  36.629  -71.096  14.164 0.3000000119
6883  34.754  -72.034  13.975 0.3000000119
6262  33.922  -72.146  13.177 0.4000000060
6276  33.525  -72.165  12.707 0.4000000060
112422  36.915  -70.483  12.844 0.3000000119
6912  35.637  -70.851  11.974 0.4000000060
103571  34.572  -71.010  11.321 0.4000000060
8077  36.688  -69.835  11.866 0.3000000119
125700  36.628  -69.930  11.746 0.4000000060
6928  35.297  -70.505  11.299 0.4000000060
8056  37.195  -69.825  12.691 0.3000000119
8095  35.163  -69.660  10.903 0.4000000060
8078  35.608  -69.645  11.603 0.3000000119
8587  33.808  -69.029  20.718 0.3000000119
7971  33.953  -69.572  19.788 0.3000000119
7981  32.500  -69.618  18.619 0.3000000119
7410  32.018  -70.067  17.713 0.3000000119
7400  35.358  -71.385  18.948 0.3000000119
105465  35.510  -70.966  19.654 0.3000000119
7407  34.552  -70.835  18.605 0.3000000119
123878  32.061  -70.561  17.024 0.3000000119
6803  36.983  -72.816  19.689 0.3000000119
6804  36.167  -71.968  19.393 0.3000000119
7428  34.347  -71.268  17.798 0.3000000119
6830  33.426  -71.466  16.622 0.3000000119
6849  31.682  -71.786  15.418 0.3000000119
6229  30.122  -72.320  14.879 0.3000000119
6248  28.785  -72.721  14.315 0.3000000119
6231  28.141  -72.272  15.036 0.3000000119
114418  27.201  -72.379  14.800 0.3000000119
6168  37.309  -73.413  19.111 0.3000000119
7478  37.457  -70.255  13.497 0.3000000119
6911  36.632  -70.281  11.939 0.3000000119
7488  37.570  -69.917  13.557 0.3000000119
7502  37.147  -69.985  12.179 0.3000000119
104420  37.624  -69.598  13.901 0.3000000119
8038  36.778  -69.410  13.944 0.3000000119
110082  36.106  -69.622  13.020 0.3000000119
7957  33.858  -68.817  21.838 0.3000000119
7965  34.643  -69.738  20.463 0.3000000119
118393  33.260  -69.961  18.615 0.3000000119
7392  35.944  -71.085  20.163 0.3000000119
7402  33.911  -70.083  19.004 0.3000000119
6232  26.637  -72.021  15.350 0.3000000119
107497  33.672  -68.966  22.921 0.3000000119
7956  34.620  -69.425  21.524 0.3000000119
7944  35.271  -69.938  21.841 0.3000000119
7955  35.266  -70.058  21.063 0.3000000119
7393  35.302  -70.415  20.272 0.3000000119
6792  36.542  -71.802  20.135 0.3000000119
7946  34.281  -69.242  22.425 0.3000000119
7355  34.846  -70.063  23.449 0.3000000119
123133  35.495  -70.251  22.570 0.3000000119
7383  35.926  -70.548  21.581 0.3000000119
6265  26.909  -72.783  14.028 0.3000000119
5640  27.610  -73.226  13.369 0.3000000119
122829  29.158  -73.571  13.166 0.3000000119
5655  31.395  -73.365  13.158 0.3000000119
5668  31.996  -72.953  12.641 0.4000000060
7524  34.722  -69.596  10.575 0.4000000060
8670  38.308  -68.694  14.858 0.3000000119
6193  35.403  -73.201  16.743 0.3000000119
6225  33.616  -72.708  14.944 0.3000000119
6847  34.465  -72.525  16.361 0.3000000119
6243  33.000  -72.819  14.327 0.4000000060
5635  31.913  -73.178  13.690 0.4000000060
5654  31.984  -73.121  13.188 0.4000000060
6275  34.539  -71.505  12.155 0.4000000060
6817  36.688  -73.344  18.790 0.3000000119
6829  34.903  -72.320  17.228 0.3000000119
109790  32.756  -71.689  15.822 0.3000000119
6228  31.151  -72.413  14.788 0.4000000060
6247  29.735  -72.813  14.331 0.3000000119
6191  36.596  -73.701  17.724 0.3000000119
6206  36.814  -73.477  17.457 0.3000000119
6846  36.261  -72.511  16.316 0.3000000119
6894  35.864  -71.190  12.824 0.4000000060
8055  37.344  -70.064  12.759 0.3000000119
7409  32.955  -70.241  17.997 0.3000000119
7430  32.739  -70.672  17.268 0.3000000119
7452  31.724  -70.928  16.357 0.3000000119
8037  38.246  -69.189  14.651 0.3000000119
10108  17.194  -66.484  9.668 0.4000000060
4030  23.225  -76.078  19.450 0.3000000119
4065  25.592  -76.728  17.781 0.3000000119
4123  24.133  -76.332  10.634 0.5000000000
4140  26.099  -76.446  9.431 0.4000000060
4141  25.305  -76.717  9.500 0.4000000060
4548  21.417  -74.719  20.344 0.3000000119
4558  28.964  -75.409  19.221 0.3000000119
4565  21.005  -75.427  20.025 0.3000000119
4575  29.372  -75.897  18.712 0.3000000119
4578  26.472  -75.480  18.783 0.3000000119
4643  25.061  -74.862  12.327 0.5000000000
4658  26.968  -75.733  10.767 0.4000000060
4686  27.312  -75.564  9.288 0.4000000060
4687  26.791  -76.053  9.296 0.4000000060
5133  26.818  -74.402  11.971 0.5000000000
5146  26.937  -75.135  11.415 0.5000000000
5154  28.280  -75.019  10.406 0.4000000060
5155  27.920  -75.375  10.657 0.4000000060
5178  27.359  -74.952  8.543 0.4000000060
5578  23.376  -73.548  21.169 0.3000000119
5579  22.111  -73.045  20.833 0.3000000119
5580  21.447  -73.390  20.447 0.3000000119
5585  20.853  -73.752  20.049 0.3000000119
5597  20.608  -73.807  19.242 0.3000000119
5604  21.135  -73.374  17.775 0.3000000119
5605  20.562  -73.898  18.350 0.3000000119
5625  22.302  -74.086  15.614 0.3000000119
5639  28.537  -73.192  13.600 0.3000000119
5641  25.981  -72.877  13.905 0.5000000000
5644  23.723  -73.611  14.556 0.5000000000
5656  30.713  -73.565  13.106 0.3000000119
5658  28.496  -73.798  12.726 0.3000000119
5669  31.473  -73.271  12.644 0.4000000060
5670  30.852  -73.538  12.594 0.3000000119
5682  30.928  -73.407  12.096 0.4000000060
6169  21.245  -72.910  20.035 0.3000000119
6180  36.966  -73.763  18.340 0.3000000119
6183  21.319  -72.629  19.243 0.3000000119
6207  36.231  -73.509  16.956 0.3000000119
6208  35.535  -73.224  16.674 0.3000000119
6213  22.655  -72.584  16.820 0.3000000119
6222  35.676  -72.845  16.212 0.3000000119
6246  30.718  -72.926  14.259 0.3000000119
6251  25.473  -72.668  14.547 0.3000000119
6288  31.642  -72.907  11.998 0.4000000060
6302  31.530  -72.312  11.151 0.4000000060
6819  35.185  -71.878  18.060 0.3000000119
6867  35.530  -72.075  15.211 0.3000000119
6868  33.374  -72.567  15.271 0.4000000060
6869  32.615  -72.422  15.156 0.4000000060
6882  35.730  -71.564  13.984 0.3000000119
6895  34.740  -71.738  13.025 0.4000000060
6913  33.925  -71.599  11.854 0.4000000060
6929  33.947  -71.036  10.970 0.4000000060
6943  31.410  -71.453  10.143 0.4000000060
6951  32.897  -70.198  9.595 0.4000000060
6954  29.808  -71.373  9.095 0.4000000060
6966  29.425  -70.834  8.544 0.4000000060
7391  36.353  -71.202  20.811 0.3000000119
7401  34.755  -70.356  19.527 0.3000000119
7408  33.740  -70.503  18.271 0.3000000119
7429  33.546  -70.906  17.520 0.3000000119
7451  32.530  -71.015  16.628 0.3000000119
7489  37.354  -70.111  12.733 0.3000000119
7490  24.222  -70.579  13.072 0.6000000238
7503  36.088  -70.103  11.409 0.4000000060
7514  35.455  -69.901  10.942 0.4000000060
7515  34.856  -70.232  10.724 0.4000000060
7525  34.208  -70.000  10.091 0.4000000060
7527  25.882  -70.310  10.284 0.6999999881
7534  26.891  -70.719  9.002 0.5000000000
7540  31.409  -69.192  8.614 0.4000000060
7945  34.835  -69.689  22.528 0.3000000119
7972  33.248  -69.544  19.214 0.3000000119
8039  34.874  -69.436  14.404 0.4000000060
8040  33.107  -69.513  14.222 0.4000000060
8041  32.380  -69.392  14.433 0.4000000060
8060  31.496  -69.611  13.319 0.4000000060
8063  24.404  -69.954  12.774 0.6000000238
8094  35.986  -69.903  11.383 0.4000000060
8096  34.507  -69.366  10.500 0.5000000000
8112  33.258  -69.068  9.590 0.4000000060
8117  25.006  -69.054  10.227 0.6000000238
8124  30.717  -68.445  9.092 0.5000000000
8130  31.182  -68.872  8.640 0.4000000060
8132  29.134  -68.736  8.427 0.4000000060
8653  34.889  -68.304  15.633 0.4000000060
8660  27.794  -68.472  14.799 0.6000000238
8661  27.072  -68.241  14.995 0.6000000238
8672  31.266  -68.972  14.856 0.4000000060
8673  30.002  -68.987  14.461 0.4000000060
8677  26.567  -68.062  14.351 0.8000000119
8691  27.440  -68.531  13.266 0.6999999881
8693  23.632  -68.943  13.263 0.5000000000
8708  27.340  -68.400  12.348 0.6999999881
8719  24.315  -68.664  10.576 0.6000000238
8720  23.605  -68.233  11.058 0.5000000000
8730  29.643  -68.075  9.127 0.5000000000
8731  28.867  -67.650  9.333 0.6000000238
8746  30.480  -68.731  8.590 0.5000000000
8747  29.580  -68.288  8.668 0.4000000060
9299  27.000  -67.292  17.045 0.6000000238
9326  38.839  -67.470  14.890 0.3000000119
9327  36.393  -67.513  15.412 0.4000000060
9330  31.548  -68.128  16.028 0.4000000060
9332  29.901  -67.790  16.225 0.5000000000
9335  26.407  -67.848  15.111 0.6999999881
9336  25.722  -67.344  15.212 0.6000000238
9382  26.214  -67.549  12.972 0.8000000119
9396  22.456  -67.536  11.104 0.6000000238
9397  21.638  -67.215  10.681 0.6000000238
9408  22.130  -67.471  10.185 0.6999999881
9417  28.945  -67.599  8.806 0.5000000000
9418  28.498  -67.089  8.946 0.6000000238
9419  27.999  -66.737  9.123 0.6000000238
9425  21.139  -67.115  9.894 0.5000000000
9426  15.691  -67.086  9.702 0.5000000000
9427  14.986  -67.084  9.821 0.6000000238
9429  27.201  -67.352  8.725 0.6999999881
10007  32.752  -67.082  16.324 0.4000000060
10008  31.954  -66.861  16.429 0.4000000060
10009  31.233  -66.566  16.471 0.5000000000
10029  24.750  -66.298  15.279 0.6999999881
10039  35.409  -66.178  15.027 0.4000000060
10053  24.767  -65.610  13.553 0.6999999881
10075  25.844  -65.578  10.842 0.6999999881
10088  26.621  -65.539  10.071 0.6999999881
10089  26.031  -64.893  10.134 0.6999999881
10090  20.947  -67.003  10.362 0.5000000000
10094  17.417  -66.884  9.900 0.5000000000
10101  26.648  -65.771  9.828 0.6999999881
10102  25.633  -65.983  9.410 0.6999999881
10105  20.772  -66.796  9.721 0.5000000000
10106  18.928  -66.565  9.865 0.5000000000
10109  16.154  -66.780  9.619 0.5000000000
10111  27.465  -66.657  9.176 0.6999999881
10642  22.787  -65.074  19.284 0.6999999881
10645  20.034  -65.156  19.336 0.6000000238
10653  27.478  -65.133  17.923 0.6999999881
10659  21.450  -65.335  18.776 0.6000000238
10660  20.520  -65.389  18.717 0.6999999881
10662  18.500  -65.316  18.328 0.8000000119
10663  17.833  -65.125  18.358 0.6999999881
10676  23.331  -65.325  17.583 0.6999999881
10686  38.605  -65.369  15.372 0.3000000119
10689  30.279  -65.610  16.412 0.6000000238
10690  29.591  -65.613  16.773 0.6000000238
10691  28.826  -65.588  17.164 0.6000000238
10695  18.885  -65.121  16.789 0.6000000238
10696  18.068  -65.338  16.953 0.6999999881
10701  38.978  -65.029  14.405 0.3000000119
10708  24.352  -65.747  15.392 0.6999999881
10717  38.837  -64.793  13.806 0.3000000119
10720  37.041  -65.493  13.714 0.3000000119
10736  37.858  -64.575  12.964 0.3000000119
10760  17.704  -65.799  9.677 0.6000000238
10761  17.041  -65.631  9.837 0.5000000000
10764  26.016  -65.134  9.768 0.6999999881
10767  21.305  -66.109  9.385 0.5000000000
10770  18.214  -66.191  9.642 0.5000000000
10772  15.751  -66.578  9.701 0.5000000000
11342  21.723  -64.200  20.368 0.6000000238
11351  26.064  -64.250  19.213 0.6999999881
11354  22.159  -64.736  19.909 0.6000000238
11355  21.261  -64.679  20.013 0.6000000238
11357  19.584  -64.598  19.741 0.6000000238
11359  18.021  -64.245  19.336 0.8000000119
11375  17.436  -64.477  18.771 0.8000000119
11376  16.633  -64.361  18.290 0.8000000119
11384  28.747  -64.505  17.125 0.6000000238
11390  16.431  -64.668  17.431 0.8000000119
11403  22.341  -64.645  16.399 0.6999999881
11404  21.630  -64.579  16.451 0.6999999881
11405  20.769  -64.616  16.510 0.6000000238
11416  37.384  -64.235  14.892 0.3000000119
11418  23.294  -64.598  15.339 0.6999999881
11438  23.727  -64.648  14.657 0.6000000238
11446  37.956  -64.285  13.007 0.3000000119
11450  33.850  -64.544  12.192 0.3000000119
11451  32.766  -64.525  12.592 0.4000000060
11452  31.886  -64.403  13.015 0.4000000060
11453  31.141  -64.193  13.647 0.6000000238
11461  35.725  -63.991  11.571 0.3000000119
11465  24.503  -64.422  12.068 0.6999999881
11474  34.961  -63.945  11.295 0.3000000119
11477  25.419  -64.553  10.305 0.6999999881
11479  24.098  -63.787  11.063 0.6999999881
11487  25.129  -64.277  10.013 0.6999999881
11492  25.500  -64.658  9.840 0.6999999881
11494  23.870  -64.456  9.632 0.6000000238
11495  22.738  -64.499  9.621 0.6000000238
12077  24.996  -63.213  20.274 0.6000000238
12080  21.360  -63.533  20.489 0.6000000238
12081  20.536  -63.353  20.424 0.6999999881
12091  24.834  -63.977  19.989 0.6000000238
12092  19.166  -63.850  20.078 0.8000000119
12094  17.472  -63.601  19.472 0.8000000119
12096  15.916  -63.138  19.140 0.6000000238
12104  27.239  -63.393  18.765 0.6000000238
12107  16.249  -63.710  18.650 0.8000000119
12140  36.581  -63.516  14.105 0.3000000119
12141  35.712  -63.545  15.191 0.3000000119
12146  21.444  -63.822  15.206 0.6000000238
12149  18.117  -63.876  15.018 0.6000000238
12150  17.148  -63.988  14.992 0.6000000238
12151  16.305  -63.780  15.182 0.6999999881
12156  37.186  -63.628  13.141 0.3000000119
12159  30.483  -63.685  14.102 0.4000000060
12161  22.979  -63.616  13.607 0.6999999881
12163  21.568  -63.441  14.475 0.6999999881
12190  35.319  -63.742  11.467 0.3000000119
12191  32.704  -63.550  11.440 0.4000000060
12200  34.582  -63.440  11.335 0.4000000060
12201  33.876  -63.274  11.193 0.4000000060
12204  23.227  -63.428  11.085 0.6999999881
12205  16.922  -63.176  11.365 0.5000000000
12210  23.862  -63.779  10.410 0.6999999881
12212  21.889  -63.485  10.337 0.5000000000
12213  21.106  -63.228  10.566 0.5000000000
12217  22.667  -63.730  10.093 0.5000000000
12732  14.478  -62.296  26.185 0.3000000119
12733  13.917  -62.673  26.643 0.3000000119
12800  8.945  -61.883  20.974 0.4000000060
12812  24.206  -62.949  20.563 0.6000000238
12813  23.264  -62.623  20.612 0.6000000238
12814  22.436  -62.560  20.582 0.6000000238
12817  19.321  -62.230  20.376 0.6000000238
12819  17.645  -62.024  20.244 0.6000000238
12832  26.914  -61.955  19.335 0.6000000238
12848  14.286  -62.796  18.775 0.6999999881
12852  6.797  -62.298  18.266 0.5000000000
12861  13.286  -62.487  17.602 0.6000000238
12869  14.757  -62.922  15.962 0.6999999881
12870  14.141  -62.550  16.395 0.6000000238
12871  13.507  -62.276  16.696 0.6000000238
12875  2.864  -61.717  15.583 0.5000000000
12878  29.075  -61.884  15.943 0.5000000000
12887  30.320  -62.982  13.775 0.4000000060
12906  19.625  -62.109  13.074 0.6999999881
12907  18.477  -61.956  13.348 0.6999999881
12908  17.531  -61.604  13.292 0.6000000238
12909  16.751  -61.651  13.600 0.6999999881
12915  4.843  -62.304  12.976 0.5000000000
12916  3.490  -62.451  12.912 0.5000000000
12921  22.263  -62.865  12.205 0.6999999881
12923  20.026  -62.005  12.038 0.6999999881
12924  20.023  -62.105  12.654 0.6999999881
12935  22.308  -62.981  11.416 0.6999999881
12936  21.531  -62.672  11.513 0.6999999881
12939  18.190  -61.986  11.536 0.5000000000
12942  15.663  -62.614  12.035 0.4000000060
13454  13.072  -61.648  27.857 0.3000000119
13510  9.710  -60.965  23.250 0.4000000060
13519  10.360  -61.480  22.820 0.4000000060
13521  8.820  -61.069  22.386 0.4000000060
13536  8.620  -61.453  21.577 0.4000000060
13559  12.899  -61.180  20.311 0.5000000000
13576  16.092  -62.030  20.233 0.5000000000
13581  11.592  -61.529  19.024 0.6000000238
13593  10.490  -61.101  17.690 0.6000000238
13598  27.905  -61.274  18.075 0.5000000000
13603  2.841  -60.634  16.612 0.5000000000
13606  28.700  -61.296  16.620 0.5000000000
13608  13.168  -61.494  16.074 0.6000000238
13610  11.690  -61.158  16.715 0.6000000238
13617  13.567  -60.797  15.243 0.6000000238
13623  16.032  -61.339  13.675 0.6999999881
13626  10.148  -60.754  14.371 0.4000000060
13632  2.988  -61.727  14.070 0.5000000000
13635  18.939  -61.713  12.839 0.6000000238
13643  7.636  -61.538  14.247 0.6000000238
13645  5.210  -61.769  13.668 0.5000000000
13654  17.900  -61.301  12.257 0.6000000238
13655  17.094  -61.235  12.503 0.4000000060
13657  14.960  -60.761  12.686 0.6000000238
13658  14.423  -60.318  12.934 0.5000000000
13663  19.273  -61.714  11.895 0.6999999881
13667  15.931  -61.946  12.136 0.4000000060
14239  8.056  -59.999  23.152 0.4000000060
14248  9.089  -60.838  22.956 0.4000000060
14291  11.103  -60.237  20.370 0.6000000238
14311  9.636  -60.406  19.478 0.6000000238
14313  4.432  -60.891  19.753 0.6000000238
14328  8.296  -60.222  17.902 0.5000000000
14339  9.047  -60.384  17.436 0.5000000000
14340  3.620  -60.937  18.018 0.6000000238
14341  2.928  -60.350  17.477 0.5000000000
14345  11.233  -60.369  16.080 0.5000000000
14354  6.343  -60.018  15.458 0.6000000238
14361  14.384  -60.231  13.658 0.6000000238
14362  13.917  -60.283  14.377 0.6000000238
14368  4.569  -60.745  14.707 0.5000000000
14369  3.406  -61.033  14.551 0.5000000000
14374  16.708  -60.923  12.980 0.6999999881
14375  15.965  -60.670  12.997 0.6000000238
14376  15.116  -60.352  13.128 0.6000000238
14377  13.105  -59.943  13.690 0.5000000000
14382  16.284  -60.960  12.761 0.6000000238
14383  15.498  -60.547  12.903 0.6000000238
14992  5.672  -59.386  22.438 0.6000000238
15006  3.905  -59.232  21.316 0.6000000238
15033  6.425  -58.522  20.248 0.5000000000
15034  3.532  -59.458  20.655 0.6000000238
15049  6.036  -58.909  19.379 0.6000000238
15076  8.615  -59.941  16.789 0.5000000000
15079  6.186  -59.243  17.536 0.5000000000
15087  10.754  -59.619  15.449 0.5000000000
15088  9.841  -59.547  15.662 0.5000000000
15090  8.242  -59.467  16.148 0.5000000000
15099  12.689  -59.714  14.344 0.5000000000
15100  12.051  -59.606  14.599 0.5000000000
15103  9.400  -59.342  15.206 0.5000000000
15107  4.605  -59.728  15.741 0.6000000238
15108  3.542  -59.919  15.813 0.5000000000
15111  12.756  -59.693  14.043 0.5000000000
15113  11.820  -59.610  14.378 0.5000000000
15114  10.648  -59.492  14.676 0.5000000000
15116  8.886  -59.495  15.029 0.6000000238
15120  12.296  -59.662  14.019 0.5000000000
15777  7.320  -58.710  23.048 0.4000000060
15778  6.487  -58.364  22.852 0.5000000000
15779  5.564  -57.990  22.753 0.6000000238
15793  4.027  -57.921  22.253 0.5000000000
15805  3.179  -58.178  21.481 0.5000000000
15806  2.731  -57.939  20.520 0.5000000000
15830  6.804  -57.941  20.616 0.5000000000
15834  2.820  -57.920  19.700 0.6000000238
15879  3.724  -58.805  17.780 0.6000000238
15880  3.268  -59.296  17.609 0.6000000238
16576  15.444  -57.478  26.595 0.4000000060
16606  4.977  -57.220  22.778 0.5000000000
16618  3.424  -56.489  22.269 0.6000000238
16649  2.810  -57.022  20.475 0.5000000000
16667  3.276  -56.575  20.390 0.5000000000
17433  4.826  -56.507  22.478 0.5000000000
17447  3.864  -55.922  22.086 0.6000000238
17448  2.967  -56.120  21.720 0.6000000238
17453  4.399  -55.662  21.343 0.6000000238
17476  3.702  -55.966  20.827 0.6000000238
17477  3.005  -56.201  20.945 0.5000000000
103755  34.190  -69.541  23.301 0.3000000119
103938  16.228  -65.246  10.504 0.5000000000
104733  34.154  -71.627  17.086 0.3000000119
104871  29.416  -62.632  15.379 0.4000000060
105288  10.964  -57.906  27.838 0.4000000060
105848  20.775  -62.367  11.781 0.6000000238
106109  28.660  -69.415  8.365 0.4000000060
106329  25.907  -72.202  9.858 0.5000000000
106560  22.842  -75.529  19.938 0.3000000119
107049  26.083  -68.831  9.204 0.6999999881
107234  20.109  -75.867  19.136 0.3000000119
107636  24.467  -64.186  11.413 0.6999999881
107713  24.953  -72.527  14.953 0.3000000119
107729  14.927  -65.994  10.475 0.5000000000
107788  31.213  -64.644  14.349 0.5000000000
107857  30.191  -73.784  12.508 0.4000000060
108090  5.251  -59.020  16.849 0.6000000238
108121  35.757  -70.606  20.773 0.3000000119
108932  34.029  -72.654  14.726 0.4000000060
109019  39.543  -66.435  14.919 0.3000000119
109373  18.995  -63.524  10.612 0.6000000238
109611  6.982  -60.310  22.487 0.6000000238
110130  20.277  -62.954  10.739 0.5000000000
110822  14.706  -62.492  19.704 0.6000000238
111180  29.169  -70.347  8.402 0.4000000060
111234  19.020  -64.665  16.162 0.6000000238
111249  28.008  -70.786  8.323 0.4000000060
111387  26.044  -64.923  18.714 0.6999999881
111398  19.272  -65.448  18.187 0.6999999881
111830  33.925  -72.445  13.932 0.4000000060
112205  25.296  -64.273  19.499 0.6000000238
112253  20.069  -65.566  9.541 0.5000000000
112338  16.905  -65.136  17.048 0.6999999881
112429  22.584  -73.474  20.985 0.3000000119
112460  25.503  -66.533  17.314 0.6999999881
113374  33.735  -67.219  16.146 0.4000000060
113409  24.648  -74.462  20.593 0.3000000119
113595  23.666  -66.168  9.408 0.6000000238
113654  2.933  -59.334  18.461 0.6000000238
113668  8.154  -60.022  14.892 0.6000000238
113695  19.783  -64.749  16.505 0.6000000238
113861  7.912  -59.409  15.766 0.6000000238
113905  26.291  -67.654  15.804 0.6999999881
114304  30.045  -69.332  13.726 0.6000000238
114400  22.646  -61.909  20.523 0.5000000000
114408  26.508  -67.570  12.151 0.8000000119
114534  20.876  -65.371  9.495 0.5000000000
114772  25.205  -65.141  9.561 0.6999999881
115280  8.938  -59.345  23.398 0.4000000060
115990  29.166  -67.693  16.345 0.6999999881
116088  6.391  -56.833  22.619 0.4000000060
116426  19.159  -62.188  13.421 0.6999999881
116551  3.789  -57.125  22.437 0.6000000238
116808  37.578  -67.332  15.058 0.4000000060
116934  14.999  -62.341  15.210 0.6999999881
117168  28.406  -68.647  14.603 0.6999999881
117183  17.464  -65.299  17.153 0.6999999881
117247  34.835  -65.233  13.768 0.4000000060
117373  2.951  -61.334  16.718 0.5000000000
117408  22.068  -65.165  19.257 0.6000000238
117426  22.053  -63.662  20.523 0.6000000238
117648  26.062  -74.796  20.022 0.3000000119
117666  11.272  -59.561  14.481 0.5000000000
117870  12.452  -61.315  16.401 0.6000000238
117916  20.772  -63.858  15.374 0.6000000238
118285  23.947  -64.314  20.094 0.6000000238
118291  22.391  -63.229  13.460 0.6999999881
119004  24.485  -76.528  18.586 0.3000000119
119552  8.430  -60.578  22.858 0.4000000060
119682  13.717  -61.943  20.134 0.5000000000
119749  23.052  -67.834  11.049 0.6000000238
120063  13.913  -54.223  26.515 0.3000000119
121005  27.913  -67.177  8.673 0.6000000238
121185  26.481  -75.084  19.448 0.3000000119
121722  29.430  -67.961  8.890 0.5000000000
122314  3.886  -61.716  16.895 0.5000000000
122483  15.537  -60.222  26.502 0.4000000060
122532  29.451  -73.919  12.528 0.3000000119
123085  3.524  -60.387  19.267 0.6000000238
123286  13.625  -61.588  27.637 0.3000000119
123463  23.193  -63.425  12.348 0.6999999881
123695  26.912  -69.488  8.680 0.5000000000
124048  23.304  -64.193  20.272 0.6000000238
124210  31.451  -62.450  11.394 0.4000000060
124380  31.531  -68.588  9.018 0.4000000060
124382  30.871  -69.084  8.482 0.4000000060
124501  27.644  -70.494  8.473 0.5000000000
124945  28.105  -67.806  8.482 0.6000000238
124967  24.882  -66.138  14.115 0.6000000238
125475  27.628  -65.606  17.700 0.6999999881
125532  7.762  -59.104  20.575 0.4000000060
125595  28.299  -65.858  17.394 0.6000000238
