#!ascii label  , from subject sub-v2s10x28988_ses-1 vox2ras=TkReg
693
50335  19.905  -20.226  16.993 0.1428571492
121339  18.706  -20.519  16.943 0.1428571492
51231  18.945  -19.282  15.698 0.1428571492
109893  20.631  -20.561  17.632 0.1428571492
51230  19.803  -19.120  15.793 0.2857142985
51217  18.623  -19.827  16.210 0.1428571492
51215  20.302  -19.508  16.509 0.1428571492
52132  19.708  -18.105  14.695 0.5714285970
52103  20.666  -18.795  16.082 0.1428571492
53072  22.003  -17.737  16.103 0.2857142985
53085  23.067  -16.775  16.138 0.1428571492
53086  22.441  -17.056  15.814 0.2857142985
54963  23.213  -15.170  14.573 0.2857142985
54952  22.815  -15.761  14.950 0.2857142985
56775  24.193  -13.216  13.748 0.2857142985
115515  24.477  -13.759  14.503 0.2857142985
57607  24.113  -12.195  12.629 0.2857142985
57602  23.926  -12.901  12.952 0.2857142985
60253  24.787  -10.051  11.999 0.2857142985
60267  24.849  -8.786  10.027 0.8571428657
60260  24.659  -9.847  11.119 0.4285714328
59237  24.544  -10.844  12.374 0.2857142985
63031  25.650  -6.521  9.360 0.7142857313
62076  25.637  -7.554  10.187 0.7142857313
61193  25.347  -8.226  10.531 0.7142857313
63974  26.600  -5.499  8.836 0.8571428657
63030  26.230  -6.203  9.435 0.5714285970
63045  25.263  -5.979  8.901 0.8571428657
62085  25.401  -7.278  9.654 0.7142857313
61201  25.164  -8.041  9.808 0.7142857313
105591  27.228  -4.791  6.639 0.4285714328
63986  26.341  -5.094  8.315 0.7142857313
63044  25.989  -5.727  8.901 0.8571428657
66741  27.692  -2.767  6.637 0.2857142985
66751  27.177  -3.384  5.902 0.5714285970
64928  26.377  -4.745  6.715 0.8571428657
64946  27.046  -4.564  6.025 0.7142857313
64004  26.164  -4.743  7.585 0.8571428657
67594  26.748  -1.373  6.656 0.1428571492
67593  27.391  -1.866  7.109 0.1428571492
67602  26.871  -2.375  6.000 0.4285714328
65881  26.578  -4.147  5.558 0.5714285970
64947  26.426  -4.653  5.949 0.8571428657
70194  25.735  0.773  7.744 0.1428571492
68501  27.017  -1.108  7.705 0.1428571492
68502  26.520  -0.712  7.243 0.1428571492
65898  25.905  -3.700  5.336 0.8571428657
71095  25.076  2.109  7.825 0.1428571492
70195  25.555  1.518  8.218 0.1428571492
70204  25.329  1.401  7.254 0.1428571492
69374  26.028  -0.049  7.251 0.1428571492
69381  25.812  -0.128  6.090 0.4285714328
119748  26.236  -1.642  5.484 0.5714285970
65899  25.412  -3.510  5.448 0.8571428657
113803  24.846  2.712  7.482 0.1428571492
72016  24.694  3.012  6.751 0.1428571492
71106  24.955  2.121  6.725 0.1428571492
70214  25.304  1.272  6.162 0.5714285970
116483  25.963  -0.860  5.242 0.8571428657
66765  25.609  -2.907  5.244 0.8571428657
67612  25.631  -2.166  4.966 0.8571428657
116569  24.637  4.162  7.678 0.1428571492
72009  24.572  3.893  6.799 0.2857142985
72024  24.775  2.563  5.957 0.8571428657
69382  25.540  0.495  5.650 0.8571428657
69391  25.318  0.274  4.796 0.8571428657
115663  24.012  5.991  6.340 0.1428571492
123338  24.468  3.995  6.116 0.4285714328
107204  24.594  3.355  4.860 0.8571428657
71117  24.785  2.471  4.863 0.8571428657
70226  25.329  1.065  5.091 0.8571428657
73648  24.221  5.127  5.802 0.4285714328
71128  25.037  1.508  4.550 0.8571428657
71129  24.730  1.999  3.994 0.8571428657
74352  23.826  6.812  5.916 0.1428571492
75055  23.707  7.793  5.497 0.2857142985
113561  23.979  5.858  5.296 0.5714285970
113525  24.074  5.738  4.384 0.8571428657
73655  24.336  4.914  4.631 0.8571428657
72887  24.514  3.868  4.305 0.8571428657
72032  24.645  2.882  3.869 0.8571428657
108625  23.593  8.188  4.720 0.2857142985
75059  23.667  7.477  4.456 0.7142857313
109551  23.814  6.655  4.695 0.5714285970
73662  24.300  5.217  3.622 0.8571428657
107842  23.783  6.924  3.693 0.8571428657
74365  23.983  6.061  3.680 0.8571428657
74371  23.883  6.352  2.895 0.7142857313
73668  24.178  5.576  2.866 0.7142857313
75060  23.593  7.888  3.712 0.8571428657
114501  23.585  8.007  2.647 0.8571428657
75834  23.556  8.812  2.392 0.8571428657
75072  23.635  7.392  2.072 0.7142857313
77523  23.433  10.188  2.627 0.7142857313
76666  23.494  9.473  2.219 0.8571428657
113988  23.339  10.855  2.148 0.8571428657
112784  23.084  10.651  1.176 0.8571428657
79232  22.468  12.397  0.093 0.7142857313
75065  23.716  7.171  2.819 0.8571428657
77528  23.390  9.908  1.576 0.8571428657
81327  23.736  15.684  1.307 0.1428571492
78381  23.089  11.532  1.709 0.8571428657
79227  22.686  12.211  1.059 0.7142857313
125208  22.372  13.786  0.346 0.7142857313
118435  22.779  11.266  0.851 0.8571428657
82841  23.116  17.259  -0.683 0.1428571492
80642  22.645  14.650  0.538 0.5714285970
81337  22.580  15.855  -0.000 0.5714285970
82083  21.711  16.984  -0.500 0.5714285970
82075  22.804  16.539  -0.352 0.1428571492
124642  22.922  19.063  -1.448 0.1428571492
82846  20.586  17.729  -0.709 0.5714285970
114647  21.294  20.165  -1.458 0.1428571492
83554  20.665  18.368  -1.292 0.1428571492
84832  21.460  21.215  -1.090 0.1428571492
110799  20.924  17.835  -1.061 0.5714285970
84833  20.401  20.359  -1.436 0.1428571492
84834  19.334  20.193  -1.750 0.1428571492
85441  19.899  21.591  -1.058 0.1428571492
108043  19.015  21.042  -1.716 0.1428571492
50322  19.173  -20.722  17.291 0.1428571492
51214  21.190  -19.206  16.799 0.1428571492
52102  21.559  -18.469  16.429 0.2857142985
107715  23.994  -15.617  15.796 0.2857142985
54951  23.393  -15.656  15.379 0.2857142985
54001  22.815  -16.327  15.499 0.1428571492
58439  24.225  -11.600  12.274 0.2857142985
60259  25.037  -8.975  11.013 0.4285714328
64945  27.671  -4.445  6.382 0.1428571492
64929  25.707  -4.515  6.892 0.8571428657
66752  26.392  -3.217  5.383 0.7142857313
68518  25.208  -0.680  4.567 0.8571428657
70240  25.105  0.813  4.526 0.8571428657
75829  23.543  8.838  4.391 0.8571428657
76661  23.524  9.517  3.028 0.8571428657
79221  23.176  12.521  2.181 0.8571428657
79959  22.762  13.959  1.074 0.7142857313
81333  22.901  15.506  0.269 0.2857142985
118294  21.485  17.703  -1.042 0.1428571492
84227  22.248  18.851  -1.438 0.1428571492
85439  22.472  21.697  -0.818 0.1428571492
49388  18.374  -20.817  17.177 0.1428571492
52118  21.073  -18.040  15.554 0.4285714328
107779  21.696  -17.289  15.355 0.2857142985
111214  20.425  -17.972  14.882 0.2857142985
55897  24.406  -14.366  15.027 0.2857142985
56769  23.766  -13.927  13.793 0.2857142985
55905  23.234  -14.574  13.807 0.2857142985
60268  24.455  -9.528  10.301 0.7142857313
121562  26.220  0.312  8.160 0.1428571492
71996  25.130  2.940  8.348 0.1428571492
72864  24.498  4.699  7.233 0.1428571492
72873  24.404  4.539  6.356 0.2857142985
73640  24.302  5.315  6.770 0.1428571492
72025  24.593  3.357  5.841 0.8571428657
121397  25.582  -0.963  4.743 0.8571428657
67621  25.237  -1.972  4.655 1.0000000000
72899  24.309  4.701  2.751 0.8571428657
76655  23.494  9.599  4.029 0.5714285970
113508  23.394  11.122  3.210 0.5714285970
78377  23.366  11.823  2.690 0.5714285970
79953  22.932  13.245  1.627 0.7142857313
80639  23.277  14.796  1.223 0.4285714328
79947  23.570  13.526  2.607 0.2857142985
81332  23.484  16.148  0.496 0.1428571492
82074  23.523  16.849  -0.111 0.1428571492
82844  22.447  17.419  -0.886 0.1428571492
109472  18.992  18.578  -1.739 0.2857142985
82843  22.920  17.732  -1.047 0.1428571492
118596  18.518  20.233  -1.693 0.1428571492
84835  17.874  20.673  -1.498 0.1428571492
119921  22.049  19.894  -1.512 0.1428571492
118142  19.113  21.769  -1.463 0.1428571492
85442  18.237  21.520  -1.574 0.1428571492
86055  19.785  22.246  -0.776 0.1428571492
77513  23.660  10.454  4.656 0.4285714328
78367  23.701  11.328  4.255 0.4285714328
121413  23.637  12.062  3.656 0.4285714328
79215  23.582  12.764  3.144 0.4285714328
80632  23.400  14.162  1.868 0.5714285970
51216  19.424  -19.727  16.274 0.1428571492
108831  19.022  -20.267  16.661 0.1428571492
50336  18.287  -20.339  16.649 0.1428571492
52119  20.188  -18.510  15.291 0.5714285970
52084  22.050  -18.900  17.135 0.1428571492
54002  22.157  -16.718  15.225 0.1428571492
55898  23.844  -14.455  14.503 0.2857142985
62086  24.883  -7.603  9.393 0.7142857313
122822  26.896  -5.035  7.770 0.8571428657
65880  27.426  -4.117  6.076 0.5714285970
69375  25.590  0.630  6.737 0.2857142985
68509  26.239  -0.766  6.335 0.1428571492
69390  25.629  -0.294  5.093 0.8571428657
71116  25.056  1.831  5.509 0.8571428657
72880  24.449  4.177  5.428 0.8571428657
72893  24.426  4.331  3.599 0.8571428657
75830  23.553  8.758  3.343 0.8571428657
82082  22.323  16.971  -0.626 0.5714285970
82076  22.223  16.355  -0.269 0.5714285970
117699  22.822  19.844  -1.501 0.1428571492
83555  19.740  18.462  -1.259 0.4285714328
84229  20.480  19.218  -1.451 0.1428571492
123699  22.491  20.461  -1.486 0.1428571492
83553  21.431  18.192  -1.286 0.1428571492
84230  19.597  19.277  -1.662 0.1428571492
108474  19.918  20.928  -1.330 0.1428571492
77518  23.474  10.367  3.652 0.5714285970
116346  20.950  -17.446  14.798 0.4285714328
122396  23.677  -13.496  13.197 0.5714285970
84232  17.584  19.772  -1.062 0.1428571492
56786  22.720  -13.851  12.112 0.5714285970
55930  22.071  -14.127  11.862 0.5714285970
55921  20.654  -14.581  12.610 0.2857142985
56798  22.999  -13.221  11.707 0.5714285970
56800  21.778  -13.390  11.637 0.5714285970
54987  20.492  -15.279  12.977 0.4285714328
56799  22.411  -13.524  11.675 0.5714285970
56788  20.282  -13.595  12.403 0.2857142985
56801  20.846  -13.054  11.859 0.4285714328
58451  24.053  -11.358  11.554 0.4285714328
57629  22.718  -12.056  10.780 0.5714285970
57630  21.886  -11.977  10.932 0.5714285970
58453  20.989  -11.630  11.309 0.4285714328
58463  23.761  -11.077  10.745 0.5714285970
58464  23.006  -11.394  10.392 0.5714285970
59258  23.354  -10.652  10.107 0.7142857313
60269  23.801  -9.917  9.828 0.4285714328
57609  19.927  -12.686  12.234 0.2857142985
60277  24.237  -9.160  9.632 0.7142857313
122679  22.311  -8.418  9.331 0.4285714328
61217  23.473  -7.858  9.083 0.7142857313
61218  22.627  -7.839  9.073 0.5714285970
62102  23.072  -7.101  8.818 0.7142857313
62103  22.141  -7.139  8.799 0.2857142985
61203  23.888  -8.572  9.293 0.5714285970
124815  24.204  -6.554  8.828 0.7142857313
63989  23.326  -5.183  8.327 0.7142857313
64007  23.832  -4.291  7.725 0.7142857313
64008  23.000  -4.466  7.952 0.7142857313
63990  22.325  -5.411  8.297 0.4285714328
111563  22.802  -3.904  7.657 0.4285714328
62100  25.149  -6.881  9.303 0.5714285970
62101  24.614  -6.869  9.067 0.5714285970
63988  24.279  -4.921  8.203 0.5714285970
64006  24.548  -4.130  7.495 0.7142857313
64931  24.276  -3.610  7.232 0.7142857313
65884  24.305  -2.717  6.623 0.7142857313
65866  23.971  -3.054  7.142 0.7142857313
65885  23.501  -2.583  7.047 0.5714285970
119041  23.634  -2.118  6.645 0.5714285970
64948  25.732  -4.573  6.034 0.7142857313
119924  25.124  -4.327  7.260 0.5714285970
125711  24.787  -4.446  7.821 0.5714285970
64949  25.218  -4.111  6.441 0.7142857313
64930  24.763  -3.801  6.818 0.7142857313
66767  24.806  -2.596  5.624 0.8571428657
107430  23.126  -3.192  7.359 0.4285714328
66768  24.527  -2.081  5.626 0.7142857313
67603  24.031  -1.855  6.218 0.7142857313
67613  24.229  -1.724  5.738 0.7142857313
67604  23.221  -1.727  6.415 0.5714285970
67614  23.656  -1.570  6.059 0.7142857313
65865  24.473  -3.266  6.775 0.7142857313
111536  24.928  -2.234  5.000 0.8571428657
67622  24.962  -1.833  4.582 0.8571428657
68519  24.068  -1.369  5.433 0.7142857313
68520  23.289  -1.218  5.707 0.5714285970
69400  23.564  -0.085  4.434 0.2857142985
66777  25.265  -2.394  5.003 0.7142857313
68528  24.624  -0.875  4.702 0.7142857313
71144  23.772  2.221  3.263 0.7142857313
68527  24.904  -1.382  4.544 0.7142857313
114092  23.806  -0.742  5.011 0.8571428657
71143  24.478  2.410  3.560 0.8571428657
69399  24.388  0.059  4.448 0.8571428657
70242  23.925  0.949  3.937 0.5714285970
70252  24.455  1.803  3.767 0.8571428657
72042  24.422  2.980  3.171 0.8571428657
69398  24.975  0.087  4.458 0.8571428657
72041  24.293  3.814  2.998 0.8571428657
72052  24.057  4.141  2.531 0.7142857313
75839  23.457  8.163  1.702 0.7142857313
107389  23.421  9.062  1.610 0.5714285970
75078  23.134  8.022  1.028 0.7142857313
75844  23.192  8.767  0.990 0.7142857313
76672  23.296  9.382  0.964 0.7142857313
78386  22.916  10.644  0.252 0.8571428657
78393  22.384  11.380  -0.446 0.7142857313
77539  22.849  10.055  -0.036 0.7142857313
103285  21.983  12.460  -0.708 0.7142857313
103286  21.635  13.194  -0.414 0.7142857313
79238  21.528  12.605  -0.311 0.5714285970
106884  22.222  13.083  -0.223 0.7142857313
80649  21.843  13.735  -0.239 0.7142857313
103287  20.996  13.255  0.037 0.5714285970
80647  21.868  14.992  0.229 0.4285714328
103421  21.402  15.078  0.394 0.5714285970
103428  20.983  14.580  0.529 0.5714285970
79963  22.006  13.428  -0.393 0.5714285970
79233  20.556  12.835  0.806 0.5714285970
81339  21.466  15.977  0.226 0.5714285970
103494  20.963  15.789  0.673 0.5714285970
118012  20.671  15.179  1.002 0.5714285970
103462  20.675  13.799  0.718 0.4285714328
79955  20.333  13.410  1.518 0.5714285970
103289  20.413  16.076  1.352 0.5714285970
103290  20.231  17.667  0.360 0.5714285970
79949  19.953  14.164  2.128 0.4285714328
122193  20.065  11.348  2.520 0.4285714328
103288  19.950  15.108  2.318 0.5714285970
103441  20.304  15.003  1.614 0.5714285970
112295  19.556  15.598  3.592 0.4285714328
64005  25.621  -4.575  7.644 0.5714285970
82056  19.552  16.770  2.674 0.2857142985
81321  19.707  15.799  2.853 0.4285714328
110583  19.519  14.520  3.711 0.2857142985
55907  22.032  -15.087  13.103 0.5714285970
54986  21.199  -15.278  12.849 0.5714285970
57608  23.561  -12.724  12.122 0.2857142985
56785  23.363  -13.404  12.477 0.4285714328
55920  21.621  -14.645  12.415 0.5714285970
58440  23.767  -12.042  11.798 0.5714285970
57622  21.412  -12.488  11.460 0.4285714328
58465  22.234  -11.425  10.541 0.4285714328
59259  22.375  -10.714  10.221 0.5714285970
57623  20.473  -12.167  11.728 0.2857142985
60278  22.401  -9.163  9.556 0.5714285970
62075  26.153  -7.108  10.553 0.2857142985
61219  21.805  -7.877  9.203 0.2857142985
63048  22.692  -6.221  8.606 0.7142857313
74372  23.787  6.592  2.040 0.7142857313
113328  23.450  7.242  1.450 0.7142857313
74377  23.814  5.880  1.872 0.7142857313
78398  22.094  11.978  -0.625 0.7142857313
116831  21.000  12.371  0.285 0.5714285970
79948  20.030  13.113  2.352 0.2857142985
79960  22.175  14.048  0.018 0.5714285970
80646  22.052  14.405  0.089 0.5714285970
81343  21.369  16.838  -0.184 0.5714285970
118017  20.066  16.982  1.330 0.2857142985
124954  21.851  -10.973  10.492 0.4285714328
107422  25.782  -5.063  8.305 0.7142857313
61202  24.580  -8.384  9.504 0.5714285970
65882  25.830  -4.263  5.501 0.7142857313
65900  25.027  -3.184  5.758 0.7142857313
110165  25.304  -3.881  5.861 0.7142857313
70241  24.760  1.030  4.195 0.7142857313
78387  22.658  11.519  0.020 0.8571428657
59257  24.120  -10.326  10.516 0.5714285970
55919  22.404  -14.469  12.543 0.4285714328
56787  21.253  -13.935  12.102 0.5714285970
57620  23.182  -12.516  11.326 0.5714285970
57621  22.387  -12.774  11.307 0.5714285970
109913  20.754  -15.827  13.284 0.5714285970
58452  23.438  -11.795  11.008 0.5714285970
58466  21.473  -11.232  10.773 0.4285714328
59268  22.896  -10.010  9.745 0.5714285970
115961  23.423  -9.277  9.509 0.5714285970
61204  23.038  -8.541  9.306 0.5714285970
61205  21.656  -8.590  9.524 0.4285714328
61216  24.248  -7.795  9.182 0.7142857313
120526  23.901  -7.115  8.904 0.7142857313
63047  23.717  -6.144  8.668 0.7142857313
63046  24.552  -5.885  8.687 0.7142857313
64932  23.552  -3.675  7.493 0.7142857313
63987  25.089  -4.917  8.191 0.5714285970
65883  24.840  -3.394  6.283 0.5714285970
66754  24.406  -2.319  6.177 0.7142857313
66755  22.513  -1.921  6.655 0.2857142985
69401  22.771  -0.466  5.130 0.2857142985
77534  23.217  9.950  0.582 0.7142857313
79241  22.021  12.670  -0.655 0.8571428657
103549  20.468  16.877  0.863 0.7142857313
103496  19.882  16.770  1.883 0.5714285970
80633  19.685  14.781  2.901 0.4285714328
58467  20.645  -10.856  11.104 0.1428571492
59260  21.331  -10.475  10.530 0.4285714328
52120  19.328  -18.679  15.191 0.4285714328
57594  24.804  -12.915  14.323 0.1428571492
57601  24.521  -12.353  13.598 0.1428571492
108581  25.091  -9.468  11.710 0.1428571492
58431  25.070  -11.618  13.889 0.1428571492
57600  25.080  -12.277  14.235 0.1428571492
60252  25.430  -9.585  12.518 0.1428571492
59236  25.034  -10.225  12.726 0.1428571492
59229  25.128  -10.761  13.405 0.1428571492
61176  25.587  -8.936  11.896 0.1428571492
63022  26.462  -6.500  10.102 0.2857142985
63029  26.830  -5.890  9.512 0.1428571492
73673  24.129  5.325  2.162 0.5714285970
87211  17.762  24.422  -0.650 0.1428571492
87210  17.262  24.174  -0.924 0.1428571492
84836  17.204  21.216  -1.795 0.1428571492
74378  23.423  6.318  1.236 0.4285714328
75083  22.724  8.060  0.656 0.4285714328
84823  14.900  20.194  -0.199 0.2857142985
103467  16.776  18.889  0.224 0.2857142985
103465  19.069  18.388  0.270 0.2857142985
83548  17.057  18.382  -0.188 0.2857142985
74373  20.751  6.688  1.547 0.1428571492
75087  22.528  8.676  0.377 0.5714285970
77540  22.406  10.658  -0.369 0.5714285970
83539  16.604  18.953  0.811 0.2857142985
82078  20.773  17.443  -0.207 0.4285714328
106974  21.368  8.088  1.195 0.4285714328
76684  21.968  9.748  -0.062 0.5714285970
82834  17.300  18.194  0.590 0.2857142985
76673  21.311  9.312  1.726 0.4285714328
77529  21.201  9.962  1.612 0.2857142985
82827  19.024  18.233  1.548 0.1428571492
118018  19.283  18.108  0.722 0.1428571492
83537  17.669  18.760  0.981 0.1428571492
76668  21.067  8.594  2.665 0.1428571492
116877  20.123  11.483  1.871 0.4285714328
113931  19.484  16.758  3.513 0.1428571492
82823  18.956  18.852  2.567 0.1428571492
83526  17.159  18.828  2.026 0.1428571492
77524  20.518  9.740  2.597 0.2857142985
80614  19.446  15.128  5.173 0.1428571492
82053  19.363  17.959  3.362 0.1428571492
115701  18.065  19.448  2.473 0.1428571492
82052  19.378  17.603  4.174 0.1428571492
112522  19.409  17.294  4.670 0.1428571492
82815  19.082  18.757  3.621 0.1428571492
82046  19.380  17.766  4.704 0.1428571492
54016  18.371  -16.615  14.402 0.2857142985
60242  25.486  -10.060  13.196 0.1428571492
61185  25.673  -8.324  11.363 0.1428571492
73678  23.660  5.372  1.531 0.2857142985
80643  22.335  15.014  0.255 0.4285714328
83546  17.982  17.623  -1.063 0.2857142985
110471  16.651  18.930  1.348 0.2857142985
83559  16.139  20.135  -0.079 0.2857142985
83527  16.826  18.821  2.075 0.2857142985
54000  23.623  -16.203  16.075 0.1428571492
55896  25.032  -14.080  15.235 0.1428571492
62066  25.841  -7.688  10.964 0.1428571492
121561  20.359  8.070  2.495 0.1428571492
72908  23.929  4.712  2.036 0.4285714328
75073  20.189  7.435  1.984 0.2857142985
78388  21.697  11.136  -0.184 0.5714285970
82084  21.201  17.402  -0.478 0.4285714328
84215  15.561  20.328  0.473 0.2857142985
84223  14.779  19.870  -1.250 0.2857142985
84222  17.196  19.041  -0.513 0.2857142985
84233  16.963  19.762  -0.579 0.2857142985
84827  15.833  21.134  -1.033 0.2857142985
85435  15.873  21.480  -1.007 0.1428571492
86053  16.183  22.112  -0.150 0.1428571492
85443  17.534  21.986  -1.620 0.1428571492
109093  18.516  19.359  3.154 0.2857142985
84214  16.688  19.814  1.231 0.2857142985
85444  16.655  21.699  -1.340 0.1428571492
86058  16.888  22.603  -1.204 0.1428571492
111019  17.106  20.244  -1.017 0.1428571492
63973  27.186  -5.327  8.748 0.2857142985
83556  18.807  18.027  -1.206 0.4285714328
84822  15.741  20.825  0.460 0.2857142985
53099  20.170  -17.535  14.386 0.4285714328
62084  25.928  -6.890  9.863 0.4285714328
81338  21.856  16.164  -0.056 0.4285714328
82847  19.565  17.950  -0.754 0.2857142985
83557  18.082  18.475  -1.318 0.2857142985
74386  23.089  7.256  0.835 0.4285714328
75849  22.981  8.679  0.467 0.5714285970
76682  22.705  9.276  0.145 0.5714285970
77542  21.952  11.173  -0.591 0.5714285970
103292  18.404  17.575  -0.633 0.2857142985
80622  19.471  15.356  4.358 0.2857142985
76683  22.326  9.901  -0.121 0.5714285970
77536  21.206  10.893  0.956 0.5714285970
103477  19.609  17.754  0.863 0.2857142985
113319  18.384  17.659  0.142 0.2857142985
58424  25.696  -11.979  14.368 0.1428571492
60251  26.163  -8.992  12.652 0.1428571492
73679  22.695  5.564  1.007 0.2857142985
84216  14.848  20.045  0.028 0.2857142985
103429  14.982  18.858  -1.046 0.2857142985
103291  17.848  17.270  -0.036 0.2857142985
74388  21.630  7.645  0.934 0.2857142985
75084  22.018  8.197  0.557 0.4285714328
83538  16.925  18.623  1.488 0.1428571492
76679  21.591  9.291  0.736 0.4285714328
75845  20.906  8.041  1.917 0.2857142985
75852  22.096  9.018  0.158 0.5714285970
77535  21.655  10.209  0.290 0.5714285970
108863  20.455  10.785  1.649 0.4285714328
53101  18.446  -17.365  14.671 0.2857142985
61175  26.216  -8.392  12.059 0.1428571492
118792  23.187  4.729  1.513 0.2857142985
84234  16.209  20.047  -1.082 0.2857142985
84837  16.555  20.904  -1.297 0.2857142985
86059  16.050  22.058  -1.158 0.1428571492
65886  22.892  -2.315  6.899 0.4285714328
84197  18.232  19.575  3.852 0.1428571492
84821  16.388  20.113  1.026 0.1428571492
84801  17.642  20.019  3.682 0.1428571492
82798  19.387  18.277  5.381 0.1428571492
84804  16.734  19.759  2.770 0.1428571492
84813  16.435  20.193  1.841 0.1428571492
115782  19.194  18.677  4.390 0.1428571492
83506  19.283  19.040  5.055 0.1428571492
84202  18.340  19.345  3.368 0.1428571492
119593  19.215  19.345  5.000 0.1428571492
84800  18.228  20.450  4.286 0.1428571492
83520  16.895  19.026  2.521 0.1428571492
84196  18.670  19.331  4.097 0.1428571492
83491  19.156  18.845  7.191 0.1428571492
84194  19.005  19.874  4.787 0.1428571492
83503  19.285  18.658  5.580 0.1428571492
103712  19.016  19.465  6.802 0.1428571492
85413  17.716  21.132  4.026 0.1428571492
59245  24.361  -10.615  11.352 0.2857142985
84211  16.524  19.246  1.839 0.1428571492
85427  16.363  20.855  1.001 0.1428571492
85419  16.730  21.216  1.754 0.1428571492
121416  19.034  19.123  6.126 0.1428571492
82781  19.272  18.246  6.764 0.1428571492
54975  21.526  -15.712  13.452 0.4285714328
54965  21.870  -16.046  14.112 0.2857142985
54013  22.292  -16.209  14.787 0.1428571492
54964  22.500  -15.633  14.340 0.1428571492
55906  22.702  -14.668  13.242 0.2857142985
54014  21.544  -16.717  14.617 0.2857142985
78382  20.559  11.762  1.076 0.4285714328
55918  23.148  -14.083  12.985 0.2857142985
54024  21.129  -16.332  13.824 0.4285714328
54974  22.646  -15.116  13.796 0.1428571492
122152  22.131  -15.536  13.749 0.2857142985
74387  22.317  7.450  0.737 0.2857142985
54015  19.933  -16.978  14.004 0.2857142985
54025  20.270  -16.393  13.688 0.2857142985
59269  21.889  -9.897  9.955 0.2857142985
60279  21.530  -9.203  9.812 0.2857142985
63049  21.704  -6.305  8.625 0.1428571492
63991  21.384  -5.470  8.370 0.1428571492
64009  22.063  -4.676  7.882 0.2857142985
65867  22.556  -2.844  7.190 0.1428571492
107699  22.544  -0.939  5.720 0.1428571492
70243  22.734  0.134  4.124 0.1428571492
70253  22.770  1.041  3.439 0.1428571492
119798  21.805  0.493  4.073 0.1428571492
71145  22.366  1.998  2.969 0.1428571492
72909  22.173  4.838  1.332 0.1428571492
74379  22.584  6.612  0.837 0.1428571492
111997  20.266  6.134  1.992 0.1428571492
107048  21.792  6.267  1.039 0.1428571492
79228  20.237  12.448  1.663 0.1428571492
79223  19.736  12.784  3.208 0.1428571492
108326  20.220  10.754  2.930 0.1428571492
79940  19.622  13.775  2.995 0.1428571492
79217  19.555  12.516  4.111 0.1428571492
79932  19.456  13.472  3.886 0.1428571492
52133  18.871  -18.073  14.773 0.2857142985
53098  20.672  -16.926  14.190 0.1428571492
72053  23.817  3.344  2.714 0.2857142985
72043  21.915  2.817  2.436 0.1428571492
74380  21.614  7.015  0.941 0.1428571492
53087  17.972  -17.716  15.225 0.2857142985
64916  21.100  -4.652  8.047 0.1428571492
66742  21.946  -2.481  6.956 0.1428571492
119296  22.484  -1.568  6.433 0.1428571492
124984  21.465  -0.745  6.231 0.1428571492
69392  21.830  -0.341  5.403 0.1428571492
70227  21.835  0.251  4.879 0.1428571492
72054  22.794  3.458  2.292 0.1428571492
73674  20.171  5.382  2.034 0.1428571492
79216  19.976  11.756  3.365 0.1428571492
79222  20.013  12.154  2.498 0.1428571492
60270  20.870  -9.511  10.362 0.2857142985
64933  22.026  -3.769  7.566 0.1428571492
77519  20.558  10.009  3.342 0.1428571492
71155  23.006  2.742  2.681 0.1428571492
54026  19.244  -16.315  13.952 0.2857142985
109122  20.961  -8.745  9.873 0.1428571492
69393  21.070  -0.009  5.893 0.1428571492
108418  16.948  -16.836  15.722 0.1428571492
53102  17.750  -16.858  14.873 0.1428571492
54976  19.807  -15.583  13.413 0.1428571492
122830  27.426  -5.028  8.166 0.1428571492
63985  27.973  -4.967  8.623 0.1428571492
52122  17.618  -18.399  15.756 0.1428571492
54966  17.484  -15.944  14.615 0.1428571492
54977  18.851  -15.496  13.712 0.1428571492
54027  18.234  -15.759  14.135 0.1428571492
106824  19.587  -14.172  12.789 0.1428571492
78374  24.030  12.174  4.336 0.1428571492
56789  19.285  -13.312  12.569 0.1428571492
75824  23.743  8.949  5.456 0.1428571492
52121  18.473  -18.600  15.399 0.1428571492
64915  27.746  -4.867  7.587 0.1428571492
116457  19.922  -14.887  13.024 0.1428571492
53100  19.260  -17.333  14.353 0.1428571492
121974  17.367  -17.065  15.356 0.1428571492
55922  18.960  -14.774  13.330 0.1428571492
66753  24.712  -2.828  6.077 0.8571428657
66766  25.158  -2.809  5.326 0.7142857313
67623  24.643  -1.675  5.028 0.7142857313
68517  25.641  -1.514  4.807 0.8571428657
68521  21.967  -0.885  6.024 0.1428571492
68526  25.215  -1.438  4.575 0.8571428657
72008  24.732  3.441  7.621 0.1428571492
73680  21.219  5.582  1.332 0.1428571492
75079  21.013  7.500  1.462 0.2857142985
75850  21.630  8.600  0.738 0.4285714328
76654  23.664  9.688  5.011 0.1428571492
76667  21.047  8.376  2.504 0.4285714328
76674  21.020  9.363  2.420 0.2857142985
76678  23.102  9.332  0.387 0.7142857313
77541  22.022  10.540  -0.455 0.5714285970
77546  22.089  11.253  -0.602 0.7142857313
78378  20.170  10.672  2.206 0.2857142985
78389  21.206  11.623  0.461 0.5714285970
79237  22.273  12.150  -0.398 0.8571428657
79954  22.426  13.112  0.689 0.7142857313
79956  20.397  14.164  1.406 0.5714285970
79966  21.902  12.963  -0.589 0.7142857313
81336  23.083  16.133  -0.033 0.2857142985
82070  17.690  17.510  0.215 0.2857142985
82077  20.994  16.842  0.316 0.5714285970
82822  19.350  17.618  2.254 0.1428571492
82828  15.391  19.494  0.410 0.2857142985
82835  15.927  19.320  0.005 0.2857142985
82845  21.290  17.538  -0.777 0.5714285970
83497  19.179  18.702  6.372 0.1428571492
83507  19.085  19.097  4.451 0.1428571492
83510  18.806  18.982  3.847 0.1428571492
83519  17.488  19.269  2.655 0.1428571492
83524  18.484  18.426  0.692 0.1428571492
83525  18.307  19.111  1.648 0.1428571492
83528  16.294  19.296  0.695 0.2857142985
83529  14.898  19.376  0.313 0.2857142985
83530  14.740  19.422  -0.020 0.2857142985
83540  14.660  19.434  0.048 0.2857142985
83541  14.584  19.014  -0.427 0.2857142985
83547  17.585  17.945  -0.767 0.2857142985
83549  14.757  19.350  -0.975 0.2857142985
83551  23.104  18.435  -1.288 0.1428571492
83552  22.176  17.885  -1.178 0.1428571492
83558  16.779  19.504  -0.456 0.2857142985
83560  15.153  19.443  -1.123 0.2857142985
84189  19.131  19.227  5.585 0.1428571492
84203  17.639  19.321  3.090 0.1428571492
84217  14.498  19.385  -0.658 0.2857142985
84226  23.515  19.351  -1.422 0.1428571492
84228  21.336  19.070  -1.478 0.1428571492
84231  18.700  19.361  -1.753 0.2857142985
84235  15.404  19.944  -1.257 0.2857142985
84828  15.276  20.272  -0.934 0.2857142985
84831  22.213  21.070  -1.338 0.1428571492
84838  16.025  20.575  -1.229 0.2857142985
85416  16.881  20.821  3.388 0.1428571492
85438  23.034  21.871  -1.035 0.1428571492
85440  20.760  21.397  -0.624 0.1428571492
85445  16.091  21.377  -1.196 0.2857142985
87208  18.634  24.612  -0.326 0.1428571492
103284  21.919  11.913  -0.576 0.5714285970
103293  17.621  17.497  -0.398 0.2857142985
103435  19.540  17.461  1.450 0.5714285970
103440  16.079  19.549  0.238 0.2857142985
103469  16.866  18.652  0.540 0.2857142985
103473  21.502  11.951  -0.078 0.5714285970
103476  20.045  15.940  2.126 0.5714285970
104632  20.073  17.860  -0.273 0.4285714328
105679  23.192  15.343  0.701 0.4285714328
107360  19.407  18.175  7.676 0.1428571492
107985  15.695  19.797  -1.103 0.2857142985
108199  17.524  17.328  0.059 0.2857142985
108746  22.165  15.505  0.111 0.5714285970
109026  18.489  20.083  4.263 0.1428571492
109277  23.435  4.138  2.231 0.4285714328
111673  22.948  21.040  -1.432 0.1428571492
113472  19.433  17.854  5.860 0.1428571492
113645  21.355  8.724  1.680 0.2857142985
114187  20.283  17.995  -1.046 0.5714285970
114357  21.848  17.393  -0.844 0.1428571492
114731  16.356  19.542  -1.072 0.2857142985
116609  20.532  10.104  2.126 0.4285714328
117997  21.415  14.023  0.045 0.5714285970
118004  14.963  19.287  -0.001 0.2857142985
118015  16.484  19.426  -0.455 0.2857142985
118016  17.155  17.886  0.102 0.2857142985
118019  20.615  14.532  1.025 0.4285714328
118119  21.886  12.656  -0.620 0.7142857313
118365  26.118  -2.490  5.285 0.7142857313
119448  24.489  3.530  3.491 0.8571428657
119904  15.310  20.000  0.459 0.2857142985
120238  19.356  18.538  4.966 0.1428571492
121890  16.899  18.647  1.103 0.2857142985
123042  20.995  13.885  0.213 0.5714285970
125334  15.117  19.617  -1.149 0.2857142985
125525  22.677  10.821  -0.212 0.7142857313
125526  23.953  5.922  2.366 0.5714285970
