#!ascii label  , from subject sub-v2s10x28983_ses-1 vox2ras=TkReg
1065
49787  26.720  -25.415  62.457 0.0000000000
50692  39.845  -24.555  68.844 0.0000000000
67611  45.955  -8.123  45.963 0.0000000000
58145  37.256  -17.352  53.657 0.0000000000
54986  42.699  -21.091  61.052 0.0000000000
79449  54.017  3.594  37.845 0.0000000000
64525  47.076  -11.642  48.451 0.0000000000
63436  42.103  -12.581  47.831 0.0000000000
48817  21.869  -25.960  61.827 0.0000000000
117093  32.743  -24.467  65.351 0.0000000000
50811  36.404  -23.571  62.338 0.0000000000
118723  30.006  -24.497  59.971 0.0000000000
73548  49.599  -2.322  40.578 0.0000000000
50700  29.525  -24.026  68.140 0.0000000000
122220  24.475  -24.435  67.302 0.0000000000
71433  49.957  -4.840  44.423 0.0000000000
48767  19.188  -26.373  66.489 0.0000000000
137272  16.611  -31.581  65.942 0.0000000000
133950  40.843  -12.828  52.870 0.0000000000
57077  39.557  -18.673  58.424 0.0000000000
51916  41.528  -23.014  56.672 0.0000000000
50855  38.873  -24.454  59.294 0.0000000000
63382  47.430  -12.619  50.641 0.0000000000
63417  44.985  -12.729  48.656 0.0000000000
63385  43.903  -11.983  50.101 0.0000000000
65544  49.035  -10.333  50.973 0.0000000000
49831  25.303  -25.702  60.345 0.0000000000
48845  23.132  -26.693  59.863 0.0000000000
118188  23.889  -25.394  61.896 0.0000000000
49764  29.448  -24.999  63.794 0.0000000000
115966  30.852  -24.514  62.150 0.0000000000
49808  28.327  -25.228  61.122 0.0000000000
49868  26.870  -25.753  58.642 0.0000000000
68636  45.569  -6.983  43.802 0.0000000000
67599  48.050  -7.792  47.018 0.0000000000
69565  47.519  -6.464  45.314 0.0000000000
70479  47.265  -5.166  43.336 0.0000000000
119197  23.186  -24.482  69.915 0.0000000000
50746  21.759  -24.749  67.005 0.0000000000
49660  21.070  -25.013  70.049 0.0000000000
44732  16.215  -30.349  70.556 0.0000000000
45851  16.979  -29.527  68.824 0.0000000000
138374  15.915  -31.788  68.005 0.0000000000
41544  13.433  -33.559  67.539 0.0000000000
115211  12.868  -33.441  69.170 0.0000000000
59110  40.902  -16.609  60.122 0.0000000000
56077  40.867  -19.506  60.055 0.0000000000
55029  40.821  -21.491  57.865 0.0000000000
52898  42.300  -22.220  58.565 0.0000000000
51878  33.865  -23.404  59.536 0.0000000000
49827  38.187  -24.400  61.269 0.0000000000
50881  35.855  -23.866  58.535 0.0000000000
132503  36.943  -24.111  56.562 0.0000000000
61279  38.431  -14.837  53.249 0.0000000000
61316  38.320  -14.500  50.405 0.0000000000
59227  36.559  -17.118  50.958 0.0000000000
80363  58.216  4.108  36.693 0.0000000000
78506  56.178  2.612  35.668 0.0000000000
66617  46.296  -9.911  47.195 0.0000000000
63451  45.178  -12.224  46.814 0.0000000000
66594  48.849  -8.961  49.247 0.0000000000
122280  36.385  -24.205  66.906 0.0000000000
132727  37.794  -23.963  65.661 0.0000000000
114565  34.552  -23.683  64.107 0.0000000000
51864  32.604  -23.592  60.757 0.0000000000
51894  30.757  -23.744  57.775 0.0000000000
73532  52.684  -1.813  41.805 0.0000000000
74572  52.302  -0.896  40.659 0.0000000000
77530  51.786  1.074  39.164 0.0000000000
77538  52.225  1.695  36.538 0.0000000000
49703  27.666  -24.625  65.586 0.0000000000
50784  25.806  -24.561  64.963 0.0000000000
50718  26.829  -24.225  68.029 0.0000000000
49682  30.999  -24.583  66.971 0.0000000000
115670  50.380  -3.222  42.786 0.0000000000
49723  23.002  -24.706  65.015 0.0000000000
48789  20.864  -25.830  64.031 0.0000000000
46981  18.539  -28.358  64.009 0.0000000000
48753  18.486  -26.608  69.245 0.0000000000
46966  17.509  -28.956  66.452 0.0000000000
40449  8.928  -34.245  70.647 0.0000000000
63324  43.214  -11.587  53.370 0.0000000000
60234  38.981  -15.022  55.963 0.0000000000
132044  39.980  -15.636  58.106 0.0000000000
58089  38.502  -17.803  56.422 0.0000000000
55044  38.723  -20.510  56.363 0.0000000000
53965  41.297  -22.100  55.593 0.0000000000
51964  39.531  -23.560  53.883 0.0000000000
49761  39.308  -24.450  63.500 0.0000000000
127989  40.692  -24.477  62.028 0.0000000000
50852  42.309  -23.399  60.217 0.0000000000
50899  40.325  -23.695  57.836 0.0000000000
51919  39.073  -23.625  55.652 0.0000000000
63387  41.465  -12.244  50.308 0.0000000000
61352  39.366  -14.061  47.425 0.0000000000
63342  46.295  -12.062  51.956 0.0000000000
115279  45.732  -12.236  50.788 0.0000000000
63364  45.597  -11.916  51.623 0.0000000000
63361  48.172  -12.283  51.837 0.0000000000
116393  26.014  -25.518  61.128 0.0000000000
49811  25.154  -25.483  61.434 0.0000000000
49788  25.327  -25.257  62.383 0.0000000000
49766  27.583  -25.257  63.511 0.0000000000
116544  28.680  -25.264  62.024 0.0000000000
49786  27.377  -25.459  62.138 0.0000000000
118184  27.027  -25.496  60.339 0.0000000000
131714  45.348  -7.490  44.423 0.0000000000
68609  46.829  -7.813  46.265 0.0000000000
68616  48.054  -6.919  46.125 0.0000000000
68618  46.360  -7.407  45.526 0.0000000000
69574  46.321  -6.451  44.236 0.0000000000
44733  15.770  -31.014  70.684 0.0000000000
43688  16.158  -30.945  69.038 0.0000000000
42623  15.300  -32.080  68.821 0.0000000000
42624  14.827  -32.512  68.105 0.0000000000
41512  14.150  -32.759  68.736 0.0000000000
41527  13.462  -33.232  68.519 0.0000000000
121580  41.512  -18.806  61.271 0.0000000000
54987  42.067  -20.424  60.846 0.0000000000
55005  41.416  -20.757  59.570 0.0000000000
134711  42.884  -21.930  59.982 0.0000000000
50728  40.310  -24.511  67.336 0.0000000000
51903  33.312  -23.437  57.607 0.0000000000
51890  35.178  -23.586  58.873 0.0000000000
133542  34.038  -23.548  57.280 0.0000000000
121945  35.201  -23.899  56.726 0.0000000000
59207  37.941  -15.757  53.634 0.0000000000
60268  37.454  -15.852  52.055 0.0000000000
79441  53.447  3.600  39.403 0.0000000000
80343  54.761  4.826  39.824 0.0000000000
80342  55.248  4.819  38.997 0.0000000000
80355  56.208  4.311  37.666 0.0000000000
79455  55.076  3.253  36.647 0.0000000000
65594  46.973  -10.745  48.113 0.0000000000
64541  45.533  -11.468  46.880 0.0000000000
135342  46.307  -12.077  47.722 0.0000000000
63435  43.226  -12.701  47.675 0.0000000000
125303  44.047  -12.964  47.277 0.0000000000
62347  42.440  -12.933  46.992 0.0000000000
121485  48.199  -10.630  50.012 0.0000000000
65581  47.784  -10.054  49.014 0.0000000000
66606  47.455  -9.698  48.211 0.0000000000
48829  22.862  -26.141  60.675 0.0000000000
47923  20.693  -27.083  61.777 0.0000000000
50759  34.045  -24.347  66.179 0.0000000000
136694  35.098  -23.818  65.573 0.0000000000
50781  33.251  -24.223  64.747 0.0000000000
50844  29.752  -24.700  60.775 0.0000000000
50826  31.373  -24.273  61.776 0.0000000000
50859  31.347  -23.982  60.219 0.0000000000
51879  31.586  -23.724  59.460 0.0000000000
50883  30.321  -24.077  58.583 0.0000000000
50885  28.923  -24.679  57.949 0.0000000000
53980  38.938  -21.516  54.402 0.0000000000
73533  51.628  -2.041  41.750 0.0000000000
75563  52.892  -1.142  41.117 0.0000000000
123877  50.612  -1.577  40.294 0.0000000000
75587  50.626  -0.615  38.726 0.0000000000
75592  50.771  0.024  37.086 0.0000000000
77535  51.646  1.409  37.777 0.0000000000
50739  28.623  -24.515  66.646 0.0000000000
50740  27.645  -24.499  66.418 0.0000000000
115648  28.196  -24.096  68.068 0.0000000000
50715  29.887  -24.293  67.487 0.0000000000
124438  29.245  -24.663  65.997 0.0000000000
72428  51.534  -3.599  43.469 0.0000000000
71441  50.340  -4.235  43.839 0.0000000000
71450  47.803  -4.168  42.181 0.0000000000
136826  24.688  -24.455  66.456 0.0000000000
50786  23.897  -24.597  64.978 0.0000000000
50764  23.514  -24.535  65.735 0.0000000000
49706  20.275  -25.491  66.841 0.0000000000
49725  21.325  -25.263  65.503 0.0000000000
48777  20.030  -26.114  65.324 0.0000000000
48805  19.606  -26.964  63.950 0.0000000000
47902  18.849  -27.041  65.240 0.0000000000
47873  17.897  -27.231  70.425 0.0000000000
123285  17.049  -29.949  67.389 0.0000000000
125912  17.351  -29.194  67.256 0.0000000000
115550  17.187  -30.274  65.919 0.0000000000
45931  17.363  -30.041  65.066 0.0000000000
62270  39.509  -13.638  55.544 0.0000000000
58047  40.232  -17.590  59.229 0.0000000000
127763  40.656  -16.091  59.538 0.0000000000
59152  39.681  -16.879  57.982 0.0000000000
131863  39.320  -16.831  57.334 0.0000000000
57095  38.974  -18.406  57.381 0.0000000000
56113  38.422  -19.508  56.521 0.0000000000
56102  39.372  -19.897  57.627 0.0000000000
53942  41.435  -22.268  56.793 0.0000000000
53943  40.905  -21.798  57.073 0.0000000000
52910  41.566  -22.608  56.289 0.0000000000
51962  41.298  -22.786  54.872 0.0000000000
51938  40.949  -23.263  55.397 0.0000000000
114853  37.240  -23.658  64.284 0.0000000000
50776  39.273  -24.268  64.652 0.0000000000
50809  37.973  -23.895  62.879 0.0000000000
49850  38.254  -24.538  60.632 0.0000000000
119869  39.032  -24.613  61.670 0.0000000000
49824  39.846  -24.605  60.829 0.0000000000
115913  41.403  -24.074  61.492 0.0000000000
50838  40.647  -24.259  60.312 0.0000000000
50875  41.333  -23.694  58.884 0.0000000000
50877  39.558  -24.048  58.516 0.0000000000
117872  36.487  -24.036  55.658 0.0000000000
50922  38.305  -23.791  56.301 0.0000000000
63325  42.282  -11.873  53.369 0.0000000000
63366  42.507  -11.859  51.588 0.0000000000
63368  40.827  -12.758  51.535 0.0000000000
60295  37.723  -15.220  48.897 0.0000000000
61332  38.830  -13.890  48.848 0.0000000000
79452  58.786  3.876  36.176 0.0000000000
63402  47.564  -12.436  49.801 0.0000000000
63415  46.434  -12.634  48.649 0.0000000000
135057  46.283  -12.727  49.186 0.0000000000
63404  44.535  -12.410  49.401 0.0000000000
126114  42.777  -12.181  49.119 0.0000000000
65529  49.216  -10.597  51.564 0.0000000000
64483  48.247  -11.757  50.807 0.0000000000
48844  24.480  -26.055  59.917 0.0000000000
49813  23.423  -25.661  61.315 0.0000000000
129661  23.249  -25.433  62.111 0.0000000000
49740  31.126  -24.632  64.445 0.0000000000
50783  32.044  -24.451  64.178 0.0000000000
115221  29.872  -24.893  62.921 0.0000000000
49807  29.171  -25.014  61.398 0.0000000000
116008  28.948  -24.967  60.661 0.0000000000
49851  28.291  -25.004  59.165 0.0000000000
49852  27.489  -25.374  59.541 0.0000000000
49853  26.562  -25.642  59.500 0.0000000000
73560  48.825  -2.720  39.613 0.0000000000
51797  28.775  -23.600  69.552 0.0000000000
69555  49.633  -6.743  46.556 0.0000000000
117799  49.087  -6.248  45.693 0.0000000000
70471  49.327  -5.375  44.775 0.0000000000
71434  48.959  -4.866  44.152 0.0000000000
70473  47.566  -5.496  44.199 0.0000000000
69583  46.068  -6.292  43.291 0.0000000000
115119  24.037  -24.448  68.664 0.0000000000
50720  23.530  -24.472  67.217 0.0000000000
50706  22.393  -24.570  68.781 0.0000000000
50707  21.398  -24.791  68.557 0.0000000000
49671  19.785  -25.632  68.396 0.0000000000
47878  17.446  -27.953  70.059 0.0000000000
45830  16.789  -29.654  69.713 0.0000000000
122725  16.500  -30.647  68.377 0.0000000000
43722  16.154  -31.648  67.312 0.0000000000
41557  15.289  -33.060  66.248 0.0000000000
58046  40.680  -17.464  59.977 0.0000000000
56078  40.312  -19.284  59.361 0.0000000000
56089  39.655  -19.556  58.295 0.0000000000
55015  40.882  -20.972  58.775 0.0000000000
53932  41.558  -21.742  58.228 0.0000000000
51899  41.943  -22.555  57.971 0.0000000000
51848  35.148  -23.432  61.015 0.0000000000
118422  37.336  -23.818  62.174 0.0000000000
50841  36.061  -23.554  60.886 0.0000000000
50857  37.121  -24.082  59.946 0.0000000000
50880  37.231  -24.301  59.129 0.0000000000
50902  37.811  -24.207  57.837 0.0000000000
50903  36.408  -24.162  57.868 0.0000000000
50924  35.561  -24.023  55.860 0.0000000000
62290  39.568  -13.700  53.468 0.0000000000
62311  39.615  -13.524  51.570 0.0000000000
61304  38.384  -14.535  51.381 0.0000000000
60285  37.294  -15.730  50.227 0.0000000000
81211  57.344  5.301  38.408 0.0000000000
79462  56.996  3.066  35.876 0.0000000000
67602  45.710  -8.963  46.264 0.0000000000
66627  45.009  -9.639  45.797 0.0000000000
65604  45.227  -10.593  46.390 0.0000000000
63433  45.390  -12.643  47.499 0.0000000000
63452  44.637  -12.720  46.633 0.0000000000
66557  50.159  -9.063  51.068 0.0000000000
67567  50.239  -8.171  49.850 0.0000000000
68587  49.683  -7.705  48.361 0.0000000000
67589  48.867  -8.104  48.082 0.0000000000
67600  47.374  -8.293  46.984 0.0000000000
116231  37.803  -24.424  67.636 0.0000000000
122283  39.207  -24.462  67.030 0.0000000000
50733  36.861  -23.918  66.177 0.0000000000
50778  36.236  -23.548  64.645 0.0000000000
51831  34.992  -23.472  63.306 0.0000000000
50800  32.336  -24.216  63.491 0.0000000000
50812  33.458  -23.648  62.658 0.0000000000
115911  33.965  -23.490  61.935 0.0000000000
51863  33.546  -23.440  60.594 0.0000000000
51892  32.625  -23.414  58.432 0.0000000000
51904  32.328  -23.436  57.430 0.0000000000
76539  53.020  0.613  40.816 0.0000000000
74579  50.714  -1.111  39.583 0.0000000000
76543  51.698  0.325  39.482 0.0000000000
77526  52.917  1.606  40.830 0.0000000000
78487  52.540  2.129  40.176 0.0000000000
78493  52.615  2.703  38.362 0.0000000000
78496  53.311  3.047  37.574 0.0000000000
78509  53.893  2.185  35.894 0.0000000000
128649  26.904  -24.981  63.832 0.0000000000
115659  26.137  -24.878  63.690 0.0000000000
137652  26.550  -24.579  65.209 0.0000000000
50741  25.931  -24.452  66.496 0.0000000000
50719  25.327  -24.382  67.805 0.0000000000
51798  27.861  -23.621  69.513 0.0000000000
50703  25.319  -24.316  68.711 0.0000000000
137630  24.726  -24.309  69.973 0.0000000000
115120  38.473  -24.506  69.156 0.0000000000
133711  37.288  -24.523  68.290 0.0000000000
50711  34.910  -24.409  67.535 0.0000000000
50736  33.230  -24.520  66.552 0.0000000000
130059  32.383  -24.455  67.724 0.0000000000
127109  31.347  -24.637  66.003 0.0000000000
134159  29.871  -24.733  65.343 0.0000000000
49743  28.751  -25.038  64.375 0.0000000000
72437  52.671  -2.926  43.049 0.0000000000
73523  51.107  -2.676  42.420 0.0000000000
72443  50.076  -2.767  42.085 0.0000000000
71449  48.735  -3.962  42.902 0.0000000000
72445  48.496  -3.556  41.934 0.0000000000
120093  48.391  -3.280  41.034 0.0000000000
49769  24.563  -24.866  63.387 0.0000000000
49770  23.720  -24.902  63.498 0.0000000000
49771  22.397  -25.321  63.247 0.0000000000
50765  22.673  -24.648  65.806 0.0000000000
49749  21.516  -25.371  64.589 0.0000000000
48803  20.998  -26.014  63.118 0.0000000000
47916  19.869  -27.130  63.044 0.0000000000
47008  19.340  -28.519  62.527 0.0000000000
133373  19.481  -25.875  69.582 0.0000000000
48752  19.159  -26.097  68.094 0.0000000000
47889  18.102  -27.425  67.529 0.0000000000
47896  18.171  -27.522  66.583 0.0000000000
46975  17.968  -28.311  65.291 0.0000000000
40447  10.893  -34.040  70.507 0.0000000000
63323  44.817  -11.591  52.989 0.0000000000
138675  40.500  -12.661  54.599 0.0000000000
62279  39.442  -13.781  54.527 0.0000000000
61267  38.509  -15.014  54.136 0.0000000000
59194  38.067  -16.366  54.466 0.0000000000
60225  39.262  -15.532  56.790 0.0000000000
59186  38.564  -16.880  56.022 0.0000000000
58110  37.727  -17.790  54.902 0.0000000000
57111  37.748  -18.603  55.355 0.0000000000
134284  38.196  -20.105  56.016 0.0000000000
55059  39.281  -21.263  55.942 0.0000000000
55030  39.670  -20.810  57.278 0.0000000000
53951  40.182  -21.575  56.064 0.0000000000
53977  41.250  -22.134  54.989 0.0000000000
138105  41.374  -22.432  54.934 0.0000000000
51980  40.704  -23.335  53.121 0.0000000000
124946  43.264  -21.679  61.959 0.0000000000
50730  39.614  -24.424  66.369 0.0000000000
50774  40.259  -24.520  64.892 0.0000000000
49735  40.527  -24.558  64.124 0.0000000000
49783  38.649  -24.313  62.569 0.0000000000
49759  40.117  -24.659  63.428 0.0000000000
50792  42.263  -23.819  63.262 0.0000000000
50806  42.942  -23.072  61.972 0.0000000000
51847  43.167  -22.698  61.333 0.0000000000
53909  43.174  -22.064  60.752 0.0000000000
51874  42.731  -22.759  59.648 0.0000000000
51888  41.860  -23.096  58.343 0.0000000000
51901  41.117  -23.370  57.196 0.0000000000
50901  38.481  -23.923  57.271 0.0000000000
50921  39.244  -23.676  56.650 0.0000000000
51918  40.137  -23.524  56.012 0.0000000000
51940  38.816  -23.627  54.553 0.0000000000
115005  43.431  -11.680  51.716 0.0000000000
63386  42.283  -11.929  50.634 0.0000000000
63419  41.844  -12.320  48.785 0.0000000000
62323  39.532  -13.429  50.597 0.0000000000
62330  40.105  -12.749  49.249 0.0000000000
62349  40.520  -13.076  47.453 0.0000000000
78508  54.819  2.226  35.642 0.0000000000
132453  46.298  -11.922  52.685 0.0000000000
63343  45.594  -11.764  52.456 0.0000000000
63341  47.065  -12.287  52.377 0.0000000000
115811  26.009  -25.441  62.005 0.0000000000
115302  26.067  -25.219  62.822 0.0000000000
115125  27.315  -25.422  62.812 0.0000000000
49810  26.711  -25.491  61.674 0.0000000000
68619  45.534  -7.744  45.165 0.0000000000
131253  44.853  -8.167  44.503 0.0000000000
67612  45.196  -8.576  45.490 0.0000000000
68626  45.930  -7.081  44.737 0.0000000000
42594  15.371  -31.703  70.307 0.0000000000
43689  15.634  -31.615  69.395 0.0000000000
42607  15.033  -32.170  69.561 0.0000000000
115516  14.726  -32.398  68.940 0.0000000000
42608  14.332  -32.598  69.488 0.0000000000
118753  42.493  -20.256  61.541 0.0000000000
56062  41.912  -19.675  61.293 0.0000000000
55004  42.286  -21.243  60.061 0.0000000000
50691  40.458  -24.540  69.025 0.0000000000
116234  40.130  -24.526  68.088 0.0000000000
135294  34.199  -23.511  57.989 0.0000000000
51920  33.527  -23.527  56.663 0.0000000000
50925  34.354  -23.684  56.642 0.0000000000
59195  37.695  -16.638  53.864 0.0000000000
59208  37.400  -16.573  53.188 0.0000000000
79444  54.092  4.011  38.682 0.0000000000
79440  54.075  4.225  39.608 0.0000000000
129790  54.597  4.480  39.101 0.0000000000
117378  54.628  3.966  38.036 0.0000000000
80356  55.354  4.125  37.813 0.0000000000
79448  54.833  3.656  37.400 0.0000000000
64526  46.626  -11.507  47.885 0.0000000000
63431  46.633  -12.200  48.198 0.0000000000
62364  41.767  -13.413  46.443 0.0000000000
62348  41.433  -12.914  47.192 0.0000000000
64501  47.539  -11.898  49.127 0.0000000000
65566  47.810  -10.825  49.461 0.0000000000
65582  47.433  -10.836  48.735 0.0000000000
48830  22.099  -26.379  60.994 0.0000000000
48831  21.375  -26.697  61.354 0.0000000000
48818  21.158  -26.286  62.220 0.0000000000
134733  33.254  -24.481  65.914 0.0000000000
116569  33.631  -24.239  65.431 0.0000000000
50843  30.607  -24.355  60.492 0.0000000000
50860  30.688  -24.125  59.537 0.0000000000
50861  29.786  -24.418  59.184 0.0000000000
50884  29.562  -24.400  58.293 0.0000000000
50862  28.996  -24.695  58.776 0.0000000000
53979  40.048  -21.651  54.649 0.0000000000
73547  50.311  -2.037  40.865 0.0000000000
74561  51.124  -1.710  41.025 0.0000000000
75600  50.861  -0.173  36.176 0.0000000000
50716  28.941  -24.274  67.530 0.0000000000
121068  28.011  -24.357  67.308 0.0000000000
50701  28.845  -23.983  68.260 0.0000000000
50738  29.521  -24.509  66.789 0.0000000000
70470  50.731  -5.238  44.873 0.0000000000
71432  50.897  -4.661  44.409 0.0000000000
71440  51.216  -4.146  43.905 0.0000000000
50743  23.962  -24.463  66.476 0.0000000000
48766  19.815  -25.959  66.156 0.0000000000
48778  19.347  -26.498  65.683 0.0000000000
47869  17.998  -27.234  71.324 0.0000000000
44788  16.574  -31.224  66.652 0.0000000000
44787  16.919  -30.480  66.690 0.0000000000
43739  16.879  -30.971  65.983 0.0000000000
44802  17.149  -30.814  65.258 0.0000000000
59128  40.093  -16.894  58.736 0.0000000000
58056  39.687  -17.737  58.428 0.0000000000
58069  39.229  -17.594  57.539 0.0000000000
57088  39.279  -18.260  57.943 0.0000000000
133152  39.211  -18.992  57.845 0.0000000000
52904  41.664  -22.624  57.102 0.0000000000
51937  41.402  -22.931  55.863 0.0000000000
51917  41.046  -23.300  56.338 0.0000000000
116010  37.396  -23.696  63.506 0.0000000000
50795  38.056  -23.878  63.834 0.0000000000
50810  36.987  -23.651  62.945 0.0000000000
49849  38.623  -24.619  60.244 0.0000000000
49825  39.110  -24.694  60.932 0.0000000000
49848  39.356  -24.569  60.123 0.0000000000
135603  40.039  -24.425  60.010 0.0000000000
50854  39.797  -24.292  59.359 0.0000000000
121743  41.458  -12.386  53.090 0.0000000000
63348  41.176  -12.623  52.219 0.0000000000
132995  46.880  -12.715  49.748 0.0000000000
63384  44.967  -12.176  50.225 0.0000000000
63405  43.642  -12.235  49.327 0.0000000000
122518  49.566  -10.526  52.054 0.0000000000
63362  47.630  -12.496  51.621 0.0000000000
63381  48.053  -12.335  51.114 0.0000000000
63401  47.939  -12.273  50.418 0.0000000000
49789  24.565  -25.320  62.080 0.0000000000
49812  24.234  -25.557  61.316 0.0000000000
49741  30.145  -24.766  64.496 0.0000000000
49763  30.448  -24.745  63.655 0.0000000000
119841  28.330  -25.129  60.142 0.0000000000
49829  27.727  -25.342  60.483 0.0000000000
49830  26.216  -25.591  60.292 0.0000000000
49854  25.732  -25.865  59.516 0.0000000000
68598  48.690  -7.664  47.320 0.0000000000
68606  49.201  -7.148  46.927 0.0000000000
136661  47.784  -6.700  45.728 0.0000000000
69556  48.914  -6.711  46.249 0.0000000000
69564  48.305  -6.398  45.606 0.0000000000
70462  48.796  -5.835  45.185 0.0000000000
70472  48.440  -5.384  44.524 0.0000000000
69572  47.945  -5.909  44.938 0.0000000000
50685  23.722  -24.460  69.249 0.0000000000
50705  23.361  -24.478  68.636 0.0000000000
134842  23.031  -24.514  69.247 0.0000000000
50687  21.662  -24.776  69.463 0.0000000000
49669  21.019  -24.993  69.283 0.0000000000
49670  20.539  -25.215  68.706 0.0000000000
45817  16.635  -29.549  70.667 0.0000000000
45816  17.096  -28.865  70.198 0.0000000000
43705  15.825  -31.645  68.620 0.0000000000
43704  16.231  -31.262  68.161 0.0000000000
122494  15.714  -32.344  66.760 0.0000000000
132875  15.592  -32.209  67.610 0.0000000000
41543  14.285  -33.111  67.360 0.0000000000
41558  14.554  -33.399  66.531 0.0000000000
40462  12.121  -33.890  68.926 0.0000000000
56063  41.432  -19.556  60.754 0.0000000000
57066  40.976  -18.404  60.567 0.0000000000
57067  40.448  -18.422  59.746 0.0000000000
56087  40.751  -20.158  59.447 0.0000000000
135105  42.467  -21.886  59.220 0.0000000000
55014  41.824  -21.488  59.065 0.0000000000
124682  42.111  -21.961  58.519 0.0000000000
53941  41.801  -22.245  57.775 0.0000000000
51862  34.518  -23.428  60.322 0.0000000000
51861  35.432  -23.501  60.186 0.0000000000
51876  35.688  -23.635  59.390 0.0000000000
117951  36.474  -23.936  59.262 0.0000000000
131001  36.632  -24.150  58.600 0.0000000000
116781  37.182  -24.283  58.286 0.0000000000
61289  39.006  -14.169  52.878 0.0000000000
61290  38.439  -14.664  52.316 0.0000000000
59226  36.950  -16.430  51.520 0.0000000000
60279  37.343  -15.748  51.166 0.0000000000
59236  36.860  -16.404  50.585 0.0000000000
78499  55.996  3.185  36.283 0.0000000000
79454  56.604  3.554  36.550 0.0000000000
117049  56.965  2.353  35.218 0.0000000000
77541  56.210  2.014  35.117 0.0000000000
126592  46.223  -9.287  46.791 0.0000000000
66618  45.701  -9.814  46.599 0.0000000000
64547  44.882  -11.454  46.243 0.0000000000
63462  44.546  -12.218  46.041 0.0000000000
63416  45.778  -12.789  48.607 0.0000000000
125797  45.835  -12.748  48.121 0.0000000000
125645  45.260  -12.847  48.001 0.0000000000
62345  44.149  -13.039  46.652 0.0000000000
62361  44.079  -13.098  45.841 0.0000000000
65528  49.743  -9.911  51.503 0.0000000000
66558  49.439  -9.550  50.678 0.0000000000
66577  49.131  -9.277  49.939 0.0000000000
130595  49.549  -8.557  49.548 0.0000000000
67580  49.943  -7.911  49.120 0.0000000000
67581  49.285  -8.329  48.822 0.0000000000
116741  48.673  -8.686  48.637 0.0000000000
128800  46.782  -10.014  47.712 0.0000000000
67591  47.588  -8.849  47.642 0.0000000000
66607  46.886  -9.225  47.303 0.0000000000
67601  46.486  -8.601  46.608 0.0000000000
116230  36.858  -24.412  67.563 0.0000000000
122281  37.323  -24.231  66.918 0.0000000000
50779  35.102  -23.655  64.923 0.0000000000
50757  35.883  -23.725  65.604 0.0000000000
50797  35.575  -23.522  63.994 0.0000000000
49762  31.435  -24.492  63.434 0.0000000000
50814  31.414  -24.377  62.541 0.0000000000
50825  31.978  -23.877  61.357 0.0000000000
51841  32.845  -23.797  62.263 0.0000000000
51851  32.769  -23.695  61.595 0.0000000000
51850  33.495  -23.507  61.396 0.0000000000
51849  34.256  -23.415  61.179 0.0000000000
136182  33.105  -23.517  61.088 0.0000000000
51880  31.143  -23.729  58.734 0.0000000000
123287  32.382  -23.494  59.303 0.0000000000
51893  31.698  -23.517  58.073 0.0000000000
117685  27.621  -25.391  58.465 0.0000000000
73531  53.454  -1.912  42.119 0.0000000000
75562  53.604  -0.750  41.237 0.0000000000
75574  52.856  -0.357  40.722 0.0000000000
123237  53.530  -0.102  41.107 0.0000000000
74589  49.662  -1.760  38.655 0.0000000000
74580  49.965  -1.707  39.556 0.0000000000
117830  51.157  0.029  38.875 0.0000000000
76542  52.076  0.931  39.700 0.0000000000
77529  52.133  1.685  39.444 0.0000000000
77539  51.640  1.271  36.895 0.0000000000
77534  52.041  2.084  37.984 0.0000000000
120872  51.962  1.840  37.249 0.0000000000
78497  52.580  2.382  37.192 0.0000000000
49744  27.408  -24.912  64.310 0.0000000000
49722  26.567  -24.706  64.472 0.0000000000
49721  27.213  -24.676  65.039 0.0000000000
115469  27.146  -24.362  67.257 0.0000000000
119539  26.677  -24.453  66.522 0.0000000000
120871  26.179  -24.365  67.334 0.0000000000
51799  26.861  -23.777  69.529 0.0000000000
50682  26.032  -24.121  69.140 0.0000000000
124652  25.318  -24.224  69.568 0.0000000000
122278  33.993  -24.454  67.023 0.0000000000
49681  31.594  -24.510  67.311 0.0000000000
50737  32.338  -24.556  66.833 0.0000000000
49699  31.494  -24.591  66.619 0.0000000000
49718  30.655  -24.660  65.738 0.0000000000
49700  30.812  -24.629  66.402 0.0000000000
49702  28.379  -24.650  65.790 0.0000000000
49719  28.961  -24.839  65.182 0.0000000000
49720  28.073  -24.838  64.914 0.0000000000
131117  28.066  -25.119  64.131 0.0000000000
66628  44.544  -10.011  44.965 0.0000000000
134047  51.108  -3.206  43.046 0.0000000000
70478  48.071  -4.917  43.842 0.0000000000
71442  48.594  -4.499  43.536 0.0000000000
71451  47.857  -4.523  43.047 0.0000000000
130062  47.346  -4.529  41.558 0.0000000000
71458  47.762  -3.907  41.281 0.0000000000
135640  25.945  -24.668  64.302 0.0000000000
49768  25.360  -24.964  63.181 0.0000000000
49745  25.273  -24.691  64.095 0.0000000000
49746  24.275  -24.684  64.193 0.0000000000
49747  23.378  -24.755  64.240 0.0000000000
133997  23.001  -24.992  63.616 0.0000000000
49748  22.429  -25.043  64.213 0.0000000000
127811  22.662  -24.551  67.157 0.0000000000
50745  22.428  -24.637  66.481 0.0000000000
49750  20.738  -25.724  64.956 0.0000000000
49772  21.642  -25.517  63.645 0.0000000000
48819  20.501  -26.705  62.647 0.0000000000
48804  20.331  -26.471  63.537 0.0000000000
47910  19.015  -27.671  63.971 0.0000000000
47917  19.386  -27.554  63.355 0.0000000000
46993  18.977  -28.257  63.194 0.0000000000
46994  18.534  -28.952  63.412 0.0000000000
48749  19.023  -26.243  69.958 0.0000000000
120533  19.188  -26.033  68.999 0.0000000000
135436  18.684  -26.495  68.534 0.0000000000
46937  17.306  -28.561  69.471 0.0000000000
46949  17.331  -28.789  68.666 0.0000000000
46956  17.645  -28.280  67.139 0.0000000000
46965  17.836  -28.228  66.158 0.0000000000
47903  18.333  -27.617  65.680 0.0000000000
130511  17.659  -28.818  65.713 0.0000000000
41501  11.642  -33.797  70.379 0.0000000000
40448  9.938  -34.169  70.599 0.0000000000
131580  42.210  -11.773  54.191 0.0000000000
62278  40.078  -13.141  54.084 0.0000000000
62269  39.935  -13.013  55.058 0.0000000000
133315  39.273  -14.239  56.012 0.0000000000
128696  39.090  -14.358  55.281 0.0000000000
60245  38.668  -15.139  55.053 0.0000000000
60246  38.343  -15.663  54.505 0.0000000000
137099  38.735  -15.558  55.578 0.0000000000
119172  40.335  -15.657  58.826 0.0000000000
60213  39.680  -15.209  57.542 0.0000000000
117623  38.920  -17.228  56.840 0.0000000000
59174  39.080  -16.422  56.757 0.0000000000
58127  38.126  -16.986  55.121 0.0000000000
58109  38.111  -17.759  55.666 0.0000000000
57110  38.151  -18.599  56.124 0.0000000000
55060  38.486  -20.790  55.717 0.0000000000
55016  40.075  -20.614  58.042 0.0000000000
137505  40.304  -21.291  57.421 0.0000000000
53950  41.028  -21.893  56.201 0.0000000000
53966  40.923  -21.821  55.475 0.0000000000
51963  40.636  -23.244  54.172 0.0000000000
123627  40.040  -23.591  53.319 0.0000000000
138257  38.354  -24.188  66.067 0.0000000000
50731  38.997  -24.297  66.176 0.0000000000
49738  39.173  -24.304  63.972 0.0000000000
50775  39.749  -24.433  64.844 0.0000000000
49736  39.943  -24.577  64.180 0.0000000000
50773  40.995  -24.471  64.760 0.0000000000
50822  37.541  -24.038  61.401 0.0000000000
49805  38.112  -24.144  62.000 0.0000000000
49804  38.655  -24.461  61.824 0.0000000000
49802  39.969  -24.649  61.740 0.0000000000
49803  39.459  -24.612  62.159 0.0000000000
49780  40.026  -24.687  62.561 0.0000000000
49758  40.829  -24.514  63.488 0.0000000000
50808  41.529  -24.203  63.051 0.0000000000
50807  42.298  -23.709  62.515 0.0000000000
50821  41.491  -24.141  62.284 0.0000000000
50836  42.050  -23.701  61.021 0.0000000000
51860  42.732  -23.221  61.099 0.0000000000
52880  43.233  -22.425  60.977 0.0000000000
51859  42.987  -22.784  60.532 0.0000000000
52888  43.034  -22.366  60.184 0.0000000000
50876  40.462  -23.914  58.687 0.0000000000
51889  41.190  -23.493  58.052 0.0000000000
50878  38.661  -24.155  58.241 0.0000000000
50923  37.648  -24.056  56.900 0.0000000000
51902  40.229  -23.559  56.944 0.0000000000
64426  44.055  -11.482  53.538 0.0000000000
63345  43.888  -11.577  52.571 0.0000000000
63367  41.553  -12.294  51.354 0.0000000000
63406  42.106  -12.044  49.705 0.0000000000
63407  41.397  -12.288  49.521 0.0000000000
61315  38.891  -13.903  50.998 0.0000000000
61321  38.866  -13.904  49.979 0.0000000000
125884  39.214  -13.735  48.100 0.0000000000
62337  39.556  -13.234  48.640 0.0000000000
62350  39.759  -13.375  47.783 0.0000000000
62336  40.258  -12.787  48.329 0.0000000000
61351  39.963  -13.743  46.935 0.0000000000
79451  59.522  4.074  36.106 0.0000000000
135979  60.181  4.256  36.109 0.0000000000
77543  54.389  1.603  35.294 0.0000000000
63363  46.920  -12.493  51.400 0.0000000000
63383  46.599  -12.567  50.598 0.0000000000
115546  46.236  -12.261  51.263 0.0000000000
63365  44.897  -11.840  51.235 0.0000000000
49765  28.492  -25.229  63.559 0.0000000000
130716  29.013  -25.229  62.864 0.0000000000
49785  28.073  -25.406  62.690 0.0000000000
115124  27.980  -25.390  61.854 0.0000000000
49809  27.413  -25.436  61.236 0.0000000000
133440  26.684  -25.517  60.948 0.0000000000
130645  45.073  -7.636  43.853 0.0000000000
68608  47.661  -7.519  46.499 0.0000000000
68607  48.446  -7.307  46.683 0.0000000000
68617  47.275  -7.074  45.800 0.0000000000
69573  47.118  -6.106  44.611 0.0000000000
69566  46.724  -6.718  45.077 0.0000000000
50665  23.439  -24.452  70.697 0.0000000000
50686  22.426  -24.612  69.722 0.0000000000
50666  22.589  -24.610  70.555 0.0000000000
42622  15.549  -32.076  68.246 0.0000000000
114583  14.007  -32.984  68.045 0.0000000000
119086  13.631  -33.017  69.350 0.0000000000
56048  42.101  -19.177  61.921 0.0000000000
115264  41.524  -20.336  60.219 0.0000000000
51891  33.599  -23.410  58.586 0.0000000000
51877  34.858  -23.475  59.501 0.0000000000
123254  34.456  -23.468  58.778 0.0000000000
50882  35.003  -23.678  58.203 0.0000000000
50905  34.739  -23.705  57.422 0.0000000000
50904  35.569  -23.941  57.605 0.0000000000
60256  37.914  -15.334  52.657 0.0000000000
60257  37.532  -15.979  52.802 0.0000000000
59219  37.125  -16.521  52.381 0.0000000000
79431  53.629  3.761  40.393 0.0000000000
79430  54.047  4.217  40.963 0.0000000000
80332  54.207  4.387  40.337 0.0000000000
80347  55.736  4.598  38.332 0.0000000000
117672  55.834  3.728  37.062 0.0000000000
78500  55.345  2.718  36.005 0.0000000000
65595  46.467  -10.712  47.541 0.0000000000
65603  45.895  -10.656  47.003 0.0000000000
64540  46.137  -11.467  47.383 0.0000000000
63450  45.826  -12.187  47.372 0.0000000000
129504  44.338  -12.805  48.022 0.0000000000
62346  43.396  -13.090  46.791 0.0000000000
62363  42.701  -13.432  46.249 0.0000000000
65545  48.378  -10.864  50.607 0.0000000000
66559  48.697  -10.037  50.324 0.0000000000
66578  48.327  -9.832  49.584 0.0000000000
66595  48.226  -9.337  48.806 0.0000000000
130906  20.969  -27.611  60.918 0.0000000000
132589  20.367  -28.039  61.468 0.0000000000
122279  35.471  -24.241  66.860 0.0000000000
50734  35.916  -23.988  66.357 0.0000000000
122277  35.057  -24.047  66.135 0.0000000000
50758  34.474  -23.969  65.528 0.0000000000
50780  34.076  -23.876  64.829 0.0000000000
50827  30.558  -24.512  61.430 0.0000000000
50842  31.279  -24.147  60.998 0.0000000000
131139  31.843  -23.813  60.689 0.0000000000
51865  32.115  -23.674  60.060 0.0000000000
129706  30.005  -24.106  57.829 0.0000000000
55069  38.178  -21.048  55.002 0.0000000000
125101  52.030  -1.430  41.123 0.0000000000
74573  51.489  -1.099  40.329 0.0000000000
74588  50.064  -1.230  38.183 0.0000000000
75593  50.412  -0.606  37.684 0.0000000000
76545  51.415  0.765  38.498 0.0000000000
77533  51.821  1.563  38.613 0.0000000000
76547  51.246  0.710  37.469 0.0000000000
76550  51.266  0.567  36.528 0.0000000000
76549  51.808  1.058  36.062 0.0000000000
50717  27.525  -24.210  67.864 0.0000000000
49683  30.346  -24.526  66.896 0.0000000000
49701  30.077  -24.649  66.200 0.0000000000
72429  50.724  -3.673  43.393 0.0000000000
72430  49.822  -3.748  43.220 0.0000000000
70487  47.089  -4.914  42.307 0.0000000000
134658  25.303  -24.484  65.902 0.0000000000
50785  24.821  -24.552  64.976 0.0000000000
50763  24.368  -24.494  65.745 0.0000000000
117935  20.937  -25.022  67.300 0.0000000000
49705  21.120  -25.146  66.407 0.0000000000
49726  20.545  -25.595  65.855 0.0000000000
48790  20.184  -26.288  64.446 0.0000000000
48791  19.484  -26.644  64.849 0.0000000000
129383  19.069  -27.182  64.545 0.0000000000
47911  18.509  -27.765  64.749 0.0000000000
48747  18.496  -26.669  70.758 0.0000000000
48750  18.317  -26.770  69.990 0.0000000000
45872  17.213  -29.412  68.035 0.0000000000
45893  17.250  -29.734  66.592 0.0000000000
45912  17.433  -29.500  65.777 0.0000000000
62257  39.865  -12.946  56.007 0.0000000000
62258  39.544  -13.697  56.415 0.0000000000
61247  39.420  -14.571  56.798 0.0000000000
126022  40.494  -16.790  59.435 0.0000000000
59111  40.339  -16.309  58.985 0.0000000000
59127  40.039  -16.229  58.360 0.0000000000
115262  39.577  -16.096  57.560 0.0000000000
58088  38.850  -17.903  56.985 0.0000000000
57096  38.597  -18.558  56.792 0.0000000000
127421  38.875  -19.236  57.209 0.0000000000
56112  39.028  -20.168  56.972 0.0000000000
132257  41.402  -21.969  57.504 0.0000000000
53949  41.405  -22.272  56.026 0.0000000000
52928  41.478  -22.460  55.501 0.0000000000
50777  37.967  -23.857  64.761 0.0000000000
50755  38.718  -24.102  65.295 0.0000000000
114540  38.733  -24.091  64.298 0.0000000000
50794  38.760  -24.227  63.410 0.0000000000
49826  38.662  -24.612  61.105 0.0000000000
133295  39.427  -24.646  61.496 0.0000000000
49801  40.639  -24.392  61.184 0.0000000000
50837  41.400  -23.954  60.658 0.0000000000
50853  41.417  -23.831  59.771 0.0000000000
49847  40.610  -24.108  59.491 0.0000000000
127198  37.423  -23.895  55.936 0.0000000000
50941  37.156  -23.859  54.845 0.0000000000
50940  38.083  -23.728  55.243 0.0000000000
50963  37.825  -23.807  54.091 0.0000000000
63346  42.848  -11.733  52.507 0.0000000000
63347  41.954  -12.097  52.366 0.0000000000
63388  40.809  -12.612  50.746 0.0000000000
61322  38.245  -14.524  49.398 0.0000000000
61333  38.266  -14.768  48.403 0.0000000000
79461  57.966  3.261  35.789 0.0000000000
116715  58.188  3.680  36.201 0.0000000000
63414  47.013  -12.296  48.686 0.0000000000
120840  47.059  -12.573  49.171 0.0000000000
116668  46.028  -12.588  49.944 0.0000000000
63403  45.469  -12.631  49.304 0.0000000000
132028  44.207  -12.557  48.800 0.0000000000
63418  43.483  -12.484  48.562 0.0000000000
129513  42.678  -12.438  48.393 0.0000000000
64465  48.464  -11.819  51.600 0.0000000000
65530  48.663  -11.061  51.295 0.0000000000
128735  48.028  -11.661  49.986 0.0000000000
137577  23.858  -26.534  59.641 0.0000000000
49832  24.584  -25.706  60.692 0.0000000000
49833  23.773  -25.977  60.458 0.0000000000
49814  22.629  -25.777  61.523 0.0000000000
49791  22.483  -25.542  62.382 0.0000000000
49739  31.952  -24.539  64.942 0.0000000000
50815  30.702  -24.630  62.817 0.0000000000
130794  29.469  -25.021  62.175 0.0000000000
49784  30.214  -24.738  62.186 0.0000000000
49806  29.834  -24.802  61.601 0.0000000000
49828  29.152  -24.759  59.824 0.0000000000
73549  49.029  -2.572  40.235 0.0000000000
74574  49.988  -1.954  40.258 0.0000000000
73559  49.428  -2.238  39.898 0.0000000000
51804  29.206  -23.775  68.816 0.0000000000
51796  29.652  -23.612  69.495 0.0000000000
69546  49.938  -6.961  47.118 0.0000000000
69554  50.377  -6.520  46.472 0.0000000000
69563  49.682  -6.402  46.019 0.0000000000
70461  49.685  -5.858  45.434 0.0000000000
127468  50.062  -5.392  44.996 0.0000000000
69582  46.749  -5.792  43.766 0.0000000000
70480  46.553  -5.642  42.806 0.0000000000
50704  24.602  -24.412  68.279 0.0000000000
116276  23.845  -24.442  68.002 0.0000000000
120166  22.979  -24.470  67.938 0.0000000000
50721  22.063  -24.571  67.870 0.0000000000
50722  21.387  -24.777  67.753 0.0000000000
49684  20.895  -24.971  68.021 0.0000000000
49685  20.348  -25.327  67.799 0.0000000000
49686  19.688  -25.732  67.544 0.0000000000
44760  16.602  -30.184  68.977 0.0000000000
44771  16.846  -30.075  68.191 0.0000000000
44772  16.627  -30.759  67.544 0.0000000000
42661  15.934  -32.708  65.882 0.0000000000
41542  15.024  -32.705  67.101 0.0000000000
58035  41.114  -17.284  60.675 0.0000000000
57076  39.989  -18.451  59.026 0.0000000000
131076  39.877  -19.183  58.832 0.0000000000
56088  40.203  -19.983  58.828 0.0000000000
50824  35.764  -23.484  61.691 0.0000000000
50823  36.705  -23.708  61.560 0.0000000000
50840  36.933  -23.862  60.762 0.0000000000
50858  36.297  -23.694  60.063 0.0000000000
50839  37.693  -24.295  60.658 0.0000000000
50856  37.907  -24.501  59.863 0.0000000000
136974  38.335  -24.535  59.585 0.0000000000
50879  37.987  -24.426  58.898 0.0000000000
116928  37.016  -24.220  57.391 0.0000000000
118086  36.174  -24.106  56.830 0.0000000000
62289  40.257  -13.233  53.123 0.0000000000
62299  40.394  -13.137  52.140 0.0000000000
62300  39.635  -13.619  52.517 0.0000000000
61303  38.974  -14.018  51.954 0.0000000000
60267  37.876  -15.183  51.736 0.0000000000
60278  37.775  -15.078  50.801 0.0000000000
60284  37.725  -15.092  49.834 0.0000000000
80353  57.535  4.297  37.182 0.0000000000
80354  56.921  4.474  37.576 0.0000000000
79447  56.757  4.021  37.083 0.0000000000
79453  57.463  3.714  36.483 0.0000000000
63432  46.112  -12.557  47.910 0.0000000000
63434  44.714  -12.857  47.343 0.0000000000
121349  44.290  -12.738  45.725 0.0000000000
67549  49.824  -8.793  50.300 0.0000000000
66605  48.139  -8.801  48.162 0.0000000000
67590  48.130  -8.255  47.530 0.0000000000
116232  38.715  -24.485  67.758 0.0000000000
116233  39.502  -24.523  67.928 0.0000000000
122282  38.333  -24.322  66.848 0.0000000000
50756  37.012  -23.697  65.214 0.0000000000
50796  36.588  -23.553  63.743 0.0000000000
51830  36.002  -23.486  63.142 0.0000000000
50782  32.566  -24.405  64.660 0.0000000000
115025  32.833  -24.235  64.103 0.0000000000
50799  33.141  -23.918  63.451 0.0000000000
50813  32.140  -24.051  62.183 0.0000000000
114572  32.631  -23.940  62.840 0.0000000000
50798  34.026  -23.622  63.389 0.0000000000
51839  34.438  -23.465  62.601 0.0000000000
51838  35.401  -23.445  62.485 0.0000000000
116936  34.829  -23.428  61.814 0.0000000000
120462  32.941  -23.457  59.889 0.0000000000
51921  32.042  -23.501  56.470 0.0000000000
49867  28.320  -24.995  58.176 0.0000000000
132005  37.008  -18.107  53.889 0.0000000000
134618  53.417  1.174  41.273 0.0000000000
75575  52.017  -0.370  40.166 0.0000000000
75580  51.290  -0.471  39.550 0.0000000000
76540  52.333  0.370  40.204 0.0000000000
77508  53.430  1.899  41.418 0.0000000000
78486  53.033  2.443  40.839 0.0000000000
78490  52.901  3.030  40.065 0.0000000000
78491  52.471  2.495  39.349 0.0000000000
79442  52.856  3.098  39.155 0.0000000000
79445  53.337  3.381  38.496 0.0000000000
78495  54.144  3.238  37.020 0.0000000000
78502  53.509  2.653  36.674 0.0000000000
49767  26.791  -25.259  63.198 0.0000000000
50761  26.988  -24.535  65.765 0.0000000000
50762  26.202  -24.513  65.812 0.0000000000
50742  25.318  -24.428  66.885 0.0000000000
51805  28.386  -23.789  68.793 0.0000000000
50681  27.470  -23.939  68.642 0.0000000000
51783  27.433  -23.537  70.215 0.0000000000
50702  26.644  -24.081  68.728 0.0000000000
115571  26.052  -24.261  68.294 0.0000000000
50684  24.552  -24.380  69.189 0.0000000000
115508  24.025  -24.389  69.950 0.0000000000
50664  24.392  -24.262  70.809 0.0000000000
50693  39.075  -24.512  68.746 0.0000000000
50694  38.195  -24.500  68.434 0.0000000000
136092  36.472  -24.505  68.113 0.0000000000
116229  35.949  -24.393  67.539 0.0000000000
50735  34.685  -24.304  66.734 0.0000000000
50760  32.582  -24.573  66.085 0.0000000000
122555  33.165  -24.487  67.350 0.0000000000
49716  31.967  -24.576  65.665 0.0000000000
49717  31.265  -24.614  65.323 0.0000000000
120940  30.604  -24.670  65.079 0.0000000000
49742  29.428  -24.883  64.642 0.0000000000
66638  44.636  -9.111  44.877 0.0000000000
73520  53.850  -2.300  42.562 0.0000000000
73521  53.047  -2.365  42.516 0.0000000000
72438  51.809  -3.039  43.010 0.0000000000
73522  52.154  -2.462  42.442 0.0000000000
73534  50.678  -2.274  41.593 0.0000000000
73535  49.799  -2.480  41.298 0.0000000000
124281  49.403  -4.350  43.684 0.0000000000
119877  49.440  -3.346  42.455 0.0000000000
72444  49.173  -2.978  41.642 0.0000000000
72453  49.015  -2.708  40.857 0.0000000000
72454  48.521  -3.054  40.233 0.0000000000
137343  24.764  -25.098  62.737 0.0000000000
49790  23.986  -25.157  62.660 0.0000000000
121296  23.137  -25.219  62.920 0.0000000000
49792  21.734  -25.721  62.723 0.0000000000
50744  23.145  -24.522  66.465 0.0000000000
49704  21.890  -24.844  66.048 0.0000000000
49724  22.126  -24.938  65.185 0.0000000000
47924  20.107  -27.495  62.260 0.0000000000
47925  19.535  -27.845  62.697 0.0000000000
47007  19.790  -28.312  62.035 0.0000000000
49661  20.475  -25.291  69.637 0.0000000000
49662  19.873  -25.594  69.243 0.0000000000
48758  19.108  -26.226  67.292 0.0000000000
47877  17.894  -27.256  69.552 0.0000000000
47881  18.091  -27.189  68.539 0.0000000000
46957  17.447  -28.770  67.852 0.0000000000
46948  17.652  -28.068  68.124 0.0000000000
48759  18.620  -26.706  67.823 0.0000000000
48768  18.612  -26.829  66.966 0.0000000000
47895  18.721  -26.943  66.092 0.0000000000
138515  18.129  -28.502  64.613 0.0000000000
45930  17.666  -29.125  64.926 0.0000000000
121439  18.128  -29.057  64.101 0.0000000000
41513  12.229  -33.658  69.819 0.0000000000
40463  11.365  -34.100  69.557 0.0000000000
40464  10.388  -34.344  69.733 0.0000000000
63322  45.757  -11.696  53.376 0.0000000000
63326  41.618  -12.121  53.951 0.0000000000
63327  40.832  -12.639  53.762 0.0000000000
61278  38.998  -14.337  53.785 0.0000000000
61266  38.907  -14.506  54.541 0.0000000000
58128  37.748  -17.146  54.383 0.0000000000
59185  38.857  -15.931  56.051 0.0000000000
60235  38.491  -16.079  55.248 0.0000000000
126655  37.390  -17.782  54.283 0.0000000000
56129  37.919  -19.441  55.784 0.0000000000
55061  37.859  -20.253  55.423 0.0000000000
53968  39.133  -21.379  55.223 0.0000000000
55043  39.439  -21.056  56.617 0.0000000000
55042  40.229  -21.468  56.783 0.0000000000
53967  40.115  -21.608  55.376 0.0000000000
118501  40.782  -21.809  54.928 0.0000000000
52939  41.138  -22.493  54.175 0.0000000000
51979  41.107  -22.857  53.695 0.0000000000
124125  43.059  -20.986  61.899 0.0000000000
122284  39.824  -24.512  67.209 0.0000000000
50729  40.036  -24.494  66.627 0.0000000000
128090  40.453  -24.479  66.534 0.0000000000
50754  39.429  -24.319  65.505 0.0000000000
50753  40.012  -24.453  65.767 0.0000000000
50752  40.663  -24.458  65.648 0.0000000000
50772  41.874  -24.168  64.542 0.0000000000
49782  39.071  -24.460  62.962 0.0000000000
117874  39.064  -24.521  62.370 0.0000000000
49781  39.513  -24.588  62.959 0.0000000000
49760  39.680  -24.554  63.635 0.0000000000
50793  41.469  -24.321  63.880 0.0000000000
135001  42.237  -23.913  63.868 0.0000000000
50771  42.803  -23.402  63.503 0.0000000000
50820  42.213  -23.675  61.729 0.0000000000
51836  43.230  -22.540  61.971 0.0000000000
124954  43.260  -22.416  61.585 0.0000000000
53896  43.283  -22.130  61.564 0.0000000000
116895  43.103  -21.672  61.314 0.0000000000
137992  42.897  -21.648  60.625 0.0000000000
52889  42.735  -22.272  59.356 0.0000000000
51875  42.114  -23.267  59.207 0.0000000000
51887  42.399  -22.623  58.782 0.0000000000
51900  41.655  -23.024  57.490 0.0000000000
50900  39.387  -23.806  57.590 0.0000000000
51939  39.916  -23.510  54.971 0.0000000000
51965  38.583  -23.782  53.505 0.0000000000
63344  44.816  -11.675  52.108 0.0000000000
114546  44.207  -11.651  51.730 0.0000000000
115004  44.094  -11.766  50.972 0.0000000000
115094  43.184  -11.764  50.835 0.0000000000
116221  42.975  -11.862  49.942 0.0000000000
62310  40.230  -13.078  51.149 0.0000000000
62322  40.115  -12.890  50.207 0.0000000000
62331  39.473  -13.316  49.593 0.0000000000
63408  40.764  -12.505  49.831 0.0000000000
63420  40.873  -12.459  48.949 0.0000000000
63437  41.125  -12.571  48.056 0.0000000000
78501  54.446  2.731  36.300 0.0000000000
78507  55.579  2.264  35.490 0.0000000000
77542  55.378  1.666  35.062 0.0000000000
45829  17.112  -29.095  69.375 0.0000000000
46928  17.261  -28.200  70.900 0.0000000000
49698  31.939  -24.586  66.236 0.0000000000
49707  19.588  -25.902  66.857 0.0000000000
49737  39.543  -24.436  64.115 0.0000000000
49779  40.751  -24.516  62.830 0.0000000000
50732  37.732  -24.138  66.344 0.0000000000
51840  33.297  -23.644  61.979 0.0000000000
52876  43.323  -22.262  62.113 0.0000000000
65515  50.135  -10.119  52.352 0.0000000000
77527  52.451  1.237  40.219 0.0000000000
77532  52.143  2.158  38.762 0.0000000000
79460  58.574  3.480  35.786 0.0000000000
80345  57.493  4.800  37.813 0.0000000000
80348  54.920  4.370  38.473 0.0000000000
115413  33.642  -23.969  64.109 0.0000000000
116305  31.981  -24.209  62.902 0.0000000000
130650  33.093  -23.387  59.146 0.0000000000
131470  31.884  -23.524  58.818 0.0000000000
135887  46.688  -12.667  49.169 0.0000000000
137008  41.118  -20.223  59.854 0.0000000000
