#!ascii label  , from subject sub-v2s10x28947_ses-1 vox2ras=TkReg
841
44552  9.976  -21.309  62.535 0.0000000000
42741  5.528  -22.351  43.889 0.0000000000
41548  2.780  -22.813  58.175 0.0000000000
46635  3.319  -17.385  57.017 0.0000000000
48716  6.194  -16.392  52.162 0.0000000000
41490  6.195  -22.953  62.273 0.0000000000
45577  4.777  -19.152  63.250 0.0000000000
123349  13.030  -23.478  61.011 0.0000000000
123618  9.472  -23.445  59.809 0.0000000000
108628  5.977  -25.162  57.636 0.0000000000
123741  3.097  -12.342  58.769 0.0000000000
49709  1.813  -16.154  53.138 0.0000000000
52472  6.556  -12.238  57.008 0.0000000000
41624  2.584  -23.306  54.818 0.0000000000
42649  6.846  -22.264  53.561 0.0000000000
45609  4.638  -19.767  58.835 0.0000000000
49611  3.749  -15.401  60.929 0.0000000000
44722  6.606  -20.045  50.792 0.0000000000
45774  1.950  -18.704  47.806 0.0000000000
47797  6.258  -17.505  46.531 0.0000000000
50742  10.659  -14.603  50.609 0.0000000000
42561  8.443  -22.206  63.053 0.0000000000
44546  7.437  -20.321  63.912 0.0000000000
42574  11.930  -22.178  62.430 0.0000000000
41522  11.323  -23.501  60.685 0.0000000000
41502  9.639  -23.193  61.664 0.0000000000
41525  8.078  -23.486  60.770 0.0000000000
52461  5.056  -12.080  57.931 0.0000000000
42626  2.269  -23.109  56.837 0.0000000000
42624  3.618  -22.456  56.662 0.0000000000
43596  3.522  -22.035  58.674 0.0000000000
48644  5.241  -16.994  63.107 0.0000000000
47631  3.933  -17.489  62.025 0.0000000000
40535  3.805  -23.963  58.670 0.0000000000
39582  4.197  -25.234  57.065 0.0000000000
39584  2.518  -24.349  57.158 0.0000000000
40586  1.626  -24.250  55.307 0.0000000000
45647  6.485  -19.959  55.011 0.0000000000
44697  7.727  -20.795  52.430 0.0000000000
45661  4.150  -18.956  53.584 0.0000000000
49706  3.934  -15.980  52.248 0.0000000000
47728  1.751  -17.672  50.393 0.0000000000
48752  3.532  -16.786  50.063 0.0000000000
47799  3.801  -17.484  46.751 0.0000000000
47742  6.619  -17.354  49.329 0.0000000000
42600  4.327  -22.694  60.818 0.0000000000
43573  3.762  -21.242  60.850 0.0000000000
44547  5.720  -21.020  63.311 0.0000000000
110219  6.339  -18.655  63.806 0.0000000000
105378  15.205  -23.481  59.772 0.0000000000
106407  14.563  -23.456  57.005 0.0000000000
105369  12.630  -23.488  58.624 0.0000000000
105285  10.709  -23.425  58.010 0.0000000000
40546  7.450  -24.427  58.439 0.0000000000
40518  6.138  -23.997  60.252 0.0000000000
49636  2.406  -15.378  57.352 0.0000000000
106103  1.940  -17.269  54.971 0.0000000000
50674  2.620  -14.311  56.585 0.0000000000
50689  5.125  -14.341  55.809 0.0000000000
50705  6.840  -14.908  55.073 0.0000000000
109063  11.011  -20.852  61.282 0.0000000000
119853  18.034  -23.554  58.069 0.0000000000
41494  18.271  -23.073  61.215 0.0000000000
42589  14.951  -22.737  61.840 0.0000000000
43556  13.399  -21.870  62.413 0.0000000000
40629  2.208  -24.155  51.406 0.0000000000
41719  4.493  -24.101  51.033 0.0000000000
42651  4.715  -23.028  54.188 0.0000000000
43615  6.182  -21.660  55.830 0.0000000000
46626  5.285  -18.998  58.020 0.0000000000
109745  3.848  -19.720  60.703 0.0000000000
46608  4.096  -18.081  59.955 0.0000000000
48661  3.134  -16.216  58.305 0.0000000000
110273  2.684  -13.950  59.620 0.0000000000
41717  6.719  -23.761  50.435 0.0000000000
42700  8.550  -22.059  48.492 0.0000000000
43669  6.531  -21.002  47.030 0.0000000000
45702  2.406  -18.693  51.817 0.0000000000
44734  3.637  -19.754  48.829 0.0000000000
43683  4.166  -20.657  46.134 0.0000000000
46793  2.325  -18.539  45.232 0.0000000000
123989  3.775  -17.545  43.793 0.0000000000
53471  7.228  -10.855  54.898 0.0000000000
51627  9.201  -13.961  54.067 0.0000000000
52515  9.085  -12.318  51.595 0.0000000000
48713  9.391  -16.255  51.670 0.0000000000
47757  9.331  -17.487  48.769 0.0000000000
42560  9.091  -21.904  62.949 0.0000000000
44554  8.686  -20.621  63.245 0.0000000000
118852  9.647  -20.892  62.365 0.0000000000
43559  10.656  -21.741  62.571 0.0000000000
112742  10.286  -22.707  62.228 0.0000000000
41485  9.633  -22.364  62.650 0.0000000000
42575  8.775  -22.606  62.701 0.0000000000
41812  4.184  -23.432  42.537 0.0000000000
42742  4.757  -21.935  43.664 0.0000000000
42621  2.492  -22.946  57.592 0.0000000000
42620  2.675  -22.681  57.543 0.0000000000
42617  2.943  -22.529  58.096 0.0000000000
126951  15.712  -23.475  56.460 0.0000000000
40549  3.114  -23.742  58.195 0.0000000000
125621  3.166  -24.547  57.544 0.0000000000
41558  2.631  -23.297  57.899 0.0000000000
41585  1.980  -23.661  56.404 0.0000000000
46646  4.503  -18.734  55.932 0.0000000000
45648  5.741  -19.458  54.698 0.0000000000
46656  3.916  -18.726  55.036 0.0000000000
49705  5.683  -16.083  52.685 0.0000000000
48733  4.062  -16.256  51.454 0.0000000000
110380  4.890  -16.410  51.204 0.0000000000
122295  5.067  -16.962  49.392 0.0000000000
48749  6.265  -16.866  50.737 0.0000000000
41506  5.632  -23.160  61.767 0.0000000000
42579  5.198  -22.138  62.238 0.0000000000
124728  5.780  -22.215  62.641 0.0000000000
45574  7.103  -19.520  63.874 0.0000000000
47626  6.775  -17.508  62.331 0.0000000000
41520  13.834  -23.398  60.866 0.0000000000
105370  13.627  -23.492  58.733 0.0000000000
123438  12.643  -23.357  60.290 0.0000000000
41542  10.379  -23.321  60.205 0.0000000000
41556  10.728  -23.525  58.877 0.0000000000
105089  9.917  -23.542  58.337 0.0000000000
41557  8.837  -23.903  59.062 0.0000000000
41505  6.621  -23.231  61.855 0.0000000000
41526  6.970  -23.586  60.780 0.0000000000
41527  5.934  -23.525  61.034 0.0000000000
40519  5.432  -23.778  60.444 0.0000000000
107986  2.279  -13.824  57.960 0.0000000000
124378  2.317  -15.016  56.988 0.0000000000
108667  2.516  -13.281  57.910 0.0000000000
123728  5.866  -12.444  57.361 0.0000000000
51602  4.166  -13.285  57.000 0.0000000000
108869  6.230  -13.132  56.835 0.0000000000
50706  5.736  -14.888  55.022 0.0000000000
51612  6.908  -13.627  56.231 0.0000000000
41496  15.885  -23.117  61.452 0.0000000000
41672  2.055  -23.620  52.830 0.0000000000
41671  3.085  -23.550  52.771 0.0000000000
41623  3.496  -23.154  54.433 0.0000000000
43603  4.165  -21.849  58.084 0.0000000000
42623  4.687  -22.320  56.464 0.0000000000
43602  5.210  -21.246  57.552 0.0000000000
45618  5.584  -19.542  57.596 0.0000000000
46615  4.956  -19.121  58.547 0.0000000000
44567  4.040  -20.695  61.597 0.0000000000
44568  3.794  -20.449  60.770 0.0000000000
45585  3.984  -19.651  61.556 0.0000000000
115396  3.844  -16.839  61.359 0.0000000000
47633  3.913  -17.445  61.120 0.0000000000
113906  3.828  -16.693  60.340 0.0000000000
120767  3.902  -17.188  59.424 0.0000000000
48653  3.512  -15.932  59.568 0.0000000000
49618  3.060  -15.127  59.067 0.0000000000
50620  3.212  -14.569  60.090 0.0000000000
41580  13.203  -23.455  56.250 0.0000000000
41599  13.704  -23.450  55.498 0.0000000000
39580  6.774  -25.079  56.998 0.0000000000
39593  6.602  -25.250  56.257 0.0000000000
126003  6.086  -25.291  56.816 0.0000000000
39611  2.911  -25.442  55.712 0.0000000000
107946  4.009  -25.600  55.621 0.0000000000
41626  1.697  -23.916  54.865 0.0000000000
41673  1.736  -23.884  52.941 0.0000000000
41669  5.654  -23.290  52.619 0.0000000000
41718  5.577  -24.044  50.834 0.0000000000
42657  7.057  -22.919  51.957 0.0000000000
108473  7.108  -20.182  51.444 0.0000000000
123910  8.455  -21.253  50.589 0.0000000000
44730  8.286  -20.935  49.563 0.0000000000
43667  8.287  -21.565  47.884 0.0000000000
44740  7.073  -20.504  48.759 0.0000000000
47689  1.627  -17.198  53.580 0.0000000000
46670  2.313  -18.163  53.115 0.0000000000
46687  1.847  -17.667  52.765 0.0000000000
46734  1.863  -18.255  49.100 0.0000000000
45743  2.260  -19.220  49.469 0.0000000000
45757  2.427  -19.369  48.600 0.0000000000
44752  4.011  -20.427  47.503 0.0000000000
126870  2.937  -19.732  47.495 0.0000000000
110314  3.236  -20.041  46.346 0.0000000000
106138  2.178  -19.038  47.026 0.0000000000
47798  5.107  -17.492  46.561 0.0000000000
115785  3.284  -17.568  45.903 0.0000000000
47820  4.885  -17.459  45.042 0.0000000000
109384  7.754  -11.384  54.148 0.0000000000
52487  8.438  -12.474  54.467 0.0000000000
52495  8.522  -12.234  53.521 0.0000000000
51654  10.160  -12.915  50.018 0.0000000000
118975  10.149  -13.564  51.503 0.0000000000
109641  10.082  -14.973  52.139 0.0000000000
49736  9.919  -16.218  50.966 0.0000000000
107032  9.019  -17.128  50.432 0.0000000000
109564  10.489  -16.225  50.162 0.0000000000
42577  7.177  -22.635  62.912 0.0000000000
42563  6.928  -21.911  63.281 0.0000000000
43548  7.620  -21.195  63.629 0.0000000000
42592  12.261  -22.637  61.962 0.0000000000
41521  12.246  -23.548  60.982 0.0000000000
104934  11.166  -23.393  61.454 0.0000000000
41523  10.714  -23.507  61.076 0.0000000000
41524  9.971  -23.399  60.896 0.0000000000
41543  8.513  -23.658  59.866 0.0000000000
41503  8.635  -23.245  61.674 0.0000000000
41487  8.258  -22.971  62.286 0.0000000000
54431  4.573  -10.474  59.287 0.0000000000
52462  3.917  -12.322  58.139 0.0000000000
53430  4.796  -10.523  58.555 0.0000000000
107092  5.339  -10.770  58.050 0.0000000000
54469  6.258  -9.699  56.709 0.0000000000
41604  2.374  -23.078  55.734 0.0000000000
42643  3.199  -22.921  55.329 0.0000000000
42625  2.679  -22.670  56.832 0.0000000000
42619  3.408  -22.398  57.468 0.0000000000
43595  3.875  -21.528  58.676 0.0000000000
47625  5.031  -17.890  63.606 0.0000000000
46597  4.001  -18.186  62.406 0.0000000000
48648  4.252  -17.103  63.041 0.0000000000
110365  4.153  -16.492  62.649 0.0000000000
50608  4.003  -15.107  61.958 0.0000000000
50614  3.651  -14.423  61.065 0.0000000000
119217  5.425  -24.930  58.274 0.0000000000
40561  4.828  -25.166  57.755 0.0000000000
40562  3.875  -24.904  57.700 0.0000000000
39583  3.254  -24.915  57.107 0.0000000000
39597  2.446  -24.831  56.452 0.0000000000
39613  1.700  -24.839  55.197 0.0000000000
40571  1.826  -24.311  55.973 0.0000000000
40572  1.780  -23.815  55.737 0.0000000000
43620  7.152  -21.053  54.362 0.0000000000
117832  7.741  -21.471  52.788 0.0000000000
110675  6.861  -20.490  54.233 0.0000000000
45679  6.460  -20.028  52.621 0.0000000000
45680  5.261  -19.733  52.286 0.0000000000
49707  2.917  -15.921  52.618 0.0000000000
105883  1.747  -17.081  51.645 0.0000000000
48735  2.571  -16.568  51.387 0.0000000000
48767  2.617  -17.100  49.844 0.0000000000
105159  2.500  -17.425  49.076 0.0000000000
126045  2.380  -17.660  47.759 0.0000000000
47762  3.973  -17.208  48.573 0.0000000000
107868  4.945  -17.456  48.041 0.0000000000
105590  6.873  -17.569  47.836 0.0000000000
51653  10.696  -13.495  49.539 0.0000000000
48764  11.106  -15.914  49.443 0.0000000000
50756  11.588  -14.649  48.545 0.0000000000
41529  3.534  -22.756  59.467 0.0000000000
126439  3.533  -22.179  59.518 0.0000000000
42596  4.028  -22.045  61.033 0.0000000000
43572  4.142  -21.444  61.529 0.0000000000
44548  5.217  -20.126  63.310 0.0000000000
43549  6.686  -20.906  63.701 0.0000000000
111467  6.096  -20.084  63.783 0.0000000000
116503  5.827  -18.773  63.860 0.0000000000
120620  5.950  -18.005  63.695 0.0000000000
105372  15.802  -23.442  58.845 0.0000000000
123572  15.301  -23.446  56.922 0.0000000000
41566  14.143  -23.492  57.844 0.0000000000
105375  12.214  -23.420  59.469 0.0000000000
105368  11.588  -23.486  58.551 0.0000000000
106404  11.740  -23.486  57.035 0.0000000000
110128  7.397  -24.699  57.084 0.0000000000
40547  6.390  -24.671  58.541 0.0000000000
41544  7.601  -23.873  59.926 0.0000000000
40531  7.103  -24.343  59.260 0.0000000000
109576  5.435  -24.525  58.958 0.0000000000
40533  5.403  -24.230  59.824 0.0000000000
41546  3.910  -23.489  59.426 0.0000000000
48674  2.487  -16.607  56.700 0.0000000000
105743  2.653  -17.769  55.206 0.0000000000
48675  2.092  -16.555  56.138 0.0000000000
49653  1.974  -15.969  55.573 0.0000000000
49668  1.903  -15.799  54.261 0.0000000000
51595  3.290  -13.073  57.620 0.0000000000
51615  3.216  -14.247  56.201 0.0000000000
49666  2.664  -15.306  54.109 0.0000000000
49665  3.848  -15.274  53.980 0.0000000000
49664  5.173  -15.297  54.220 0.0000000000
49683  6.916  -15.729  53.723 0.0000000000
44565  10.304  -21.107  61.887 0.0000000000
41563  17.305  -23.604  58.022 0.0000000000
41536  20.165  -23.749  59.870 0.0000000000
120849  19.043  -23.182  60.956 0.0000000000
41537  19.323  -23.506  59.624 0.0000000000
41539  17.823  -23.422  59.700 0.0000000000
41555  17.582  -23.371  58.842 0.0000000000
105373  16.787  -23.399  58.858 0.0000000000
41519  14.706  -23.378  60.661 0.0000000000
42590  13.994  -22.571  61.929 0.0000000000
42572  13.648  -22.052  62.463 0.0000000000
42591  13.124  -22.551  61.960 0.0000000000
43557  12.533  -21.867  62.411 0.0000000000
43558  11.618  -21.864  62.449 0.0000000000
41670  4.381  -23.582  52.529 0.0000000000
42650  5.891  -22.632  53.921 0.0000000000
42642  4.351  -22.770  55.035 0.0000000000
42641  5.609  -22.471  54.755 0.0000000000
42632  6.261  -21.963  55.241 0.0000000000
121721  6.365  -20.297  56.300 0.0000000000
122877  5.448  -19.135  57.236 0.0000000000
124675  4.025  -17.902  57.350 0.0000000000
106339  3.573  -21.758  59.330 0.0000000000
106139  3.728  -20.486  59.874 0.0000000000
44599  4.018  -20.053  59.544 0.0000000000
46600  3.955  -18.174  61.587 0.0000000000
45589  3.959  -18.991  60.475 0.0000000000
120930  4.466  -19.072  59.157 0.0000000000
45598  4.253  -18.426  59.334 0.0000000000
46627  4.067  -17.763  57.938 0.0000000000
47649  3.504  -17.020  57.884 0.0000000000
49627  2.678  -15.572  58.107 0.0000000000
50630  2.499  -14.453  58.757 0.0000000000
51583  2.581  -12.868  58.883 0.0000000000
51554  3.847  -13.529  61.113 0.0000000000
125486  3.878  -12.117  59.906 0.0000000000
52446  4.142  -11.633  59.868 0.0000000000
39622  6.440  -25.573  54.453 0.0000000000
39595  4.620  -25.461  56.293 0.0000000000
119522  7.834  -22.452  51.739 0.0000000000
41715  8.298  -23.014  49.690 0.0000000000
43693  6.468  -21.769  45.446 0.0000000000
107411  3.428  -18.641  54.195 0.0000000000
45662  3.798  -18.929  52.866 0.0000000000
45700  4.193  -19.610  51.587 0.0000000000
46702  1.944  -18.489  51.178 0.0000000000
45722  3.816  -19.692  50.179 0.0000000000
44733  5.149  -19.983  49.308 0.0000000000
44741  4.810  -20.394  48.026 0.0000000000
43670  5.342  -20.874  46.852 0.0000000000
43706  5.063  -21.597  44.525 0.0000000000
43696  3.862  -20.785  45.082 0.0000000000
123533  2.578  -17.788  45.954 0.0000000000
47843  2.393  -17.970  44.694 0.0000000000
54482  6.451  -9.804  55.833 0.0000000000
54495  6.677  -9.927  55.081 0.0000000000
53463  7.093  -11.060  55.708 0.0000000000
51611  7.774  -13.148  55.970 0.0000000000
50703  8.542  -14.341  54.545 0.0000000000
49681  8.377  -15.569  53.575 0.0000000000
51632  9.600  -13.590  52.794 0.0000000000
49680  9.173  -15.312  53.192 0.0000000000
48714  8.154  -16.455  52.354 0.0000000000
48747  8.296  -17.104  50.890 0.0000000000
47741  7.608  -17.430  49.607 0.0000000000
47776  7.771  -17.610  47.633 0.0000000000
47775  9.436  -17.564  47.843 0.0000000000
43560  9.831  -21.625  62.800 0.0000000000
44553  9.446  -20.960  62.835 0.0000000000
121260  10.354  -22.153  62.643 0.0000000000
41803  5.757  -23.248  43.448 0.0000000000
42750  4.965  -22.821  43.147 0.0000000000
118407  3.276  -22.437  58.767 0.0000000000
106409  16.955  -23.489  57.151 0.0000000000
41577  16.474  -23.505  56.362 0.0000000000
106408  16.037  -23.455  57.108 0.0000000000
41547  3.167  -23.169  58.672 0.0000000000
108038  3.992  -18.106  56.647 0.0000000000
46647  3.444  -18.155  55.565 0.0000000000
48717  5.037  -16.262  52.000 0.0000000000
48732  5.740  -16.536  51.364 0.0000000000
48731  6.744  -16.695  51.529 0.0000000000
42594  5.644  -22.686  62.239 0.0000000000
42578  6.384  -22.493  62.750 0.0000000000
126677  13.336  -23.361  60.346 0.0000000000
105161  10.118  -23.508  59.270 0.0000000000
118581  9.495  -23.697  58.935 0.0000000000
41489  6.760  -22.911  62.500 0.0000000000
51584  2.344  -13.218  58.372 0.0000000000
52453  2.527  -12.900  58.218 0.0000000000
123018  6.036  -13.897  56.323 0.0000000000
51600  7.138  -12.807  56.512 0.0000000000
113685  2.583  -23.411  53.711 0.0000000000
44613  4.725  -20.662  58.375 0.0000000000
44612  5.267  -19.613  58.181 0.0000000000
44556  4.436  -19.976  62.483 0.0000000000
45580  4.175  -18.983  62.482 0.0000000000
120888  3.853  -16.304  61.483 0.0000000000
48651  3.755  -16.120  60.530 0.0000000000
49614  3.363  -15.276  59.817 0.0000000000
41625  2.014  -23.585  54.301 0.0000000000
41649  1.730  -23.908  53.842 0.0000000000
41648  1.946  -23.651  53.456 0.0000000000
122068  6.063  -22.845  53.225 0.0000000000
41668  6.243  -23.277  52.106 0.0000000000
42658  6.713  -22.706  52.726 0.0000000000
114143  7.971  -20.557  50.205 0.0000000000
106583  7.119  -20.225  50.115 0.0000000000
44739  7.957  -20.792  48.946 0.0000000000
44732  6.794  -20.259  49.475 0.0000000000
48704  1.673  -16.403  53.843 0.0000000000
47702  1.523  -17.111  52.808 0.0000000000
46749  1.931  -18.147  48.435 0.0000000000
45758  1.917  -18.845  48.731 0.0000000000
112696  2.195  -19.210  48.121 0.0000000000
44754  2.748  -19.547  47.926 0.0000000000
45773  2.408  -19.373  47.583 0.0000000000
120492  2.737  -19.697  47.047 0.0000000000
105450  5.567  -17.482  45.766 0.0000000000
53479  6.399  -10.194  53.394 0.0000000000
124608  7.135  -10.783  53.530 0.0000000000
53487  7.796  -11.468  53.106 0.0000000000
51645  10.572  -13.691  50.350 0.0000000000
51646  10.144  -13.180  50.873 0.0000000000
51638  10.444  -13.994  51.119 0.0000000000
49722  10.385  -14.828  51.379 0.0000000000
49735  10.428  -15.493  50.814 0.0000000000
42576  7.939  -22.730  62.833 0.0000000000
42562  7.785  -22.073  63.227 0.0000000000
43547  8.472  -21.397  63.346 0.0000000000
44566  8.970  -20.324  62.436 0.0000000000
41501  11.829  -23.302  61.483 0.0000000000
42593  11.301  -22.807  61.962 0.0000000000
119229  10.552  -23.242  61.625 0.0000000000
106259  9.058  -23.430  60.782 0.0000000000
41488  7.388  -22.993  62.421 0.0000000000
53431  4.366  -10.865  58.920 0.0000000000
54455  5.455  -9.920  58.217 0.0000000000
55465  6.020  -9.241  57.449 0.0000000000
54454  5.979  -9.717  57.529 0.0000000000
125234  6.120  -9.230  56.990 0.0000000000
42636  2.310  -22.949  56.333 0.0000000000
43604  3.331  -22.298  58.176 0.0000000000
48645  4.742  -17.360  63.328 0.0000000000
47628  4.516  -17.717  63.360 0.0000000000
48647  4.681  -16.514  62.897 0.0000000000
49608  3.905  -16.031  62.057 0.0000000000
108472  4.568  -15.044  62.438 0.0000000000
40548  4.501  -24.659  58.405 0.0000000000
113244  2.042  -24.081  56.652 0.0000000000
41605  2.054  -23.333  56.127 0.0000000000
118322  2.034  -23.549  55.322 0.0000000000
44672  6.817  -20.569  54.879 0.0000000000
45660  5.307  -19.372  53.841 0.0000000000
108985  6.292  -19.825  54.092 0.0000000000
122974  5.882  -19.701  53.223 0.0000000000
106582  4.774  -19.313  53.007 0.0000000000
49725  2.523  -16.326  52.039 0.0000000000
49724  3.148  -16.241  51.768 0.0000000000
48751  4.299  -16.515  50.691 0.0000000000
48734  3.305  -16.499  50.979 0.0000000000
47744  3.222  -17.065  49.164 0.0000000000
106457  2.911  -17.438  48.290 0.0000000000
47727  5.777  -17.029  49.901 0.0000000000
116601  4.914  -17.152  48.837 0.0000000000
107482  5.712  -17.235  49.103 0.0000000000
106701  5.982  -17.510  47.940 0.0000000000
47760  6.380  -17.452  48.564 0.0000000000
51652  11.208  -14.068  49.096 0.0000000000
41528  4.126  -23.089  60.218 0.0000000000
42601  3.790  -22.389  60.199 0.0000000000
114161  4.597  -21.957  61.762 0.0000000000
121683  4.808  -21.163  62.400 0.0000000000
45575  6.334  -19.366  63.958 0.0000000000
45576  5.590  -19.291  63.754 0.0000000000
46593  5.624  -18.243  63.753 0.0000000000
105371  14.694  -23.483  58.805 0.0000000000
105376  13.088  -23.385  59.550 0.0000000000
41567  13.132  -23.476  57.812 0.0000000000
41541  11.963  -23.371  60.241 0.0000000000
105374  11.419  -23.417  59.577 0.0000000000
41569  11.358  -23.446  57.687 0.0000000000
41570  10.779  -23.459  57.121 0.0000000000
112168  9.866  -23.572  56.859 0.0000000000
40545  8.300  -24.090  58.335 0.0000000000
40560  6.997  -24.783  57.718 0.0000000000
40517  6.813  -24.127  59.949 0.0000000000
40532  6.225  -24.392  59.483 0.0000000000
41507  4.972  -23.277  60.916 0.0000000000
41545  4.717  -23.728  60.074 0.0000000000
48667  2.655  -16.201  57.461 0.0000000000
48668  2.373  -16.121  56.802 0.0000000000
49642  2.381  -14.757  56.623 0.0000000000
50675  2.196  -15.302  55.820 0.0000000000
49652  2.024  -15.436  54.976 0.0000000000
50692  2.364  -14.962  55.707 0.0000000000
51594  4.296  -12.720  57.620 0.0000000000
51614  4.084  -13.957  56.322 0.0000000000
50690  3.776  -14.489  55.597 0.0000000000
50708  3.187  -14.872  54.811 0.0000000000
50707  4.449  -14.845  54.886 0.0000000000
50688  6.370  -14.366  55.706 0.0000000000
49663  6.324  -15.361  54.363 0.0000000000
49684  5.775  -15.709  53.475 0.0000000000
49662  7.308  -15.309  54.422 0.0000000000
43571  11.240  -21.475  61.983 0.0000000000
41562  18.539  -23.472  57.326 0.0000000000
106410  17.823  -23.462  57.219 0.0000000000
42585  19.018  -22.515  61.664 0.0000000000
41514  19.579  -23.438  60.343 0.0000000000
41515  18.580  -23.394  60.254 0.0000000000
41538  18.604  -23.400  59.446 0.0000000000
105380  17.125  -23.443  59.520 0.0000000000
105379  16.289  -23.539  59.824 0.0000000000
41497  15.099  -23.212  61.215 0.0000000000
41498  14.343  -23.161  61.364 0.0000000000
43555  14.219  -21.825  62.380 0.0000000000
42573  12.803  -22.084  62.490 0.0000000000
44564  11.858  -21.071  61.511 0.0000000000
43570  12.191  -21.553  62.121 0.0000000000
40645  2.015  -24.823  50.743 0.0000000000
124424  2.734  -23.850  51.632 0.0000000000
41647  3.899  -23.384  53.500 0.0000000000
41646  5.119  -23.233  53.348 0.0000000000
42634  3.973  -22.588  55.862 0.0000000000
43607  5.610  -21.690  56.630 0.0000000000
42633  5.330  -22.301  55.722 0.0000000000
43614  6.714  -21.214  55.237 0.0000000000
43606  6.396  -21.009  56.138 0.0000000000
45626  6.045  -19.798  56.895 0.0000000000
110348  4.928  -18.722  56.751 0.0000000000
46634  4.733  -18.423  57.591 0.0000000000
118559  3.645  -21.742  60.118 0.0000000000
44582  3.708  -20.312  60.241 0.0000000000
113100  3.803  -19.841  60.126 0.0000000000
47629  4.073  -17.551  62.879 0.0000000000
46603  3.984  -18.176  60.819 0.0000000000
45599  4.081  -19.064  59.841 0.0000000000
113166  3.635  -16.528  59.277 0.0000000000
46617  4.057  -17.610  58.881 0.0000000000
47642  3.558  -16.785  58.594 0.0000000000
47650  3.138  -16.544  57.829 0.0000000000
50629  2.773  -14.507  59.311 0.0000000000
49619  2.737  -15.088  58.566 0.0000000000
51575  2.331  -13.683  58.973 0.0000000000
51574  2.855  -13.156  59.511 0.0000000000
41578  14.989  -23.457  56.295 0.0000000000
39609  6.256  -25.430  55.357 0.0000000000
39581  5.233  -25.313  56.961 0.0000000000
40617  1.716  -23.902  52.179 0.0000000000
40642  5.735  -24.370  49.969 0.0000000000
40659  6.639  -24.212  49.539 0.0000000000
126834  8.070  -21.845  52.185 0.0000000000
42666  8.317  -21.804  51.533 0.0000000000
42690  8.511  -22.220  49.384 0.0000000000
42678  8.424  -22.323  50.172 0.0000000000
41746  8.518  -22.904  48.781 0.0000000000
110901  8.071  -23.527  48.960 0.0000000000
41763  8.559  -23.106  47.367 0.0000000000
43668  7.620  -21.226  47.396 0.0000000000
42719  8.060  -22.225  46.218 0.0000000000
43680  7.349  -21.537  46.463 0.0000000000
43692  7.354  -22.038  45.732 0.0000000000
126730  6.864  -21.630  45.935 0.0000000000
47669  2.267  -17.442  55.432 0.0000000000
46657  2.958  -18.180  54.716 0.0000000000
46658  2.307  -17.748  54.610 0.0000000000
46685  2.461  -18.457  52.551 0.0000000000
46669  3.021  -18.579  53.235 0.0000000000
45682  3.083  -18.807  52.368 0.0000000000
45681  4.004  -19.287  52.267 0.0000000000
45701  3.185  -19.126  51.616 0.0000000000
48736  1.735  -17.375  51.012 0.0000000000
47712  1.614  -17.549  51.491 0.0000000000
107832  1.535  -17.908  51.037 0.0000000000
45742  2.885  -19.552  49.131 0.0000000000
45723  2.776  -19.458  50.135 0.0000000000
104897  3.417  -19.665  49.548 0.0000000000
45741  4.219  -19.802  49.447 0.0000000000
120822  5.279  -20.248  48.679 0.0000000000
120566  4.470  -20.035  48.693 0.0000000000
106653  3.619  -20.338  47.123 0.0000000000
115545  4.791  -20.645  47.388 0.0000000000
44763  4.288  -20.642  46.831 0.0000000000
43682  4.884  -20.936  46.098 0.0000000000
43695  4.411  -21.019  45.385 0.0000000000
43684  3.819  -20.517  45.865 0.0000000000
44773  2.937  -19.715  45.618 0.0000000000
46805  2.397  -18.535  44.333 0.0000000000
47780  2.835  -17.558  47.379 0.0000000000
47781  2.289  -17.754  47.147 0.0000000000
47800  2.730  -17.637  46.595 0.0000000000
47821  3.732  -17.501  45.075 0.0000000000
47822  2.756  -17.711  45.216 0.0000000000
47842  3.068  -17.691  44.156 0.0000000000
122093  3.453  -17.656  43.295 0.0000000000
54496  6.688  -9.536  54.657 0.0000000000
52480  7.709  -12.277  55.859 0.0000000000
52488  7.883  -11.839  55.136 0.0000000000
51620  8.708  -13.405  54.612 0.0000000000
49661  8.142  -15.141  54.273 0.0000000000
50721  8.864  -14.822  53.861 0.0000000000
53498  8.268  -11.783  51.334 0.0000000000
52506  8.653  -12.018  52.432 0.0000000000
52494  9.166  -12.863  53.069 0.0000000000
52505  9.401  -12.841  52.245 0.0000000000
49701  9.472  -15.691  52.387 0.0000000000
106564  9.700  -14.967  52.746 0.0000000000
49702  8.654  -16.036  52.882 0.0000000000
119710  8.885  -16.295  52.226 0.0000000000
48730  7.725  -16.747  51.613 0.0000000000
48729  8.622  -16.620  51.638 0.0000000000
47724  9.345  -17.280  49.704 0.0000000000
117680  8.438  -17.354  50.045 0.0000000000
47740  8.475  -17.510  49.166 0.0000000000
47759  7.479  -17.538  48.611 0.0000000000
47758  8.537  -17.598  48.227 0.0000000000
48765  10.639  -16.649  49.337 0.0000000000
43561  9.160  -21.215  63.045 0.0000000000
124646  11.064  -22.244  62.535 0.0000000000
41486  9.209  -22.885  62.225 0.0000000000
42751  4.329  -22.431  42.892 0.0000000000
43717  4.197  -21.574  43.444 0.0000000000
40563  3.523  -24.357  58.036 0.0000000000
40550  2.763  -23.971  57.673 0.0000000000
41572  2.278  -23.565  57.130 0.0000000000
110422  5.948  -19.524  55.441 0.0000000000
45638  5.110  -19.133  55.299 0.0000000000
45649  4.635  -19.072  54.452 0.0000000000
105793  4.828  -15.835  52.806 0.0000000000
48766  4.704  -16.791  49.983 0.0000000000
48750  5.287  -16.656  50.627 0.0000000000
47726  6.855  -17.256  50.151 0.0000000000
42595  4.828  -22.700  61.644 0.0000000000
43562  5.543  -21.721  62.778 0.0000000000
46591  7.098  -18.733  63.423 0.0000000000
46592  6.495  -17.966  63.286 0.0000000000
46595  7.098  -18.181  62.708 0.0000000000
105377  14.077  -23.392  59.832 0.0000000000
126088  10.776  -23.387  59.699 0.0000000000
40530  8.014  -24.184  59.156 0.0000000000
41504  7.644  -23.242  61.707 0.0000000000
50645  2.408  -14.620  58.124 0.0000000000
50660  2.338  -14.489  57.437 0.0000000000
51604  2.394  -13.949  57.357 0.0000000000
122196  2.671  -13.639  57.335 0.0000000000
51601  5.186  -12.898  57.287 0.0000000000
51613  5.156  -13.601  56.604 0.0000000000
50687  7.365  -14.137  55.564 0.0000000000
121730  18.590  -23.486  58.156 0.0000000000
41517  16.316  -23.429  60.638 0.0000000000
124588  15.575  -22.688  62.011 0.0000000000
43569  13.103  -21.483  62.079 0.0000000000
41697  2.343  -23.680  52.088 0.0000000000
43608  4.511  -22.128  57.245 0.0000000000
44635  5.981  -20.701  56.897 0.0000000000
44626  5.605  -20.231  57.626 0.0000000000
116900  3.955  -16.853  62.327 0.0000000000
111519  3.957  -17.311  60.222 0.0000000000
116633  3.168  -15.746  58.762 0.0000000000
106406  13.630  -23.476  57.014 0.0000000000
41579  14.104  -23.453  56.254 0.0000000000
39594  5.671  -25.429  56.194 0.0000000000
39596  3.540  -25.341  56.406 0.0000000000
40596  1.512  -24.522  54.420 0.0000000000
41694  5.279  -23.668  51.738 0.0000000000
41693  6.392  -23.507  51.392 0.0000000000
41692  7.384  -23.125  51.165 0.0000000000
44709  7.794  -20.586  51.596 0.0000000000
43634  8.345  -21.046  51.236 0.0000000000
121238  8.088  -20.668  50.852 0.0000000000
44720  8.357  -20.920  50.397 0.0000000000
43651  8.421  -21.531  49.210 0.0000000000
42709  8.514  -22.305  47.588 0.0000000000
43659  8.263  -21.289  48.725 0.0000000000
43660  7.807  -20.963  48.240 0.0000000000
44750  6.805  -20.778  47.889 0.0000000000
118041  1.870  -17.435  54.277 0.0000000000
46671  2.070  -17.778  53.740 0.0000000000
46686  2.083  -18.268  52.307 0.0000000000
107715  1.806  -17.978  49.714 0.0000000000
46718  1.775  -18.252  50.383 0.0000000000
45744  1.928  -18.595  49.621 0.0000000000
44743  3.106  -19.656  48.289 0.0000000000
44742  3.815  -20.056  48.071 0.0000000000
44753  3.323  -19.933  47.597 0.0000000000
44765  3.216  -20.072  47.081 0.0000000000
117301  2.569  -19.417  46.343 0.0000000000
46781  2.197  -18.608  46.204 0.0000000000
105810  4.667  -17.478  47.279 0.0000000000
110450  4.431  -17.488  45.845 0.0000000000
54505  6.757  -10.220  54.212 0.0000000000
111737  8.997  -13.098  53.899 0.0000000000
52514  9.705  -12.938  51.492 0.0000000000
116700  9.899  -13.565  52.088 0.0000000000
51639  10.238  -14.218  51.830 0.0000000000
49723  10.004  -15.611  51.586 0.0000000000
105893  9.185  -16.720  51.015 0.0000000000
48746  9.722  -16.773  50.370 0.0000000000
47739  10.099  -16.878  49.774 0.0000000000
44555  7.965  -20.070  63.636 0.0000000000
41500  12.652  -23.194  61.467 0.0000000000
53420  3.744  -11.730  58.952 0.0000000000
52451  3.363  -12.235  58.570 0.0000000000
53443  4.365  -11.497  58.549 0.0000000000
52460  5.921  -11.603  57.537 0.0000000000
53442  5.971  -10.508  57.451 0.0000000000
53455  6.434  -11.149  56.997 0.0000000000
42635  2.872  -22.707  56.104 0.0000000000
44614  4.115  -20.631  58.989 0.0000000000
46594  5.085  -18.421  63.646 0.0000000000
46596  4.340  -18.249  63.147 0.0000000000
39612  2.051  -25.039  55.744 0.0000000000
42640  6.763  -21.841  54.451 0.0000000000
42648  7.394  -22.061  53.107 0.0000000000
43624  7.305  -21.538  53.637 0.0000000000
44685  7.393  -20.872  53.452 0.0000000000
45659  6.753  -20.196  53.430 0.0000000000
44698  7.152  -20.420  52.845 0.0000000000
44710  7.171  -20.262  52.149 0.0000000000
45698  6.237  -19.970  51.674 0.0000000000
49687  2.250  -15.735  53.387 0.0000000000
48719  1.709  -16.718  52.457 0.0000000000
49708  2.137  -16.191  52.568 0.0000000000
48718  2.090  -16.644  51.863 0.0000000000
107401  2.094  -16.923  51.140 0.0000000000
118534  2.623  -16.824  50.627 0.0000000000
48753  2.124  -17.196  50.455 0.0000000000
47745  2.114  -17.500  49.757 0.0000000000
47746  2.060  -17.792  49.062 0.0000000000
105438  2.070  -17.929  47.730 0.0000000000
47763  2.258  -17.676  48.362 0.0000000000
47779  3.825  -17.439  47.721 0.0000000000
47743  4.236  -16.908  49.299 0.0000000000
105276  5.608  -17.502  47.262 0.0000000000
47778  6.398  -17.531  47.306 0.0000000000
50749  10.948  -14.336  49.856 0.0000000000
49750  10.876  -15.293  50.068 0.0000000000
50748  11.297  -14.996  49.329 0.0000000000
42740  6.562  -22.869  44.169 0.0000000000
42564  6.153  -21.795  63.180 0.0000000000
117089  6.756  -20.019  64.056 0.0000000000
47624  5.368  -17.708  63.514 0.0000000000
47627  6.274  -17.277  62.696 0.0000000000
41564  16.407  -23.608  57.979 0.0000000000
41565  15.273  -23.521  57.791 0.0000000000
106405  12.676  -23.489  57.003 0.0000000000
41568  12.169  -23.481  57.770 0.0000000000
119316  10.111  -23.499  57.577 0.0000000000
40559  7.804  -24.356  57.624 0.0000000000
40534  4.616  -24.171  59.263 0.0000000000
107295  2.889  -16.781  57.123 0.0000000000
46648  2.864  -17.634  56.005 0.0000000000
47657  2.427  -17.139  56.258 0.0000000000
47670  2.050  -17.143  55.652 0.0000000000
49643  2.244  -15.591  56.450 0.0000000000
48684  1.864  -16.758  55.362 0.0000000000
124720  1.756  -16.905  54.903 0.0000000000
48694  1.791  -16.319  54.757 0.0000000000
49688  1.937  -15.820  53.727 0.0000000000
52463  2.917  -12.722  58.209 0.0000000000
51603  3.182  -13.676  56.817 0.0000000000
50691  2.738  -14.684  55.619 0.0000000000
50709  2.340  -15.068  54.879 0.0000000000
49686  3.041  -15.557  53.411 0.0000000000
49685  3.870  -15.631  53.055 0.0000000000
116809  4.707  -15.530  53.491 0.0000000000
49704  6.608  -16.148  52.964 0.0000000000
44581  10.151  -20.542  60.946 0.0000000000
41554  18.278  -23.363  58.831 0.0000000000
41518  15.595  -23.421  60.622 0.0000000000
41499  13.486  -23.146  61.443 0.0000000000
42570  15.328  -22.226  62.317 0.0000000000
42571  14.502  -22.113  62.388 0.0000000000
41696  3.344  -23.738  51.977 0.0000000000
41695  4.182  -23.829  51.692 0.0000000000
44656  6.599  -20.410  55.581 0.0000000000
45636  6.263  -19.836  55.909 0.0000000000
45637  5.565  -19.275  56.233 0.0000000000
43578  3.673  -21.002  60.032 0.0000000000
43587  3.804  -21.129  59.298 0.0000000000
45581  3.940  -18.788  61.847 0.0000000000
45586  3.893  -18.937  61.176 0.0000000000
46616  4.604  -18.488  58.533 0.0000000000
114074  2.236  -13.904  58.464 0.0000000000
51563  3.211  -13.727  60.265 0.0000000000
52443  3.650  -12.770  60.222 0.0000000000
52449  3.398  -12.145  59.353 0.0000000000
53419  4.166  -11.304  59.374 0.0000000000
41597  15.707  -23.507  55.679 0.0000000000
41598  14.634  -23.470  55.515 0.0000000000
39610  5.076  -25.555  55.448 0.0000000000
40643  4.754  -24.437  50.242 0.0000000000
42656  7.586  -22.263  52.476 0.0000000000
115505  8.473  -21.743  50.746 0.0000000000
125540  8.199  -22.793  50.288 0.0000000000
41732  7.515  -23.646  49.689 0.0000000000
124769  7.320  -24.021  49.087 0.0000000000
40673  7.618  -24.104  48.486 0.0000000000
42718  8.435  -22.580  46.782 0.0000000000
42730  6.006  -21.998  44.675 0.0000000000
108012  2.574  -18.205  53.953 0.0000000000
45699  5.164  -19.832  51.475 0.0000000000
45720  5.576  -19.875  50.800 0.0000000000
116735  1.616  -17.333  52.126 0.0000000000
46703  1.692  -17.981  51.787 0.0000000000
45724  2.194  -18.915  50.332 0.0000000000
105980  2.613  -19.010  50.982 0.0000000000
105345  3.420  -19.479  50.905 0.0000000000
45721  4.883  -19.817  50.092 0.0000000000
44723  6.035  -19.996  49.942 0.0000000000
105247  6.045  -20.233  49.076 0.0000000000
106519  5.935  -20.495  48.347 0.0000000000
44751  5.683  -20.719  47.609 0.0000000000
43681  6.109  -21.287  46.146 0.0000000000
43694  5.419  -21.416  45.375 0.0000000000
43707  4.351  -21.247  44.386 0.0000000000
43708  3.878  -20.937  44.180 0.0000000000
108329  2.026  -18.259  47.052 0.0000000000
47801  2.251  -17.944  46.423 0.0000000000
47823  2.298  -17.995  45.607 0.0000000000
47861  2.489  -18.043  43.764 0.0000000000
55475  6.259  -9.044  56.572 0.0000000000
53454  6.583  -10.752  56.370 0.0000000000
52471  7.157  -11.895  56.488 0.0000000000
51599  7.511  -12.574  56.232 0.0000000000
52479  8.285  -12.790  55.283 0.0000000000
50686  8.197  -13.765  55.226 0.0000000000
50704  7.768  -14.673  54.905 0.0000000000
49682  7.700  -15.604  53.852 0.0000000000
49703  7.682  -16.145  53.171 0.0000000000
51626  9.356  -13.599  53.458 0.0000000000
50730  9.901  -14.309  52.513 0.0000000000
50720  9.486  -14.390  53.282 0.0000000000
48715  7.214  -16.473  52.332 0.0000000000
48748  7.253  -17.098  50.902 0.0000000000
47725  7.705  -17.313  50.333 0.0000000000
47777  7.093  -17.580  47.041 0.0000000000
122081  10.052  -17.234  49.144 0.0000000000
105343  8.638  -17.605  47.368 0.0000000000
47796  7.218  -17.535  46.216 0.0000000000
41716  7.786  -23.197  50.381 0.0000000000
42655  8.157  -21.216  52.052 0.0000000000
42667  8.155  -22.545  50.891 0.0000000000
42729  7.006  -22.403  45.000 0.0000000000
43642  8.488  -21.471  49.992 0.0000000000
43679  8.189  -21.829  47.019 0.0000000000
44721  7.479  -20.343  50.833 0.0000000000
44731  7.618  -20.509  49.505 0.0000000000
44764  3.692  -20.393  46.587 0.0000000000
47761  5.598  -17.383  48.510 0.0000000000
47841  4.222  -17.483  44.305 0.0000000000
49667  2.133  -15.506  54.218 0.0000000000
52452  2.718  -12.686  58.444 0.0000000000
105660  8.610  -22.817  48.064 0.0000000000
107055  4.488  -19.758  50.856 0.0000000000
108950  1.654  -17.001  54.421 0.0000000000
113053  2.435  -19.144  45.667 0.0000000000
121901  7.243  -24.640  48.147 0.0000000000
122659  1.547  -16.703  53.140 0.0000000000
123874  8.084  -20.882  51.878 0.0000000000
126207  1.990  -18.414  51.777 0.0000000000
