#!ascii label  , from subject sub-v2s10x28989_ses-1 vox2ras=TkReg
1353
132295  -42.627  -34.061  76.639 0.0000000000
42202  -31.285  -38.872  90.648 0.0000000000
124638  -50.311  -23.554  66.709 0.0000000000
48925  -35.768  -32.581  66.495 0.0000000000
55004  -44.301  -26.065  72.202 0.0000000000
42261  -37.947  -39.629  83.487 0.0000000000
40511  -28.537  -40.883  82.617 0.0000000000
44508  -30.909  -36.989  73.140 0.0000000000
46525  -22.387  -34.620  88.744 0.0000000000
129172  -56.120  -16.115  66.066 0.0000000000
41367  -23.516  -39.547  86.345 0.0000000000
47855  -39.427  -33.494  71.714 0.0000000000
51894  -40.499  -29.220  69.616 0.0000000000
51843  -43.931  -29.809  74.548 0.0000000000
43326  -41.460  -37.349  80.002 0.0000000000
42356  -35.281  -38.465  78.172 0.0000000000
44514  -37.250  -36.143  74.005 0.0000000000
46821  -33.181  -34.850  69.254 0.0000000000
64536  -52.543  -16.687  63.114 0.0000000000
44335  -27.193  -36.479  90.185 0.0000000000
44403  -26.036  -36.919  83.781 0.0000000000
40464  -28.168  -40.036  87.366 0.0000000000
57204  -46.763  -24.308  69.425 0.0000000000
42235  -34.949  -39.535  87.173 0.0000000000
40465  -30.909  -41.332  87.515 0.0000000000
126666  -32.774  -38.758  82.843 0.0000000000
129265  -30.022  -38.006  78.422 0.0000000000
46559  -18.737  -34.607  87.018 0.0000000000
57108  -49.854  -23.982  75.604 0.0000000000
135740  -52.736  -23.765  72.086 0.0000000000
63338  -53.421  -16.934  70.817 0.0000000000
60228  -55.290  -21.619  67.859 0.0000000000
133227  -55.489  -21.713  64.873 0.0000000000
45549  -21.356  -35.631  81.776 0.0000000000
38551  -27.502  -43.246  85.976 0.0000000000
47824  -41.023  -33.376  73.924 0.0000000000
49873  -41.360  -31.482  72.723 0.0000000000
49829  -42.935  -32.055  75.312 0.0000000000
45607  -42.428  -35.539  78.110 0.0000000000
44474  -38.597  -36.779  76.269 0.0000000000
127395  -40.086  -35.057  74.866 0.0000000000
46803  -38.062  -34.958  72.215 0.0000000000
57277  -50.500  -24.726  65.688 0.0000000000
57260  -52.824  -24.354  66.423 0.0000000000
43196  -29.109  -37.607  91.070 0.0000000000
43227  -28.500  -37.719  87.438 0.0000000000
42217  -29.700  -39.364  88.893 0.0000000000
50942  -36.888  -30.919  65.123 0.0000000000
53989  -42.551  -27.644  71.334 0.0000000000
54028  -41.225  -27.661  68.468 0.0000000000
55021  -43.332  -26.360  70.343 0.0000000000
56128  -45.114  -24.907  68.804 0.0000000000
57162  -46.022  -24.647  71.560 0.0000000000
41379  -35.979  -40.056  85.441 0.0000000000
41391  -34.232  -40.087  85.381 0.0000000000
40512  -35.513  -40.535  83.341 0.0000000000
43375  -33.174  -37.614  75.636 0.0000000000
125846  -31.985  -38.241  78.424 0.0000000000
43353  -30.440  -37.706  76.166 0.0000000000
46846  -34.259  -34.082  67.980 0.0000000000
57121  -51.847  -24.306  74.137 0.0000000000
62324  -54.897  -19.491  69.372 0.0000000000
62357  -55.729  -19.844  67.058 0.0000000000
60244  -56.160  -21.799  66.494 0.0000000000
62395  -56.093  -20.009  65.245 0.0000000000
63443  -51.749  -18.817  63.274 0.0000000000
46523  -20.637  -34.105  88.181 0.0000000000
45466  -20.530  -35.195  84.787 0.0000000000
46585  -22.322  -34.564  85.335 0.0000000000
42253  -24.805  -38.698  84.249 0.0000000000
43285  -24.030  -37.653  81.788 0.0000000000
41404  -22.789  -39.602  83.553 0.0000000000
40491  -29.606  -40.874  84.697 0.0000000000
37538  -29.354  -44.190  86.792 0.0000000000
38577  -28.679  -43.179  83.629 0.0000000000
47876  -37.383  -33.309  68.739 0.0000000000
49913  -38.280  -31.452  67.790 0.0000000000
49890  -39.550  -31.889  70.483 0.0000000000
50890  -41.987  -29.932  72.405 0.0000000000
52877  -43.581  -28.352  73.040 0.0000000000
124084  -39.992  -39.323  81.663 0.0000000000
41455  -36.440  -39.809  80.755 0.0000000000
42359  -38.156  -38.286  78.950 0.0000000000
43378  -36.133  -37.378  75.796 0.0000000000
44511  -33.622  -36.751  73.459 0.0000000000
45664  -32.341  -35.880  71.274 0.0000000000
146124  -35.134  -35.637  71.670 0.0000000000
46814  -35.989  -34.730  70.169 0.0000000000
64519  -55.059  -16.786  64.161 0.0000000000
67470  -52.679  -13.974  65.266 0.0000000000
136749  -25.147  -35.598  89.344 0.0000000000
144139  -24.282  -35.184  86.134 0.0000000000
44355  -26.784  -36.206  87.056 0.0000000000
42256  -27.254  -38.051  84.861 0.0000000000
41350  -25.119  -39.803  87.362 0.0000000000
51929  -39.163  -29.332  66.685 0.0000000000
57240  -46.531  -24.346  67.703 0.0000000000
58271  -48.673  -23.627  68.282 0.0000000000
42209  -33.310  -38.757  89.283 0.0000000000
40433  -31.430  -40.943  89.118 0.0000000000
41356  -32.773  -40.116  87.201 0.0000000000
42244  -31.669  -38.956  85.276 0.0000000000
42288  -30.263  -38.295  82.633 0.0000000000
41452  -34.007  -39.288  80.958 0.0000000000
42320  -31.746  -38.348  80.646 0.0000000000
42319  -29.006  -38.259  80.608 0.0000000000
49789  -44.835  -31.403  78.272 0.0000000000
44337  -32.256  -35.717  90.225 0.0000000000
44367  -35.235  -36.463  86.763 0.0000000000
44391  -37.194  -37.290  84.646 0.0000000000
145764  -44.125  -29.231  76.808 0.0000000000
52827  -45.537  -27.631  75.970 0.0000000000
125216  -45.889  -26.079  75.823 0.0000000000
57096  -47.529  -24.383  77.339 0.0000000000
123232  -46.631  -24.569  74.405 0.0000000000
57147  -48.643  -24.411  72.376 0.0000000000
57187  -49.761  -24.110  70.803 0.0000000000
58258  -50.784  -23.429  69.600 0.0000000000
61229  -54.122  -20.194  71.470 0.0000000000
59234  -53.969  -22.109  70.262 0.0000000000
59262  -53.090  -22.501  67.835 0.0000000000
58304  -54.597  -23.384  66.779 0.0000000000
131174  -53.933  -19.615  64.240 0.0000000000
145587  -19.547  -36.926  85.217 0.0000000000
43329  -20.071  -37.688  78.626 0.0000000000
145447  -23.932  -35.611  82.577 0.0000000000
137236  -22.722  -37.252  80.002 0.0000000000
39543  -29.876  -43.003  89.302 0.0000000000
39530  -27.141  -42.187  89.204 0.0000000000
39539  -24.551  -40.757  87.777 0.0000000000
39566  -25.154  -41.891  85.954 0.0000000000
47811  -41.986  -33.373  75.147 0.0000000000
48844  -42.304  -32.522  74.861 0.0000000000
48829  -42.590  -32.878  75.627 0.0000000000
45624  -42.322  -34.746  76.976 0.0000000000
45622  -40.917  -35.356  76.362 0.0000000000
45628  -41.263  -34.807  75.921 0.0000000000
146905  -40.375  -34.617  74.588 0.0000000000
58300  -49.474  -23.680  66.496 0.0000000000
58312  -50.163  -24.099  66.015 0.0000000000
57259  -51.693  -24.399  66.179 0.0000000000
58301  -50.987  -23.873  66.364 0.0000000000
42200  -29.813  -38.439  90.520 0.0000000000
42206  -29.895  -39.033  89.961 0.0000000000
42207  -30.461  -39.464  90.256 0.0000000000
146377  -34.602  -32.250  65.632 0.0000000000
48939  -36.160  -32.063  66.038 0.0000000000
53990  -43.152  -27.127  71.710 0.0000000000
54000  -42.849  -26.899  70.862 0.0000000000
55012  -44.008  -26.019  71.367 0.0000000000
56097  -44.302  -25.593  70.663 0.0000000000
56083  -44.617  -25.496  71.434 0.0000000000
42260  -36.842  -39.218  84.515 0.0000000000
40492  -35.829  -40.469  84.548 0.0000000000
40503  -36.525  -40.667  83.329 0.0000000000
43389  -32.206  -37.412  74.658 0.0000000000
124292  -31.865  -37.739  76.172 0.0000000000
43387  -30.594  -37.429  74.405 0.0000000000
148180  -30.080  -37.519  74.864 0.0000000000
131024  -34.819  -33.601  67.443 0.0000000000
47881  -32.776  -33.632  67.034 0.0000000000
48923  -33.909  -32.590  65.930 0.0000000000
63367  -55.276  -18.428  68.303 0.0000000000
63398  -55.804  -18.789  66.592 0.0000000000
62358  -56.131  -19.869  66.163 0.0000000000
63414  -56.009  -18.038  65.320 0.0000000000
46524  -21.593  -34.315  88.402 0.0000000000
46562  -21.440  -34.275  86.309 0.0000000000
46542  -22.180  -34.380  86.729 0.0000000000
41386  -23.884  -39.126  85.334 0.0000000000
41405  -23.389  -39.086  83.567 0.0000000000
41385  -22.684  -39.926  84.678 0.0000000000
125044  -22.126  -40.619  84.801 0.0000000000
40489  -22.552  -40.301  85.758 0.0000000000
41407  -28.916  -40.589  83.318 0.0000000000
38578  -29.181  -43.118  84.272 0.0000000000
39579  -28.650  -42.491  83.127 0.0000000000
47870  -38.187  -33.304  69.852 0.0000000000
48907  -38.450  -32.729  69.543 0.0000000000
48895  -39.339  -32.595  70.724 0.0000000000
50863  -42.624  -30.639  73.650 0.0000000000
50878  -41.627  -30.676  72.540 0.0000000000
144209  -42.560  -29.765  72.863 0.0000000000
52876  -42.864  -28.660  72.513 0.0000000000
52867  -43.830  -28.990  73.637 0.0000000000
131607  -40.330  -38.677  81.048 0.0000000000
122589  -38.803  -38.922  80.313 0.0000000000
134232  -39.404  -37.683  78.902 0.0000000000
145030  -37.961  -36.399  74.973 0.0000000000
43379  -36.982  -37.252  75.932 0.0000000000
44487  -36.662  -36.882  75.125 0.0000000000
43392  -35.073  -37.198  74.967 0.0000000000
44512  -35.147  -36.536  73.615 0.0000000000
44529  -34.157  -36.347  72.774 0.0000000000
44531  -36.121  -35.948  72.880 0.0000000000
46810  -38.498  -34.390  71.767 0.0000000000
46808  -37.133  -34.759  71.192 0.0000000000
46817  -38.215  -34.114  70.992 0.0000000000
47868  -36.852  -33.831  69.097 0.0000000000
140726  -25.635  -35.786  89.871 0.0000000000
45418  -25.387  -35.604  88.262 0.0000000000
44344  -26.897  -36.231  87.889 0.0000000000
42223  -28.647  -38.560  87.152 0.0000000000
43239  -28.202  -37.755  86.613 0.0000000000
42233  -27.876  -38.881  86.089 0.0000000000
41370  -26.842  -39.173  85.896 0.0000000000
41351  -26.393  -39.809  87.180 0.0000000000
50920  -39.261  -30.374  68.785 0.0000000000
51916  -38.681  -30.113  67.069 0.0000000000
51906  -39.563  -29.567  68.389 0.0000000000
54035  -41.668  -27.115  67.718 0.0000000000
54034  -40.623  -27.853  67.015 0.0000000000
55051  -41.809  -26.902  66.879 0.0000000000
57203  -45.874  -24.595  69.287 0.0000000000
57219  -45.824  -24.609  68.271 0.0000000000
57220  -46.553  -24.341  68.614 0.0000000000
57241  -47.200  -24.067  68.090 0.0000000000
58255  -48.312  -23.830  69.258 0.0000000000
42225  -34.215  -39.153  88.420 0.0000000000
41327  -32.946  -40.290  88.703 0.0000000000
41357  -33.808  -40.109  87.463 0.0000000000
42275  -33.381  -39.222  83.590 0.0000000000
42245  -32.541  -39.242  85.457 0.0000000000
42274  -32.467  -38.690  83.725 0.0000000000
42257  -31.039  -38.625  84.455 0.0000000000
42289  -31.190  -38.234  82.610 0.0000000000
41465  -35.868  -39.291  79.942 0.0000000000
41454  -35.643  -39.754  80.795 0.0000000000
42337  -34.385  -38.830  79.278 0.0000000000
142498  -31.282  -38.094  78.315 0.0000000000
124094  -32.122  -38.370  79.063 0.0000000000
42333  -30.815  -38.087  79.475 0.0000000000
123367  -30.031  -38.078  80.185 0.0000000000
135005  -32.709  -35.619  70.736 0.0000000000
44378  -36.418  -36.877  85.332 0.0000000000
43277  -41.173  -37.339  82.507 0.0000000000
50797  -44.285  -30.809  77.430 0.0000000000
125803  -45.369  -27.225  76.744 0.0000000000
53912  -45.763  -26.782  76.766 0.0000000000
53943  -45.624  -27.365  75.849 0.0000000000
53913  -46.062  -26.363  76.914 0.0000000000
57098  -49.181  -23.664  76.545 0.0000000000
57116  -46.856  -24.588  75.437 0.0000000000
57118  -48.381  -24.230  74.891 0.0000000000
57130  -47.484  -24.349  73.787 0.0000000000
57131  -49.059  -24.337  74.170 0.0000000000
57134  -52.841  -23.854  72.929 0.0000000000
57149  -50.833  -24.458  72.480 0.0000000000
58218  -51.800  -23.975  71.412 0.0000000000
126203  -50.269  -23.772  70.211 0.0000000000
58238  -51.974  -23.589  70.667 0.0000000000
63328  -54.003  -17.675  71.379 0.0000000000
137677  -55.131  -20.892  68.911 0.0000000000
133449  -54.480  -21.119  70.256 0.0000000000
59243  -54.498  -21.630  69.409 0.0000000000
141958  -53.257  -22.472  69.383 0.0000000000
59263  -54.025  -22.388  67.742 0.0000000000
59272  -53.477  -22.700  67.291 0.0000000000
59264  -54.921  -22.227  67.463 0.0000000000
133004  -56.302  -21.996  65.659 0.0000000000
59276  -56.408  -22.329  66.055 0.0000000000
59284  -56.222  -22.772  65.624 0.0000000000
64517  -53.380  -16.829  63.401 0.0000000000
63445  -54.371  -18.296  63.878 0.0000000000
141367  -53.535  -17.824  63.478 0.0000000000
45508  -20.970  -35.506  83.406 0.0000000000
44387  -19.991  -36.459  84.028 0.0000000000
127859  -20.252  -36.334  82.676 0.0000000000
43310  -19.791  -37.070  80.471 0.0000000000
44436  -20.480  -36.531  80.551 0.0000000000
45469  -25.252  -35.653  85.201 0.0000000000
122742  -24.080  -35.296  84.267 0.0000000000
45512  -25.230  -36.138  83.654 0.0000000000
42317  -23.220  -37.599  80.726 0.0000000000
125710  -20.441  -41.886  81.218 0.0000000000
126754  -31.220  -41.310  88.456 0.0000000000
40432  -30.646  -41.538  89.292 0.0000000000
39559  -30.676  -42.523  88.094 0.0000000000
37551  -28.337  -43.886  86.644 0.0000000000
38535  -28.035  -43.377  88.892 0.0000000000
38543  -27.433  -42.975  87.226 0.0000000000
39540  -25.902  -41.311  88.482 0.0000000000
39557  -25.750  -41.815  86.854 0.0000000000
39565  -24.196  -41.893  86.708 0.0000000000
47843  -40.313  -33.406  72.730 0.0000000000
48869  -40.577  -32.723  72.465 0.0000000000
48856  -41.390  -32.602  73.639 0.0000000000
49860  -42.308  -31.360  73.878 0.0000000000
50846  -43.543  -30.480  74.793 0.0000000000
132906  -41.608  -36.364  78.706 0.0000000000
44464  -40.157  -36.798  78.050 0.0000000000
130343  -40.361  -36.290  77.361 0.0000000000
44490  -39.166  -36.208  75.667 0.0000000000
45638  -38.726  -35.619  74.087 0.0000000000
45656  -37.591  -35.447  72.729 0.0000000000
45650  -39.010  -35.018  73.413 0.0000000000
46805  -39.514  -34.358  72.947 0.0000000000
126553  -53.951  -24.720  66.566 0.0000000000
134123  -27.911  -36.772  90.828 0.0000000000
44346  -28.134  -37.019  88.912 0.0000000000
43218  -28.702  -37.563  89.757 0.0000000000
43228  -29.087  -38.411  88.055 0.0000000000
137687  -28.950  -39.418  87.520 0.0000000000
52894  -41.410  -28.593  70.544 0.0000000000
52907  -40.655  -28.599  69.092 0.0000000000
53998  -41.697  -27.904  70.094 0.0000000000
55035  -42.597  -26.717  69.072 0.0000000000
55048  -43.166  -26.201  68.546 0.0000000000
56126  -43.758  -25.711  68.019 0.0000000000
56115  -44.483  -25.315  69.290 0.0000000000
56116  -45.064  -24.910  69.680 0.0000000000
57184  -46.295  -24.507  70.114 0.0000000000
42236  -35.367  -39.624  86.535 0.0000000000
41359  -35.056  -39.992  86.596 0.0000000000
41378  -35.555  -40.074  85.849 0.0000000000
41392  -34.886  -40.392  84.826 0.0000000000
143170  -34.140  -39.727  83.409 0.0000000000
42394  -33.914  -38.038  76.963 0.0000000000
42354  -33.776  -38.527  78.501 0.0000000000
42393  -33.066  -37.979  77.020 0.0000000000
43337  -31.148  -37.823  76.848 0.0000000000
43336  -30.135  -37.872  77.005 0.0000000000
43335  -29.240  -37.939  77.044 0.0000000000
43352  -29.616  -37.775  76.300 0.0000000000
46833  -33.704  -34.477  68.593 0.0000000000
46844  -32.335  -34.186  67.721 0.0000000000
58163  -51.118  -23.386  75.974 0.0000000000
58183  -51.304  -24.170  74.987 0.0000000000
58175  -51.998  -23.531  75.161 0.0000000000
59196  -53.049  -23.237  73.840 0.0000000000
59197  -53.373  -22.543  73.367 0.0000000000
64442  -54.538  -16.419  69.915 0.0000000000
63340  -54.390  -17.908  70.683 0.0000000000
63352  -55.013  -18.553  69.073 0.0000000000
62331  -55.204  -19.595  68.663 0.0000000000
61262  -55.680  -20.593  67.628 0.0000000000
60238  -55.772  -21.285  67.208 0.0000000000
61269  -56.003  -20.617  66.771 0.0000000000
61285  -56.319  -20.727  65.602 0.0000000000
61303  -56.088  -20.729  65.144 0.0000000000
66572  -51.603  -15.667  62.869 0.0000000000
64516  -52.328  -18.031  63.174 0.0000000000
64534  -50.848  -17.012  62.488 0.0000000000
46540  -19.393  -34.245  87.204 0.0000000000
46560  -19.311  -34.668  86.466 0.0000000000
46561  -20.040  -34.399  86.345 0.0000000000
46602  -20.975  -34.696  85.076 0.0000000000
46621  -22.004  -34.859  83.922 0.0000000000
42270  -26.113  -37.896  83.854 0.0000000000
43287  -25.167  -36.920  82.668 0.0000000000
42268  -24.683  -38.300  83.203 0.0000000000
41426  -23.124  -39.034  82.758 0.0000000000
40522  -22.141  -39.864  82.096 0.0000000000
39585  -21.180  -41.263  82.674 0.0000000000
40497  -21.695  -40.743  83.194 0.0000000000
40477  -29.961  -41.415  85.552 0.0000000000
39558  -30.246  -43.178  87.209 0.0000000000
39567  -29.979  -42.758  85.867 0.0000000000
37553  -29.143  -44.133  85.565 0.0000000000
128335  -28.410  -43.963  85.444 0.0000000000
47884  -36.515  -33.267  67.848 0.0000000000
48927  -37.196  -32.164  67.022 0.0000000000
48920  -38.022  -32.170  68.063 0.0000000000
49908  -38.961  -31.208  69.087 0.0000000000
50914  -39.622  -30.666  69.666 0.0000000000
49881  -40.431  -31.663  71.563 0.0000000000
50888  -40.616  -30.857  71.296 0.0000000000
51878  -41.203  -29.406  71.008 0.0000000000
52887  -42.311  -28.534  71.781 0.0000000000
52888  -42.957  -27.926  72.189 0.0000000000
124871  -44.162  -26.848  72.875 0.0000000000
41415  -39.104  -39.882  82.507 0.0000000000
40515  -37.671  -40.772  82.272 0.0000000000
41457  -38.658  -39.646  81.207 0.0000000000
41466  -36.814  -39.230  79.895 0.0000000000
42357  -36.538  -38.499  78.507 0.0000000000
43341  -38.613  -37.390  77.688 0.0000000000
43339  -36.718  -37.911  77.274 0.0000000000
42377  -35.363  -38.136  77.343 0.0000000000
43376  -34.505  -37.476  75.498 0.0000000000
43390  -33.717  -37.410  74.991 0.0000000000
44510  -32.726  -36.870  73.373 0.0000000000
44526  -31.420  -36.658  72.526 0.0000000000
44528  -33.231  -36.467  72.675 0.0000000000
45665  -33.141  -35.796  71.260 0.0000000000
131666  -33.954  -35.364  70.459 0.0000000000
45655  -36.323  -35.515  72.064 0.0000000000
45685  -35.878  -35.036  70.811 0.0000000000
45698  -34.390  -35.080  70.021 0.0000000000
46835  -35.481  -34.308  68.893 0.0000000000
47875  -36.142  -33.815  68.433 0.0000000000
133783  -55.731  -16.664  64.694 0.0000000000
66540  -54.135  -14.923  65.501 0.0000000000
66560  -53.750  -15.299  64.457 0.0000000000
66559  -53.001  -15.192  64.091 0.0000000000
67487  -51.745  -13.789  63.612 0.0000000000
68489  -50.950  -13.465  62.714 0.0000000000
45416  -23.815  -35.135  88.706 0.0000000000
45431  -23.783  -35.037  87.528 0.0000000000
139174  -24.564  -35.317  87.905 0.0000000000
45448  -25.429  -35.598  86.651 0.0000000000
44375  -26.426  -36.362  85.450 0.0000000000
44356  -27.500  -36.591  87.415 0.0000000000
44376  -27.356  -36.913  85.738 0.0000000000
43259  -26.909  -37.501  84.621 0.0000000000
42255  -26.690  -38.122  84.457 0.0000000000
41387  -25.002  -39.011  85.509 0.0000000000
41368  -24.049  -39.350  86.531 0.0000000000
49920  -37.493  -31.518  66.627 0.0000000000
50944  -38.090  -30.272  65.748 0.0000000000
52920  -40.558  -28.276  68.367 0.0000000000
58298  -48.111  -23.781  66.835 0.0000000000
145605  -49.189  -23.499  67.755 0.0000000000
42208  -32.000  -39.358  90.267 0.0000000000
41313  -31.524  -40.330  90.013 0.0000000000
41314  -32.386  -40.160  89.470 0.0000000000
40449  -32.473  -40.526  88.452 0.0000000000
41355  -31.754  -40.005  86.874 0.0000000000
41375  -33.172  -39.815  86.439 0.0000000000
41374  -32.166  -39.495  86.171 0.0000000000
123853  -31.300  -39.454  85.922 0.0000000000
41389  -30.478  -39.157  84.789 0.0000000000
41409  -29.929  -38.984  84.063 0.0000000000
41428  -29.021  -38.947  82.795 0.0000000000
40525  -36.403  -40.727  82.282 0.0000000000
41440  -34.788  -39.803  81.705 0.0000000000
41439  -33.910  -39.324  81.842 0.0000000000
42336  -33.489  -38.720  79.408 0.0000000000
135850  -32.578  -38.637  80.698 0.0000000000
42306  -32.351  -38.543  81.347 0.0000000000
42304  -30.442  -38.183  81.860 0.0000000000
42303  -29.471  -38.446  82.194 0.0000000000
44543  -31.002  -36.356  71.744 0.0000000000
47767  -44.067  -33.620  77.912 0.0000000000
48815  -44.179  -32.266  77.344 0.0000000000
129591  -19.773  -34.034  89.314 0.0000000000
46508  -22.461  -34.823  90.021 0.0000000000
45390  -23.613  -35.146  90.880 0.0000000000
45404  -25.053  -35.596  90.350 0.0000000000
43191  -28.531  -36.873  91.421 0.0000000000
43192  -29.173  -36.905  91.451 0.0000000000
129553  -30.685  -36.971  90.861 0.0000000000
42203  -31.853  -38.094  90.438 0.0000000000
43220  -33.035  -37.487  89.379 0.0000000000
136580  -33.684  -38.111  88.736 0.0000000000
43229  -34.243  -38.298  88.167 0.0000000000
44358  -34.168  -36.914  87.775 0.0000000000
43240  -35.124  -38.810  86.905 0.0000000000
43241  -35.511  -38.768  86.245 0.0000000000
43251  -36.547  -38.239  84.810 0.0000000000
43262  -37.795  -37.863  84.186 0.0000000000
43274  -39.143  -38.291  83.392 0.0000000000
43276  -40.455  -37.920  82.748 0.0000000000
42292  -40.967  -38.292  81.948 0.0000000000
145184  -43.341  -34.932  78.188 0.0000000000
49815  -44.030  -31.555  76.885 0.0000000000
147504  -43.966  -30.658  76.289 0.0000000000
122718  -44.439  -29.475  75.647 0.0000000000
53911  -44.543  -27.815  76.912 0.0000000000
52841  -44.980  -28.728  75.876 0.0000000000
51833  -45.091  -28.777  75.323 0.0000000000
52855  -45.435  -28.234  75.201 0.0000000000
123060  -45.442  -27.076  74.711 0.0000000000
54994  -45.117  -26.263  74.019 0.0000000000
56054  -46.445  -25.296  76.123 0.0000000000
56061  -46.153  -25.209  75.209 0.0000000000
56067  -45.465  -25.471  73.866 0.0000000000
57144  -46.200  -24.632  72.492 0.0000000000
57163  -46.819  -24.480  71.687 0.0000000000
57185  -47.373  -24.353  71.041 0.0000000000
137310  -50.404  -24.517  73.260 0.0000000000
57165  -49.129  -24.288  71.479 0.0000000000
57206  -48.083  -24.062  70.142 0.0000000000
58237  -49.433  -23.825  69.988 0.0000000000
58257  -49.940  -23.553  69.332 0.0000000000
58273  -50.558  -23.281  68.696 0.0000000000
61214  -53.489  -20.111  72.794 0.0000000000
60182  -53.825  -22.065  72.035 0.0000000000
61238  -54.476  -20.311  70.608 0.0000000000
60211  -54.157  -21.652  70.721 0.0000000000
142563  -53.580  -22.663  71.151 0.0000000000
59242  -52.557  -22.883  69.777 0.0000000000
58274  -52.111  -22.746  68.972 0.0000000000
58288  -51.579  -23.085  67.393 0.0000000000
58289  -52.637  -22.934  67.134 0.0000000000
124913  -53.766  -23.862  66.681 0.0000000000
125731  -55.025  -24.453  66.755 0.0000000000
59275  -56.099  -22.558  66.428 0.0000000000
143219  -56.078  -23.286  66.420 0.0000000000
57261  -56.026  -24.643  66.565 0.0000000000
63427  -55.813  -18.208  64.852 0.0000000000
62394  -55.599  -19.268  64.708 0.0000000000
60270  -55.042  -20.979  64.665 0.0000000000
63444  -52.720  -18.735  63.539 0.0000000000
61299  -53.158  -20.276  64.327 0.0000000000
60269  -54.701  -21.826  64.781 0.0000000000
44373  -19.755  -36.300  85.123 0.0000000000
45467  -23.732  -34.990  85.732 0.0000000000
45509  -22.839  -34.946  83.629 0.0000000000
127080  -22.247  -35.311  82.139 0.0000000000
43299  -24.108  -36.612  81.691 0.0000000000
143707  -23.186  -35.971  81.068 0.0000000000
44438  -21.933  -36.246  80.127 0.0000000000
43322  -21.353  -37.386  79.039 0.0000000000
41325  -30.774  -40.821  89.342 0.0000000000
40446  -29.837  -41.135  89.102 0.0000000000
40445  -28.270  -41.092  88.447 0.0000000000
38536  -29.503  -43.820  88.661 0.0000000000
38528  -27.988  -42.842  89.399 0.0000000000
40444  -27.101  -41.055  88.662 0.0000000000
40462  -26.312  -40.594  88.306 0.0000000000
40442  -24.834  -40.355  87.788 0.0000000000
40461  -23.947  -40.252  87.566 0.0000000000
141768  -27.836  -43.608  83.564 0.0000000000
38562  -27.427  -43.400  84.864 0.0000000000
38550  -26.376  -42.485  85.549 0.0000000000
39556  -24.673  -41.436  87.212 0.0000000000
134019  -23.672  -41.080  87.507 0.0000000000
40460  -23.230  -40.475  87.230 0.0000000000
47795  -42.295  -33.730  75.908 0.0000000000
48813  -42.955  -33.255  76.356 0.0000000000
46759  -41.983  -34.476  76.240 0.0000000000
46773  -41.629  -34.154  75.491 0.0000000000
140095  -51.057  -23.413  66.870 0.0000000000
42201  -30.516  -38.797  90.646 0.0000000000
48924  -34.893  -32.636  66.264 0.0000000000
48938  -35.357  -32.188  65.804 0.0000000000
55003  -43.736  -26.624  72.001 0.0000000000
55011  -43.448  -26.471  71.179 0.0000000000
56074  -44.931  -25.424  72.375 0.0000000000
41395  -37.168  -39.919  83.955 0.0000000000
41412  -36.791  -40.431  83.699 0.0000000000
41413  -37.534  -40.338  83.253 0.0000000000
140864  -31.764  -37.296  74.062 0.0000000000
43388  -31.340  -37.438  74.597 0.0000000000
47897  -35.323  -33.098  66.950 0.0000000000
47896  -34.373  -33.132  66.727 0.0000000000
64479  -55.864  -16.775  66.352 0.0000000000
141875  -55.692  -17.623  66.715 0.0000000000
63413  -55.895  -17.871  65.973 0.0000000000
64489  -56.091  -16.966  65.614 0.0000000000
127941  -22.279  -34.442  87.695 0.0000000000
40490  -23.119  -39.617  85.597 0.0000000000
40499  -28.797  -41.679  83.183 0.0000000000
47864  -38.503  -33.554  70.610 0.0000000000
48894  -38.738  -32.968  70.303 0.0000000000
47865  -39.113  -33.256  70.996 0.0000000000
50864  -43.270  -30.237  74.095 0.0000000000
50879  -42.293  -30.343  73.010 0.0000000000
50880  -42.920  -29.981  73.421 0.0000000000
51855  -43.583  -29.591  73.848 0.0000000000
43313  -40.962  -37.984  80.571 0.0000000000
143115  -40.262  -38.127  80.202 0.0000000000
43325  -40.597  -37.570  79.690 0.0000000000
44502  -37.368  -36.478  74.700 0.0000000000
125205  -36.753  -36.486  74.425 0.0000000000
124056  -35.594  -36.567  74.031 0.0000000000
44513  -36.358  -36.275  73.788 0.0000000000
127273  -35.663  -36.325  73.432 0.0000000000
47854  -38.841  -33.833  71.343 0.0000000000
47863  -37.880  -33.818  70.243 0.0000000000
45405  -26.303  -36.069  89.940 0.0000000000
126154  -25.912  -35.888  89.061 0.0000000000
44334  -26.825  -36.211  88.941 0.0000000000
41353  -28.338  -39.315  86.857 0.0000000000
41352  -27.566  -39.470  86.562 0.0000000000
40463  -27.411  -40.310  87.658 0.0000000000
51893  -39.854  -29.773  69.204 0.0000000000
55047  -42.440  -26.627  68.158 0.0000000000
57221  -47.159  -24.120  68.845 0.0000000000
57205  -47.545  -24.073  69.428 0.0000000000
42226  -34.542  -39.396  87.856 0.0000000000
41340  -33.879  -39.906  88.212 0.0000000000
41358  -34.481  -39.858  87.301 0.0000000000
42273  -31.550  -38.429  83.628 0.0000000000
135721  -32.012  -38.427  82.990 0.0000000000
42338  -35.302  -38.853  79.080 0.0000000000
42355  -34.634  -38.609  78.541 0.0000000000
42351  -30.696  -38.036  78.686 0.0000000000
123594  -29.955  -38.025  79.181 0.0000000000
45696  -32.696  -35.330  69.971 0.0000000000
58172  -50.071  -23.521  76.291 0.0000000000
58161  -49.752  -23.194  77.013 0.0000000000
57107  -48.760  -24.079  75.698 0.0000000000
126307  -49.215  -24.229  75.027 0.0000000000
143740  -48.148  -24.330  74.173 0.0000000000
57119  -49.988  -24.376  74.721 0.0000000000
141676  -51.966  -24.262  72.528 0.0000000000
58219  -52.618  -23.536  71.242 0.0000000000
63339  -53.728  -17.060  71.206 0.0000000000
63327  -53.418  -17.633  71.649 0.0000000000
131982  -55.008  -21.370  68.741 0.0000000000
59253  -54.615  -21.930  68.454 0.0000000000
60255  -56.006  -22.032  65.157 0.0000000000
59295  -55.408  -22.499  65.032 0.0000000000
147921  -52.712  -17.355  63.188 0.0000000000
45444  -18.897  -35.235  86.448 0.0000000000
45528  -20.792  -35.820  82.643 0.0000000000
44412  -20.483  -36.187  81.951 0.0000000000
44421  -20.121  -36.636  81.303 0.0000000000
44422  -20.848  -36.107  81.067 0.0000000000
44388  -25.743  -36.460  84.019 0.0000000000
45491  -25.267  -35.869  84.338 0.0000000000
39607  -20.813  -40.987  80.780 0.0000000000
40447  -30.821  -42.003  88.844 0.0000000000
38533  -26.401  -41.991  87.919 0.0000000000
38542  -26.717  -42.424  86.656 0.0000000000
47823  -40.492  -33.719  73.404 0.0000000000
48855  -40.872  -33.053  73.133 0.0000000000
48857  -41.985  -32.146  74.129 0.0000000000
49843  -42.619  -31.701  74.591 0.0000000000
49861  -42.934  -30.926  74.341 0.0000000000
49844  -43.198  -31.221  75.064 0.0000000000
44465  -41.751  -35.871  78.066 0.0000000000
132625  -40.939  -36.374  78.125 0.0000000000
45617  -41.158  -35.726  77.222 0.0000000000
45627  -40.575  -35.162  75.643 0.0000000000
45621  -40.355  -35.574  76.085 0.0000000000
45626  -39.913  -35.599  75.549 0.0000000000
44489  -38.605  -36.117  74.893 0.0000000000
45625  -39.361  -35.651  74.851 0.0000000000
45639  -39.491  -35.127  74.173 0.0000000000
47809  -40.582  -34.156  74.205 0.0000000000
46794  -40.058  -34.265  73.556 0.0000000000
148541  -40.052  -33.927  72.990 0.0000000000
57276  -49.724  -24.745  65.471 0.0000000000
43195  -28.530  -37.258  90.947 0.0000000000
43219  -29.332  -38.318  89.238 0.0000000000
42224  -29.237  -39.065  87.869 0.0000000000
41337  -29.502  -39.970  88.340 0.0000000000
49939  -36.088  -31.046  64.755 0.0000000000
52895  -41.966  -28.120  70.918 0.0000000000
53999  -42.307  -27.430  70.456 0.0000000000
55020  -42.723  -26.803  69.966 0.0000000000
55036  -43.269  -26.263  69.458 0.0000000000
56114  -43.840  -25.753  68.936 0.0000000000
56096  -43.932  -25.788  69.908 0.0000000000
56098  -44.984  -25.022  70.587 0.0000000000
57183  -45.781  -24.696  70.775 0.0000000000
125759  -45.581  -24.709  70.087 0.0000000000
42246  -35.772  -39.588  85.898 0.0000000000
40502  -35.976  -40.626  83.798 0.0000000000
40501  -35.455  -40.512  84.273 0.0000000000
41411  -34.816  -40.284  83.816 0.0000000000
41430  -34.668  -39.965  82.731 0.0000000000
43355  -33.483  -37.770  76.325 0.0000000000
43354  -32.694  -37.769  76.280 0.0000000000
125983  -31.150  -37.660  75.977 0.0000000000
43371  -29.900  -37.629  75.542 0.0000000000
46832  -32.786  -34.526  68.495 0.0000000000
46845  -33.289  -34.116  67.838 0.0000000000
59167  -51.204  -22.598  76.314 0.0000000000
143978  -51.524  -23.289  75.709 0.0000000000
60164  -52.697  -21.285  74.700 0.0000000000
138827  -52.747  -22.325  74.770 0.0000000000
135568  -53.094  -22.358  74.195 0.0000000000
64470  -54.773  -16.128  68.242 0.0000000000
64458  -54.832  -16.366  69.168 0.0000000000
64459  -55.119  -17.005  69.289 0.0000000000
137723  -55.549  -19.019  67.459 0.0000000000
62343  -55.501  -19.755  67.938 0.0000000000
61255  -55.402  -20.472  68.398 0.0000000000
62377  -56.144  -19.645  65.615 0.0000000000
128740  -56.268  -20.197  65.746 0.0000000000
66571  -50.784  -15.357  62.498 0.0000000000
65643  -50.882  -16.171  62.492 0.0000000000
47623  -19.821  -34.016  87.938 0.0000000000
123950  -20.312  -34.096  87.196 0.0000000000
46584  -21.529  -34.465  85.539 0.0000000000
46603  -21.737  -34.675  84.747 0.0000000000
42269  -25.486  -38.061  83.512 0.0000000000
41425  -22.583  -39.553  82.620 0.0000000000
40510  -22.217  -40.150  82.895 0.0000000000
40498  -22.245  -40.344  83.830 0.0000000000
140972  -21.796  -40.893  84.015 0.0000000000
39574  -29.536  -42.296  84.652 0.0000000000
38564  -29.461  -43.462  85.141 0.0000000000
38563  -28.955  -43.680  84.550 0.0000000000
37568  -28.638  -43.880  84.806 0.0000000000
47885  -37.142  -33.004  68.093 0.0000000000
48913  -37.693  -32.760  68.415 0.0000000000
48908  -38.972  -32.302  70.043 0.0000000000
49901  -38.700  -32.015  69.300 0.0000000000
49902  -39.245  -31.557  69.818 0.0000000000
50897  -39.729  -31.218  70.287 0.0000000000
49872  -40.792  -31.960  72.243 0.0000000000
48882  -40.227  -32.418  71.807 0.0000000000
50889  -41.271  -30.212  71.740 0.0000000000
50899  -40.778  -30.160  70.997 0.0000000000
51873  -41.797  -29.349  71.787 0.0000000000
53979  -43.610  -27.419  72.541 0.0000000000
53980  -44.199  -27.692  73.373 0.0000000000
42290  -39.702  -39.544  82.265 0.0000000000
40516  -38.541  -40.496  81.922 0.0000000000
41444  -39.411  -39.867  81.803 0.0000000000
140495  -38.252  -38.691  79.659 0.0000000000
41456  -37.838  -39.287  80.361 0.0000000000
42340  -37.538  -38.754  79.394 0.0000000000
122855  -36.876  -38.725  79.092 0.0000000000
42358  -37.372  -38.313  78.521 0.0000000000
44469  -39.532  -36.789  77.357 0.0000000000
43342  -39.430  -37.290  78.220 0.0000000000
44468  -38.840  -36.954  76.936 0.0000000000
43358  -37.275  -37.506  76.715 0.0000000000
43357  -36.456  -37.651  76.539 0.0000000000
43338  -36.040  -37.958  77.088 0.0000000000
126128  -35.565  -37.762  76.476 0.0000000000
135522  -34.877  -37.678  76.139 0.0000000000
43377  -35.327  -37.451  75.659 0.0000000000
43405  -34.038  -37.005  74.202 0.0000000000
43391  -34.446  -37.217  74.770 0.0000000000
43404  -33.083  -37.191  74.216 0.0000000000
44527  -32.318  -36.595  72.619 0.0000000000
45653  -34.699  -35.915  72.166 0.0000000000
44546  -33.769  -35.969  71.920 0.0000000000
45666  -34.532  -35.654  71.427 0.0000000000
124123  -33.883  -35.622  71.058 0.0000000000
138996  -36.854  -35.589  72.565 0.0000000000
45669  -37.187  -35.148  71.933 0.0000000000
46815  -36.671  -34.638  70.538 0.0000000000
45684  -35.232  -35.002  70.248 0.0000000000
46824  -35.709  -34.562  69.588 0.0000000000
46823  -34.928  -34.710  69.456 0.0000000000
47869  -37.603  -33.582  69.460 0.0000000000
137661  -36.844  -33.456  68.423 0.0000000000
66539  -53.305  -14.616  65.218 0.0000000000
67488  -52.738  -14.447  64.518 0.0000000000
147499  -52.299  -13.463  64.466 0.0000000000
67497  -51.500  -14.817  63.132 0.0000000000
141523  -51.587  -13.011  63.452 0.0000000000
45403  -24.275  -35.359  89.855 0.0000000000
45417  -24.637  -35.401  88.789 0.0000000000
45433  -25.962  -35.806  87.352 0.0000000000
45449  -26.202  -35.989  86.427 0.0000000000
132220  -25.687  -35.787  85.845 0.0000000000
43226  -28.130  -37.038  87.854 0.0000000000
43238  -27.997  -37.124  86.985 0.0000000000
42243  -27.574  -38.279  85.560 0.0000000000
43249  -27.733  -37.684  85.930 0.0000000000
43260  -27.348  -37.558  85.227 0.0000000000
44390  -27.051  -36.943  84.996 0.0000000000
41369  -25.753  -39.292  86.293 0.0000000000
42241  -26.285  -38.782  85.164 0.0000000000
127115  -24.719  -39.443  86.705 0.0000000000
49912  -37.773  -31.828  67.363 0.0000000000
50931  -38.260  -30.431  66.426 0.0000000000
51928  -38.604  -29.822  66.197 0.0000000000
52921  -40.971  -28.108  68.996 0.0000000000
54044  -40.605  -27.734  66.331 0.0000000000
56127  -44.450  -25.315  68.406 0.0000000000
57239  -45.827  -24.620  67.300 0.0000000000
57256  -47.294  -24.043  67.016 0.0000000000
58284  -47.964  -23.781  67.665 0.0000000000
58285  -48.805  -23.573  67.201 0.0000000000
41315  -32.778  -39.307  89.600 0.0000000000
41339  -33.145  -40.317  88.079 0.0000000000
41338  -32.247  -40.466  87.837 0.0000000000
41376  -34.362  -40.131  86.536 0.0000000000
41390  -33.437  -39.713  85.720 0.0000000000
145981  -30.960  -39.019  85.226 0.0000000000
41373  -30.526  -39.731  85.537 0.0000000000
42272  -30.592  -38.397  83.419 0.0000000000
42271  -29.693  -38.612  83.108 0.0000000000
41408  -29.176  -39.445  83.396 0.0000000000
41442  -37.063  -40.381  81.426 0.0000000000
40526  -37.060  -40.872  82.021 0.0000000000
41441  -36.308  -40.380  81.593 0.0000000000
41453  -34.841  -39.581  80.843 0.0000000000
141441  -35.542  -40.102  81.558 0.0000000000
145067  -33.181  -38.351  78.189 0.0000000000
42353  -32.823  -38.453  78.706 0.0000000000
42334  -31.740  -38.311  79.712 0.0000000000
42321  -32.386  -38.531  80.168 0.0000000000
42305  -31.420  -38.261  81.581 0.0000000000
124378  -30.715  -38.144  80.939 0.0000000000
124646  -29.712  -38.167  81.220 0.0000000000
42302  -28.806  -38.558  81.462 0.0000000000
42287  -28.641  -39.075  82.192 0.0000000000
44544  -31.903  -36.305  71.869 0.0000000000
122111  -18.637  -34.004  89.296 0.0000000000
45376  -23.038  -34.734  91.545 0.0000000000
44322  -28.038  -36.703  91.410 0.0000000000
43199  -32.416  -37.079  90.030 0.0000000000
44357  -33.719  -36.707  88.464 0.0000000000
44359  -34.915  -35.434  87.994 0.0000000000
44366  -34.678  -37.368  87.036 0.0000000000
144772  -35.149  -37.793  86.452 0.0000000000
44377  -35.562  -37.343  85.916 0.0000000000
43261  -37.152  -38.288  84.412 0.0000000000
43263  -38.660  -37.490  83.991 0.0000000000
43275  -39.819  -37.931  83.203 0.0000000000
147434  -39.707  -38.948  82.755 0.0000000000
43289  -41.863  -37.289  81.905 0.0000000000
43300  -41.530  -37.715  81.694 0.0000000000
46738  -43.522  -34.395  77.874 0.0000000000
123054  -44.813  -32.126  78.220 0.0000000000
49801  -44.380  -31.540  77.505 0.0000000000
51808  -44.092  -29.903  77.231 0.0000000000
50813  -44.024  -30.201  76.450 0.0000000000
50830  -43.974  -30.332  75.858 0.0000000000
51821  -44.310  -29.334  76.330 0.0000000000
138770  -45.521  -27.362  76.331 0.0000000000
53927  -45.175  -27.774  76.427 0.0000000000
52826  -45.311  -28.027  76.090 0.0000000000
52842  -45.384  -28.188  75.669 0.0000000000
52854  -44.996  -28.718  74.734 0.0000000000
54984  -45.716  -26.950  75.494 0.0000000000
53956  -45.580  -27.653  75.273 0.0000000000
54983  -45.651  -26.044  74.832 0.0000000000
57092  -48.247  -23.795  77.950 0.0000000000
56047  -46.668  -25.365  77.034 0.0000000000
56060  -45.933  -25.084  74.323 0.0000000000
146793  -46.271  -24.721  73.892 0.0000000000
56075  -45.463  -25.074  72.966 0.0000000000
127922  -46.718  -24.490  73.315 0.0000000000
57146  -47.660  -24.402  72.831 0.0000000000
57145  -47.024  -24.465  72.409 0.0000000000
57164  -47.739  -24.401  71.844 0.0000000000
147043  -51.576  -24.267  74.556 0.0000000000
57120  -50.965  -24.434  74.297 0.0000000000
57166  -50.209  -24.361  71.642 0.0000000000
57186  -48.886  -24.042  70.550 0.0000000000
58256  -48.754  -23.871  69.830 0.0000000000
61228  -53.705  -19.750  72.195 0.0000000000
132351  -53.919  -21.032  72.003 0.0000000000
62323  -54.594  -19.292  70.197 0.0000000000
147524  -54.361  -21.512  70.058 0.0000000000
60210  -53.854  -22.167  71.215 0.0000000000
59233  -53.233  -22.747  70.364 0.0000000000
59251  -52.823  -22.526  68.524 0.0000000000
59261  -52.203  -22.699  68.020 0.0000000000
123395  -51.351  -23.019  68.294 0.0000000000
59273  -54.279  -22.733  67.120 0.0000000000
58303  -53.572  -23.138  66.865 0.0000000000
59265  -55.613  -22.012  67.002 0.0000000000
58306  -56.391  -23.319  66.098 0.0000000000
133880  -55.646  -23.754  66.587 0.0000000000
64501  -56.112  -17.197  64.936 0.0000000000
64500  -55.468  -17.463  64.437 0.0000000000
63426  -55.141  -18.299  64.309 0.0000000000
62393  -54.674  -19.000  64.201 0.0000000000
61301  -54.933  -19.940  64.459 0.0000000000
140445  -54.163  -21.263  64.656 0.0000000000
46582  -19.681  -34.867  85.872 0.0000000000
45465  -19.975  -35.383  85.281 0.0000000000
44400  -19.872  -36.714  83.161 0.0000000000
43258  -19.511  -37.214  83.733 0.0000000000
43296  -19.032  -37.829  81.829 0.0000000000
43320  -19.923  -37.315  79.376 0.0000000000
43319  -19.178  -37.721  79.927 0.0000000000
42327  -19.317  -37.910  78.932 0.0000000000
42368  -19.744  -38.903  77.758 0.0000000000
45446  -23.709  -34.968  86.573 0.0000000000
45510  -23.849  -35.332  83.438 0.0000000000
46605  -23.392  -35.005  84.338 0.0000000000
136725  -23.107  -35.242  82.591 0.0000000000
42286  -24.378  -37.893  82.397 0.0000000000
43286  -24.535  -37.166  82.086 0.0000000000
42316  -22.712  -38.130  80.209 0.0000000000
43312  -23.287  -36.968  80.623 0.0000000000
145157  -22.959  -36.795  80.339 0.0000000000
45570  -22.523  -35.886  80.748 0.0000000000
141807  -22.179  -36.764  79.742 0.0000000000
44454  -21.420  -36.774  79.529 0.0000000000
43323  -21.982  -37.354  79.385 0.0000000000
39594  -20.678  -41.868  82.223 0.0000000000
41326  -31.191  -40.722  89.561 0.0000000000
41312  -30.810  -40.324  90.015 0.0000000000
131755  -30.398  -42.214  89.375 0.0000000000
127219  -29.407  -41.796  89.136 0.0000000000
38544  -29.827  -43.934  87.589 0.0000000000
38527  -27.413  -42.638  89.102 0.0000000000
142538  -28.670  -43.578  89.035 0.0000000000
39541  -27.496  -41.911  89.175 0.0000000000
40431  -26.515  -41.465  88.776 0.0000000000
135561  -25.217  -40.814  88.136 0.0000000000
41349  -24.249  -39.751  87.317 0.0000000000
37578  -27.145  -43.439  83.122 0.0000000000
37566  -27.265  -43.434  83.905 0.0000000000
38560  -25.567  -42.369  84.696 0.0000000000
39564  -23.281  -41.849  87.191 0.0000000000
39555  -22.845  -41.296  87.214 0.0000000000
47810  -41.291  -33.785  74.705 0.0000000000
48843  -41.646  -32.959  74.410 0.0000000000
45618  -42.025  -35.338  77.430 0.0000000000
45623  -41.625  -35.088  76.671 0.0000000000
46772  -40.825  -34.543  75.072 0.0000000000
58299  -48.667  -23.815  66.300 0.0000000000
58311  -49.268  -24.128  65.806 0.0000000000
57258  -50.909  -24.424  65.959 0.0000000000
58302  -51.928  -23.602  66.639 0.0000000000
43207  -29.267  -38.053  90.452 0.0000000000
41311  -30.359  -40.064  89.742 0.0000000000
49930  -36.517  -31.496  65.576 0.0000000000
55022  -43.789  -26.019  70.693 0.0000000000
56084  -45.284  -24.972  71.467 0.0000000000
42247  -36.252  -39.452  85.205 0.0000000000
41393  -35.892  -40.297  85.048 0.0000000000
41394  -36.408  -40.124  84.648 0.0000000000
40493  -36.183  -40.461  84.204 0.0000000000
40513  -36.202  -40.776  82.958 0.0000000000
127007  -32.917  -37.486  74.984 0.0000000000
43374  -32.410  -37.599  75.514 0.0000000000
43373  -31.611  -37.568  75.369 0.0000000000
43372  -30.727  -37.559  75.278 0.0000000000
43386  -29.857  -37.393  74.212 0.0000000000
47882  -33.823  -33.612  67.271 0.0000000000
124685  -33.417  -33.165  66.523 0.0000000000
123880  -55.143  -16.413  68.382 0.0000000000
64460  -55.344  -17.114  68.256 0.0000000000
63386  -55.482  -17.959  67.443 0.0000000000
63399  -56.035  -18.925  65.737 0.0000000000
129158  -56.004  -19.039  65.258 0.0000000000
46541  -21.325  -34.175  87.265 0.0000000000
46563  -22.078  -34.384  85.990 0.0000000000
41406  -23.958  -38.892  83.977 0.0000000000
128732  -23.289  -39.332  84.490 0.0000000000
39573  -22.018  -41.006  85.807 0.0000000000
40500  -29.221  -41.398  83.885 0.0000000000
39580  -29.054  -42.446  83.732 0.0000000000
47877  -37.955  -33.085  69.090 0.0000000000
49874  -41.951  -31.020  73.223 0.0000000000
51866  -42.423  -29.250  72.423 0.0000000000
51867  -43.119  -29.246  73.096 0.0000000000
52868  -44.435  -28.426  73.974 0.0000000000
42324  -39.514  -39.193  81.093 0.0000000000
42341  -39.614  -38.508  80.249 0.0000000000
140846  -38.965  -38.255  79.421 0.0000000000
43331  -38.762  -37.785  78.569 0.0000000000
128950  -38.280  -36.563  75.549 0.0000000000
44473  -37.799  -37.050  76.115 0.0000000000
44488  -37.512  -36.776  75.399 0.0000000000
43393  -35.790  -37.085  75.112 0.0000000000
140078  -35.479  -36.871  74.581 0.0000000000
44500  -34.889  -36.859  74.240 0.0000000000
134096  -34.497  -36.635  73.526 0.0000000000
44530  -35.124  -36.264  72.918 0.0000000000
45654  -35.522  -35.780  72.204 0.0000000000
46809  -37.788  -34.623  71.457 0.0000000000
46816  -37.501  -34.340  70.709 0.0000000000
46826  -37.193  -34.113  69.928 0.0000000000
46825  -36.444  -34.365  69.716 0.0000000000
45419  -26.245  -35.941  88.157 0.0000000000
144831  -26.469  -36.031  87.597 0.0000000000
42234  -28.102  -38.414  86.279 0.0000000000
42242  -27.106  -38.533  85.176 0.0000000000
41371  -27.414  -38.858  85.798 0.0000000000
50919  -38.716  -30.945  68.304 0.0000000000
50923  -38.552  -30.763  67.611 0.0000000000
50924  -38.993  -30.172  67.956 0.0000000000
51917  -39.338  -29.448  67.539 0.0000000000
54029  -41.919  -27.184  68.714 0.0000000000
54027  -40.891  -27.712  67.667 0.0000000000
137942  -41.196  -27.371  66.844 0.0000000000
58270  -47.792  -23.882  68.610 0.0000000000
42218  -33.793  -39.253  88.750 0.0000000000
41328  -33.286  -39.722  89.020 0.0000000000
41410  -34.123  -39.832  84.287 0.0000000000
42259  -33.134  -39.277  84.687 0.0000000000
42258  -32.056  -38.676  84.574 0.0000000000
41464  -35.009  -39.245  80.001 0.0000000000
42323  -34.151  -39.074  80.130 0.0000000000
42352  -31.441  -38.188  78.941 0.0000000000
123366  -31.013  -38.143  80.183 0.0000000000
44347  -32.827  -36.086  89.632 0.0000000000
45420  -33.361  -35.047  89.765 0.0000000000
44368  -36.094  -35.964  86.456 0.0000000000
125925  -40.823  -36.815  83.224 0.0000000000
50763  -45.113  -30.348  79.123 0.0000000000
50779  -44.631  -30.614  78.240 0.0000000000
51793  -44.375  -29.801  78.257 0.0000000000
52814  -44.028  -29.172  77.382 0.0000000000
54948  -45.716  -26.605  77.202 0.0000000000
53942  -45.525  -27.825  75.611 0.0000000000
53928  -45.647  -27.050  76.365 0.0000000000
54975  -45.786  -26.740  76.224 0.0000000000
131829  -46.102  -26.035  76.533 0.0000000000
58151  -49.386  -22.812  77.765 0.0000000000
58160  -49.001  -23.367  77.489 0.0000000000
144235  -48.432  -23.823  77.180 0.0000000000
57097  -48.103  -24.116  76.480 0.0000000000
57106  -47.741  -24.280  75.620 0.0000000000
57117  -47.461  -24.308  74.736 0.0000000000
130724  -48.392  -24.390  73.396 0.0000000000
57133  -52.310  -24.187  73.497 0.0000000000
138858  -51.452  -24.441  73.383 0.0000000000
57167  -51.111  -24.284  71.817 0.0000000000
58217  -50.707  -24.078  71.054 0.0000000000
129726  -51.182  -23.686  70.467 0.0000000000
58259  -51.734  -23.237  69.838 0.0000000000
63312  -53.001  -18.010  72.339 0.0000000000
62307  -53.688  -18.558  71.958 0.0000000000
61246  -55.127  -20.315  68.991 0.0000000000
61245  -54.795  -20.487  69.673 0.0000000000
139566  -54.731  -21.184  69.510 0.0000000000
59252  -54.113  -22.060  69.270 0.0000000000
143875  -53.693  -22.285  68.526 0.0000000000
60245  -56.450  -21.443  65.984 0.0000000000
64518  -54.242  -16.900  63.694 0.0000000000
135125  -54.667  -17.609  63.887 0.0000000000
62410  -53.724  -18.795  63.833 0.0000000000
62408  -51.063  -19.674  63.256 0.0000000000
62409  -52.061  -19.551  63.629 0.0000000000
142090  -19.432  -36.688  85.696 0.0000000000
45487  -20.131  -35.898  84.629 0.0000000000
44401  -20.379  -36.075  83.330 0.0000000000
44411  -19.821  -36.834  82.255 0.0000000000
43297  -19.518  -37.260  81.522 0.0000000000
45447  -24.960  -35.416  86.025 0.0000000000
45468  -24.456  -35.286  85.460 0.0000000000
45490  -24.610  -35.452  84.685 0.0000000000
45511  -24.666  -35.654  83.860 0.0000000000
144280  -24.725  -36.125  82.910 0.0000000000
42285  -23.565  -38.375  81.989 0.0000000000
138621  -23.564  -37.837  81.364 0.0000000000
42329  -22.218  -37.959  79.448 0.0000000000
40534  -20.809  -40.745  79.804 0.0000000000
40448  -31.722  -40.884  88.501 0.0000000000
122892  -31.067  -41.350  88.922 0.0000000000
39544  -30.498  -42.719  88.967 0.0000000000
37537  -28.888  -44.217  87.305 0.0000000000
37530  -29.338  -44.207  87.785 0.0000000000
37528  -28.176  -43.651  87.860 0.0000000000
38534  -27.374  -42.766  88.471 0.0000000000
38526  -26.705  -42.032  88.900 0.0000000000
126112  -25.359  -41.231  87.872 0.0000000000
38559  -24.601  -42.325  85.221 0.0000000000
47856  -39.991  -33.110  72.089 0.0000000000
48870  -41.148  -32.294  72.900 0.0000000000
49859  -41.686  -31.810  73.406 0.0000000000
44455  -41.011  -36.881  79.056 0.0000000000
43332  -40.132  -37.267  78.834 0.0000000000
147398  -40.555  -36.821  78.501 0.0000000000
139733  -39.909  -36.270  76.822 0.0000000000
44476  -40.436  -35.846  76.671 0.0000000000
44475  -39.855  -35.979  76.219 0.0000000000
129384  -39.330  -36.504  76.532 0.0000000000
44503  -38.008  -36.138  74.330 0.0000000000
45649  -37.024  -35.842  73.251 0.0000000000
44515  -37.945  -35.727  73.532 0.0000000000
146401  -38.519  -35.415  73.495 0.0000000000
45657  -38.345  -35.251  72.968 0.0000000000
46780  -40.035  -34.659  74.182 0.0000000000
46793  -39.625  -34.684  73.660 0.0000000000
46804  -38.776  -34.683  72.564 0.0000000000
46811  -39.136  -34.073  72.127 0.0000000000
56175  -51.267  -25.165  65.786 0.0000000000
146301  -27.544  -36.614  89.256 0.0000000000
43206  -27.986  -36.989  90.092 0.0000000000
129438  -28.698  -37.644  88.467 0.0000000000
41336  -28.924  -40.377  87.991 0.0000000000
51895  -40.914  -29.038  70.277 0.0000000000
52908  -41.070  -28.431  69.708 0.0000000000
54014  -41.486  -27.745  69.270 0.0000000000
54015  -42.125  -27.298  69.590 0.0000000000
55053  -43.077  -26.160  67.629 0.0000000000
135702  -44.542  -25.301  70.019 0.0000000000
123442  -47.193  -24.285  70.235 0.0000000000
41377  -35.040  -40.306  85.815 0.0000000000
40479  -35.500  -40.366  85.127 0.0000000000
41429  -33.649  -39.305  82.703 0.0000000000
42376  -34.458  -38.306  77.713 0.0000000000
42375  -33.504  -38.237  77.703 0.0000000000
127807  -32.622  -38.185  77.823 0.0000000000
42392  -32.171  -37.917  76.985 0.0000000000
42374  -31.640  -38.053  77.707 0.0000000000
42373  -30.657  -37.984  77.826 0.0000000000
42372  -29.668  -38.016  77.787 0.0000000000
43351  -28.728  -37.856  76.315 0.0000000000
46820  -32.278  -34.902  69.167 0.0000000000
46831  -31.883  -34.592  68.386 0.0000000000
46843  -31.436  -34.300  67.628 0.0000000000
47880  -31.798  -33.817  67.006 0.0000000000
58162  -50.527  -23.110  76.561 0.0000000000
58173  -50.756  -23.772  75.709 0.0000000000
57109  -50.645  -24.225  75.101 0.0000000000
58184  -51.917  -24.067  74.686 0.0000000000
59178  -52.472  -22.938  75.018 0.0000000000
58185  -52.524  -23.646  74.401 0.0000000000
58191  -52.346  -24.079  74.090 0.0000000000
58192  -52.770  -23.806  73.636 0.0000000000
59207  -53.204  -23.339  73.110 0.0000000000
58202  -53.268  -23.271  72.428 0.0000000000
64421  -54.096  -16.591  70.658 0.0000000000
64422  -54.193  -17.041  70.942 0.0000000000
64443  -54.578  -16.972  70.302 0.0000000000
63351  -54.761  -18.171  69.827 0.0000000000
60229  -55.469  -21.090  68.176 0.0000000000
146836  -56.204  -21.184  66.496 0.0000000000
61270  -56.344  -20.688  66.113 0.0000000000
60256  -56.216  -21.356  65.384 0.0000000000
60271  -55.859  -21.198  64.941 0.0000000000
65644  -51.698  -16.486  62.769 0.0000000000
64535  -51.804  -17.369  62.858 0.0000000000
63460  -51.433  -18.189  62.932 0.0000000000
46583  -20.319  -34.764  85.537 0.0000000000
142803  -20.759  -34.201  86.559 0.0000000000
123768  -20.794  -34.438  85.869 0.0000000000
140300  -21.181  -35.078  84.201 0.0000000000
141799  -21.580  -35.168  83.474 0.0000000000
45529  -21.507  -35.374  82.742 0.0000000000
43272  -25.706  -37.327  83.412 0.0000000000
44402  -25.481  -36.686  83.356 0.0000000000
43271  -25.093  -37.548  82.803 0.0000000000
42267  -23.850  -38.601  82.960 0.0000000000
127650  -22.684  -39.115  81.801 0.0000000000
40509  -21.622  -40.527  82.212 0.0000000000
39578  -21.364  -41.372  83.616 0.0000000000
40478  -30.418  -40.711  86.181 0.0000000000
39568  -30.393  -41.895  86.718 0.0000000000
38552  -29.714  -43.784  86.332 0.0000000000
37552  -28.899  -44.235  86.311 0.0000000000
48917  -36.154  -32.945  67.185 0.0000000000
48926  -36.530  -32.406  66.748 0.0000000000
48918  -36.859  -32.723  67.433 0.0000000000
48919  -37.458  -32.460  67.724 0.0000000000
48914  -38.217  -32.463  68.801 0.0000000000
49907  -38.480  -31.738  68.537 0.0000000000
50915  -40.195  -30.010  69.867 0.0000000000
48881  -39.681  -32.860  71.391 0.0000000000
48896  -39.895  -32.158  71.132 0.0000000000
49891  -40.064  -31.398  70.887 0.0000000000
49882  -40.961  -31.119  72.055 0.0000000000
50898  -40.232  -30.584  70.493 0.0000000000
51877  -40.635  -29.742  70.381 0.0000000000
142448  -41.729  -28.798  71.219 0.0000000000
41414  -38.301  -40.130  82.852 0.0000000000
41432  -37.817  -40.546  82.660 0.0000000000
41433  -38.463  -40.431  82.295 0.0000000000
41443  -37.803  -40.087  81.338 0.0000000000
133774  -37.153  -39.767  80.761 0.0000000000
42339  -36.191  -38.860  79.171 0.0000000000
133023  -35.872  -38.597  78.545 0.0000000000
147059  -38.079  -37.888  78.271 0.0000000000
43359  -38.112  -37.250  76.884 0.0000000000
43340  -37.569  -37.778  77.608 0.0000000000
42379  -36.862  -38.177  77.932 0.0000000000
42378  -36.094  -38.255  77.834 0.0000000000
42395  -34.736  -37.955  76.813 0.0000000000
43356  -34.225  -37.733  76.255 0.0000000000
131336  -33.823  -37.586  75.745 0.0000000000
43403  -32.317  -37.186  73.921 0.0000000000
44509  -31.803  -37.004  73.351 0.0000000000
44545  -32.788  -36.189  71.938 0.0000000000
45682  -33.335  -35.493  70.573 0.0000000000
45697  -33.599  -35.175  69.922 0.0000000000
130783  -35.751  -35.419  71.518 0.0000000000
45668  -36.489  -35.086  71.341 0.0000000000
45667  -35.178  -35.386  71.048 0.0000000000
45683  -34.533  -35.375  70.705 0.0000000000
46822  -34.065  -34.782  69.327 0.0000000000
46834  -34.627  -34.411  68.723 0.0000000000
46836  -36.148  -34.202  69.119 0.0000000000
47874  -35.205  -33.978  68.170 0.0000000000
47883  -35.730  -33.489  67.650 0.0000000000
65612  -56.022  -16.150  65.396 0.0000000000
66526  -55.437  -15.427  65.673 0.0000000000
65611  -55.244  -15.892  64.843 0.0000000000
65610  -54.469  -15.502  64.704 0.0000000000
65629  -54.624  -16.233  64.153 0.0000000000
65628  -54.000  -16.104  63.834 0.0000000000
65627  -53.209  -16.011  63.582 0.0000000000
66573  -52.411  -15.886  63.238 0.0000000000
68467  -52.495  -13.309  65.050 0.0000000000
67469  -52.468  -13.873  64.556 0.0000000000
146950  -52.172  -14.397  63.852 0.0000000000
67496  -50.728  -14.384  62.521 0.0000000000
131431  -50.316  -13.756  62.098 0.0000000000
139851  -23.012  -34.934  89.065 0.0000000000
46526  -23.061  -34.785  88.108 0.0000000000
45432  -24.558  -35.283  86.879 0.0000000000
147077  -25.186  -35.496  87.396 0.0000000000
140523  -25.800  -35.972  85.319 0.0000000000
44389  -26.430  -36.817  84.442 0.0000000000
44345  -27.529  -36.565  88.329 0.0000000000
44365  -27.432  -36.706  86.597 0.0000000000
144978  -27.748  -37.232  86.361 0.0000000000
44364  -26.870  -36.412  86.235 0.0000000000
43273  -26.339  -37.434  84.071 0.0000000000
42254  -25.819  -38.470  84.333 0.0000000000
49919  -36.856  -31.830  66.324 0.0000000000
49931  -37.178  -31.243  65.873 0.0000000000
49921  -38.155  -31.048  66.987 0.0000000000
50930  -37.764  -30.857  66.190 0.0000000000
50943  -37.516  -30.642  65.423 0.0000000000
51907  -40.178  -29.032  68.773 0.0000000000
51918  -39.872  -28.825  67.985 0.0000000000
52932  -39.728  -28.783  67.131 0.0000000000
52933  -40.302  -28.272  67.488 0.0000000000
56140  -45.105  -24.919  67.874 0.0000000000
58286  -49.659  -23.451  67.298 0.0000000000
41304  -31.059  -39.671  90.462 0.0000000000
40422  -31.697  -40.629  89.381 0.0000000000
40434  -32.148  -40.685  88.967 0.0000000000
40466  -31.460  -40.718  87.635 0.0000000000
41354  -30.935  -40.189  86.620 0.0000000000
41372  -30.013  -40.412  85.347 0.0000000000
41388  -29.907  -39.791  84.765 0.0000000000
127086  -29.330  -40.138  84.061 0.0000000000
41427  -28.698  -39.788  82.763 0.0000000000
40504  -37.199  -40.700  82.917 0.0000000000
40514  -36.876  -40.820  82.590 0.0000000000
41431  -35.617  -40.428  82.365 0.0000000000
131944  -33.031  -38.797  81.986 0.0000000000
42322  -33.211  -38.815  80.281 0.0000000000
42335  -32.628  -38.549  79.551 0.0000000000
42307  -33.192  -38.898  81.149 0.0000000000
132186  -32.131  -38.424  82.202 0.0000000000
126731  -28.301  -40.037  82.099 0.0000000000
45695  -31.385  -34.938  69.024 0.0000000000
47766  -43.377  -33.647  77.168 0.0000000000
48814  -43.608  -32.765  76.787 0.0000000000
48798  -43.989  -33.039  77.436 0.0000000000
47622  -19.056  -34.057  88.203 0.0000000000
125428  -20.989  -34.254  89.360 0.0000000000
132981  -21.800  -34.520  89.409 0.0000000000
46509  -23.346  -35.091  89.896 0.0000000000
45391  -24.388  -35.355  90.993 0.0000000000
130788  -25.762  -35.842  90.651 0.0000000000
44320  -26.548  -36.117  90.806 0.0000000000
44306  -26.900  -36.052  91.070 0.0000000000
44321  -27.380  -36.350  91.047 0.0000000000
43197  -29.935  -37.731  91.075 0.0000000000
123561  -30.986  -37.884  90.777 0.0000000000
43208  -32.625  -38.356  89.867 0.0000000000
43230  -34.689  -38.580  87.537 0.0000000000
43250  -35.924  -38.459  85.485 0.0000000000
136135  -37.530  -38.966  84.050 0.0000000000
44392  -38.149  -36.781  84.663 0.0000000000
42262  -38.303  -38.615  83.698 0.0000000000
42276  -38.791  -39.330  83.117 0.0000000000
134047  -40.365  -38.869  82.227 0.0000000000
42291  -40.901  -38.072  82.248 0.0000000000
42309  -40.472  -38.901  81.827 0.0000000000
42310  -41.048  -38.248  81.436 0.0000000000
43314  -41.754  -37.609  80.964 0.0000000000
44425  -42.730  -36.821  81.379 0.0000000000
44441  -42.265  -37.090  80.328 0.0000000000
44456  -41.933  -36.717  79.464 0.0000000000
44466  -42.418  -36.053  78.875 0.0000000000
46712  -42.817  -34.994  77.736 0.0000000000
46737  -42.915  -34.389  77.261 0.0000000000
49814  -43.744  -31.939  76.504 0.0000000000
49830  -43.459  -31.559  75.775 0.0000000000
49831  -43.857  -31.102  76.214 0.0000000000
50829  -43.689  -30.745  75.495 0.0000000000
50847  -44.060  -30.003  75.220 0.0000000000
52813  -43.998  -28.473  77.451 0.0000000000
53926  -44.519  -28.565  76.574 0.0000000000
51844  -44.622  -29.372  74.950 0.0000000000
51856  -44.300  -29.183  74.298 0.0000000000
53969  -45.186  -27.945  74.544 0.0000000000
141294  -44.641  -27.820  73.966 0.0000000000
53968  -44.744  -27.125  73.868 0.0000000000
54993  -44.624  -26.194  73.161 0.0000000000
56041  -47.040  -25.044  77.804 0.0000000000
57105  -47.153  -24.578  76.379 0.0000000000
144679  -45.047  -25.657  73.307 0.0000000000
123878  -45.548  -24.882  72.152 0.0000000000
126035  -46.575  -24.478  70.892 0.0000000000
57132  -49.972  -24.478  73.936 0.0000000000
131721  -49.370  -24.464  73.220 0.0000000000
57148  -49.763  -24.483  72.372 0.0000000000
146753  -48.440  -24.351  71.669 0.0000000000
124755  -48.201  -24.272  71.038 0.0000000000
123177  -49.107  -23.666  69.179 0.0000000000
58272  -49.651  -23.438  68.304 0.0000000000
58287  -50.574  -23.273  67.617 0.0000000000
60174  -53.607  -21.556  72.848 0.0000000000
59208  -53.529  -22.669  72.574 0.0000000000
133573  -53.621  -22.625  71.858 0.0000000000
62316  -54.267  -18.980  71.103 0.0000000000
60199  -54.281  -21.136  70.972 0.0000000000
146852  -54.121  -21.135  71.430 0.0000000000
60198  -53.993  -21.701  71.419 0.0000000000
58220  -53.264  -23.196  71.701 0.0000000000
58240  -53.138  -23.134  71.011 0.0000000000
58239  -52.544  -23.229  70.469 0.0000000000
140076  -51.262  -23.117  69.065 0.0000000000
131849  -52.915  -23.511  66.669 0.0000000000
59274  -55.335  -22.788  66.786 0.0000000000
61302  -55.722  -20.360  64.818 0.0000000000
126476  -52.407  -20.140  64.026 0.0000000000
130784  -52.995  -19.462  63.959 0.0000000000
61300  -54.077  -20.518  64.523 0.0000000000
146004  -19.293  -35.042  86.112 0.0000000000
45445  -19.459  -35.654  85.821 0.0000000000
140296  -19.885  -36.447  84.600 0.0000000000
41447  -18.137  -38.993  80.071 0.0000000000
43309  -19.079  -37.722  80.958 0.0000000000
42326  -18.635  -38.386  79.469 0.0000000000
46543  -23.005  -34.650  87.105 0.0000000000
46564  -22.891  -34.639  86.088 0.0000000000
45489  -23.911  -35.097  84.948 0.0000000000
46586  -23.143  -34.798  85.164 0.0000000000
46604  -22.558  -34.754  84.518 0.0000000000
45530  -22.212  -35.055  83.060 0.0000000000
44413  -24.588  -36.608  82.256 0.0000000000
44424  -24.174  -36.058  82.105 0.0000000000
43298  -23.800  -37.177  81.305 0.0000000000
44423  -23.538  -36.525  81.129 0.0000000000
45531  -23.583  -35.632  82.047 0.0000000000
45551  -22.958  -35.540  81.577 0.0000000000
45550  -22.180  -35.532  81.335 0.0000000000
45569  -21.677  -35.814  80.782 0.0000000000
44437  -21.169  -36.299  80.241 0.0000000000
43321  -20.688  -37.227  79.096 0.0000000000
43330  -20.874  -37.775  78.630 0.0000000000
42347  -21.066  -38.476  78.501 0.0000000000
42346  -20.313  -38.319  78.194 0.0000000000
39595  -21.001  -41.149  81.730 0.0000000000
41324  -30.182  -40.611  89.244 0.0000000000
38537  -30.251  -43.357  88.451 0.0000000000
37529  -28.791  -44.040  88.388 0.0000000000
38529  -28.987  -43.268  89.286 0.0000000000
39542  -28.692  -42.441  89.277 0.0000000000
41335  -25.555  -40.291  87.928 0.0000000000
40443  -25.635  -40.811  88.335 0.0000000000
41348  -23.606  -39.788  87.077 0.0000000000
37589  -28.120  -43.433  83.194 0.0000000000
37579  -28.406  -43.659  84.022 0.0000000000
37567  -28.074  -43.808  84.386 0.0000000000
38561  -26.544  -42.887  84.447 0.0000000000
40476  -23.032  -40.014  86.619 0.0000000000
40475  -22.488  -40.845  86.758 0.0000000000
40527  -37.675  -40.747  81.891 0.0000000000
41434  -39.254  -40.089  82.091 0.0000000000
42308  -39.917  -39.540  82.019 0.0000000000
42345  -19.494  -38.349  78.270 0.0000000000
43288  -41.396  -37.643  82.081 0.0000000000
43311  -20.559  -36.770  79.791 0.0000000000
43315  -42.428  -37.165  81.016 0.0000000000
43324  -39.812  -37.885  79.531 0.0000000000
44374  -25.834  -36.179  84.779 0.0000000000
44439  -22.590  -36.510  80.207 0.0000000000
44440  -23.055  -36.421  80.650 0.0000000000
44501  -36.102  -36.685  74.513 0.0000000000
45488  -20.505  -35.674  84.047 0.0000000000
45552  -23.638  -35.996  81.552 0.0000000000
47842  -39.759  -33.748  72.422 0.0000000000
48830  -43.228  -32.404  76.058 0.0000000000
57129  -45.949  -24.849  73.491 0.0000000000
58174  -51.447  -23.762  75.358 0.0000000000
59187  -52.845  -22.972  74.463 0.0000000000
60153  -52.316  -21.907  75.321 0.0000000000
65584  -55.645  -16.003  66.597 0.0000000000
66558  -52.243  -15.093  63.579 0.0000000000
123598  -44.052  -30.980  76.788 0.0000000000
138229  -52.357  -12.545  65.253 0.0000000000
140190  -50.965  -17.748  62.685 0.0000000000
143406  -47.716  -24.244  70.610 0.0000000000
146029  -35.973  -40.500  81.961 0.0000000000
147778  -53.793  -22.176  71.642 0.0000000000
