#!ascii label  , from subject sub-v2s10x28989_ses-1 vox2ras=TkReg
1005
56644  13.727  -23.140  93.502 0.0000000000
49419  5.625  -31.228  79.664 0.0000000000
141980  10.532  -32.038  95.980 0.0000000000
52499  7.271  -27.398  89.602 0.0000000000
128242  3.608  -22.622  82.992 0.0000000000
52439  12.714  -26.744  96.433 0.0000000000
56637  9.635  -23.720  95.122 0.0000000000
54577  16.062  -25.204  88.982 0.0000000000
49303  13.794  -29.748  92.472 0.0000000000
45018  13.050  -34.794  94.645 0.0000000000
124439  7.347  -23.175  87.578 0.0000000000
53576  4.908  -26.453  85.960 0.0000000000
58871  3.437  -21.555  90.095 0.0000000000
46050  5.979  -33.446  92.735 0.0000000000
48229  9.043  -31.768  89.268 0.0000000000
50342  8.873  -28.832  93.621 0.0000000000
55627  9.406  -24.637  90.195 0.0000000000
51524  10.431  -28.638  84.435 0.0000000000
53647  7.769  -25.922  79.308 0.0000000000
54714  3.147  -24.593  77.309 0.0000000000
60933  4.572  -19.486  81.095 0.0000000000
54531  13.090  -24.873  95.075 0.0000000000
126139  12.085  -22.640  95.963 0.0000000000
55613  14.400  -24.087  91.234 0.0000000000
53530  13.904  -26.559  89.943 0.0000000000
123496  13.361  -26.038  93.119 0.0000000000
139474  13.532  -28.228  94.998 0.0000000000
58885  5.150  -22.099  89.276 0.0000000000
47074  7.967  -33.487  94.088 0.0000000000
47090  9.397  -32.124  92.708 0.0000000000
49282  9.907  -30.243  95.233 0.0000000000
57766  10.753  -22.767  93.298 0.0000000000
55592  9.111  -24.388  93.447 0.0000000000
46015  11.798  -33.469  96.897 0.0000000000
43019  9.390  -36.452  94.639 0.0000000000
45015  8.322  -34.755  95.284 0.0000000000
45020  6.299  -35.076  94.484 0.0000000000
51458  10.009  -28.562  89.658 0.0000000000
141324  9.939  -30.509  86.721 0.0000000000
52520  9.790  -27.788  87.253 0.0000000000
54643  3.958  -25.216  84.190 0.0000000000
54639  7.469  -25.631  83.163 0.0000000000
54660  4.734  -25.069  81.831 0.0000000000
54698  5.061  -25.514  78.349 0.0000000000
56770  3.536  -23.167  80.266 0.0000000000
127751  10.866  -29.189  97.234 0.0000000000
124528  9.612  -27.426  96.142 0.0000000000
54521  10.335  -25.059  97.015 0.0000000000
58831  10.974  -21.660  95.497 0.0000000000
52507  17.654  -27.399  88.656 0.0000000000
50401  17.015  -29.375  86.434 0.0000000000
52519  15.190  -27.315  87.670 0.0000000000
123307  14.142  -29.910  90.065 0.0000000000
48195  14.204  -31.939  93.927 0.0000000000
49271  13.493  -30.792  96.561 0.0000000000
54593  7.057  -25.534  88.445 0.0000000000
52535  6.546  -27.234  87.275 0.0000000000
55656  5.095  -24.824  87.529 0.0000000000
55658  3.774  -24.006  87.372 0.0000000000
58905  3.820  -21.763  86.587 0.0000000000
57763  15.533  -22.148  92.433 0.0000000000
49327  20.059  -30.837  88.458 0.0000000000
49308  19.573  -30.749  91.337 0.0000000000
53519  17.702  -26.121  90.524 0.0000000000
55612  16.744  -23.816  90.861 0.0000000000
47110  4.801  -33.322  90.955 0.0000000000
124370  5.573  -32.367  89.089 0.0000000000
47107  7.633  -32.499  90.777 0.0000000000
144648  10.397  -30.661  91.258 0.0000000000
51441  8.008  -27.770  91.605 0.0000000000
53485  8.440  -26.607  94.670 0.0000000000
53503  7.677  -26.617  92.728 0.0000000000
143461  7.829  -26.168  90.498 0.0000000000
55645  8.733  -23.999  88.377 0.0000000000
142248  7.041  -31.552  86.879 0.0000000000
49371  7.088  -30.544  84.054 0.0000000000
50441  7.822  -30.149  81.329 0.0000000000
147374  8.598  -26.401  84.906 0.0000000000
53604  9.622  -26.791  81.921 0.0000000000
125127  8.782  -29.357  78.918 0.0000000000
52669  7.311  -27.782  76.695 0.0000000000
53714  5.053  -26.486  75.406 0.0000000000
61826  3.963  -19.208  88.747 0.0000000000
59899  4.280  -20.366  85.741 0.0000000000
60902  5.596  -19.375  84.728 0.0000000000
59921  3.569  -20.803  82.352 0.0000000000
58974  2.893  -20.625  78.837 0.0000000000
55591  13.350  -24.050  93.686 0.0000000000
56640  12.891  -23.117  95.167 0.0000000000
57757  13.659  -22.606  94.169 0.0000000000
56664  14.064  -23.843  92.056 0.0000000000
55614  13.837  -24.663  91.746 0.0000000000
55600  13.616  -24.444  92.673 0.0000000000
53492  13.274  -25.671  94.284 0.0000000000
48390  5.025  -31.684  79.010 0.0000000000
49453  5.970  -31.255  77.618 0.0000000000
134223  9.475  -32.985  95.130 0.0000000000
48183  9.753  -32.180  95.107 0.0000000000
135812  10.135  -31.200  95.405 0.0000000000
49349  18.507  -30.181  86.409 0.0000000000
47058  10.747  -32.498  96.532 0.0000000000
134297  10.513  -33.863  95.901 0.0000000000
46022  9.367  -33.892  95.413 0.0000000000
46023  8.637  -34.093  95.126 0.0000000000
51459  8.855  -27.943  90.042 0.0000000000
51470  10.104  -28.402  88.688 0.0000000000
52511  8.684  -27.660  88.617 0.0000000000
126784  3.715  -24.314  83.812 0.0000000000
54652  4.626  -25.196  82.751 0.0000000000
55708  3.965  -24.240  82.773 0.0000000000
143496  4.095  -24.711  80.379 0.0000000000
56764  3.793  -23.372  81.299 0.0000000000
51390  12.358  -28.390  97.097 0.0000000000
53468  10.933  -26.662  97.183 0.0000000000
134442  11.893  -25.558  97.152 0.0000000000
57741  11.535  -22.348  96.070 0.0000000000
59840  11.426  -20.718  95.196 0.0000000000
53528  16.653  -25.934  88.751 0.0000000000
52517  16.351  -27.113  87.625 0.0000000000
53541  14.875  -26.090  88.437 0.0000000000
51439  13.580  -27.810  91.410 0.0000000000
51456  13.943  -28.271  89.894 0.0000000000
50355  13.907  -29.616  90.976 0.0000000000
141879  13.796  -29.764  93.130 0.0000000000
147194  13.379  -27.750  95.485 0.0000000000
50319  13.516  -29.522  95.811 0.0000000000
51396  13.137  -28.387  96.355 0.0000000000
50310  12.473  -29.991  97.387 0.0000000000
55655  7.230  -24.055  87.717 0.0000000000
54602  5.949  -25.327  87.623 0.0000000000
123181  6.478  -23.609  87.541 0.0000000000
57793  4.025  -22.307  89.682 0.0000000000
56695  4.059  -23.410  88.387 0.0000000000
57807  3.332  -22.646  88.900 0.0000000000
56716  3.575  -23.549  87.161 0.0000000000
58899  3.248  -22.039  88.604 0.0000000000
52486  18.116  -27.310  90.588 0.0000000000
47101  5.266  -33.281  91.482 0.0000000000
47100  5.949  -32.925  91.360 0.0000000000
47093  6.429  -33.160  92.274 0.0000000000
49298  9.679  -30.410  93.838 0.0000000000
48203  9.884  -31.318  92.354 0.0000000000
122624  9.826  -29.765  92.442 0.0000000000
50358  9.469  -29.134  91.926 0.0000000000
51440  8.578  -28.347  91.998 0.0000000000
54527  9.365  -25.306  95.742 0.0000000000
53481  8.899  -26.696  95.269 0.0000000000
54532  8.894  -25.082  95.113 0.0000000000
55601  9.302  -24.536  92.408 0.0000000000
134225  8.189  -25.440  93.181 0.0000000000
55616  8.782  -25.214  91.845 0.0000000000
54571  7.697  -26.614  91.278 0.0000000000
55628  8.675  -25.308  90.679 0.0000000000
54570  8.149  -25.535  89.798 0.0000000000
55637  9.156  -24.416  89.254 0.0000000000
49338  15.758  -30.258  86.898 0.0000000000
48249  16.263  -30.834  86.577 0.0000000000
43976  12.315  -35.577  92.950 0.0000000000
43038  11.483  -35.963  92.124 0.0000000000
43032  11.280  -36.208  93.315 0.0000000000
43020  8.472  -36.563  94.517 0.0000000000
42094  8.650  -36.808  93.881 0.0000000000
46033  5.972  -34.097  93.718 0.0000000000
46052  5.106  -34.035  92.705 0.0000000000
47129  6.796  -32.235  88.936 0.0000000000
48241  5.545  -31.970  87.802 0.0000000000
48252  8.436  -31.522  87.641 0.0000000000
50410  10.420  -29.343  85.705 0.0000000000
49363  8.555  -30.684  85.381 0.0000000000
50418  9.513  -30.007  84.496 0.0000000000
50434  7.776  -30.231  82.552 0.0000000000
122539  9.164  -29.576  82.756 0.0000000000
53564  6.067  -26.873  86.603 0.0000000000
53563  7.065  -26.868  86.403 0.0000000000
53575  6.588  -26.509  85.722 0.0000000000
54657  7.448  -25.541  81.532 0.0000000000
54638  8.303  -25.827  82.756 0.0000000000
53629  8.828  -26.365  80.380 0.0000000000
51558  9.516  -28.022  79.835 0.0000000000
52649  8.638  -27.390  78.653 0.0000000000
51582  7.710  -28.466  77.029 0.0000000000
52650  8.103  -26.962  78.117 0.0000000000
54699  4.079  -25.269  78.041 0.0000000000
54725  4.741  -25.634  76.782 0.0000000000
54726  4.025  -25.255  76.667 0.0000000000
61834  5.333  -18.545  87.965 0.0000000000
59892  4.141  -20.258  86.657 0.0000000000
60886  4.984  -19.415  86.338 0.0000000000
123289  6.303  -19.130  82.035 0.0000000000
128613  5.210  -19.582  83.017 0.0000000000
60912  4.621  -19.895  83.318 0.0000000000
59930  3.924  -19.876  81.289 0.0000000000
58941  3.369  -20.599  80.639 0.0000000000
59945  3.618  -19.821  79.834 0.0000000000
54525  12.982  -26.083  95.830 0.0000000000
54519  12.082  -24.795  96.778 0.0000000000
55581  12.715  -24.271  95.560 0.0000000000
55636  15.002  -24.675  89.783 0.0000000000
54579  14.680  -25.292  89.441 0.0000000000
54569  13.965  -25.453  90.615 0.0000000000
53512  13.601  -26.422  91.348 0.0000000000
52466  13.475  -27.695  92.289 0.0000000000
51420  13.514  -28.485  93.457 0.0000000000
124069  13.383  -26.854  93.898 0.0000000000
53484  13.346  -26.416  94.992 0.0000000000
58897  7.684  -21.904  87.701 0.0000000000
57818  6.579  -22.791  87.635 0.0000000000
58884  6.286  -21.637  88.684 0.0000000000
59859  5.153  -20.965  90.643 0.0000000000
58862  4.212  -21.087  90.805 0.0000000000
46040  7.048  -33.601  93.786 0.0000000000
47092  7.412  -33.029  92.601 0.0000000000
47084  8.481  -33.017  93.728 0.0000000000
144074  9.748  -31.052  94.303 0.0000000000
50341  9.376  -29.493  94.193 0.0000000000
56641  10.069  -22.948  94.817 0.0000000000
126325  8.989  -24.290  94.356 0.0000000000
56645  10.233  -23.225  93.791 0.0000000000
132177  10.532  -23.579  92.033 0.0000000000
56676  10.033  -24.094  90.751 0.0000000000
56686  9.942  -24.062  89.653 0.0000000000
45007  12.380  -34.056  96.135 0.0000000000
43017  11.557  -35.815  94.688 0.0000000000
43962  10.730  -35.181  95.555 0.0000000000
43963  9.420  -35.548  95.438 0.0000000000
43965  7.697  -35.428  95.203 0.0000000000
43969  6.410  -35.832  94.636 0.0000000000
45016  7.503  -34.815  95.020 0.0000000000
46031  7.403  -33.910  94.345 0.0000000000
49323  10.567  -30.349  89.260 0.0000000000
48251  9.402  -31.251  87.923 0.0000000000
50393  10.607  -29.895  87.884 0.0000000000
51501  10.396  -28.501  86.943 0.0000000000
52532  10.252  -27.816  85.676 0.0000000000
54620  4.093  -25.958  85.374 0.0000000000
54630  6.293  -25.795  84.289 0.0000000000
54641  5.606  -25.582  83.682 0.0000000000
54650  6.068  -25.428  82.130 0.0000000000
54670  6.367  -25.484  80.289 0.0000000000
54696  7.068  -25.727  78.756 0.0000000000
54671  5.207  -25.399  80.001 0.0000000000
55733  3.903  -24.861  79.610 0.0000000000
125598  3.245  -24.435  78.631 0.0000000000
60947  6.044  -19.294  80.758 0.0000000000
59944  4.475  -19.795  79.803 0.0000000000
59961  6.387  -20.235  79.980 0.0000000000
49270  10.416  -30.497  96.449 0.0000000000
135208  9.969  -29.744  95.843 0.0000000000
51392  10.389  -28.536  96.998 0.0000000000
53474  10.294  -26.051  96.882 0.0000000000
55578  9.879  -24.618  96.421 0.0000000000
55576  11.383  -23.856  96.744 0.0000000000
56632  10.783  -23.319  96.413 0.0000000000
56636  10.478  -22.939  95.671 0.0000000000
144176  10.851  -21.886  94.567 0.0000000000
51467  17.840  -27.976  87.871 0.0000000000
51498  17.653  -28.886  86.733 0.0000000000
51479  17.362  -28.166  87.129 0.0000000000
141093  14.121  -26.924  89.269 0.0000000000
52496  14.196  -27.768  88.976 0.0000000000
49322  14.538  -30.324  89.123 0.0000000000
46039  14.004  -33.660  93.344 0.0000000000
46028  13.845  -33.165  94.686 0.0000000000
50329  13.651  -29.658  94.571 0.0000000000
49280  13.737  -31.595  95.291 0.0000000000
47056  13.348  -32.907  96.031 0.0000000000
47053  12.897  -32.472  97.197 0.0000000000
48171  11.438  -31.799  97.415 0.0000000000
53532  6.676  -26.955  89.254 0.0000000000
52512  6.988  -27.442  88.832 0.0000000000
53542  6.321  -26.829  88.473 0.0000000000
53553  5.535  -26.585  87.509 0.0000000000
53554  4.803  -26.127  87.239 0.0000000000
57819  5.433  -23.266  87.803 0.0000000000
55657  4.176  -24.440  87.395 0.0000000000
53578  4.134  -25.797  86.473 0.0000000000
129365  3.711  -24.912  86.201 0.0000000000
56725  3.791  -23.455  85.964 0.0000000000
126264  3.701  -22.909  84.536 0.0000000000
56651  14.308  -23.015  92.509 0.0000000000
49328  19.704  -30.198  87.901 0.0000000000
46064  21.467  -33.051  90.622 0.0000000000
48200  20.237  -31.546  92.274 0.0000000000
48214  20.504  -31.927  90.660 0.0000000000
49315  19.645  -30.715  90.425 0.0000000000
50369  19.261  -29.991  89.825 0.0000000000
50380  18.872  -29.004  88.621 0.0000000000
126098  17.731  -26.709  90.101 0.0000000000
128604  16.721  -25.409  89.402 0.0000000000
55622  17.051  -24.587  90.500 0.0000000000
55623  16.206  -24.195  90.230 0.0000000000
56673  15.881  -23.609  90.728 0.0000000000
56663  14.724  -23.373  91.597 0.0000000000
47118  6.189  -32.455  89.847 0.0000000000
140427  8.497  -32.110  89.742 0.0000000000
47099  9.003  -32.425  91.990 0.0000000000
48210  9.391  -32.043  91.073 0.0000000000
48218  10.082  -31.479  90.439 0.0000000000
49317  10.619  -30.174  90.142 0.0000000000
51449  9.550  -28.550  90.649 0.0000000000
51460  7.786  -27.600  90.199 0.0000000000
123267  9.336  -28.429  95.546 0.0000000000
51404  8.814  -28.043  94.950 0.0000000000
144018  8.445  -27.937  94.298 0.0000000000
137031  8.490  -24.899  93.699 0.0000000000
53493  7.778  -26.363  93.480 0.0000000000
52467  7.902  -27.673  93.119 0.0000000000
52468  7.690  -27.202  92.515 0.0000000000
124549  7.445  -27.094  90.949 0.0000000000
53521  7.144  -26.950  90.052 0.0000000000
54582  7.492  -25.712  89.202 0.0000000000
147091  7.581  -25.193  88.693 0.0000000000
56706  8.193  -23.404  87.783 0.0000000000
129622  9.586  -23.750  88.711 0.0000000000
57816  8.818  -22.656  87.664 0.0000000000
57817  8.004  -22.619  87.610 0.0000000000
43049  10.371  -36.145  91.133 0.0000000000
122507  10.006  -36.611  93.459 0.0000000000
49354  8.357  -31.056  86.130 0.0000000000
49364  7.468  -30.966  85.499 0.0000000000
49403  7.120  -30.431  80.812 0.0000000000
52534  8.240  -27.288  87.048 0.0000000000
52551  8.953  -27.117  86.339 0.0000000000
137417  10.046  -27.379  85.000 0.0000000000
54628  8.211  -25.841  83.661 0.0000000000
53585  9.616  -26.654  83.742 0.0000000000
52592  10.244  -27.791  82.853 0.0000000000
51544  9.759  -28.480  81.515 0.0000000000
50447  8.873  -29.444  80.177 0.0000000000
133316  7.570  -30.517  78.797 0.0000000000
49435  7.507  -30.362  77.776 0.0000000000
53682  6.441  -26.319  77.259 0.0000000000
52671  5.754  -27.073  75.707 0.0000000000
60843  3.681  -19.950  90.950 0.0000000000
62865  3.887  -18.627  90.501 0.0000000000
60861  3.427  -20.402  89.142 0.0000000000
59893  3.760  -20.822  87.335 0.0000000000
132370  4.031  -20.985  86.308 0.0000000000
58915  3.833  -21.766  84.217 0.0000000000
60903  4.838  -19.705  84.723 0.0000000000
59912  4.365  -20.379  83.698 0.0000000000
58929  3.559  -21.632  82.271 0.0000000000
57886  3.532  -22.387  80.856 0.0000000000
57901  3.080  -21.956  79.880 0.0000000000
123570  2.668  -22.175  78.266 0.0000000000
57925  3.072  -21.691  77.655 0.0000000000
126485  13.283  -23.231  94.417 0.0000000000
56652  13.774  -23.696  92.864 0.0000000000
48370  4.941  -31.501  79.989 0.0000000000
49437  5.844  -31.340  78.610 0.0000000000
126924  9.877  -32.720  95.444 0.0000000000
48175  10.216  -32.068  95.605 0.0000000000
137364  10.373  -31.251  95.814 0.0000000000
49348  19.167  -30.193  86.779 0.0000000000
48264  19.093  -30.933  86.289 0.0000000000
50399  18.547  -29.408  86.896 0.0000000000
46020  10.072  -33.609  95.703 0.0000000000
47059  10.303  -32.835  95.824 0.0000000000
47066  9.686  -33.300  95.426 0.0000000000
52498  8.178  -27.645  89.203 0.0000000000
51471  9.269  -27.937  89.116 0.0000000000
56745  3.616  -23.255  83.884 0.0000000000
135799  3.743  -23.594  83.168 0.0000000000
55717  3.971  -24.180  81.783 0.0000000000
56755  3.755  -23.487  82.330 0.0000000000
52435  12.323  -26.856  96.942 0.0000000000
53467  11.764  -26.365  97.195 0.0000000000
53472  12.311  -26.221  96.955 0.0000000000
54590  15.979  -25.779  88.444 0.0000000000
54591  15.438  -25.619  88.636 0.0000000000
51430  13.511  -28.465  91.992 0.0000000000
50356  13.716  -28.649  91.064 0.0000000000
50348  13.675  -29.305  91.829 0.0000000000
50347  14.014  -30.284  91.837 0.0000000000
135594  14.005  -30.417  92.864 0.0000000000
126892  13.120  -27.709  96.116 0.0000000000
51397  12.702  -27.726  96.713 0.0000000000
57794  3.479  -22.183  89.635 0.0000000000
58886  3.338  -21.893  89.430 0.0000000000
47094  5.736  -33.291  92.031 0.0000000000
50349  9.479  -29.657  93.328 0.0000000000
49304  9.820  -30.537  92.890 0.0000000000
50350  9.115  -28.967  92.745 0.0000000000
134851  8.368  -28.289  92.945 0.0000000000
129052  9.488  -24.443  95.578 0.0000000000
55615  9.388  -24.624  91.284 0.0000000000
55638  8.781  -24.996  89.753 0.0000000000
43972  12.534  -35.456  93.659 0.0000000000
43016  12.132  -35.701  94.202 0.0000000000
43021  7.467  -36.501  94.556 0.0000000000
42091  7.899  -36.884  93.985 0.0000000000
46041  6.313  -33.674  93.450 0.0000000000
46042  5.678  -33.804  93.056 0.0000000000
46051  5.321  -33.579  92.234 0.0000000000
48230  8.055  -32.016  89.088 0.0000000000
48239  7.701  -31.891  88.260 0.0000000000
48238  8.735  -31.651  88.476 0.0000000000
50417  10.242  -29.361  84.855 0.0000000000
50425  10.063  -29.293  83.974 0.0000000000
129536  9.314  -29.769  83.514 0.0000000000
51531  9.830  -29.034  83.057 0.0000000000
53565  5.252  -26.695  86.664 0.0000000000
130882  5.650  -26.535  85.905 0.0000000000
54656  8.149  -25.743  80.841 0.0000000000
54668  8.245  -25.887  80.027 0.0000000000
52633  9.258  -27.168  79.895 0.0000000000
53664  8.297  -26.630  78.865 0.0000000000
53665  7.589  -26.228  78.418 0.0000000000
54700  3.321  -24.823  78.003 0.0000000000
143769  4.197  -25.323  77.284 0.0000000000
54713  3.578  -25.006  77.349 0.0000000000
62874  5.406  -18.041  88.832 0.0000000000
61848  5.217  -18.907  86.980 0.0000000000
60919  6.087  -19.326  83.028 0.0000000000
60920  5.373  -19.447  82.060 0.0000000000
60921  4.479  -19.818  82.250 0.0000000000
143958  3.897  -19.706  80.559 0.0000000000
60949  4.242  -19.636  80.319 0.0000000000
144194  13.161  -25.615  95.251 0.0000000000
54526  12.724  -25.049  95.896 0.0000000000
57751  13.231  -22.405  95.015 0.0000000000
55625  14.730  -24.360  90.495 0.0000000000
54568  14.421  -24.992  90.152 0.0000000000
55626  14.102  -24.836  90.911 0.0000000000
54551  13.511  -25.355  92.392 0.0000000000
54558  13.691  -25.590  91.388 0.0000000000
53501  13.488  -26.241  92.111 0.0000000000
52477  13.524  -27.033  91.773 0.0000000000
124068  13.459  -26.930  92.718 0.0000000000
52457  13.451  -27.683  93.190 0.0000000000
58883  7.238  -21.324  88.281 0.0000000000
59858  6.218  -20.581  90.080 0.0000000000
59851  5.716  -20.228  90.988 0.0000000000
59852  4.757  -20.379  91.403 0.0000000000
47073  9.063  -33.032  94.455 0.0000000000
133821  9.882  -31.145  94.919 0.0000000000
130599  9.609  -31.931  94.374 0.0000000000
49291  9.745  -30.260  94.625 0.0000000000
50330  9.514  -29.374  94.925 0.0000000000
58847  10.593  -22.393  94.445 0.0000000000
57773  11.027  -23.163  92.151 0.0000000000
56665  10.585  -23.586  91.345 0.0000000000
56675  10.698  -23.572  90.188 0.0000000000
142281  11.915  -33.848  96.506 0.0000000000
43959  11.329  -34.791  95.714 0.0000000000
45008  11.610  -34.253  96.050 0.0000000000
45010  9.828  -34.286  95.628 0.0000000000
45013  9.984  -34.976  95.612 0.0000000000
45014  9.170  -34.905  95.538 0.0000000000
43964  8.566  -35.511  95.381 0.0000000000
46030  8.309  -33.759  94.653 0.0000000000
46024  7.832  -34.283  94.829 0.0000000000
50372  10.543  -29.503  89.527 0.0000000000
49330  10.413  -30.492  88.437 0.0000000000
50383  10.603  -29.736  88.711 0.0000000000
52510  9.552  -27.847  88.237 0.0000000000
51484  10.274  -28.377  87.815 0.0000000000
51500  10.469  -28.564  86.106 0.0000000000
146155  10.221  -27.980  86.486 0.0000000000
54633  3.914  -25.461  85.056 0.0000000000
54632  4.339  -25.768  84.702 0.0000000000
54642  4.649  -25.448  83.746 0.0000000000
54651  5.240  -25.358  82.362 0.0000000000
54659  5.366  -25.333  81.543 0.0000000000
54658  6.383  -25.456  81.301 0.0000000000
126004  5.442  -25.380  80.762 0.0000000000
146734  4.897  -25.294  80.471 0.0000000000
55726  3.909  -24.096  80.751 0.0000000000
147147  3.566  -24.658  79.162 0.0000000000
123108  3.436  -24.133  79.584 0.0000000000
60931  6.624  -19.006  81.306 0.0000000000
138029  6.473  -19.586  80.460 0.0000000000
129963  10.482  -29.941  96.934 0.0000000000
50312  10.260  -29.248  96.771 0.0000000000
53473  11.055  -25.711  97.276 0.0000000000
54522  9.787  -25.587  96.414 0.0000000000
55577  10.515  -24.111  96.877 0.0000000000
132666  12.229  -24.068  96.185 0.0000000000
56630  11.815  -23.182  96.240 0.0000000000
57742  11.009  -22.569  96.108 0.0000000000
57748  10.858  -22.191  95.759 0.0000000000
57752  10.513  -22.203  95.273 0.0000000000
58838  10.704  -21.692  95.021 0.0000000000
52516  17.124  -27.466  87.653 0.0000000000
53551  15.635  -26.850  87.739 0.0000000000
52518  15.753  -27.557  87.338 0.0000000000
53529  14.362  -26.085  89.134 0.0000000000
142103  13.905  -28.985  90.264 0.0000000000
50371  14.193  -29.034  89.215 0.0000000000
135346  14.436  -30.940  90.052 0.0000000000
47105  14.492  -32.446  90.850 0.0000000000
47072  14.081  -32.751  94.216 0.0000000000
130249  13.960  -33.450  94.066 0.0000000000
47064  13.831  -32.627  94.856 0.0000000000
51409  13.533  -28.780  94.342 0.0000000000
50340  13.629  -29.329  93.683 0.0000000000
125134  13.589  -30.386  95.906 0.0000000000
128628  13.663  -29.986  95.327 0.0000000000
128873  13.654  -31.200  95.923 0.0000000000
137356  13.590  -32.091  95.816 0.0000000000
48173  13.507  -31.594  96.374 0.0000000000
47052  13.342  -32.312  96.560 0.0000000000
48169  13.300  -31.647  96.988 0.0000000000
125203  11.898  -29.149  97.347 0.0000000000
49268  11.940  -30.876  97.510 0.0000000000
50311  11.343  -29.990  97.390 0.0000000000
49269  10.851  -30.929  97.129 0.0000000000
54583  6.805  -26.414  88.869 0.0000000000
53543  5.960  -26.638  87.897 0.0000000000
54595  5.399  -25.953  87.566 0.0000000000
57804  5.854  -22.400  88.221 0.0000000000
57805  4.608  -22.799  88.764 0.0000000000
56708  3.795  -23.634  87.854 0.0000000000
54604  3.922  -24.910  87.089 0.0000000000
54610  3.879  -25.284  86.633 0.0000000000
54621  3.877  -25.606  85.903 0.0000000000
55665  3.684  -24.554  86.899 0.0000000000
57828  3.598  -22.559  87.037 0.0000000000
57837  3.842  -22.492  85.973 0.0000000000
124408  3.797  -22.950  85.213 0.0000000000
57764  14.805  -22.354  92.612 0.0000000000
58851  15.010  -21.788  93.080 0.0000000000
48234  20.597  -31.606  88.008 0.0000000000
48247  20.348  -31.753  87.012 0.0000000000
49336  20.059  -30.889  87.524 0.0000000000
49301  19.233  -30.269  92.625 0.0000000000
135765  19.554  -30.657  93.159 0.0000000000
48201  19.656  -30.878  92.309 0.0000000000
48206  20.399  -31.810  91.445 0.0000000000
48207  20.010  -31.328  90.944 0.0000000000
48215  20.192  -31.343  90.095 0.0000000000
50370  18.815  -29.068  89.660 0.0000000000
141791  19.158  -29.544  89.014 0.0000000000
51455  18.442  -28.398  89.855 0.0000000000
147016  18.054  -26.760  90.778 0.0000000000
54576  17.267  -26.003  89.659 0.0000000000
54566  17.212  -25.352  90.121 0.0000000000
122470  17.455  -24.434  91.386 0.0000000000
55624  15.421  -24.189  90.292 0.0000000000
57769  16.060  -22.563  91.814 0.0000000000
56662  15.532  -23.168  91.346 0.0000000000
57770  15.128  -22.704  91.962 0.0000000000
46066  4.467  -33.474  90.414 0.0000000000
126732  4.809  -33.116  90.202 0.0000000000
47108  6.663  -32.598  90.677 0.0000000000
139364  5.749  -32.702  90.517 0.0000000000
47117  7.481  -32.349  89.918 0.0000000000
47106  8.480  -32.292  90.459 0.0000000000
47091  8.493  -32.717  92.911 0.0000000000
143697  8.123  -32.720  92.091 0.0000000000
48209  10.187  -31.285  91.391 0.0000000000
47098  9.647  -31.888  91.897 0.0000000000
48217  10.472  -30.782  90.699 0.0000000000
50357  10.421  -30.075  91.056 0.0000000000
145270  9.204  -28.612  91.386 0.0000000000
51450  8.452  -27.999  91.011 0.0000000000
51398  9.567  -28.271  96.058 0.0000000000
50316  9.734  -29.035  95.896 0.0000000000
130885  9.317  -27.855  95.774 0.0000000000
52445  8.758  -27.319  95.083 0.0000000000
52449  8.378  -27.400  94.467 0.0000000000
53502  7.776  -25.966  92.988 0.0000000000
52459  7.726  -27.042  93.285 0.0000000000
147053  7.383  -26.793  90.530 0.0000000000
53531  7.222  -26.554  89.760 0.0000000000
146361  7.644  -25.999  89.820 0.0000000000
54581  8.191  -24.843  88.926 0.0000000000
56694  7.987  -24.202  88.118 0.0000000000
50400  17.817  -29.652  86.428 0.0000000000
144106  17.214  -30.017  86.271 0.0000000000
43039  10.630  -36.323  92.131 0.0000000000
43048  11.217  -35.875  91.367 0.0000000000
43018  10.227  -36.345  94.588 0.0000000000
43026  10.637  -36.429  93.849 0.0000000000
126391  9.787  -36.596  94.048 0.0000000000
46061  4.425  -33.741  91.278 0.0000000000
142349  4.091  -33.932  90.754 0.0000000000
48254  6.317  -31.737  87.296 0.0000000000
48255  5.268  -31.723  87.082 0.0000000000
48270  6.112  -31.479  86.577 0.0000000000
48277  6.077  -31.189  85.673 0.0000000000
49340  10.092  -30.674  87.572 0.0000000000
49341  9.167  -31.082  86.941 0.0000000000
123167  7.835  -30.645  84.747 0.0000000000
134234  6.647  -30.843  84.824 0.0000000000
145159  6.761  -30.383  82.457 0.0000000000
132692  7.577  -30.249  81.994 0.0000000000
127525  6.304  -30.540  81.168 0.0000000000
52523  6.369  -27.247  88.080 0.0000000000
52522  7.321  -27.447  87.828 0.0000000000
53574  7.739  -26.436  85.497 0.0000000000
53562  8.061  -26.834  86.348 0.0000000000
129018  8.782  -26.693  85.603 0.0000000000
52550  9.589  -27.185  85.621 0.0000000000
53573  9.456  -26.775  84.746 0.0000000000
54640  6.563  -25.569  83.474 0.0000000000
54629  7.287  -25.713  84.030 0.0000000000
53605  9.058  -26.153  82.308 0.0000000000
53596  9.006  -26.159  83.246 0.0000000000
53595  9.608  -26.680  82.818 0.0000000000
52578  10.075  -27.245  83.249 0.0000000000
52593  10.002  -27.367  82.426 0.0000000000
51543  10.166  -28.055  82.242 0.0000000000
128693  9.899  -27.619  81.548 0.0000000000
51559  9.108  -28.608  79.143 0.0000000000
50454  9.346  -28.724  79.944 0.0000000000
50455  9.008  -29.245  79.494 0.0000000000
50456  8.348  -29.915  79.449 0.0000000000
50468  8.288  -29.875  78.393 0.0000000000
51591  6.457  -28.424  75.784 0.0000000000
54697  6.120  -25.601  78.710 0.0000000000
53666  6.812  -25.828  77.995 0.0000000000
54711  5.835  -25.720  77.770 0.0000000000
53697  5.359  -26.211  76.163 0.0000000000
52683  5.169  -27.405  75.054 0.0000000000
61816  4.600  -18.274  89.649 0.0000000000
61817  3.881  -18.915  89.530 0.0000000000
123144  3.553  -19.424  90.341 0.0000000000
60851  3.552  -19.641  89.392 0.0000000000
59886  3.467  -20.483  88.192 0.0000000000
60860  3.676  -19.749  88.425 0.0000000000
59900  4.186  -20.965  85.227 0.0000000000
138082  4.146  -21.559  84.809 0.0000000000
60910  6.036  -19.357  83.963 0.0000000000
136418  6.558  -18.953  84.791 0.0000000000
141895  5.896  -19.154  85.407 0.0000000000
125907  5.115  -19.486  85.536 0.0000000000
141900  4.150  -20.187  82.907 0.0000000000
59913  3.824  -20.638  83.110 0.0000000000
138316  3.647  -21.514  83.315 0.0000000000
139953  3.494  -20.908  81.627 0.0000000000
58953  2.976  -20.693  79.577 0.0000000000
57914  2.760  -21.439  78.903 0.0000000000
56776  2.999  -22.740  79.232 0.0000000000
59963  3.654  -19.946  79.091 0.0000000000
122481  13.228  -24.726  94.262 0.0000000000
55586  12.943  -23.962  94.831 0.0000000000
58836  13.404  -21.589  95.286 0.0000000000
54541  13.367  -25.072  93.394 0.0000000000
48402  5.023  -31.735  77.890 0.0000000000
46016  11.165  -33.151  96.838 0.0000000000
46018  11.200  -33.750  96.341 0.0000000000
46019  10.695  -33.297  96.170 0.0000000000
135040  9.051  -34.389  95.411 0.0000000000
47067  9.065  -33.529  95.056 0.0000000000
51457  10.442  -29.014  88.972 0.0000000000
52521  8.675  -27.514  87.797 0.0000000000
55700  4.071  -25.001  83.226 0.0000000000
55707  4.315  -24.730  82.268 0.0000000000
54672  4.696  -25.123  80.911 0.0000000000
55716  4.319  -24.654  81.291 0.0000000000
51391  11.338  -28.346  97.216 0.0000000000
141767  11.784  -27.388  97.141 0.0000000000
54520  11.195  -24.777  97.199 0.0000000000
128381  11.582  -21.580  95.888 0.0000000000
58830  11.548  -21.067  95.608 0.0000000000
58837  11.113  -21.271  95.255 0.0000000000
52508  16.900  -26.769  88.237 0.0000000000
53539  16.167  -26.389  88.093 0.0000000000
53540  15.495  -26.207  88.169 0.0000000000
53552  14.962  -26.730  87.968 0.0000000000
52487  13.657  -27.056  90.801 0.0000000000
52497  13.881  -27.429  89.898 0.0000000000
51448  13.749  -27.950  90.587 0.0000000000
146304  13.824  -28.458  90.453 0.0000000000
138106  14.336  -31.790  93.100 0.0000000000
49296  14.131  -31.152  93.464 0.0000000000
133181  13.611  -29.114  95.177 0.0000000000
51403  13.401  -28.554  95.760 0.0000000000
124769  13.307  -29.094  96.288 0.0000000000
50314  13.414  -29.886  96.349 0.0000000000
50309  13.226  -30.003  96.937 0.0000000000
141551  13.196  -29.401  96.632 0.0000000000
54594  6.289  -26.085  88.070 0.0000000000
55647  6.708  -25.021  87.855 0.0000000000
136363  6.231  -24.471  87.604 0.0000000000
139827  5.620  -24.011  87.564 0.0000000000
57806  3.608  -22.807  89.059 0.0000000000
56696  3.430  -23.172  88.529 0.0000000000
56709  3.454  -23.355  88.028 0.0000000000
57820  3.283  -22.824  88.108 0.0000000000
126551  3.473  -21.793  87.564 0.0000000000
48223  20.415  -31.595  89.146 0.0000000000
50353  19.162  -30.175  91.814 0.0000000000
52485  18.224  -27.911  90.288 0.0000000000
52476  18.265  -27.215  91.333 0.0000000000
53511  18.130  -26.433  91.318 0.0000000000
56661  16.397  -23.193  91.336 0.0000000000
47109  5.206  -33.009  90.739 0.0000000000
122705  7.194  -32.784  91.590 0.0000000000
48196  9.648  -31.452  93.458 0.0000000000
49310  10.214  -30.487  91.877 0.0000000000
140189  10.125  -29.748  91.727 0.0000000000
145076  9.524  -26.899  95.913 0.0000000000
52444  9.227  -27.208  95.612 0.0000000000
53480  9.367  -26.317  95.745 0.0000000000
54528  8.850  -25.944  95.204 0.0000000000
54533  8.424  -25.724  94.562 0.0000000000
55602  8.614  -24.989  92.852 0.0000000000
54552  8.209  -25.664  92.436 0.0000000000
54560  7.861  -26.326  92.157 0.0000000000
54559  8.176  -25.919  91.486 0.0000000000
50402  16.149  -29.315  86.579 0.0000000000
49351  16.534  -30.088  86.419 0.0000000000
137742  12.590  -35.376  92.408 0.0000000000
133887  11.724  -35.916  92.806 0.0000000000
136455  11.167  -36.211  92.676 0.0000000000
138197  9.115  -36.675  94.133 0.0000000000
143711  6.283  -34.443  94.178 0.0000000000
45021  5.706  -34.826  93.947 0.0000000000
45024  5.416  -34.340  93.331 0.0000000000
125449  4.723  -33.847  92.043 0.0000000000
46060  4.886  -33.521  91.587 0.0000000000
134046  5.888  -32.168  88.444 0.0000000000
48240  6.626  -32.018  88.015 0.0000000000
48253  7.393  -31.710  87.477 0.0000000000
49352  10.230  -30.028  86.194 0.0000000000
49353  9.450  -30.575  85.973 0.0000000000
49362  9.920  -29.958  85.397 0.0000000000
49370  8.744  -30.431  84.754 0.0000000000
49379  8.396  -30.360  83.951 0.0000000000
49380  7.466  -30.364  83.238 0.0000000000
50426  8.443  -30.020  83.015 0.0000000000
50433  8.554  -29.835  82.039 0.0000000000
52536  5.733  -26.948  87.408 0.0000000000
54649  7.558  -25.563  82.335 0.0000000000
54648  8.329  -25.760  81.842 0.0000000000
53617  9.043  -26.319  81.300 0.0000000000
53616  9.593  -26.988  81.191 0.0000000000
52618  9.634  -27.580  80.661 0.0000000000
51572  9.114  -27.779  79.198 0.0000000000
51573  8.779  -28.179  78.503 0.0000000000
50467  8.667  -29.022  78.306 0.0000000000
52661  8.422  -27.685  78.045 0.0000000000
52662  7.809  -27.534  77.417 0.0000000000
54712  4.863  -25.552  77.525 0.0000000000
53698  4.622  -25.749  76.008 0.0000000000
61825  4.545  -18.681  88.722 0.0000000000
60874  3.841  -19.950  87.511 0.0000000000
61835  4.388  -19.217  87.860 0.0000000000
60887  4.451  -19.590  86.894 0.0000000000
60894  4.528  -19.822  86.092 0.0000000000
144084  5.650  -19.475  83.493 0.0000000000
60911  5.225  -19.636  83.917 0.0000000000
59920  3.885  -20.283  82.187 0.0000000000
135361  3.640  -20.354  81.412 0.0000000000
60950  3.546  -19.987  80.533 0.0000000000
59946  3.244  -20.108  79.842 0.0000000000
59964  3.093  -20.074  79.209 0.0000000000
53479  12.461  -25.727  96.568 0.0000000000
56635  12.486  -23.399  95.706 0.0000000000
54578  15.293  -25.109  89.157 0.0000000000
54580  14.125  -25.732  89.973 0.0000000000
53520  13.763  -26.138  90.676 0.0000000000
130261  13.510  -28.260  92.725 0.0000000000
129821  13.634  -29.034  92.746 0.0000000000
52448  13.388  -27.895  94.123 0.0000000000
141024  13.446  -27.337  94.877 0.0000000000
137350  13.215  -26.999  95.641 0.0000000000
131702  7.320  -22.506  87.614 0.0000000000
58898  6.832  -22.032  87.881 0.0000000000
59870  6.736  -20.873  89.111 0.0000000000
58868  5.689  -21.301  89.673 0.0000000000
58869  4.556  -21.655  90.181 0.0000000000
58870  3.771  -21.716  90.272 0.0000000000
58863  3.684  -21.130  90.646 0.0000000000
47085  6.737  -33.349  93.110 0.0000000000
134461  7.653  -33.200  93.421 0.0000000000
47083  9.190  -32.458  93.620 0.0000000000
55587  9.025  -24.423  94.973 0.0000000000
145958  9.600  -23.714  94.151 0.0000000000
56654  9.746  -23.862  93.079 0.0000000000
56653  10.377  -23.440  92.709 0.0000000000
56666  10.047  -24.018  91.948 0.0000000000
45011  12.909  -34.336  95.448 0.0000000000
43960  12.370  -35.294  94.967 0.0000000000
43961  11.497  -35.363  95.341 0.0000000000
43011  10.713  -35.877  95.104 0.0000000000
45009  10.735  -34.411  95.809 0.0000000000
137205  10.127  -35.555  95.424 0.0000000000
43012  9.809  -36.089  95.154 0.0000000000
43013  8.933  -36.167  95.166 0.0000000000
43014  8.005  -36.132  95.104 0.0000000000
43015  7.119  -36.008  94.938 0.0000000000
43966  6.938  -35.289  94.893 0.0000000000
45019  6.946  -34.498  94.572 0.0000000000
46032  6.622  -33.973  94.042 0.0000000000
48236  10.252  -31.010  89.000 0.0000000000
48237  9.612  -31.369  88.746 0.0000000000
49331  10.041  -31.018  88.313 0.0000000000
49339  10.427  -29.989  87.024 0.0000000000
51469  10.542  -29.071  88.250 0.0000000000
51483  10.551  -29.199  87.399 0.0000000000
50403  10.493  -29.310  86.542 0.0000000000
51514  10.488  -28.597  85.261 0.0000000000
53589  4.596  -26.220  85.291 0.0000000000
53588  5.227  -26.364  85.324 0.0000000000
54631  5.180  -26.018  84.545 0.0000000000
146100  5.137  -25.449  83.078 0.0000000000
127840  5.883  -25.467  82.899 0.0000000000
127949  6.750  -25.484  82.676 0.0000000000
125780  6.852  -25.455  81.999 0.0000000000
128246  7.188  -25.538  80.817 0.0000000000
54669  7.482  -25.595  80.111 0.0000000000
54680  6.827  -25.565  79.450 0.0000000000
143285  5.929  -25.507  79.538 0.0000000000
54681  5.170  -25.476  79.168 0.0000000000
127264  4.480  -25.136  80.152 0.0000000000
54682  4.440  -25.235  79.454 0.0000000000
126383  4.453  -25.328  78.797 0.0000000000
54683  3.760  -25.006  78.844 0.0000000000
60932  5.630  -19.210  81.201 0.0000000000
60948  5.043  -19.475  80.526 0.0000000000
49405  5.294  -31.039  80.600 0.0000000000
48174  10.564  -31.388  96.369 0.0000000000
49272  10.269  -30.469  95.999 0.0000000000
50315  10.087  -29.683  96.250 0.0000000000
50313  9.903  -28.809  96.376 0.0000000000
51393  9.964  -27.956  96.666 0.0000000000
123963  10.709  -27.631  97.099 0.0000000000
52440  10.158  -27.035  96.772 0.0000000000
53475  9.754  -26.541  96.279 0.0000000000
56631  11.230  -23.032  96.325 0.0000000000
55582  10.163  -23.802  96.044 0.0000000000
57758  11.136  -22.131  93.900 0.0000000000
58846  11.184  -21.424  94.585 0.0000000000
51466  18.439  -28.477  88.167 0.0000000000
51478  18.143  -28.624  87.346 0.0000000000
51499  16.737  -28.587  86.657 0.0000000000
51480  16.517  -27.826  87.091 0.0000000000
51481  15.754  -28.457  86.905 0.0000000000
50381  15.178  -29.898  87.544 0.0000000000
54592  14.886  -25.543  88.850 0.0000000000
133820  14.483  -26.813  88.563 0.0000000000
52509  14.679  -27.494  88.074 0.0000000000
51468  14.574  -28.455  88.200 0.0000000000
50382  14.674  -29.500  88.252 0.0000000000
49329  14.891  -30.400  88.257 0.0000000000
143678  14.058  -33.739  92.639 0.0000000000
45023  13.419  -34.542  93.415 0.0000000000
45017  13.445  -34.378  94.219 0.0000000000
122300  13.478  -34.099  94.913 0.0000000000
49297  13.790  -30.309  93.877 0.0000000000
49289  13.891  -31.206  94.527 0.0000000000
49281  13.709  -30.809  95.360 0.0000000000
48190  13.905  -32.074  94.707 0.0000000000
48182  13.720  -32.250  95.203 0.0000000000
47065  13.664  -32.872  95.311 0.0000000000
46021  13.405  -33.552  95.494 0.0000000000
45006  12.965  -33.556  96.144 0.0000000000
46017  12.461  -33.529  96.666 0.0000000000
139706  12.376  -33.101  97.153 0.0000000000
49267  12.997  -30.831  97.289 0.0000000000
48170  12.517  -31.725  97.446 0.0000000000
146526  11.677  -33.035  97.214 0.0000000000
47055  11.213  -32.555  97.198 0.0000000000
48172  10.846  -31.865  97.039 0.0000000000
52500  6.904  -27.197  89.423 0.0000000000
52513  6.475  -27.118  88.685 0.0000000000
52524  5.996  -26.973  88.058 0.0000000000
132933  5.008  -26.605  87.082 0.0000000000
126406  4.753  -26.453  86.529 0.0000000000
56707  4.635  -23.959  87.629 0.0000000000
54603  4.513  -25.356  87.304 0.0000000000
53555  4.231  -25.646  86.950 0.0000000000
53577  4.310  -26.190  86.039 0.0000000000
137068  3.749  -25.057  85.497 0.0000000000
145677  3.706  -24.204  86.411 0.0000000000
55678  3.723  -24.350  85.602 0.0000000000
55690  3.728  -24.731  84.793 0.0000000000
56734  3.641  -23.719  84.801 0.0000000000
57756  14.286  -22.310  93.443 0.0000000000
58844  14.540  -21.417  93.953 0.0000000000
50389  19.226  -29.755  87.400 0.0000000000
46048  20.895  -32.136  91.963 0.0000000000
48224  19.840  -30.767  89.467 0.0000000000
130173  19.156  -30.122  90.865 0.0000000000
130614  19.562  -30.140  88.803 0.0000000000
50379  19.298  -29.562  88.203 0.0000000000
52495  17.875  -27.303  89.741 0.0000000000
53527  17.390  -26.643  89.153 0.0000000000
53500  18.239  -26.094  92.067 0.0000000000
54557  17.741  -25.430  91.120 0.0000000000
54567  16.487  -24.829  89.753 0.0000000000
55635  15.717  -24.654  89.656 0.0000000000
56674  15.091  -23.709  90.867 0.0000000000
47119  5.195  -32.702  89.840 0.0000000000
122334  8.345  -32.476  91.317 0.0000000000
48219  9.295  -31.914  90.075 0.0000000000
48228  9.868  -31.452  89.552 0.0000000000
48227  10.459  -30.939  89.844 0.0000000000
50365  10.320  -29.328  90.388 0.0000000000
126339  9.956  -29.232  91.205 0.0000000000
49273  10.097  -30.339  95.660 0.0000000000
50320  9.705  -29.356  95.504 0.0000000000
131708  9.047  -27.806  95.421 0.0000000000
51410  9.249  -28.708  95.126 0.0000000000
50331  8.898  -28.610  94.455 0.0000000000
51421  8.336  -28.131  93.740 0.0000000000
55593  8.562  -24.952  94.437 0.0000000000
54542  8.059  -25.617  93.787 0.0000000000
147570  8.001  -26.218  94.123 0.0000000000
122789  7.959  -26.862  93.991 0.0000000000
52458  8.042  -27.523  93.828 0.0000000000
51431  7.965  -27.756  92.319 0.0000000000
53513  7.645  -26.886  91.910 0.0000000000
52478  7.705  -27.343  91.713 0.0000000000
125218  7.697  -27.485  90.938 0.0000000000
52488  7.312  -27.258  90.152 0.0000000000
55646  7.483  -24.777  88.237 0.0000000000
56705  9.184  -23.281  87.955 0.0000000000
57750  13.852  -21.906  94.476 0.0000000000
49350  17.734  -30.404  86.162 0.0000000000
48266  17.417  -31.150  85.869 0.0000000000
137338  16.931  -30.679  86.230 0.0000000000
43025  11.462  -36.115  94.020 0.0000000000
43033  10.586  -36.451  93.035 0.0000000000
43034  9.678  -36.663  92.785 0.0000000000
48268  7.981  -31.401  86.870 0.0000000000
48269  7.202  -31.290  86.262 0.0000000000
49372  5.504  -30.969  84.832 0.0000000000
49404  6.215  -30.741  80.388 0.0000000000
127465  7.855  -27.550  88.513 0.0000000000
147612  7.404  -27.236  86.987 0.0000000000
136122  9.091  -27.447  86.956 0.0000000000
52533  9.712  -27.544  86.381 0.0000000000
52549  10.404  -27.930  84.779 0.0000000000
53587  5.979  -26.292  85.067 0.0000000000
130884  6.996  -26.115  84.851 0.0000000000
134224  7.990  -26.040  84.530 0.0000000000
53586  8.892  -26.207  84.152 0.0000000000
52564  10.176  -27.349  84.168 0.0000000000
51530  10.308  -28.546  83.658 0.0000000000
51536  10.209  -28.322  82.938 0.0000000000
50432  9.494  -29.160  82.187 0.0000000000
131051  9.231  -29.250  81.488 0.0000000000
51551  9.623  -28.264  80.598 0.0000000000
50446  9.307  -28.951  80.771 0.0000000000
50440  8.648  -29.617  81.046 0.0000000000
50448  8.056  -30.054  80.467 0.0000000000
128036  7.355  -30.476  79.880 0.0000000000
49418  6.625  -30.975  79.259 0.0000000000
49436  6.769  -30.946  78.203 0.0000000000
49452  6.638  -30.724  77.297 0.0000000000
53681  7.340  -26.593  77.629 0.0000000000
52663  7.023  -27.061  76.852 0.0000000000
53683  5.539  -26.011  76.976 0.0000000000
53696  6.182  -26.694  76.426 0.0000000000
52670  6.606  -27.602  76.096 0.0000000000
51600  5.896  -27.927  75.425 0.0000000000
59847  4.599  -19.831  92.095 0.0000000000
59853  4.040  -20.436  91.273 0.0000000000
59854  3.609  -20.640  90.705 0.0000000000
61809  3.703  -19.128  91.255 0.0000000000
60852  3.355  -20.347  90.177 0.0000000000
59871  3.285  -21.137  89.808 0.0000000000
124800  3.392  -21.216  88.904 0.0000000000
143001  3.370  -21.247  88.124 0.0000000000
145279  3.882  -21.320  86.980 0.0000000000
58909  4.051  -21.656  85.613 0.0000000000
57849  4.009  -22.262  84.885 0.0000000000
134721  3.605  -22.369  83.980 0.0000000000
143004  4.548  -19.882  85.354 0.0000000000
129078  4.668  -19.978  84.089 0.0000000000
59906  4.416  -20.298  84.723 0.0000000000
59907  4.170  -21.054  84.152 0.0000000000
57873  3.657  -22.544  81.854 0.0000000000
131616  3.266  -21.433  80.464 0.0000000000
123993  2.843  -23.422  78.494 0.0000000000
55744  2.821  -23.964  77.685 0.0000000000
58995  2.930  -21.298  78.289 0.0000000000
133005  2.762  -21.961  77.723 0.0000000000
125896  2.861  -24.054  76.763 0.0000000000
43031  11.933  -35.852  93.502 0.0000000000
43967  13.044  -34.987  93.897 0.0000000000
43968  12.666  -35.294  94.285 0.0000000000
43975  12.939  -35.135  92.999 0.0000000000
45012  12.070  -34.724  95.642 0.0000000000
45022  13.764  -33.985  93.784 0.0000000000
45027  13.788  -34.099  92.958 0.0000000000
46029  13.728  -33.765  94.475 0.0000000000
47054  12.006  -32.539  97.438 0.0000000000
47057  13.001  -33.049  96.755 0.0000000000
49290  13.739  -30.412  94.800 0.0000000000
50391  15.496  -29.348  86.958 0.0000000000
51389  12.992  -28.725  96.668 0.0000000000
51537  9.942  -28.584  82.382 0.0000000000
51581  8.346  -28.399  77.743 0.0000000000
52563  10.472  -28.026  84.110 0.0000000000
52577  10.372  -27.860  83.489 0.0000000000
52634  8.828  -27.083  79.232 0.0000000000
53566  4.507  -26.175  86.765 0.0000000000
53628  9.348  -26.859  80.660 0.0000000000
53646  8.598  -26.471  79.604 0.0000000000
56697  3.315  -23.060  88.497 0.0000000000
59860  3.379  -21.021  90.356 0.0000000000
126316  12.851  -29.245  97.091 0.0000000000
129800  13.675  -33.497  94.992 0.0000000000
131355  3.488  -21.588  81.305 0.0000000000
138108  19.979  -31.279  91.684 0.0000000000
143185  10.945  -36.184  94.465 0.0000000000
145307  3.695  -22.999  86.560 0.0000000000
145860  9.852  -28.006  81.040 0.0000000000
146022  9.278  -30.328  85.201 0.0000000000
147113  6.040  -31.031  77.023 0.0000000000
