#!ascii label  , from subject sub-v2s10x28989_ses-1 vox2ras=TkReg
716
38213  27.869  -42.156  90.074 0.0000000000
61984  43.015  -17.941  73.986 0.0000000000
64179  50.766  -15.674  73.131 0.0000000000
55702  43.637  -23.938  83.357 0.0000000000
47151  30.045  -33.216  86.114 0.0000000000
123921  30.467  -39.074  89.216 0.0000000000
66235  46.675  -14.179  74.365 0.0000000000
61923  47.626  -17.967  78.793 0.0000000000
53582  39.780  -26.294  85.604 0.0000000000
47135  35.343  -32.742  87.731 0.0000000000
66369  56.055  -14.446  65.242 0.0000000000
66328  51.852  -13.623  69.772 0.0000000000
55731  41.438  -24.642  79.512 0.0000000000
60937  44.202  -19.520  80.625 0.0000000000
130659  28.503  -37.079  88.226 0.0000000000
39222  29.288  -41.084  90.020 0.0000000000
134817  43.930  -15.938  73.610 0.0000000000
65220  47.649  -15.753  77.390 0.0000000000
62985  45.645  -17.135  77.349 0.0000000000
48273  41.518  -31.472  84.747 0.0000000000
46072  31.754  -34.296  89.321 0.0000000000
47139  32.094  -33.222  86.663 0.0000000000
45047  34.411  -34.614  89.117 0.0000000000
137697  54.175  -12.459  65.622 0.0000000000
65391  53.045  -15.197  65.969 0.0000000000
66341  53.120  -13.475  67.407 0.0000000000
66275  49.537  -14.191  71.372 0.0000000000
65355  48.868  -15.530  68.917 0.0000000000
66293  52.101  -14.171  71.076 0.0000000000
64230  51.544  -16.134  69.679 0.0000000000
63070  50.093  -17.727  71.162 0.0000000000
55667  41.782  -24.522  85.183 0.0000000000
54645  40.620  -25.376  82.752 0.0000000000
57865  41.963  -22.626  83.294 0.0000000000
124791  42.345  -22.219  80.261 0.0000000000
58921  44.236  -21.386  82.888 0.0000000000
58930  45.719  -21.214  81.445 0.0000000000
55720  44.602  -23.902  80.963 0.0000000000
43998  29.465  -35.651  89.357 0.0000000000
65310  46.482  -15.250  71.311 0.0000000000
134496  49.975  -13.398  74.313 0.0000000000
64138  50.038  -15.906  76.338 0.0000000000
61935  49.969  -18.345  77.350 0.0000000000
49345  37.627  -30.454  86.601 0.0000000000
131680  39.916  -28.942  86.443 0.0000000000
51502  41.953  -28.509  85.018 0.0000000000
52565  42.935  -27.805  83.621 0.0000000000
53606  43.239  -26.220  81.207 0.0000000000
47181  36.394  -32.515  84.902 0.0000000000
47133  37.266  -31.938  87.639 0.0000000000
65446  54.645  -15.165  62.510 0.0000000000
68389  51.391  -12.386  67.384 0.0000000000
125125  52.196  -14.048  69.168 0.0000000000
63159  49.640  -17.465  67.880 0.0000000000
60995  43.728  -19.113  76.952 0.0000000000
61894  46.103  -18.754  80.017 0.0000000000
58955  47.468  -21.291  79.357 0.0000000000
37107  28.199  -42.668  89.944 0.0000000000
38212  28.718  -41.783  90.047 0.0000000000
37120  29.433  -42.486  88.978 0.0000000000
64166  43.777  -16.679  74.109 0.0000000000
64153  44.780  -16.715  75.589 0.0000000000
63007  44.102  -17.515  75.206 0.0000000000
136215  33.093  -34.266  89.110 0.0000000000
68411  53.105  -12.026  65.508 0.0000000000
68386  53.663  -12.439  66.858 0.0000000000
68401  53.133  -11.966  66.656 0.0000000000
67299  51.284  -13.615  72.416 0.0000000000
142224  51.679  -13.776  71.565 0.0000000000
65290  51.924  -14.805  72.119 0.0000000000
64201  51.326  -16.538  71.504 0.0000000000
55679  42.877  -24.131  84.586 0.0000000000
55681  41.941  -23.695  84.703 0.0000000000
57838  42.813  -22.864  84.233 0.0000000000
58916  43.336  -21.783  83.563 0.0000000000
56735  43.805  -22.275  83.593 0.0000000000
57876  44.756  -22.409  82.392 0.0000000000
55701  44.034  -23.394  82.764 0.0000000000
122611  28.724  -35.889  88.594 0.0000000000
42111  29.622  -37.560  89.857 0.0000000000
43985  30.385  -36.012  89.539 0.0000000000
65293  45.148  -15.069  72.243 0.0000000000
65329  45.129  -15.840  70.950 0.0000000000
147696  46.252  -14.446  72.965 0.0000000000
66260  47.801  -14.062  72.658 0.0000000000
67273  48.351  -13.629  74.577 0.0000000000
66221  49.569  -14.150  75.660 0.0000000000
133328  48.048  -14.146  75.909 0.0000000000
64117  47.424  -16.852  78.229 0.0000000000
62984  48.969  -16.655  77.814 0.0000000000
61922  49.203  -18.625  77.896 0.0000000000
59984  50.228  -20.268  77.316 0.0000000000
60967  49.230  -19.657  77.956 0.0000000000
49332  38.181  -30.582  86.941 0.0000000000
129164  38.576  -29.389  86.535 0.0000000000
49343  39.490  -30.591  86.369 0.0000000000
49355  42.097  -30.130  84.518 0.0000000000
52553  42.575  -28.168  84.555 0.0000000000
143257  33.790  -33.175  87.110 0.0000000000
47166  34.397  -33.170  85.684 0.0000000000
47148  35.982  -32.627  86.274 0.0000000000
144892  36.895  -31.574  87.251 0.0000000000
48231  36.049  -32.338  88.054 0.0000000000
125583  55.718  -13.042  64.863 0.0000000000
65420  55.653  -15.199  64.244 0.0000000000
65392  52.078  -15.215  65.982 0.0000000000
66329  50.653  -14.092  69.512 0.0000000000
66345  48.151  -14.613  67.251 0.0000000000
66343  50.197  -13.872  68.727 0.0000000000
140535  49.480  -13.391  67.119 0.0000000000
67356  51.386  -12.825  68.315 0.0000000000
67355  52.073  -13.082  68.854 0.0000000000
67337  52.055  -13.534  69.541 0.0000000000
63121  50.124  -17.709  69.582 0.0000000000
63144  49.895  -17.615  68.694 0.0000000000
144898  38.988  -27.730  84.372 0.0000000000
52566  39.698  -27.365  83.432 0.0000000000
55723  40.989  -24.838  81.077 0.0000000000
53619  40.662  -26.485  80.441 0.0000000000
58943  43.168  -20.563  80.517 0.0000000000
58978  42.760  -21.498  78.625 0.0000000000
59969  42.957  -20.724  78.483 0.0000000000
60996  43.133  -19.901  76.734 0.0000000000
60970  43.815  -19.514  78.812 0.0000000000
61925  44.971  -18.418  79.017 0.0000000000
60936  44.995  -19.258  80.857 0.0000000000
56766  46.400  -23.311  80.109 0.0000000000
125614  46.854  -21.869  79.934 0.0000000000
131654  47.633  -23.158  79.157 0.0000000000
56771  48.402  -23.669  78.595 0.0000000000
41125  29.278  -38.663  90.129 0.0000000000
39211  30.053  -40.272  89.828 0.0000000000
39241  30.448  -40.616  88.876 0.0000000000
38229  29.924  -41.801  89.146 0.0000000000
65275  45.272  -14.817  73.813 0.0000000000
66210  47.587  -14.725  76.351 0.0000000000
65246  45.713  -15.367  75.540 0.0000000000
64140  46.598  -16.136  77.032 0.0000000000
142922  47.023  -17.215  78.494 0.0000000000
46099  31.131  -33.664  87.831 0.0000000000
130028  30.995  -33.155  86.321 0.0000000000
47124  32.402  -33.570  88.303 0.0000000000
122353  33.074  -33.375  88.165 0.0000000000
46068  34.808  -33.314  88.977 0.0000000000
46082  35.636  -33.410  88.660 0.0000000000
45062  35.090  -34.836  88.783 0.0000000000
67388  55.545  -13.341  65.576 0.0000000000
65389  55.051  -15.096  65.785 0.0000000000
138980  55.043  -14.081  66.333 0.0000000000
66350  54.100  -13.897  66.741 0.0000000000
65365  52.593  -14.324  67.723 0.0000000000
64213  48.291  -16.165  69.807 0.0000000000
65324  49.810  -14.756  70.213 0.0000000000
65323  50.889  -14.074  70.350 0.0000000000
65338  51.673  -13.853  70.249 0.0000000000
65337  52.139  -14.981  70.217 0.0000000000
64211  51.816  -15.967  70.469 0.0000000000
63095  50.189  -17.753  70.463 0.0000000000
54613  40.811  -25.376  85.924 0.0000000000
53581  40.058  -25.919  84.691 0.0000000000
55682  41.368  -24.318  84.915 0.0000000000
55692  41.324  -23.712  83.320 0.0000000000
56758  41.619  -23.172  81.463 0.0000000000
57905  41.936  -23.146  80.212 0.0000000000
57891  42.006  -22.489  81.176 0.0000000000
58933  42.982  -21.140  82.182 0.0000000000
59924  44.057  -20.305  81.900 0.0000000000
59923  44.826  -20.376  81.735 0.0000000000
57861  44.865  -21.774  82.459 0.0000000000
56756  45.169  -22.845  81.521 0.0000000000
55718  46.214  -24.106  79.951 0.0000000000
44027  28.202  -35.897  87.079 0.0000000000
136448  28.788  -34.415  86.894 0.0000000000
45077  29.844  -33.928  87.428 0.0000000000
45050  30.682  -34.902  89.431 0.0000000000
43984  31.335  -35.348  89.508 0.0000000000
65309  47.419  -15.148  71.174 0.0000000000
67292  49.361  -13.530  73.010 0.0000000000
66244  51.093  -13.881  73.441 0.0000000000
65258  50.498  -14.930  74.645 0.0000000000
64150  50.073  -16.060  75.618 0.0000000000
63004  49.876  -17.555  76.272 0.0000000000
65231  48.542  -15.114  77.034 0.0000000000
62983  49.862  -17.332  77.233 0.0000000000
49367  37.366  -30.310  84.702 0.0000000000
50414  37.771  -29.483  85.389 0.0000000000
51504  38.598  -28.279  86.118 0.0000000000
52527  39.706  -27.319  86.588 0.0000000000
50406  40.885  -29.930  85.599 0.0000000000
51485  40.910  -28.533  85.997 0.0000000000
53556  40.530  -26.632  86.537 0.0000000000
53567  42.078  -26.263  85.590 0.0000000000
141230  42.791  -26.253  84.695 0.0000000000
146651  43.182  -25.322  83.786 0.0000000000
143753  43.522  -24.923  81.990 0.0000000000
137380  43.142  -26.631  82.087 0.0000000000
49359  37.139  -31.079  86.170 0.0000000000
49333  37.592  -30.739  87.024 0.0000000000
47132  38.141  -32.104  87.324 0.0000000000
45060  37.092  -33.929  88.116 0.0000000000
45074  38.326  -34.297  86.847 0.0000000000
66403  56.171  -14.524  62.251 0.0000000000
68403  50.796  -12.201  65.635 0.0000000000
68373  52.647  -12.485  67.746 0.0000000000
126805  52.393  -13.272  68.249 0.0000000000
65367  51.270  -15.578  67.487 0.0000000000
64249  51.186  -16.174  68.804 0.0000000000
64260  50.833  -16.203  67.890 0.0000000000
64261  50.073  -16.823  67.468 0.0000000000
53598  40.399  -26.349  82.536 0.0000000000
123600  42.635  -19.623  75.380 0.0000000000
61959  43.641  -18.405  75.554 0.0000000000
62986  45.033  -17.869  77.708 0.0000000000
62973  46.269  -17.844  78.961 0.0000000000
60953  46.572  -18.609  79.601 0.0000000000
59933  45.939  -19.871  80.717 0.0000000000
59931  46.505  -19.987  80.195 0.0000000000
141224  48.026  -20.043  78.791 0.0000000000
57916  49.235  -22.134  78.110 0.0000000000
54663  44.022  -24.955  80.427 0.0000000000
54676  44.897  -25.036  79.928 0.0000000000
142935  27.610  -43.484  89.557 0.0000000000
123904  27.368  -42.915  90.103 0.0000000000
122471  28.301  -41.495  89.976 0.0000000000
63034  43.229  -17.214  73.670 0.0000000000
143550  43.949  -17.103  74.605 0.0000000000
63019  43.569  -17.453  74.379 0.0000000000
68402  51.965  -11.830  65.954 0.0000000000
65273  51.551  -14.329  72.782 0.0000000000
66256  51.847  -13.963  72.226 0.0000000000
65291  51.470  -15.196  72.682 0.0000000000
64189  51.210  -16.098  72.253 0.0000000000
64190  50.299  -16.476  72.715 0.0000000000
54634  43.228  -24.482  83.942 0.0000000000
56726  42.754  -23.333  84.455 0.0000000000
55691  43.214  -23.583  84.004 0.0000000000
56736  43.152  -22.800  83.900 0.0000000000
56747  43.734  -23.049  83.512 0.0000000000
41123  29.752  -38.881  90.055 0.0000000000
42112  29.199  -37.476  90.056 0.0000000000
142163  29.941  -38.030  89.831 0.0000000000
41131  30.207  -38.476  89.602 0.0000000000
66247  46.032  -14.453  73.689 0.0000000000
66246  46.775  -14.156  73.497 0.0000000000
67274  47.445  -13.862  74.122 0.0000000000
67265  48.624  -13.772  75.383 0.0000000000
66223  47.525  -13.924  75.099 0.0000000000
62970  48.072  -17.203  78.340 0.0000000000
146159  48.466  -18.004  78.387 0.0000000000
125707  48.289  -18.789  78.612 0.0000000000
48258  39.296  -31.489  86.450 0.0000000000
49344  38.780  -30.729  86.640 0.0000000000
47136  34.449  -33.028  88.043 0.0000000000
132267  33.892  -33.228  86.267 0.0000000000
143405  34.645  -33.013  86.791 0.0000000000
136228  35.230  -32.939  85.954 0.0000000000
47149  35.468  -32.796  86.806 0.0000000000
48245  36.054  -32.371  87.298 0.0000000000
67387  56.178  -13.830  65.083 0.0000000000
67400  56.573  -13.345  64.486 0.0000000000
66379  56.521  -14.311  64.483 0.0000000000
65419  56.234  -14.806  64.675 0.0000000000
67357  50.328  -13.300  68.153 0.0000000000
67338  51.391  -13.380  69.141 0.0000000000
62051  48.922  -18.706  69.437 0.0000000000
62062  49.436  -18.247  69.080 0.0000000000
52554  39.282  -27.202  85.194 0.0000000000
143606  39.340  -27.391  84.133 0.0000000000
53592  39.692  -26.799  84.392 0.0000000000
55722  41.335  -24.375  80.491 0.0000000000
54686  41.267  -25.089  78.752 0.0000000000
59950  42.949  -20.865  79.509 0.0000000000
124285  43.467  -20.035  80.114 0.0000000000
59949  43.362  -20.112  79.131 0.0000000000
60955  43.958  -19.465  79.737 0.0000000000
60954  44.722  -18.961  80.246 0.0000000000
56773  46.903  -24.125  79.640 0.0000000000
56765  47.083  -23.505  79.605 0.0000000000
56772  47.536  -23.962  79.189 0.0000000000
39223  28.894  -40.918  90.064 0.0000000000
40213  29.125  -39.819  89.948 0.0000000000
39212  29.496  -40.132  89.988 0.0000000000
40204  29.473  -39.200  90.063 0.0000000000
147389  29.684  -40.902  89.930 0.0000000000
38210  30.020  -41.159  89.553 0.0000000000
64181  43.713  -15.921  72.811 0.0000000000
64191  43.690  -15.958  72.064 0.0000000000
130040  44.201  -15.505  73.146 0.0000000000
65276  44.547  -15.352  73.892 0.0000000000
65259  45.212  -15.135  74.670 0.0000000000
145941  44.692  -15.550  74.518 0.0000000000
62995  45.361  -16.806  76.449 0.0000000000
64141  45.939  -16.217  76.562 0.0000000000
125132  46.009  -16.567  77.060 0.0000000000
64118  47.137  -16.775  78.089 0.0000000000
64119  46.734  -17.292  78.472 0.0000000000
46086  31.064  -33.981  88.779 0.0000000000
46085  31.736  -33.770  88.512 0.0000000000
127019  33.584  -34.481  89.178 0.0000000000
46084  33.015  -33.790  88.852 0.0000000000
46070  33.726  -33.765  89.090 0.0000000000
47111  34.277  -33.350  89.030 0.0000000000
46069  34.325  -33.853  89.159 0.0000000000
45046  35.003  -33.968  89.128 0.0000000000
67390  53.688  -12.762  64.446 0.0000000000
67389  54.920  -12.911  65.204 0.0000000000
67378  55.174  -13.476  66.100 0.0000000000
124336  54.782  -12.832  66.063 0.0000000000
67368  53.725  -12.923  67.031 0.0000000000
66351  53.287  -14.207  67.037 0.0000000000
65308  48.515  -14.869  71.057 0.0000000000
65325  48.892  -15.454  70.269 0.0000000000
66296  49.459  -14.725  70.693 0.0000000000
66295  50.590  -14.032  70.919 0.0000000000
66294  51.759  -13.850  70.816 0.0000000000
66310  52.196  -14.146  70.567 0.0000000000
65322  52.193  -14.903  70.792 0.0000000000
63069  50.818  -17.230  71.037 0.0000000000
62036  49.541  -18.226  70.718 0.0000000000
54612  41.344  -24.910  85.639 0.0000000000
55669  41.218  -24.783  85.492 0.0000000000
55668  41.670  -24.516  85.139 0.0000000000
56737  41.825  -22.986  84.120 0.0000000000
138979  41.475  -23.756  84.326 0.0000000000
144608  41.626  -23.119  83.312 0.0000000000
55703  41.159  -24.022  82.305 0.0000000000
56748  41.503  -23.296  82.468 0.0000000000
126870  41.929  -22.507  82.276 0.0000000000
57863  43.790  -21.758  83.484 0.0000000000
58923  43.137  -21.299  83.020 0.0000000000
143721  43.696  -21.505  83.239 0.0000000000
58922  43.719  -20.972  82.557 0.0000000000
59914  44.362  -20.816  82.339 0.0000000000
56757  44.614  -23.054  82.146 0.0000000000
55709  44.943  -23.428  81.192 0.0000000000
56767  45.650  -23.412  80.617 0.0000000000
55719  45.429  -24.078  80.363 0.0000000000
134027  28.366  -37.049  87.564 0.0000000000
43077  28.255  -36.627  87.139 0.0000000000
43076  28.357  -36.336  87.939 0.0000000000
43999  29.017  -35.962  89.370 0.0000000000
44026  28.552  -35.498  87.813 0.0000000000
44012  29.153  -35.296  88.642 0.0000000000
46100  29.253  -34.149  87.217 0.0000000000
45064  29.691  -34.496  88.145 0.0000000000
45063  30.455  -34.414  88.894 0.0000000000
45051  29.858  -34.971  89.175 0.0000000000
65328  46.042  -15.816  70.809 0.0000000000
65327  46.992  -15.824  70.664 0.0000000000
67282  49.128  -13.445  73.946 0.0000000000
66259  48.546  -13.943  72.427 0.0000000000
67281  50.208  -13.374  73.610 0.0000000000
67290  50.953  -13.428  73.196 0.0000000000
67271  50.546  -13.532  73.964 0.0000000000
66233  50.613  -14.117  74.276 0.0000000000
66234  50.028  -13.701  74.853 0.0000000000
65244  49.836  -14.861  76.075 0.0000000000
65243  50.172  -15.321  75.473 0.0000000000
122632  50.067  -16.812  76.161 0.0000000000
65232  47.903  -15.189  76.985 0.0000000000
65219  48.038  -15.656  77.523 0.0000000000
62982  50.226  -18.171  76.906 0.0000000000
61934  50.308  -18.951  76.904 0.0000000000
49358  37.495  -30.331  85.749 0.0000000000
50407  37.929  -29.683  86.395 0.0000000000
123417  39.238  -29.134  86.501 0.0000000000
51488  38.823  -28.751  86.464 0.0000000000
52528  39.200  -27.981  86.445 0.0000000000
51487  39.639  -28.215  86.559 0.0000000000
48274  40.879  -31.466  85.359 0.0000000000
49357  41.094  -30.775  85.327 0.0000000000
50405  41.506  -29.320  85.352 0.0000000000
51503  41.444  -28.398  85.784 0.0000000000
52525  40.885  -27.679  86.332 0.0000000000
140958  41.667  -27.837  85.832 0.0000000000
52539  41.456  -26.973  86.120 0.0000000000
52538  42.127  -27.509  85.305 0.0000000000
52552  42.805  -27.975  84.121 0.0000000000
52537  42.664  -27.233  84.731 0.0000000000
122720  42.860  -27.062  84.121 0.0000000000
53579  42.959  -26.103  83.975 0.0000000000
53590  43.098  -26.829  83.450 0.0000000000
132821  43.219  -26.524  82.745 0.0000000000
52579  43.100  -27.411  82.717 0.0000000000
47169  31.509  -32.969  85.614 0.0000000000
47168  32.527  -33.100  85.605 0.0000000000
47182  35.695  -32.874  84.502 0.0000000000
47202  36.251  -32.479  84.025 0.0000000000
48282  36.757  -31.915  84.510 0.0000000000
48275  36.775  -31.912  85.483 0.0000000000
48243  37.107  -31.513  87.362 0.0000000000
48242  37.759  -31.307  87.236 0.0000000000
46081  36.557  -33.220  88.391 0.0000000000
46107  39.070  -33.937  86.285 0.0000000000
65434  55.633  -15.059  63.356 0.0000000000
66392  55.591  -14.855  62.603 0.0000000000
65390  54.067  -15.219  65.877 0.0000000000
65356  48.040  -15.992  68.459 0.0000000000
65368  48.532  -15.053  68.136 0.0000000000
67369  50.452  -12.851  67.333 0.0000000000
67370  49.727  -12.990  66.426 0.0000000000
68390  50.558  -12.461  66.481 0.0000000000
68404  49.907  -12.757  65.713 0.0000000000
128908  51.384  -12.059  66.534 0.0000000000
137382  52.081  -13.491  69.037 0.0000000000
66342  52.297  -13.913  68.557 0.0000000000
65366  52.065  -14.818  68.117 0.0000000000
64248  51.886  -15.298  69.484 0.0000000000
63158  50.368  -16.919  68.276 0.0000000000
54635  40.415  -25.613  83.729 0.0000000000
141445  40.600  -25.867  82.112 0.0000000000
57904  42.331  -22.801  79.353 0.0000000000
58997  42.588  -21.509  77.361 0.0000000000
59985  43.403  -19.743  77.521 0.0000000000
61011  42.804  -19.946  76.041 0.0000000000
61010  43.260  -19.221  75.988 0.0000000000
61025  43.003  -18.900  75.077 0.0000000000
135388  43.836  -18.609  76.280 0.0000000000
61958  44.261  -17.985  76.087 0.0000000000
61936  44.317  -18.635  77.636 0.0000000000
61910  45.235  -18.524  79.768 0.0000000000
141607  45.650  -18.208  79.293 0.0000000000
61909  45.991  -18.341  79.593 0.0000000000
61908  46.391  -18.340  79.489 0.0000000000
144478  46.403  -18.916  79.928 0.0000000000
59922  45.534  -20.418  81.312 0.0000000000
59932  46.129  -20.649  80.798 0.0000000000
129245  46.740  -20.915  80.105 0.0000000000
59948  47.307  -20.211  79.421 0.0000000000
59947  48.134  -20.793  78.800 0.0000000000
58954  48.283  -21.731  78.707 0.0000000000
56777  49.506  -23.847  77.826 0.0000000000
54653  43.514  -25.312  81.193 0.0000000000
38211  29.479  -41.648  89.798 0.0000000000
37106  28.915  -42.356  89.791 0.0000000000
64182  43.399  -16.504  73.282 0.0000000000
65247  44.863  -15.875  75.094 0.0000000000
63018  44.297  -16.650  74.829 0.0000000000
130730  44.684  -17.346  75.996 0.0000000000
43995  32.087  -34.983  89.628 0.0000000000
46071  32.437  -34.381  89.250 0.0000000000
43994  32.955  -34.939  89.200 0.0000000000
68410  53.924  -12.334  66.356 0.0000000000
68387  53.136  -12.322  67.308 0.0000000000
66274  50.586  -13.667  71.851 0.0000000000
66273  52.052  -14.203  71.650 0.0000000000
65307  52.098  -14.889  71.399 0.0000000000
64200  51.850  -15.840  71.127 0.0000000000
64188  51.773  -15.687  71.784 0.0000000000
63049  50.574  -17.111  71.815 0.0000000000
55680  42.316  -24.678  85.007 0.0000000000
56717  42.033  -24.062  84.874 0.0000000000
55666  42.323  -23.934  84.834 0.0000000000
56727  42.423  -23.413  84.611 0.0000000000
57851  42.774  -22.535  83.920 0.0000000000
57850  43.275  -22.256  83.754 0.0000000000
57862  44.261  -21.979  83.091 0.0000000000
56746  44.209  -22.654  82.984 0.0000000000
55710  44.342  -23.734  81.831 0.0000000000
43065  28.775  -36.623  89.005 0.0000000000
42113  29.055  -37.306  90.114 0.0000000000
43047  29.190  -36.811  89.908 0.0000000000
43987  29.323  -36.201  89.687 0.0000000000
43997  30.046  -35.632  89.527 0.0000000000
43046  29.584  -36.844  89.782 0.0000000000
65312  44.868  -15.497  71.650 0.0000000000
65311  45.602  -15.337  71.495 0.0000000000
66277  46.928  -14.800  71.806 0.0000000000
66261  46.985  -14.341  72.590 0.0000000000
67283  48.125  -13.679  73.817 0.0000000000
67272  49.329  -13.541  74.830 0.0000000000
67264  49.329  -13.810  75.367 0.0000000000
66222  48.867  -14.053  75.955 0.0000000000
66208  49.104  -14.573  76.412 0.0000000000
64128  47.590  -16.248  77.799 0.0000000000
64127  48.093  -16.298  77.960 0.0000000000
62969  49.126  -17.665  77.899 0.0000000000
60981  50.119  -19.365  77.289 0.0000000000
59966  49.536  -20.658  77.844 0.0000000000
50384  38.086  -29.908  86.854 0.0000000000
50396  38.772  -29.932  86.572 0.0000000000
50395  39.642  -29.709  86.379 0.0000000000
49356  41.551  -30.463  84.923 0.0000000000
146662  42.720  -28.650  84.056 0.0000000000
51525  42.828  -28.664  83.699 0.0000000000
47150  33.125  -33.225  86.382 0.0000000000
47184  34.072  -33.192  84.697 0.0000000000
136688  35.057  -33.132  85.038 0.0000000000
47165  35.848  -32.818  85.358 0.0000000000
48260  36.656  -31.896  86.661 0.0000000000
48244  36.632  -31.915  87.554 0.0000000000
46080  36.873  -32.512  88.126 0.0000000000
67399  56.933  -13.865  64.014 0.0000000000
65433  56.359  -14.827  64.019 0.0000000000
140913  54.894  -15.337  63.412 0.0000000000
65354  49.593  -14.887  69.332 0.0000000000
66330  49.492  -14.657  68.752 0.0000000000
66344  49.173  -14.046  67.851 0.0000000000
68374  52.180  -12.574  68.082 0.0000000000
63143  50.683  -16.987  69.163 0.0000000000
51516  38.672  -28.050  85.105 0.0000000000
54654  40.778  -25.319  81.789 0.0000000000
54665  40.834  -25.684  80.827 0.0000000000
142469  40.905  -25.925  80.062 0.0000000000
58944  42.748  -21.296  80.383 0.0000000000
58956  42.619  -21.880  79.406 0.0000000000
134848  42.785  -21.240  77.976 0.0000000000
59986  42.914  -20.612  77.468 0.0000000000
59998  42.639  -20.628  76.481 0.0000000000
59968  43.311  -20.050  78.238 0.0000000000
60983  43.842  -19.203  77.710 0.0000000000
60982  44.249  -18.945  78.406 0.0000000000
60969  44.475  -18.936  79.363 0.0000000000
61895  45.478  -18.841  80.243 0.0000000000
57874  45.837  -21.954  81.280 0.0000000000
58942  46.276  -21.511  80.725 0.0000000000
57888  46.348  -22.380  80.473 0.0000000000
57887  46.972  -22.778  79.767 0.0000000000
57903  47.577  -22.263  79.239 0.0000000000
57902  48.398  -22.673  78.663 0.0000000000
42124  28.758  -37.678  88.941 0.0000000000
41132  28.951  -39.013  89.576 0.0000000000
133539  28.798  -38.307  89.322 0.0000000000
41124  29.392  -38.692  90.139 0.0000000000
40212  30.135  -39.399  89.790 0.0000000000
40223  30.516  -39.788  89.130 0.0000000000
38228  30.254  -41.394  88.543 0.0000000000
65294  44.339  -15.519  72.322 0.0000000000
66236  45.944  -14.617  74.489 0.0000000000
131821  46.633  -14.398  75.156 0.0000000000
66224  46.003  -14.847  75.160 0.0000000000
65245  46.651  -14.905  75.904 0.0000000000
65233  47.176  -15.471  76.834 0.0000000000
64152  45.471  -16.075  75.930 0.0000000000
65234  46.257  -15.639  76.317 0.0000000000
64129  47.215  -16.185  77.559 0.0000000000
62971  47.102  -17.498  78.747 0.0000000000
48257  40.036  -31.452  85.786 0.0000000000
46108  30.470  -33.543  87.051 0.0000000000
47170  30.537  -32.943  85.496 0.0000000000
47140  31.309  -33.394  87.065 0.0000000000
46098  31.845  -33.436  87.640 0.0000000000
139769  32.477  -33.358  87.599 0.0000000000
145488  32.285  -33.951  88.946 0.0000000000
47138  33.017  -33.253  87.292 0.0000000000
47137  33.650  -33.264  87.902 0.0000000000
47122  35.283  -32.894  88.507 0.0000000000
130741  35.611  -34.264  88.731 0.0000000000
44006  35.942  -35.119  88.365 0.0000000000
67377  55.809  -13.850  65.618 0.0000000000
65388  55.667  -14.796  65.595 0.0000000000
138933  55.619  -14.274  65.887 0.0000000000
66359  55.340  -14.612  66.027 0.0000000000
65376  54.667  -14.684  66.316 0.0000000000
67379  54.330  -12.846  66.544 0.0000000000
65377  53.804  -14.735  66.586 0.0000000000
65378  52.823  -14.874  66.779 0.0000000000
65379  51.801  -15.176  66.884 0.0000000000
64250  48.269  -16.244  69.158 0.0000000000
65340  49.080  -15.445  69.625 0.0000000000
65339  50.243  -14.511  69.858 0.0000000000
66327  52.136  -14.116  69.895 0.0000000000
64212  51.405  -16.616  70.885 0.0000000000
63120  50.996  -17.015  70.174 0.0000000000
62050  49.546  -18.283  69.938 0.0000000000
53570  40.214  -26.044  86.357 0.0000000000
54614  40.315  -25.663  85.692 0.0000000000
54623  40.651  -24.998  85.093 0.0000000000
55693  40.901  -24.516  83.890 0.0000000000
55704  40.912  -24.570  82.623 0.0000000000
55713  40.984  -24.546  81.822 0.0000000000
55712  41.269  -23.984  81.453 0.0000000000
56768  41.574  -23.628  80.733 0.0000000000
147183  41.674  -23.929  80.029 0.0000000000
57864  42.576  -21.947  83.184 0.0000000000
57877  42.490  -21.792  82.182 0.0000000000
57890  42.581  -21.592  81.256 0.0000000000
58932  43.262  -20.728  81.496 0.0000000000
59934  43.751  -20.075  81.052 0.0000000000
123301  44.516  -19.828  81.286 0.0000000000
58931  45.015  -21.097  82.133 0.0000000000
143832  45.336  -21.638  81.863 0.0000000000
57875  45.297  -22.215  81.770 0.0000000000
57889  45.758  -22.695  80.939 0.0000000000
46119  29.167  -33.346  85.808 0.0000000000
46110  28.974  -33.909  86.444 0.0000000000
46109  29.601  -33.658  86.671 0.0000000000
46087  30.420  -33.968  88.031 0.0000000000
46073  31.102  -34.449  89.297 0.0000000000
45039  31.035  -35.269  89.539 0.0000000000
43983  31.702  -35.011  89.692 0.0000000000
65326  48.020  -15.814  70.510 0.0000000000
66276  47.802  -14.477  71.904 0.0000000000
132300  48.731  -14.252  71.770 0.0000000000
66258  49.505  -13.760  72.170 0.0000000000
67291  50.435  -13.460  72.753 0.0000000000
65274  51.001  -14.746  73.602 0.0000000000
64163  50.316  -15.508  74.161 0.0000000000
123407  50.191  -15.550  75.007 0.0000000000
66220  50.171  -14.445  75.186 0.0000000000
139920  47.283  -14.362  75.731 0.0000000000
66209  48.332  -14.569  76.486 0.0000000000
65230  49.370  -15.328  76.848 0.0000000000
64126  48.750  -15.764  77.516 0.0000000000
139887  49.591  -16.250  77.145 0.0000000000
64139  50.062  -16.791  76.707 0.0000000000
62994  50.077  -17.592  76.601 0.0000000000
49375  37.283  -30.343  83.710 0.0000000000
140718  37.862  -29.090  84.812 0.0000000000
51489  38.312  -29.359  86.547 0.0000000000
51505  38.211  -28.992  86.210 0.0000000000
51517  38.144  -28.732  85.404 0.0000000000
52541  39.083  -27.513  86.205 0.0000000000
52540  39.690  -26.750  86.355 0.0000000000
49342  40.280  -30.457  85.808 0.0000000000
144645  40.194  -29.541  86.069 0.0000000000
50394  40.546  -29.044  85.999 0.0000000000
51486  40.280  -28.252  86.463 0.0000000000
52526  40.096  -27.324  86.696 0.0000000000
53557  40.064  -26.552  86.694 0.0000000000
53569  40.511  -25.958  86.322 0.0000000000
143862  41.071  -25.386  86.086 0.0000000000
54611  41.714  -25.160  85.641 0.0000000000
53580  42.435  -25.491  85.125 0.0000000000
54622  42.932  -25.214  84.497 0.0000000000
54644  43.444  -24.924  82.966 0.0000000000
53597  43.294  -25.751  82.168 0.0000000000
51538  42.871  -28.181  82.081 0.0000000000
52594  43.001  -27.189  81.538 0.0000000000
47186  31.967  -32.951  84.769 0.0000000000
49376  36.983  -31.090  84.100 0.0000000000
49368  37.086  -31.109  85.102 0.0000000000
49346  37.144  -31.131  86.936 0.0000000000
48259  38.473  -31.371  86.894 0.0000000000
47147  38.927  -32.309  86.636 0.0000000000
47121  36.161  -32.664  88.287 0.0000000000
146818  37.177  -33.162  88.093 0.0000000000
46097  37.745  -33.689  87.533 0.0000000000
141389  37.614  -32.722  87.671 0.0000000000
46096  38.483  -33.216  86.965 0.0000000000
135667  27.103  -42.297  89.942 0.0000000000
66404  55.119  -14.726  61.765 0.0000000000
68388  52.339  -12.076  67.210 0.0000000000
67354  52.888  -12.780  67.676 0.0000000000
144191  52.388  -12.782  68.158 0.0000000000
65353  51.756  -15.223  68.711 0.0000000000
64270  50.486  -16.226  67.061 0.0000000000
64271  49.781  -16.648  66.730 0.0000000000
61985  42.490  -18.410  73.549 0.0000000000
53591  40.090  -26.594  83.521 0.0000000000
52580  40.025  -27.235  82.608 0.0000000000
142789  42.363  -20.356  75.650 0.0000000000
61026  42.432  -19.362  74.594 0.0000000000
61971  42.767  -18.669  74.284 0.0000000000
61970  43.377  -18.177  74.728 0.0000000000
62996  44.883  -17.584  76.731 0.0000000000
130036  44.791  -18.335  78.294 0.0000000000
61924  45.481  -17.966  78.661 0.0000000000
124828  45.970  -17.398  78.249 0.0000000000
62972  46.762  -17.594  78.788 0.0000000000
61907  46.840  -18.101  79.183 0.0000000000
61906  47.276  -18.598  79.217 0.0000000000
60922  45.220  -19.763  81.214 0.0000000000
140098  45.558  -19.817  80.952 0.0000000000
60935  45.643  -19.319  80.643 0.0000000000
60934  46.232  -19.283  80.240 0.0000000000
60952  46.835  -19.213  79.721 0.0000000000
60951  47.680  -19.361  79.062 0.0000000000
60968  48.409  -19.607  78.560 0.0000000000
58977  48.964  -21.188  78.263 0.0000000000
58976  49.753  -21.481  77.763 0.0000000000
147684  49.812  -23.232  77.737 0.0000000000
55711  43.800  -24.229  82.397 0.0000000000
55721  43.942  -24.400  81.291 0.0000000000
53633  44.205  -25.457  79.836 0.0000000000
54662  44.712  -24.428  80.448 0.0000000000
54661  45.456  -24.666  79.981 0.0000000000
40202  29.813  -39.600  89.998 0.0000000000
40203  29.602  -39.273  90.051 0.0000000000
43056  29.031  -36.620  89.847 0.0000000000
43986  29.611  -36.328  89.681 0.0000000000
45048  32.032  -34.753  89.636 0.0000000000
45049  31.470  -34.805  89.584 0.0000000000
45078  28.913  -34.766  87.625 0.0000000000
46083  33.856  -33.285  88.729 0.0000000000
47123  34.546  -33.087  88.849 0.0000000000
47134  36.670  -32.065  87.926 0.0000000000
47164  36.368  -32.412  85.694 0.0000000000
51515  42.497  -28.989  84.316 0.0000000000
53568  41.093  -26.028  86.241 0.0000000000
56778  49.246  -23.029  78.141 0.0000000000
57839  42.475  -23.063  84.411 0.0000000000
59967  48.741  -20.321  78.379 0.0000000000
61946  44.359  -18.320  76.872 0.0000000000
62959  46.548  -17.960  79.111 0.0000000000
63035  42.726  -17.669  73.253 0.0000000000
64130  46.542  -16.758  77.758 0.0000000000
64165  44.294  -15.965  74.372 0.0000000000
65292  46.095  -14.798  72.156 0.0000000000
65404  55.937  -14.963  65.038 0.0000000000
66245  47.537  -13.939  73.293 0.0000000000
66257  51.398  -13.794  72.783 0.0000000000
66262  45.545  -14.717  72.968 0.0000000000
67293  48.370  -13.720  73.172 0.0000000000
67367  54.530  -13.402  66.550 0.0000000000
123973  43.256  -25.913  83.205 0.0000000000
126906  47.938  -24.438  78.805 0.0000000000
127147  44.760  -15.053  73.048 0.0000000000
127821  32.622  -34.704  89.282 0.0000000000
128358  29.407  -38.196  90.091 0.0000000000
130182  42.702  -21.823  77.990 0.0000000000
134160  51.658  -15.498  72.209 0.0000000000
138606  43.686  -19.508  78.113 0.0000000000
140854  41.758  -23.120  80.871 0.0000000000
146416  50.456  -19.960  77.074 0.0000000000
146850  41.461  -25.612  86.002 0.0000000000
