#!ascii label  , from subject sub-v2s10x28989_ses-1 vox2ras=TkReg
761
57597  21.462  -23.507  13.356 0.1428571492
56500  21.025  -23.765  14.049 0.1428571492
57615  21.755  -23.351  12.504 0.1428571492
56498  22.775  -24.333  13.537 0.1428571492
56519  23.161  -24.023  12.757 0.1428571492
136913  21.015  -23.241  10.659 0.5714285970
57630  22.572  -23.871  11.205 0.1428571492
140220  22.993  -26.169  10.666 0.2857142985
56544  22.383  -25.081  10.626 0.2857142985
136361  23.393  -28.400  11.074 0.1428571492
54425  22.822  -27.606  10.635 0.2857142985
55495  23.743  -26.988  9.573 0.2857142985
54454  22.857  -27.871  9.731 0.2857142985
122020  25.590  -22.585  9.540 0.2857142985
56542  25.207  -24.986  10.162 0.2857142985
59751  25.426  -21.594  8.179 0.2857142985
137399  26.354  -20.478  5.418 0.2857142985
137599  28.003  -18.928  2.595 0.8571428657
61760  27.169  -20.184  3.955 0.4285714328
60760  26.343  -20.359  7.207 0.2857142985
63980  29.180  -17.621  1.384 0.7142857313
137429  29.384  -18.252  1.743 0.7142857313
63970  28.597  -18.198  1.973 0.7142857313
62806  27.217  -19.081  3.118 0.7142857313
65065  30.500  -16.544  0.280 0.8571428657
65059  29.818  -17.102  0.769 0.5714285970
144286  29.071  -15.616  1.118 0.8571428657
65051  28.344  -17.276  1.831 0.7142857313
63971  27.840  -17.847  2.377 0.7142857313
68123  31.460  -14.195  -0.158 0.4285714328
67103  30.204  -14.907  -0.073 0.7142857313
67091  29.576  -15.235  0.583 0.8571428657
136297  32.453  -12.559  -1.394 0.2857142985
69142  31.610  -12.482  -1.702 0.5714285970
69113  30.592  -13.455  -0.533 0.8571428657
68136  31.348  -13.545  -0.636 0.7142857313
68125  30.007  -13.928  -0.036 0.8571428657
70127  33.200  -11.416  -3.393 0.1428571492
70111  33.191  -11.935  -2.248 0.1428571492
70128  32.445  -11.492  -3.385 0.4285714328
70112  30.837  -12.202  -1.412 0.5714285970
69129  30.243  -12.536  -0.628 0.8571428657
73144  31.252  -9.312  -3.296 0.1428571492
71107  33.816  -10.956  -3.188 0.1428571492
71122  32.252  -10.746  -3.802 0.1428571492
70138  31.876  -10.956  -3.741 0.4285714328
70113  29.962  -11.698  -0.915 0.8571428657
73136  30.584  -7.984  -1.225 0.1428571492
73135  31.152  -8.664  -1.621 0.1428571492
73145  30.575  -8.545  -2.995 0.1428571492
72107  31.511  -10.093  -3.809 0.1428571492
72109  30.458  -9.357  -4.001 0.4285714328
71123  30.942  -10.201  -3.768 0.5714285970
71109  30.225  -10.570  -2.459 0.7142857313
140696  29.355  -11.190  -0.548 0.8571428657
74142  30.100  -7.673  -2.404 0.1428571492
74143  29.507  -7.169  -3.272 0.1428571492
74155  29.850  -8.324  -3.966 0.1428571492
135787  30.028  -8.856  -4.129 0.5714285970
72091  29.930  -9.794  -3.260 0.8571428657
71089  29.713  -10.955  -1.313 0.8571428657
71110  29.345  -10.268  -1.795 0.8571428657
75145  29.473  -6.301  -1.951 0.1428571492
76095  28.886  -5.725  -3.125 0.2857142985
74165  28.856  -7.094  -4.237 0.8571428657
72110  29.503  -8.999  -3.912 0.8571428657
73160  28.858  -8.298  -3.839 0.8571428657
145824  28.110  -4.056  -3.644 0.1428571492
77939  28.357  -3.590  -2.506 0.1428571492
76096  28.555  -5.387  -3.604 0.4285714328
136404  28.017  -6.309  -4.081 0.8571428657
74166  28.386  -7.048  -4.058 0.8571428657
132379  28.417  -7.711  -3.706 0.8571428657
73147  27.753  -8.151  -2.609 0.8571428657
145228  28.350  -5.097  -3.985 0.4285714328
75158  27.400  -6.599  -3.372 0.8571428657
74144  27.570  -7.367  -3.070 0.8571428657
74158  26.717  -7.027  -2.660 0.8571428657
77940  27.928  -3.325  -3.388 0.1428571492
78875  27.690  -2.506  -3.286 0.2857142985
77037  27.654  -3.965  -4.060 0.5714285970
77038  26.947  -3.711  -4.255 0.8571428657
126644  27.378  -4.481  -4.078 0.8571428657
76103  27.834  -5.437  -4.097 0.8571428657
75166  27.102  -5.810  -3.517 0.8571428657
76104  26.747  -4.975  -3.727 0.8571428657
75159  26.223  -6.302  -2.774 0.8571428657
147627  27.175  -1.157  -3.165 0.2857142985
78885  27.200  -2.335  -3.933 0.7142857313
77947  27.396  -3.157  -3.976 0.5714285970
77948  26.771  -2.948  -4.401 0.8571428657
77039  26.327  -4.246  -3.981 0.8571428657
77040  24.534  -4.642  -4.216 0.8571428657
75167  25.230  -5.835  -3.077 0.8571428657
78886  26.669  -2.161  -4.502 0.8571428657
77957  26.064  -2.763  -4.713 0.8571428657
126831  25.392  -4.237  -4.064 0.8571428657
77959  24.323  -3.639  -5.171 0.7142857313
77950  24.827  -3.944  -4.628 0.7142857313
79873  26.339  -1.370  -4.632 0.8571428657
79881  25.722  -1.680  -5.198 0.8571428657
77958  25.182  -3.217  -4.851 0.8571428657
79882  24.872  -2.099  -5.331 0.8571428657
79891  25.031  -1.110  -5.407 0.8571428657
78900  23.888  -3.182  -5.394 0.7142857313
80866  25.654  0.100  -4.766 0.7142857313
146866  25.311  -0.325  -5.165 0.8571428657
81829  25.130  0.603  -5.191 0.8571428657
80867  24.727  -0.149  -5.380 0.8571428657
81842  24.073  1.126  -5.790 0.7142857313
78898  25.474  -2.475  -5.089 0.8571428657
130562  26.754  3.806  -7.764 0.1428571492
146279  24.835  1.160  -5.456 0.8571428657
81841  24.582  1.625  -5.948 0.7142857313
123086  24.665  2.123  -7.019 0.7142857313
139838  24.547  0.743  -5.477 0.8571428657
84698  26.458  4.193  -9.097 0.1428571492
82782  24.714  2.561  -7.984 0.5714285970
83737  23.574  2.862  -8.644 0.5714285970
83735  25.074  3.134  -8.570 0.1428571492
85660  25.871  4.532  -11.083 0.1428571492
83750  23.236  3.304  -9.321 0.5714285970
84728  25.001  4.450  -11.302 0.1428571492
146024  25.124  4.928  -12.043 0.1428571492
83749  24.182  3.149  -9.702 0.1428571492
85688  24.488  5.653  -12.883 0.1428571492
133327  23.900  2.865  -9.195 0.5714285970
85673  24.287  4.716  -12.238 0.1428571492
86581  22.951  4.938  -11.490 0.1428571492
86592  24.084  6.016  -12.712 0.1428571492
86594  22.247  5.512  -11.467 0.1428571492
56474  21.396  -24.608  14.378 0.1428571492
57614  22.662  -23.596  12.129 0.2857142985
56518  23.445  -23.951  11.927 0.1428571492
143698  23.623  -24.955  11.103 0.2857142985
56529  23.389  -24.337  11.380 0.2857142985
54437  23.937  -27.827  9.902 0.2857142985
53390  23.483  -28.914  10.468 0.2857142985
53407  22.461  -27.975  9.939 0.1428571492
134906  26.136  -20.598  6.185 0.2857142985
126620  25.658  -21.009  6.476 0.2857142985
61767  27.627  -19.666  3.361 0.4285714328
61747  26.716  -20.340  4.599 0.5714285970
66072  31.006  -16.033  -0.133 0.2857142985
65046  27.279  -17.294  3.034 0.7142857313
69112  31.916  -13.244  -0.642 0.1428571492
70130  30.496  -11.386  -1.877 0.7142857313
74131  29.791  -6.933  -1.729 0.1428571492
74156  29.151  -7.649  -4.142 0.8571428657
73159  29.449  -8.290  -4.041 0.8571428657
73146  28.460  -8.856  -2.683 0.8571428657
74145  26.623  -7.728  -2.157 0.8571428657
79872  26.895  -1.457  -3.816 0.8571428657
82757  25.230  1.652  -5.470 0.8571428657
82769  25.158  2.271  -6.341 0.7142857313
124443  25.424  3.123  -7.776 0.2857142985
84714  25.391  4.196  -10.462 0.1428571492
87549  25.570  6.748  -13.334 0.1428571492
56475  20.442  -24.152  14.365 0.1428571492
55496  21.514  -26.468  10.330 0.2857142985
57648  21.467  -23.756  10.688 0.2857142985
53374  23.110  -28.313  10.511 0.1428571492
144247  25.160  -27.174  10.220 0.2857142985
57647  25.444  -24.141  10.182 0.2857142985
56559  24.655  -24.431  9.690 0.2857142985
56543  24.222  -25.734  9.618 0.2857142985
121872  25.305  -23.455  9.871 0.2857142985
62797  26.926  -19.782  3.630 0.7142857313
72075  32.539  -9.584  -1.709 0.1428571492
74130  30.234  -7.194  -0.755 0.1428571492
76085  29.143  -5.579  -2.134 0.1428571492
76086  28.760  -5.046  -2.531 0.2857142985
77019  28.701  -4.273  -2.125 0.1428571492
75165  28.520  -6.636  -4.110 0.8571428657
72092  28.954  -9.557  -2.369 0.8571428657
130422  28.129  -9.364  -1.476 1.0000000000
78874  28.119  -2.627  -2.463 0.1428571492
80833  27.547  -0.905  -2.558 0.1428571492
80846  26.976  -0.492  -3.143 0.2857142985
77041  23.591  -5.016  -4.350 0.8571428657
80847  26.530  -0.740  -3.913 0.5714285970
81819  26.052  0.731  -4.143 0.5714285970
81828  25.630  1.196  -4.769 0.5714285970
83720  25.224  2.633  -7.187 0.4285714328
83691  26.480  3.039  -5.525 0.2857142985
83704  25.929  3.120  -6.576 0.2857142985
83719  26.074  3.483  -7.423 0.1428571492
83734  26.008  3.803  -8.258 0.1428571492
84699  25.503  3.768  -9.093 0.1428571492
132254  22.842  3.541  -10.309 0.2857142985
122306  25.881  4.256  -9.752 0.1428571492
84729  23.946  3.802  -11.235 0.1428571492
125162  22.856  4.187  -10.978 0.1428571492
85675  22.126  4.596  -10.867 0.1428571492
87546  22.674  6.053  -11.605 0.1428571492
87547  21.800  6.192  -11.638 0.1428571492
138155  24.028  6.491  -12.200 0.1428571492
81805  26.520  0.199  -3.598 0.4285714328
81818  26.828  1.401  -3.541 0.4285714328
82745  26.278  1.807  -4.316 0.4285714328
123594  25.679  2.498  -5.776 0.5714285970
57596  22.357  -23.746  13.049 0.1428571492
57631  21.732  -23.364  11.526 0.4285714328
57616  20.808  -23.028  12.914 0.2857142985
54438  21.815  -27.297  10.272 0.1428571492
55494  24.927  -26.261  10.072 0.2857142985
132418  28.226  -16.288  2.118 0.7142857313
68124  30.915  -14.500  -0.413 0.8571428657
68110  29.478  -14.262  0.835 0.8571428657
69127  31.819  -12.846  -1.266 0.5714285970
70129  31.563  -11.702  -2.468 0.5714285970
73158  30.613  -9.280  -3.963 0.2857142985
72089  33.271  -10.524  -3.036 0.1428571492
135783  31.610  -10.254  -3.773 0.1428571492
74164  29.080  -6.926  -4.068 0.5714285970
74157  28.973  -7.680  -4.228 0.8571428657
76102  28.322  -5.523  -4.088 0.8571428657
76105  25.490  -4.899  -3.528 0.8571428657
77949  25.911  -3.563  -4.346 0.8571428657
80858  25.785  -0.839  -5.002 0.8571428657
83736  24.399  2.856  -8.875 0.5714285970
82795  23.879  2.424  -8.045 0.5714285970
84727  26.605  4.356  -11.518 0.1428571492
146370  23.615  3.172  -9.750 0.4285714328
83760  24.416  3.642  -10.519 0.1428571492
85699  25.033  5.929  -13.305 0.1428571492
85687  25.172  5.277  -12.850 0.1428571492
83748  24.966  3.714  -9.780 0.1428571492
84715  23.594  3.349  -10.371 0.1428571492
86593  23.262  5.747  -11.863 0.1428571492
53389  24.786  -28.530  10.323 0.1428571492
133703  26.141  -0.381  -4.390 0.5714285970
56545  21.408  -24.660  10.440 0.4285714328
121923  24.647  -23.165  9.097 0.5714285970
84732  21.623  4.233  -10.230 0.1428571492
58761  23.856  -22.440  7.493 0.5714285970
59753  23.113  -22.321  7.731 0.5714285970
123784  22.486  -21.594  8.099 0.2857142985
59766  24.276  -21.965  6.964 0.5714285970
121621  23.232  -20.764  7.203 0.5714285970
58752  21.841  -21.889  8.854 0.4285714328
59781  23.882  -21.390  6.811 0.5714285970
138865  22.107  -20.622  8.205 0.2857142985
121616  22.414  -20.103  7.721 0.4285714328
59779  25.213  -21.117  6.061 0.4285714328
60774  24.730  -20.806  5.885 0.5714285970
122003  23.489  -19.369  6.685 0.5714285970
61749  25.693  -20.254  4.822 0.5714285970
62785  25.287  -19.286  5.012 0.5714285970
61736  24.244  -19.900  6.108 0.4285714328
136750  25.193  -18.048  5.435 0.4285714328
62799  25.688  -18.550  4.626 0.4285714328
122194  23.021  -19.804  7.135 0.4285714328
62749  22.235  -19.139  7.511 0.2857142985
121860  21.621  -19.455  8.080 0.2857142985
62772  23.929  -18.689  6.372 0.4285714328
61762  25.832  -19.676  4.417 0.7142857313
65031  26.439  -17.047  4.215 0.7142857313
66032  25.873  -15.667  4.601 0.4285714328
67061  27.031  -15.064  3.745 0.7142857313
67079  25.558  -13.984  3.164 0.5714285970
67078  26.698  -14.010  3.400 0.7142857313
68097  24.997  -13.779  2.344 0.2857142985
63964  26.778  -17.972  3.390 0.5714285970
65047  26.869  -16.831  3.702 0.5714285970
66047  26.618  -15.991  4.205 0.7142857313
139573  27.818  -14.365  3.044 0.7142857313
69082  25.907  -12.714  2.049 0.7142857313
69097  26.295  -12.148  1.822 0.7142857313
69098  25.405  -12.436  1.426 0.7142857313
141008  24.814  -13.055  1.243 0.4285714328
69116  24.637  -11.851  0.243 0.4285714328
66067  28.911  -16.557  1.276 0.5714285970
66061  27.825  -15.582  2.969 0.5714285970
67092  28.977  -14.690  1.451 0.5714285970
69080  27.659  -12.926  2.325 0.5714285970
70080  26.824  -11.547  1.520 0.7142857313
70099  26.370  -10.978  1.009 0.7142857313
71076  25.958  -10.577  0.416 0.7142857313
70100  25.469  -11.271  0.659 0.7142857313
70131  24.150  -11.708  -0.867 0.5714285970
71113  23.750  -11.152  -1.458 0.5714285970
69114  29.719  -12.814  0.197 0.7142857313
69115  28.921  -12.198  0.909 0.5714285970
141258  28.215  -12.622  1.788 0.5714285970
70097  28.407  -11.353  0.669 0.7142857313
70079  27.952  -11.839  1.412 0.7142857313
71092  26.568  -9.939  -0.059 0.8571428657
132810  24.208  -11.929  -0.330 0.4285714328
72079  25.976  -9.576  -0.565 0.7142857313
71124  24.232  -10.275  -1.361 0.7142857313
72095  25.531  -9.235  -1.187 0.7142857313
71125  23.417  -10.147  -1.955 0.5714285970
70098  27.398  -11.031  1.025 0.7142857313
72077  27.464  -9.583  -0.641 0.8571428657
72078  26.744  -9.385  -0.709 0.8571428657
72111  24.176  -9.444  -1.899 0.7142857313
72113  22.713  -9.582  -2.170 0.5714285970
73169  22.081  -8.289  -2.455 0.2857142985
72076  28.412  -10.063  -0.745 0.7142857313
72094  26.388  -8.968  -1.121 0.7142857313
74168  22.980  -7.057  -2.952 0.7142857313
72093  27.407  -8.908  -1.456 0.7142857313
73148  25.926  -8.449  -1.572 0.8571428657
73162  24.056  -8.486  -2.375 0.8571428657
75168  24.270  -6.336  -3.251 0.8571428657
74146  25.463  -7.916  -2.094 0.8571428657
74160  23.578  -7.665  -2.806 0.5714285970
133609  24.311  -7.272  -2.836 0.8571428657
74167  23.546  -6.712  -3.172 0.8571428657
75169  23.006  -6.241  -3.369 0.7142857313
75160  25.130  -6.722  -2.744 0.8571428657
76107  23.531  -5.843  -3.682 0.8571428657
76106  24.342  -5.440  -3.723 0.8571428657
130768  22.879  -5.477  -3.924 0.7142857313
78909  24.170  -2.528  -5.433 0.7142857313
78910  23.341  -2.434  -5.382 0.7142857313
79892  24.099  -1.735  -5.449 0.5714285970
78902  21.776  -2.396  -4.608 0.7142857313
78911  22.490  -2.006  -5.289 0.7142857313
80868  24.074  -0.759  -5.433 0.7142857313
81830  24.072  0.181  -5.475 0.8571428657
80879  22.904  0.330  -5.477 0.7142857313
79894  21.953  -1.265  -5.259 0.7142857313
82758  22.315  1.439  -5.779 0.7142857313
82759  21.539  1.391  -5.574 0.5714285970
81843  23.512  0.649  -5.608 0.7142857313
82772  22.769  1.934  -6.136 0.7142857313
82785  23.104  2.407  -6.966 0.4285714328
82773  22.015  2.166  -6.006 0.5714285970
83692  21.293  2.378  -5.755 0.5714285970
82771  23.582  1.614  -6.219 0.5714285970
82760  20.908  1.719  -5.278 0.5714285970
82786  22.277  2.675  -6.786 0.5714285970
83705  21.639  3.061  -6.540 0.5714285970
83693  20.719  2.544  -5.312 0.5714285970
82746  20.515  1.586  -4.614 0.4285714328
84640  20.925  3.747  -5.877 0.5714285970
83706  21.162  3.422  -6.219 0.5714285970
83722  21.823  3.627  -7.459 0.5714285970
84628  20.587  3.104  -4.911 0.4285714328
82732  19.456  1.769  -3.179 0.4285714328
85594  20.592  4.925  -6.218 0.4285714328
62805  28.491  -19.311  3.105 0.2857142985
141548  29.102  -13.144  1.203 0.5714285970
84641  20.787  4.082  -5.533 0.4285714328
85584  20.733  4.459  -5.037 0.2857142985
58750  23.309  -22.998  7.944 0.5714285970
138741  22.340  -23.376  8.729 0.5714285970
59765  25.055  -21.623  6.919 0.2857142985
59752  24.604  -22.172  7.656 0.4285714328
138760  21.693  -21.035  8.771 0.2857142985
61737  22.781  -18.930  7.085 0.4285714328
63926  24.070  -17.813  6.250 0.4285714328
62786  24.631  -18.647  5.799 0.5714285970
62773  23.004  -18.335  6.771 0.2857142985
65032  25.517  -16.201  5.093 0.5714285970
147624  29.579  -18.558  2.203 0.2857142985
67064  24.028  -14.671  3.046 0.2857142985
68096  26.014  -13.295  2.664 0.7142857313
131757  26.822  -8.397  -1.681 0.8571428657
73163  23.324  -8.379  -2.483 0.7142857313
77960  23.591  -3.843  -5.181 0.7142857313
141485  23.234  -3.250  -5.226 0.7142857313
77961  22.807  -3.755  -4.882 0.7142857313
81831  22.165  0.584  -5.515 0.7142857313
81833  20.902  0.929  -5.070 0.5714285970
83679  20.416  2.381  -4.505 0.2857142985
82770  24.192  1.791  -6.689 0.5714285970
82784  23.790  2.103  -7.306 0.5714285970
82796  23.303  2.718  -7.904 0.5714285970
84654  21.356  4.094  -7.199 0.5714285970
84655  21.012  4.483  -6.921 0.2857142985
63942  23.707  -17.030  6.130 0.4285714328
58748  25.092  -22.320  8.679 0.2857142985
65052  27.721  -16.751  2.558 0.5714285970
70096  29.385  -11.760  0.053 0.7142857313
71073  28.758  -10.916  -0.111 0.7142857313
74159  25.859  -7.185  -2.404 0.7142857313
62798  26.214  -19.368  3.931 0.5714285970
63955  26.201  -18.220  4.001 0.5714285970
131683  22.958  -4.863  -4.508 0.7142857313
66060  28.499  -15.259  2.125 0.5714285970
58749  24.233  -22.861  8.083 0.5714285970
140932  23.366  -21.687  7.347 0.5714285970
138751  23.706  -23.553  8.385 0.4285714328
121614  22.738  -20.938  7.731 0.5714285970
58751  22.505  -22.608  8.318 0.5714285970
59780  24.548  -21.380  6.480 0.5714285970
122134  23.886  -20.595  6.539 0.5714285970
121854  21.590  -23.891  9.473 0.5714285970
61750  24.906  -20.021  5.443 0.5714285970
144880  24.426  -19.341  5.932 0.5714285970
63927  23.333  -17.629  6.470 0.4285714328
144900  25.524  -17.642  5.198 0.5714285970
63940  25.172  -16.966  5.519 0.4285714328
63956  25.908  -17.249  4.892 0.5714285970
147745  26.113  -16.392  4.667 0.7142857313
137772  26.265  -15.221  4.207 0.5714285970
67063  25.026  -14.518  3.557 0.4285714328
66049  24.471  -15.022  3.972 0.4285714328
66033  24.996  -15.471  4.710 0.4285714328
133659  24.734  -14.245  2.837 0.2857142985
68095  27.216  -13.380  2.884 0.7142857313
67077  28.490  -14.150  2.254 0.7142857313
69081  26.709  -12.715  2.335 0.7142857313
70081  25.868  -11.632  1.293 0.7142857313
68111  28.907  -13.891  1.621 0.5714285970
70114  25.132  -10.969  0.032 0.7142857313
71094  24.932  -10.643  -0.497 0.7142857313
71074  27.906  -10.609  0.302 0.5714285970
71093  25.602  -10.255  -0.171 0.7142857313
136261  22.854  -11.060  -2.188 0.2857142985
73164  22.728  -8.733  -2.350 0.5714285970
72121  21.390  -8.911  -2.546 0.2857142985
144799  24.149  -7.871  -2.676 0.8571428657
79893  23.070  -1.311  -5.428 0.7142857313
80869  23.362  -0.237  -5.399 0.7142857313
81844  22.913  1.083  -5.734 0.8571428657
84656  20.747  4.758  -6.619 0.5714285970
63928  22.404  -17.495  6.554 0.1428571492
65019  23.169  -16.473  5.564 0.4285714328
58688  20.934  -22.945  12.058 0.4285714328
141976  26.053  -22.936  10.078 0.1428571492
59734  26.061  -21.674  9.210 0.1428571492
138211  27.085  -19.948  5.390 0.1428571492
144665  27.309  -20.111  4.465 0.1428571492
60743  26.203  -21.068  8.593 0.1428571492
122103  26.495  -22.343  9.753 0.1428571492
61735  27.727  -19.199  6.431 0.1428571492
61721  26.843  -19.778  6.623 0.1428571492
60742  26.812  -20.450  8.291 0.1428571492
143383  27.967  -19.700  3.999 0.1428571492
62803  30.099  -18.444  2.507 0.2857142985
65057  31.110  -16.774  0.866 0.1428571492
77049  23.271  -4.408  -4.806 0.5714285970
87511  21.663  7.296  -11.089 0.1428571492
129233  22.125  -5.395  -3.365 0.4285714328
88493  21.394  8.260  -11.526 0.1428571492
86595  21.489  5.616  -11.493 0.1428571492
77951  21.680  -3.604  -3.869 0.4285714328
77962  22.065  -3.219  -4.452 0.5714285970
79874  21.349  -1.976  -4.080 0.4285714328
87512  19.177  6.274  -9.473 0.2857142985
85635  20.525  5.390  -8.921 0.2857142985
84671  21.337  4.473  -8.126 0.2857142985
136035  20.807  4.973  -9.147 0.2857142985
79851  19.366  -1.899  -1.351 0.1428571492
79884  21.514  -1.638  -4.805 0.5714285970
80870  22.475  -0.393  -5.409 0.5714285970
85636  19.944  5.819  -8.390 0.2857142985
83721  22.523  3.203  -7.681 0.4285714328
80834  20.245  -1.059  -2.582 0.4285714328
80860  20.769  -0.324  -4.341 0.5714285970
85620  20.411  5.437  -8.291 0.2857142985
80835  19.407  -0.648  -2.056 0.4285714328
81792  19.917  -0.139  -2.717 0.2857142985
85606  20.167  5.386  -7.230 0.1428571492
85605  20.474  5.222  -7.572 0.1428571492
85621  19.816  5.668  -7.909 0.1428571492
81793  19.075  0.445  -2.194 0.1428571492
82731  20.172  1.180  -3.695 0.4285714328
86530  20.029  5.491  -6.745 0.1428571492
86539  19.432  5.745  -7.601 0.1428571492
86547  19.091  5.851  -8.049 0.1428571492
81807  19.611  0.847  -2.933 0.2857142985
86520  20.584  5.261  -5.577 0.2857142985
85585  20.988  5.055  -4.198 0.1428571492
86548  18.639  6.100  -7.784 0.1428571492
86531  20.068  5.862  -6.000 0.1428571492
87448  20.361  6.373  -5.209 0.1428571492
86540  19.393  6.010  -7.077 0.1428571492
138459  20.562  6.586  -4.424 0.1428571492
58704  20.809  -22.881  11.181 0.4285714328
140278  20.578  -22.194  10.804 0.2857142985
57646  26.086  -23.641  10.276 0.1428571492
60759  27.088  -19.873  7.640 0.1428571492
62796  29.005  -18.970  3.961 0.1428571492
77051  22.238  -4.068  -4.361 0.2857142985
82783  24.260  2.246  -7.625 0.4285714328
83751  22.346  3.800  -9.438 0.2857142985
86556  19.349  6.066  -8.490 0.2857142985
85648  20.554  5.189  -9.443 0.2857142985
51293  23.760  -29.999  10.884 0.1428571492
53373  23.508  -29.533  11.048 0.1428571492
127109  25.934  -26.148  10.395 0.1428571492
131600  25.770  -25.327  10.359 0.1428571492
65058  30.561  -17.163  0.797 0.1428571492
62809  28.920  -18.705  2.405 0.1428571492
77043  21.871  -4.450  -3.725 0.4285714328
79865  19.725  -1.499  -1.933 0.2857142985
81820  20.953  0.051  -5.009 0.5714285970
83738  22.693  3.495  -8.649 0.4285714328
87497  18.623  6.589  -8.828 0.2857142985
85663  20.248  5.511  -9.504 0.2857142985
84700  21.410  4.410  -9.487 0.2857142985
85662  20.594  4.920  -9.786 0.2857142985
86573  19.758  5.870  -9.726 0.2857142985
87537  19.464  6.714  -11.558 0.1428571492
88503  19.066  7.876  -11.772 0.1428571492
86596  20.930  5.994  -11.702 0.1428571492
87470  18.817  6.799  -7.312 0.2857142985
86557  18.269  6.226  -8.122 0.2857142985
142046  20.145  6.087  -11.477 0.1428571492
87548  21.272  6.824  -11.985 0.1428571492
85676  21.266  4.669  -10.617 0.1428571492
86582  20.981  5.198  -11.140 0.1428571492
66065  31.332  -15.988  1.127 0.2857142985
146842  18.316  7.049  -10.015 0.2857142985
85661  21.040  4.536  -10.138 0.2857142985
85677  20.652  4.918  -10.359 0.1428571492
63979  29.905  -17.817  1.159 0.4285714328
84716  22.083  3.925  -9.928 0.2857142985
78887  21.543  -2.768  -3.946 0.4285714328
79883  21.935  -2.050  -5.112 0.5714285970
80859  21.265  -0.801  -4.904 0.5714285970
81832  21.371  0.517  -5.324 0.5714285970
83752  21.895  4.152  -9.019 0.2857142985
77050  22.746  -4.427  -4.632 0.5714285970
80871  21.603  -0.264  -5.293 0.5714285970
81821  20.574  0.567  -4.443 0.5714285970
84686  20.868  5.034  -8.680 0.2857142985
121990  27.072  -21.725  9.497 0.1428571492
62771  28.568  -18.769  6.232 0.1428571492
77952  21.318  -3.097  -3.159 0.2857142985
86561  19.727  6.105  -9.101 0.2857142985
85649  20.191  5.751  -8.978 0.2857142985
84685  21.324  4.611  -8.893 0.2857142985
79864  20.537  -1.871  -2.481 0.2857142985
79875  20.904  -1.517  -3.313 0.4285714328
80849  20.576  -0.674  -3.444 0.4285714328
80848  21.147  -1.153  -4.146 0.5714285970
81806  20.282  0.227  -3.586 0.4285714328
58705  20.310  -22.252  11.675 0.2857142985
62784  28.708  -18.834  5.077 0.1428571492
77044  21.409  -3.945  -3.097 0.2857142985
86572  20.207  5.359  -10.032 0.2857142985
86584  19.705  5.816  -10.641 0.2857142985
88502  20.205  7.835  -12.311 0.1428571492
144564  23.420  -11.609  -1.814 0.4285714328
72120  22.062  -9.205  -2.282 0.2857142985
89409  16.803  9.343  -8.021 0.1428571492
89410  16.600  10.049  -8.371 0.1428571492
88427  20.000  7.124  -5.203 0.1428571492
143329  18.628  9.076  -7.447 0.1428571492
88466  17.138  7.866  -7.982 0.1428571492
88477  17.442  7.651  -9.110 0.1428571492
88439  19.344  7.445  -6.241 0.1428571492
89382  19.526  7.918  -5.459 0.1428571492
143235  17.914  7.398  -7.633 0.1428571492
89396  19.150  8.410  -6.975 0.1428571492
90366  17.474  9.830  -7.745 0.1428571492
87482  17.779  6.762  -7.870 0.1428571492
88454  18.886  7.706  -7.143 0.1428571492
89380  20.563  8.551  -4.594 0.1428571492
71126  22.560  -10.340  -2.227 0.2857142985
89381  19.984  8.223  -5.017 0.1428571492
90354  19.804  9.692  -5.963 0.1428571492
91261  17.181  11.144  -8.404 0.1428571492
61748  26.097  -20.559  4.956 0.2857142985
87483  17.432  7.182  -8.270 0.1428571492
88485  17.859  8.446  -10.194 0.1428571492
88467  16.695  8.742  -8.531 0.1428571492
88486  17.005  8.952  -9.411 0.1428571492
130607  19.375  8.650  -5.791 0.1428571492
89373  20.457  7.902  -4.254 0.1428571492
60773  25.764  -20.776  5.647 0.4285714328
138766  21.378  -25.000  9.553 0.4285714328
54456  21.236  -27.095  9.899 0.2857142985
54455  21.994  -27.388  9.676 0.1428571492
121875  23.067  -24.394  8.622 0.2857142985
55512  22.093  -26.396  9.339 0.1428571492
55514  20.939  -25.608  10.012 0.2857142985
121852  24.053  -24.105  8.945 0.2857142985
121610  23.335  -25.338  9.012 0.1428571492
55511  22.969  -26.764  9.329 0.1428571492
53391  21.586  -27.238  9.827 0.1428571492
146723  22.794  -23.163  8.252 0.4285714328
138742  22.174  -25.270  9.147 0.2857142985
55513  21.282  -26.129  9.653 0.2857142985
138715  20.927  -23.416  9.935 0.2857142985
138778  20.817  -22.942  10.299 0.2857142985
138747  20.934  -24.470  9.938 0.2857142985
121963  21.627  -22.771  9.242 0.2857142985
63941  24.535  -17.457  5.898 0.2857142985
65033  24.598  -16.012  5.228 0.2857142985
66034  23.997  -15.499  4.515 0.2857142985
68137  23.788  -13.233  0.100 0.1428571492
69117  24.287  -12.699  0.337 0.2857142985
70132  23.593  -12.152  -1.442 0.1428571492
72115  20.781  -9.692  -2.469 0.1428571492
73170  21.586  -8.049  -2.644 0.1428571492
135655  22.067  -6.787  -2.745 0.1428571492
132561  21.308  -7.111  -3.001 0.1428571492
75170  21.856  -6.291  -2.809 0.1428571492
121682  21.002  -6.210  -2.256 0.1428571492
77942  20.232  -2.983  -1.798 0.1428571492
78888  21.147  -2.308  -3.232 0.1428571492
78865  19.063  -2.232  -0.829 0.1428571492
78864  19.557  -2.576  -1.301 0.1428571492
83666  20.104  2.058  -3.838 0.1428571492
83680  20.253  2.829  -3.985 0.1428571492
82719  18.947  1.520  -2.535 0.1428571492
84619  19.980  3.395  -3.417 0.1428571492
84629  20.583  3.579  -4.434 0.1428571492
56546  20.915  -24.764  10.093 0.1428571492
134706  22.476  -6.108  -3.237 0.2857142985
76109  21.166  -5.316  -2.229 0.1428571492
78877  20.009  -2.242  -1.825 0.1428571492
65018  24.159  -16.576  5.676 0.2857142985
65034  23.580  -15.988  5.057 0.2857142985
69130  23.578  -13.308  -0.449 0.1428571492
70139  22.886  -11.949  -2.216 0.1428571492
70140  21.332  -11.489  -2.316 0.1428571492
71127  21.852  -10.725  -2.222 0.1428571492
130278  20.129  -9.429  -2.800 0.1428571492
129348  20.871  -8.770  -2.862 0.1428571492
74171  20.100  -7.483  -3.388 0.1428571492
137435  20.626  -6.804  -3.198 0.1428571492
122323  21.580  -4.867  -2.867 0.1428571492
83667  19.577  2.571  -3.344 0.1428571492
57649  20.891  -23.769  10.101 0.2857142985
69144  23.551  -13.206  -1.130 0.1428571492
74169  22.249  -7.387  -2.633 0.1428571492
63943  22.800  -16.909  6.138 0.1428571492
76108  21.498  -5.814  -2.659 0.1428571492
77941  20.880  -3.446  -2.440 0.1428571492
121893  20.810  -22.313  9.934 0.2857142985
66050  23.478  -15.141  3.714 0.1428571492
75171  21.177  -6.524  -2.612 0.1428571492
73172  19.122  -8.298  -3.109 0.1428571492
59703  19.804  -21.518  12.205 0.1428571492
121980  19.585  -20.796  12.797 0.1428571492
138790  20.061  -21.532  11.351 0.1428571492
138777  21.273  -21.972  9.408 0.1428571492
67101  31.172  -15.317  -0.140 0.1428571492
67090  31.455  -15.025  0.570 0.1428571492
141783  19.992  -22.305  12.619 0.1428571492
138814  20.362  -21.524  10.465 0.1428571492
138788  20.720  -21.468  9.739 0.1428571492
121938  21.288  -20.084  8.637 0.1428571492
81804  27.177  0.596  -2.943 0.1428571492
82744  27.058  2.426  -4.085 0.1428571492
144232  21.088  -19.447  8.458 0.1428571492
142068  27.508  0.003  -2.517 0.1428571492
62774  22.032  -18.200  7.100 0.1428571492
138815  21.290  -21.420  9.232 0.1428571492
52344  23.746  -29.918  10.825 0.1428571492
52345  23.666  -29.763  10.785 0.1428571492
52363  23.580  -29.937  10.791 0.1428571492
56541  25.989  -24.499  10.380 0.1428571492
59750  26.910  -21.046  9.084 0.1428571492
60784  25.480  -20.643  5.445 0.4285714328
61734  27.864  -19.376  5.268 0.1428571492
61761  26.453  -20.184  4.294 0.5714285970
62804  29.474  -18.791  3.028 0.2857142985
62807  26.618  -18.957  3.521 0.7142857313
63963  27.390  -18.272  2.832 0.7142857313
63969  29.964  -18.243  1.718 0.2857142985
63978  30.314  -17.743  1.348 0.1428571492
65064  31.046  -16.537  0.300 0.1428571492
66046  27.266  -16.178  3.473 0.5714285970
66048  25.459  -15.004  4.231 0.4285714328
66066  29.670  -16.192  0.569 0.5714285970
66071  31.217  -15.998  0.211 0.2857142985
66073  30.324  -15.762  0.022 0.7142857313
67062  26.048  -14.538  3.856 0.5714285970
67102  30.816  -15.382  -0.248 0.7142857313
68093  28.445  -13.374  2.026 0.5714285970
68094  28.007  -13.600  2.613 0.7142857313
68112  25.251  -13.178  1.848 0.7142857313
68147  23.374  -14.430  -0.939 0.1428571492
69096  27.273  -12.216  1.959 0.7142857313
69099  24.745  -12.546  0.792 0.2857142985
69128  31.105  -12.953  -1.049 0.5714285970
69141  32.408  -12.115  -2.345 0.4285714328
69143  23.928  -12.503  -0.683 0.4285714328
70115  24.543  -11.313  -0.383 0.5714285970
70136  33.029  -11.011  -3.837 0.1428571492
70137  32.662  -11.118  -3.874 0.4285714328
71075  26.938  -10.447  0.560 0.5714285970
71090  29.091  -10.663  -0.814 0.7142857313
71091  27.467  -10.101  -0.041 0.8571428657
71108  31.015  -10.956  -2.913 0.5714285970
71111  25.247  -9.943  -0.722 0.7142857313
71112  24.737  -10.310  -0.913 0.7142857313
72090  32.112  -9.953  -3.084 0.1428571492
72096  24.797  -9.666  -1.316 0.7142857313
72106  32.402  -10.661  -3.722 0.1428571492
72108  31.080  -9.734  -3.904 0.4285714328
72112  23.425  -9.123  -2.187 0.5714285970
72114  21.470  -9.910  -2.324 0.2857142985
73122  30.625  -7.645  -0.367 0.1428571492
73149  24.944  -8.779  -1.892 0.8571428657
73161  24.657  -7.988  -2.436 0.8571428657
73168  22.808  -7.905  -2.701 0.5714285970
73171  21.325  -7.901  -3.093 0.1428571492
74170  21.721  -7.361  -2.605 0.1428571492
75156  29.161  -6.329  -3.189 0.5714285970
75157  28.661  -6.284  -3.940 0.8571428657
77036  28.045  -4.780  -4.145 0.4285714328
77042  22.475  -4.786  -4.171 0.7142857313
77048  23.977  -4.307  -4.878 0.5714285970
78876  20.731  -2.644  -2.458 0.1428571492
78897  26.182  -2.102  -4.978 0.8571428657
78899  24.639  -2.899  -5.257 0.7142857313
78901  22.510  -2.752  -5.014 0.5714285970
79862  27.870  -1.783  -2.493 0.1428571492
79863  27.414  -1.714  -3.237 0.2857142985
82755  26.572  2.559  -4.722 0.4285714328
82756  25.913  2.185  -5.045 0.5714285970
82794  24.163  2.541  -8.464 0.5714285970
83739  21.910  4.006  -8.332 0.2857142985
83761  22.947  3.443  -9.905 0.4285714328
84672  20.891  4.888  -7.887 0.2857142985
84701  20.823  4.781  -9.730 0.2857142985
84713  26.302  4.431  -10.526 0.1428571492
84717  21.203  4.437  -9.852 0.2857142985
84730  23.223  3.670  -10.828 0.1428571492
84731  22.440  3.907  -10.475 0.1428571492
85672  25.831  4.871  -11.989 0.1428571492
85674  23.514  4.326  -11.542 0.1428571492
85689  23.723  5.191  -12.372 0.1428571492
85690  21.593  5.095  -11.148 0.1428571492
86583  20.349  5.461  -10.937 0.2857142985
86600  25.333  6.465  -13.416 0.1428571492
87536  20.519  6.809  -12.055 0.1428571492
87545  23.563  6.202  -11.968 0.1428571492
89387  20.182  8.985  -5.289 0.1428571492
89388  19.058  8.075  -6.104 0.1428571492
89408  17.889  8.442  -7.633 0.1428571492
90360  19.403  9.363  -6.875 0.1428571492
90367  16.801  10.511  -8.121 0.1428571492
90375  16.769  10.778  -8.442 0.1428571492
90387  17.433  11.317  -8.918 0.1428571492
121611  26.954  -23.110  10.054 0.1428571492
121679  20.573  -6.518  -2.565 0.1428571492
121868  22.293  -24.256  9.014 0.2857142985
131044  24.043  -12.561  -0.129 0.2857142985
131072  21.538  -6.970  -2.669 0.1428571492
132724  22.099  -10.001  -2.253 0.2857142985
133238  20.135  -8.548  -3.129 0.1428571492
133516  24.452  -10.929  -0.898 0.7142857313
134910  28.313  -6.102  -4.078 0.8571428657
138748  22.926  -23.631  8.374 0.4285714328
138853  27.350  -22.420  9.687 0.1428571492
139494  24.753  3.228  -9.219 0.1428571492
140567  22.145  -11.509  -2.309 0.2857142985
140699  25.197  -11.916  0.883 0.7142857313
141080  22.601  -6.654  -2.969 0.7142857313
142720  26.148  -5.496  -3.140 0.8571428657
143603  20.976  7.488  -12.262 0.1428571492
144249  20.829  4.661  -9.854 0.2857142985
144551  24.671  -23.722  9.487 0.2857142985
144592  28.586  -12.437  1.386 0.5714285970
145676  31.188  -16.392  0.485 0.2857142985
145852  25.078  -7.448  -2.524 0.8571428657
145914  21.881  -20.051  8.180 0.2857142985
146059  25.632  3.125  -7.226 0.4285714328
146753  28.413  -4.621  -3.272 0.1428571492
147341  31.710  -9.318  -1.931 0.1428571492
