#!ascii label  , from subject sub-v2s10x28956_ses-1 vox2ras=TkReg
2034
57924  -40.371  -30.215  82.485 0.0000000000
80679  -54.450  -8.637  60.892 0.0000000000
152802  -45.048  -17.613  69.200 0.0000000000
49472  -13.450  -38.204  79.542 0.0000000000
59024  -27.426  -29.453  83.620 0.0000000000
63378  -16.262  -25.826  80.722 0.0000000000
146850  -11.813  -25.442  88.538 0.0000000000
70532  -50.701  -18.612  62.899 0.0000000000
62253  -7.362  -26.598  74.696 0.0000000000
50623  -9.228  -37.525  89.266 0.0000000000
60245  -37.535  -28.089  75.898 0.0000000000
54892  -35.817  -33.675  81.052 0.0000000000
56816  -34.695  -31.433  84.602 0.0000000000
83436  -57.542  -4.874  58.382 0.0000000000
69500  -48.100  -19.384  66.347 0.0000000000
56867  -22.786  -31.327  79.492 0.0000000000
66410  -8.513  -22.232  81.927 0.0000000000
56863  -12.105  -31.570  79.471 0.0000000000
154376  -13.785  -32.552  74.260 0.0000000000
48402  -11.249  -38.817  74.277 0.0000000000
56794  -16.888  -31.559  86.391 0.0000000000
138547  -12.516  -31.034  87.201 0.0000000000
67440  -44.047  -21.573  71.346 0.0000000000
57853  -31.548  -30.351  86.819 0.0000000000
141495  -30.052  -30.362  80.233 0.0000000000
63307  -14.254  -25.662  85.170 0.0000000000
57883  -9.880  -30.758  83.485 0.0000000000
74555  -52.516  -14.486  60.570 0.0000000000
53849  -22.075  -34.821  87.173 0.0000000000
53861  -23.525  -34.264  83.486 0.0000000000
63441  -12.947  -25.948  76.827 0.0000000000
56964  -10.949  -31.320  70.205 0.0000000000
146902  -10.928  -27.516  93.914 0.0000000000
57830  -8.325  -30.456  87.204 0.0000000000
49419  -9.307  -38.056  84.463 0.0000000000
59061  -40.988  -29.376  81.039 0.0000000000
57934  -38.346  -30.885  80.876 0.0000000000
59083  -39.505  -29.002  79.460 0.0000000000
55871  -38.226  -32.918  83.118 0.0000000000
54899  -37.189  -33.708  80.064 0.0000000000
55855  -37.815  -32.867  84.675 0.0000000000
81617  -55.869  -6.940  60.171 0.0000000000
78716  -51.289  -10.576  59.661 0.0000000000
81614  -52.162  -7.850  59.291 0.0000000000
82513  -53.382  -6.313  57.600 0.0000000000
151287  -47.312  -17.906  67.601 0.0000000000
68445  -42.458  -20.348  68.622 0.0000000000
132386  -43.781  -18.148  67.211 0.0000000000
70489  -45.176  -18.520  65.501 0.0000000000
138358  -11.547  -35.141  78.761 0.0000000000
52924  -10.783  -35.457  76.843 0.0000000000
128720  -13.658  -38.763  76.674 0.0000000000
45413  -12.303  -42.108  73.617 0.0000000000
46364  -12.833  -41.504  76.493 0.0000000000
53853  -17.232  -34.431  85.480 0.0000000000
53843  -14.598  -34.009  86.509 0.0000000000
148573  -44.047  -24.047  72.407 0.0000000000
61260  -41.046  -27.659  75.420 0.0000000000
61293  -38.478  -27.398  73.685 0.0000000000
137699  -41.614  -26.409  72.702 0.0000000000
64589  -41.984  -24.588  70.311 0.0000000000
60135  -33.977  -28.771  88.493 0.0000000000
56855  -33.243  -31.031  80.904 0.0000000000
129327  -32.266  -30.555  82.334 0.0000000000
84431  -55.636  -4.497  53.499 0.0000000000
86377  -55.712  -2.434  52.416 0.0000000000
62173  -12.946  -25.982  86.559 0.0000000000
60176  -12.870  -28.402  84.450 0.0000000000
60152  -10.616  -28.038  85.898 0.0000000000
71466  -51.535  -17.121  61.850 0.0000000000
67496  -47.485  -20.862  62.543 0.0000000000
70540  -48.632  -18.796  61.492 0.0000000000
72533  -49.752  -16.264  60.548 0.0000000000
54836  -20.845  -33.314  90.423 0.0000000000
56772  -22.103  -32.799  89.587 0.0000000000
67360  -14.443  -21.824  81.173 0.0000000000
65481  -12.651  -22.953  79.932 0.0000000000
63414  -15.336  -25.657  78.402 0.0000000000
130543  -11.012  -34.976  71.726 0.0000000000
56953  -13.375  -31.993  71.714 0.0000000000
54013  -9.123  -34.216  69.499 0.0000000000
58937  -13.355  -29.272  94.136 0.0000000000
54852  -10.761  -33.387  87.904 0.0000000000
57832  -10.031  -30.751  87.708 0.0000000000
54849  -8.931  -33.892  87.327 0.0000000000
54869  -8.415  -34.498  85.249 0.0000000000
49390  -8.789  -37.489  86.847 0.0000000000
129706  -39.857  -28.310  77.687 0.0000000000
57844  -35.608  -30.125  87.892 0.0000000000
56808  -36.758  -31.928  85.894 0.0000000000
55861  -35.419  -32.250  83.010 0.0000000000
131795  -57.269  -3.034  56.820 0.0000000000
83452  -54.713  -5.562  55.400 0.0000000000
148530  -49.727  -20.453  64.928 0.0000000000
68481  -46.259  -20.327  64.187 0.0000000000
128889  -26.170  -29.109  79.746 0.0000000000
60206  -24.625  -28.699  81.481 0.0000000000
64508  -7.632  -25.001  77.922 0.0000000000
59051  -15.383  -29.173  80.446 0.0000000000
59086  -15.658  -29.178  77.718 0.0000000000
55907  -13.183  -32.031  77.092 0.0000000000
53944  -10.594  -34.954  75.136 0.0000000000
49554  -8.075  -38.093  73.439 0.0000000000
57817  -16.739  -30.522  89.612 0.0000000000
58958  -14.585  -29.442  89.677 0.0000000000
57848  -15.101  -30.698  86.874 0.0000000000
139684  -12.795  -33.501  87.362 0.0000000000
69462  -44.239  -19.519  70.864 0.0000000000
66535  -42.645  -22.281  69.701 0.0000000000
57876  -29.554  -30.157  84.869 0.0000000000
142603  -32.844  -30.842  85.551 0.0000000000
57890  -30.726  -30.400  83.394 0.0000000000
57902  -28.782  -30.006  82.027 0.0000000000
66408  -15.522  -22.241  83.171 0.0000000000
66394  -14.686  -22.818  85.798 0.0000000000
153486  -15.612  -25.719  82.883 0.0000000000
59028  -14.216  -29.300  82.383 0.0000000000
56839  -10.675  -31.401  81.311 0.0000000000
52891  -10.835  -34.697  81.324 0.0000000000
77652  -53.282  -11.317  60.780 0.0000000000
74566  -50.298  -14.183  59.820 0.0000000000
56768  -18.842  -32.392  91.141 0.0000000000
54855  -19.192  -33.238  86.961 0.0000000000
146714  -19.431  -37.129  85.787 0.0000000000
60198  -22.828  -28.909  83.041 0.0000000000
59001  -21.789  -29.262  85.496 0.0000000000
57840  -21.379  -30.586  87.349 0.0000000000
52866  -23.136  -34.913  85.636 0.0000000000
50667  -19.744  -37.636  83.935 0.0000000000
67341  -9.928  -21.951  82.625 0.0000000000
64466  -10.450  -24.191  79.299 0.0000000000
62247  -10.140  -26.739  75.675 0.0000000000
59115  -14.624  -29.179  74.434 0.0000000000
146764  -12.539  -28.790  72.843 0.0000000000
59129  -9.308  -29.191  72.120 0.0000000000
63244  -9.962  -25.842  91.098 0.0000000000
60113  -11.559  -28.646  90.500 0.0000000000
60098  -9.239  -27.772  90.298 0.0000000000
61192  -8.691  -27.548  87.943 0.0000000000
57860  -8.093  -29.979  85.434 0.0000000000
52875  -8.726  -34.610  83.580 0.0000000000
49434  -10.791  -38.276  82.787 0.0000000000
46214  -8.253  -41.514  88.064 0.0000000000
46242  -8.381  -41.763  84.995 0.0000000000
46328  -9.850  -41.575  79.854 0.0000000000
59047  -40.640  -29.810  81.868 0.0000000000
59035  -41.629  -29.656  82.942 0.0000000000
57922  -38.621  -31.064  81.650 0.0000000000
57935  -39.185  -30.197  81.192 0.0000000000
56834  -38.506  -32.112  82.930 0.0000000000
56845  -38.039  -31.864  82.115 0.0000000000
57894  -39.992  -31.010  83.796 0.0000000000
56826  -38.775  -32.204  83.736 0.0000000000
134956  -55.287  -7.476  60.488 0.0000000000
79706  -52.762  -9.803  60.364 0.0000000000
79712  -51.494  -9.684  59.612 0.0000000000
80678  -53.604  -8.530  60.420 0.0000000000
81615  -53.631  -7.337  59.615 0.0000000000
71390  -46.731  -17.353  68.502 0.0000000000
71373  -48.162  -17.291  69.243 0.0000000000
71371  -46.277  -17.162  69.346 0.0000000000
69491  -43.221  -18.607  67.797 0.0000000000
70440  -44.037  -18.131  68.133 0.0000000000
70459  -44.781  -17.803  67.257 0.0000000000
51840  -13.328  -36.895  79.216 0.0000000000
51851  -13.136  -36.722  78.387 0.0000000000
147829  -13.605  -38.552  78.406 0.0000000000
47355  -13.374  -40.492  76.381 0.0000000000
47321  -13.217  -40.033  78.073 0.0000000000
50644  -17.050  -37.701  86.688 0.0000000000
51764  -16.226  -37.269  87.342 0.0000000000
61297  -42.043  -27.138  74.394 0.0000000000
61296  -41.303  -27.186  74.036 0.0000000000
130858  -42.359  -26.229  72.991 0.0000000000
63476  -43.182  -24.994  72.294 0.0000000000
86362  -57.253  -3.072  54.128 0.0000000000
85430  -55.541  -3.415  52.580 0.0000000000
87286  -56.935  -1.456  52.931 0.0000000000
63282  -12.158  -25.825  87.560 0.0000000000
61201  -11.832  -27.050  86.244 0.0000000000
62165  -11.233  -26.569  87.424 0.0000000000
71456  -51.085  -17.813  62.335 0.0000000000
71458  -53.203  -17.433  62.741 0.0000000000
69561  -49.280  -19.814  62.897 0.0000000000
69574  -48.292  -19.625  61.738 0.0000000000
70541  -49.388  -18.532  61.811 0.0000000000
71464  -49.695  -17.850  61.585 0.0000000000
57815  -20.975  -30.304  91.230 0.0000000000
58960  -21.348  -29.586  90.375 0.0000000000
59017  -27.548  -29.356  84.865 0.0000000000
59016  -26.962  -29.242  84.310 0.0000000000
130783  -7.078  -24.966  75.332 0.0000000000
133698  -15.649  -23.448  80.805 0.0000000000
64470  -14.875  -24.104  79.241 0.0000000000
63393  -15.814  -25.386  79.214 0.0000000000
52987  -8.233  -36.278  72.004 0.0000000000
53995  -10.287  -34.854  70.783 0.0000000000
146700  -7.308  -35.642  70.038 0.0000000000
61148  -15.408  -28.467  94.007 0.0000000000
58938  -14.177  -29.673  93.990 0.0000000000
53821  -9.586  -35.445  89.070 0.0000000000
54842  -9.507  -34.279  88.207 0.0000000000
52839  -8.988  -35.858  88.412 0.0000000000
52844  -8.726  -35.611  87.692 0.0000000000
49371  -8.989  -37.797  88.452 0.0000000000
59084  -40.629  -28.816  79.430 0.0000000000
60220  -40.272  -28.594  78.667 0.0000000000
129770  -41.597  -28.346  77.786 0.0000000000
60237  -41.797  -28.120  76.951 0.0000000000
54881  -37.075  -33.554  83.211 0.0000000000
55863  -36.780  -33.291  83.788 0.0000000000
55876  -35.602  -33.054  81.460 0.0000000000
55875  -35.095  -32.521  81.017 0.0000000000
84395  -57.348  -4.424  57.888 0.0000000000
82515  -55.344  -5.960  57.998 0.0000000000
82526  -53.990  -5.984  56.802 0.0000000000
83447  -55.812  -5.468  56.590 0.0000000000
84408  -56.906  -4.754  56.359 0.0000000000
68473  -48.763  -20.185  65.619 0.0000000000
68466  -49.970  -19.942  66.047 0.0000000000
69493  -49.882  -19.275  67.348 0.0000000000
70490  -46.700  -19.137  65.629 0.0000000000
69527  -45.923  -19.721  64.582 0.0000000000
69513  -47.080  -19.822  65.266 0.0000000000
68483  -47.717  -20.548  64.457 0.0000000000
67357  -8.196  -21.720  80.935 0.0000000000
66430  -7.482  -23.037  78.995 0.0000000000
65486  -7.928  -23.430  80.066 0.0000000000
57936  -13.643  -30.987  79.942 0.0000000000
56877  -14.344  -30.938  78.503 0.0000000000
56883  -12.611  -31.974  77.813 0.0000000000
50744  -10.544  -36.713  75.741 0.0000000000
52933  -10.412  -35.442  76.104 0.0000000000
138281  -9.886  -37.215  75.087 0.0000000000
51898  -8.954  -36.988  74.413 0.0000000000
49539  -8.931  -37.983  74.128 0.0000000000
134175  -9.930  -39.729  73.306 0.0000000000
57839  -17.032  -30.751  87.957 0.0000000000
57825  -15.772  -29.945  88.138 0.0000000000
56793  -15.960  -31.094  86.587 0.0000000000
52846  -14.447  -35.667  87.745 0.0000000000
54854  -13.724  -33.729  86.909 0.0000000000
52842  -13.228  -35.813  89.009 0.0000000000
52841  -12.305  -35.512  89.283 0.0000000000
68428  -43.963  -20.345  70.940 0.0000000000
65609  -42.926  -23.416  70.563 0.0000000000
65620  -42.565  -23.054  69.846 0.0000000000
134182  -43.476  -21.712  70.639 0.0000000000
142200  -43.218  -21.116  70.087 0.0000000000
58995  -31.371  -29.939  87.410 0.0000000000
57851  -30.134  -29.952  86.506 0.0000000000
57852  -30.696  -30.287  86.278 0.0000000000
56797  -35.100  -31.516  86.114 0.0000000000
57867  -34.186  -31.257  86.152 0.0000000000
57880  -33.404  -30.940  84.907 0.0000000000
57918  -30.963  -30.392  81.632 0.0000000000
151656  -31.090  -30.411  82.801 0.0000000000
133957  -30.139  -30.305  81.676 0.0000000000
57903  -29.280  -30.123  82.539 0.0000000000
57916  -28.924  -30.137  81.220 0.0000000000
59057  -27.794  -29.667  80.123 0.0000000000
63296  -14.168  -25.083  85.836 0.0000000000
64435  -14.683  -24.933  85.058 0.0000000000
134657  -15.498  -24.075  83.928 0.0000000000
62193  -14.901  -26.084  83.946 0.0000000000
61222  -14.937  -27.723  82.769 0.0000000000
61217  -14.468  -27.642  83.505 0.0000000000
153819  -11.360  -29.889  84.117 0.0000000000
57884  -11.624  -30.636  83.011 0.0000000000
56831  -10.100  -31.293  82.139 0.0000000000
54894  -9.073  -32.770  80.707 0.0000000000
56847  -8.767  -32.375  81.481 0.0000000000
142897  -53.108  -12.987  60.607 0.0000000000
78706  -54.933  -11.667  61.538 0.0000000000
75575  -54.398  -13.340  61.207 0.0000000000
73546  -51.207  -15.404  60.541 0.0000000000
73557  -49.938  -14.947  59.962 0.0000000000
74567  -51.175  -14.064  60.101 0.0000000000
76607  -51.889  -12.876  60.245 0.0000000000
147632  -19.428  -32.405  92.214 0.0000000000
54846  -21.449  -33.943  89.188 0.0000000000
55824  -19.788  -33.260  89.088 0.0000000000
53836  -20.531  -34.434  87.167 0.0000000000
53847  -19.968  -34.782  86.268 0.0000000000
52854  -20.590  -35.702  86.150 0.0000000000
57926  -22.885  -29.773  80.095 0.0000000000
60199  -23.599  -28.682  82.617 0.0000000000
59040  -22.605  -29.648  81.376 0.0000000000
139796  -23.079  -32.709  82.558 0.0000000000
57887  -21.853  -30.458  83.275 0.0000000000
140457  -22.256  -31.534  84.438 0.0000000000
57850  -21.364  -30.248  86.429 0.0000000000
56804  -22.194  -31.703  85.964 0.0000000000
55840  -23.212  -33.031  87.092 0.0000000000
53858  -23.578  -34.342  84.449 0.0000000000
50680  -20.315  -37.304  82.662 0.0000000000
67332  -11.180  -21.023  83.183 0.0000000000
145767  -12.682  -25.024  77.898 0.0000000000
64467  -11.541  -24.033  79.129 0.0000000000
63427  -11.564  -25.098  78.030 0.0000000000
62229  -10.533  -25.903  77.120 0.0000000000
147954  -11.957  -26.515  75.961 0.0000000000
131079  -14.764  -30.871  75.514 0.0000000000
57985  -15.342  -29.526  76.036 0.0000000000
57998  -14.642  -30.586  74.195 0.0000000000
58060  -11.867  -31.200  70.692 0.0000000000
58025  -13.121  -30.279  71.928 0.0000000000
58040  -11.659  -30.357  71.142 0.0000000000
59131  -11.092  -29.184  72.227 0.0000000000
58039  -10.575  -30.016  71.104 0.0000000000
59152  -8.686  -29.637  70.928 0.0000000000
63226  -10.417  -25.759  92.943 0.0000000000
58976  -13.554  -29.750  87.838 0.0000000000
152770  -13.174  -29.090  90.223 0.0000000000
58965  -12.285  -29.397  88.590 0.0000000000
57831  -9.122  -30.860  87.606 0.0000000000
58963  -9.560  -29.363  88.535 0.0000000000
60123  -8.706  -28.670  88.601 0.0000000000
61183  -8.805  -27.567  89.612 0.0000000000
60136  -8.333  -28.670  87.655 0.0000000000
60150  -8.295  -28.633  86.813 0.0000000000
58989  -7.855  -29.952  86.014 0.0000000000
52868  -8.656  -35.471  84.788 0.0000000000
53859  -8.384  -34.169  84.145 0.0000000000
51800  -9.053  -35.936  84.228 0.0000000000
51808  -9.835  -36.457  83.569 0.0000000000
49432  -9.833  -38.433  83.670 0.0000000000
44243  -7.611  -42.900  86.355 0.0000000000
135435  -8.211  -41.716  86.085 0.0000000000
60215  -42.107  -28.676  79.793 0.0000000000
57944  -37.528  -31.494  79.753 0.0000000000
59070  -37.765  -30.597  79.657 0.0000000000
59059  -38.812  -29.953  80.565 0.0000000000
133973  -40.075  -29.155  79.948 0.0000000000
132204  -37.192  -33.553  81.963 0.0000000000
54893  -37.374  -33.587  81.298 0.0000000000
56858  -37.579  -32.582  80.551 0.0000000000
150815  -38.091  -33.146  83.445 0.0000000000
83408  -57.739  -5.247  59.412 0.0000000000
79721  -50.380  -9.222  58.936 0.0000000000
81620  -50.877  -7.441  58.154 0.0000000000
148133  -51.820  -6.637  57.438 0.0000000000
81622  -52.476  -7.112  58.795 0.0000000000
82506  -54.693  -6.378  58.590 0.0000000000
143755  -47.729  -18.706  66.917 0.0000000000
138479  -49.013  -18.497  67.919 0.0000000000
70441  -48.554  -18.136  68.088 0.0000000000
131249  -49.116  -17.478  69.347 0.0000000000
67459  -41.677  -21.423  68.158 0.0000000000
68458  -41.693  -20.258  67.565 0.0000000000
69489  -42.082  -18.893  66.690 0.0000000000
70472  -42.613  -18.360  66.006 0.0000000000
129087  -42.747  -18.338  65.085 0.0000000000
70488  -44.313  -18.151  65.926 0.0000000000
133203  -45.980  -18.497  65.947 0.0000000000
55894  -10.229  -32.678  78.793 0.0000000000
55895  -10.769  -32.838  77.893 0.0000000000
52910  -11.252  -35.259  77.842 0.0000000000
51881  -12.173  -36.677  76.810 0.0000000000
49520  -12.849  -38.460  75.232 0.0000000000
48403  -12.187  -39.688  74.088 0.0000000000
47371  -13.373  -40.231  75.426 0.0000000000
46375  -12.890  -41.601  74.989 0.0000000000
55845  -17.167  -32.973  85.618 0.0000000000
55843  -15.724  -32.755  85.768 0.0000000000
53845  -16.300  -34.459  85.647 0.0000000000
65596  -44.152  -22.890  71.874 0.0000000000
60247  -39.679  -27.762  75.945 0.0000000000
61257  -38.181  -27.619  75.140 0.0000000000
61278  -39.735  -27.469  74.538 0.0000000000
130462  -40.269  -26.928  72.913 0.0000000000
62278  -40.564  -26.347  71.545 0.0000000000
63474  -41.812  -25.535  71.462 0.0000000000
64591  -43.232  -23.844  71.322 0.0000000000
57842  -32.445  -30.082  87.653 0.0000000000
56833  -34.151  -31.288  82.387 0.0000000000
57907  -33.515  -30.792  83.017 0.0000000000
57920  -32.770  -30.721  81.597 0.0000000000
57931  -31.383  -30.507  80.885 0.0000000000
84435  -53.975  -4.985  52.004 0.0000000000
85434  -54.378  -3.405  51.581 0.0000000000
86380  -54.437  -2.414  51.422 0.0000000000
87309  -54.195  -1.390  50.962 0.0000000000
63306  -13.660  -25.786  85.825 0.0000000000
62191  -13.648  -26.856  84.931 0.0000000000
61206  -12.473  -27.125  85.689 0.0000000000
60163  -11.368  -28.343  85.360 0.0000000000
59011  -10.693  -29.736  84.496 0.0000000000
72536  -52.324  -15.853  61.065 0.0000000000
72526  -53.061  -16.226  61.530 0.0000000000
69588  -47.318  -19.361  60.737 0.0000000000
70549  -47.531  -18.575  60.565 0.0000000000
148816  -47.491  -17.121  59.899 0.0000000000
71475  -48.588  -17.497  60.719 0.0000000000
71477  -50.289  -16.685  61.095 0.0000000000
56765  -20.163  -32.160  92.034 0.0000000000
56766  -20.571  -32.047  91.554 0.0000000000
55821  -21.740  -33.019  90.207 0.0000000000
54848  -22.753  -33.741  88.689 0.0000000000
52887  -23.109  -34.874  81.163 0.0000000000
145811  -22.365  -35.815  82.650 0.0000000000
67343  -13.322  -21.109  81.825 0.0000000000
128291  -12.313  -21.450  81.835 0.0000000000
67358  -13.296  -22.416  80.385 0.0000000000
64469  -13.894  -23.835  79.059 0.0000000000
63429  -13.755  -25.942  77.098 0.0000000000
53961  -12.305  -34.126  73.032 0.0000000000
55951  -13.713  -32.441  72.553 0.0000000000
54995  -12.000  -34.156  71.497 0.0000000000
55007  -11.647  -33.733  70.653 0.0000000000
55999  -10.267  -32.775  69.366 0.0000000000
61169  -16.270  -27.381  91.595 0.0000000000
61157  -14.016  -27.754  93.407 0.0000000000
60076  -12.086  -28.547  94.120 0.0000000000
55828  -11.333  -32.578  87.522 0.0000000000
57833  -11.104  -30.506  87.703 0.0000000000
55827  -10.309  -32.614  87.603 0.0000000000
55826  -9.479  -32.753  87.490 0.0000000000
56777  -8.546  -31.731  86.955 0.0000000000
56789  -8.099  -31.592  86.372 0.0000000000
140535  -8.578  -33.623  86.616 0.0000000000
52849  -8.539  -35.778  86.242 0.0000000000
143775  -8.963  -38.107  85.516 0.0000000000
60225  -37.509  -28.742  77.548 0.0000000000
59082  -38.454  -29.177  79.151 0.0000000000
60226  -38.546  -28.431  77.727 0.0000000000
129708  -39.121  -28.088  77.097 0.0000000000
60248  -40.592  -27.822  76.090 0.0000000000
61261  -41.749  -27.640  75.579 0.0000000000
56807  -35.779  -31.818  85.451 0.0000000000
55849  -37.383  -32.467  85.334 0.0000000000
137888  -35.950  -32.178  84.474 0.0000000000
56824  -34.821  -31.609  83.091 0.0000000000
56844  -34.427  -31.793  81.418 0.0000000000
82534  -53.006  -6.149  55.172 0.0000000000
83461  -55.305  -5.207  54.786 0.0000000000
84421  -56.587  -4.412  54.803 0.0000000000
68495  -49.688  -20.061  63.745 0.0000000000
69545  -52.066  -18.903  64.305 0.0000000000
68476  -50.890  -19.851  65.306 0.0000000000
154223  -43.671  -18.888  64.077 0.0000000000
67485  -46.663  -21.040  62.997 0.0000000000
68494  -48.505  -20.600  63.682 0.0000000000
59043  -26.315  -29.176  81.486 0.0000000000
154421  -26.003  -29.039  82.846 0.0000000000
142633  -25.439  -28.862  81.092 0.0000000000
59066  -23.599  -29.318  79.515 0.0000000000
129169  -7.301  -24.355  77.804 0.0000000000
62244  -7.760  -26.027  76.317 0.0000000000
133740  -16.089  -27.637  80.181 0.0000000000
60213  -16.047  -27.779  79.325 0.0000000000
134252  -15.472  -29.526  78.913 0.0000000000
56884  -14.415  -31.232  77.056 0.0000000000
56903  -13.729  -32.189  75.703 0.0000000000
55906  -11.323  -33.087  76.929 0.0000000000
54943  -11.372  -33.850  75.671 0.0000000000
54956  -12.580  -33.530  74.501 0.0000000000
135743  -10.707  -35.222  73.315 0.0000000000
58948  -14.689  -29.955  92.197 0.0000000000
58959  -15.406  -29.713  90.050 0.0000000000
58978  -14.991  -29.687  88.151 0.0000000000
57835  -13.456  -31.064  86.925 0.0000000000
55836  -15.013  -32.402  86.146 0.0000000000
56790  -13.785  -31.854  86.574 0.0000000000
140490  -12.343  -32.656  87.241 0.0000000000
54853  -11.788  -33.382  87.731 0.0000000000
53827  -10.737  -34.710  88.898 0.0000000000
51733  -9.943  -37.049  90.561 0.0000000000
71359  -44.764  -17.877  69.725 0.0000000000
71361  -45.934  -17.130  70.220 0.0000000000
70424  -45.115  -18.140  71.117 0.0000000000
60258  -37.200  -27.883  74.976 0.0000000000
65626  -41.560  -23.063  68.739 0.0000000000
68436  -43.300  -20.251  69.811 0.0000000000
59004  -28.575  -29.562  85.938 0.0000000000
59025  -28.211  -29.635  83.964 0.0000000000
130308  -34.630  -29.689  88.246 0.0000000000
57855  -33.815  -30.756  87.119 0.0000000000
57865  -32.277  -30.663  86.238 0.0000000000
57892  -32.295  -30.568  83.904 0.0000000000
153178  -31.989  -30.537  84.592 0.0000000000
57864  -31.425  -30.512  85.885 0.0000000000
57889  -29.839  -30.273  84.030 0.0000000000
57888  -29.215  -30.059  83.365 0.0000000000
132142  -28.126  -29.745  82.335 0.0000000000
136716  -27.609  -29.624  80.900 0.0000000000
88165  -54.099  -0.134  49.851 0.0000000000
89026  -54.616  0.387  49.420 0.0000000000
89042  -54.823  0.344  47.680 0.0000000000
66412  -15.433  -22.228  82.218 0.0000000000
131741  -15.850  -23.710  81.823 0.0000000000
151839  -15.176  -22.089  84.665 0.0000000000
141634  -15.787  -24.042  82.887 0.0000000000
62209  -16.090  -25.928  81.641 0.0000000000
130397  -15.574  -27.745  81.553 0.0000000000
59038  -14.515  -29.521  81.625 0.0000000000
57925  -13.343  -30.900  80.615 0.0000000000
60185  -13.267  -28.793  83.826 0.0000000000
137313  -12.671  -30.738  81.894 0.0000000000
56851  -11.846  -31.436  80.235 0.0000000000
55884  -9.790  -32.418  79.573 0.0000000000
53878  -10.867  -34.471  80.244 0.0000000000
51829  -12.870  -36.408  80.691 0.0000000000
78711  -54.241  -10.118  61.242 0.0000000000
149056  -48.229  -15.533  59.681 0.0000000000
129976  -48.621  -14.759  59.610 0.0000000000
75582  -49.034  -13.484  59.457 0.0000000000
76616  -50.441  -12.409  59.556 0.0000000000
78709  -52.627  -10.724  60.412 0.0000000000
56767  -17.891  -31.647  90.648 0.0000000000
56773  -17.678  -31.330  88.297 0.0000000000
55814  -19.721  -32.698  91.495 0.0000000000
149175  -18.974  -32.570  88.389 0.0000000000
153995  -18.162  -32.214  86.857 0.0000000000
51783  -18.272  -36.247  85.934 0.0000000000
136629  -25.273  -28.770  82.954 0.0000000000
143261  -24.364  -28.542  83.944 0.0000000000
60166  -23.396  -28.489  85.318 0.0000000000
57901  -22.104  -30.445  82.360 0.0000000000
59022  -22.275  -28.998  84.172 0.0000000000
133958  -22.936  -28.524  86.060 0.0000000000
60139  -22.414  -28.632  87.261 0.0000000000
145513  -21.945  -28.836  87.710 0.0000000000
58969  -21.239  -29.776  88.495 0.0000000000
56775  -22.093  -32.250  88.791 0.0000000000
55831  -22.998  -33.481  88.362 0.0000000000
53850  -22.927  -34.525  87.351 0.0000000000
51802  -22.262  -35.990  83.595 0.0000000000
51793  -21.538  -36.476  84.810 0.0000000000
51786  -21.295  -36.345  85.420 0.0000000000
50659  -19.669  -37.714  84.796 0.0000000000
66411  -9.081  -22.281  82.301 0.0000000000
143480  -11.497  -22.548  80.831 0.0000000000
65479  -10.353  -23.274  80.413 0.0000000000
65478  -9.231  -23.412  80.547 0.0000000000
64488  -8.958  -24.783  78.841 0.0000000000
62227  -8.767  -25.920  77.376 0.0000000000
61250  -8.660  -27.182  75.081 0.0000000000
134308  -15.529  -27.497  77.394 0.0000000000
61244  -14.639  -27.108  76.401 0.0000000000
61255  -13.571  -27.253  75.355 0.0000000000
58027  -14.110  -30.364  72.846 0.0000000000
60266  -13.465  -28.550  73.604 0.0000000000
61254  -12.772  -27.251  74.981 0.0000000000
61272  -11.378  -27.366  74.543 0.0000000000
61288  -10.009  -27.954  73.724 0.0000000000
60252  -8.232  -27.995  73.878 0.0000000000
59139  -7.813  -28.834  71.728 0.0000000000
137167  -13.957  -29.513  91.645 0.0000000000
58945  -12.426  -29.008  92.162 0.0000000000
60090  -10.814  -28.293  92.414 0.0000000000
131307  -11.513  -29.178  89.013 0.0000000000
60112  -10.679  -28.457  90.261 0.0000000000
60089  -10.011  -27.835  91.936 0.0000000000
61166  -9.335  -26.963  91.382 0.0000000000
62147  -9.223  -26.661  89.847 0.0000000000
62164  -10.122  -26.746  87.990 0.0000000000
61200  -9.877  -27.811  86.520 0.0000000000
132525  -9.553  -28.825  85.610 0.0000000000
57872  -9.124  -30.594  84.155 0.0000000000
133692  -7.859  -31.352  85.132 0.0000000000
56820  -8.265  -32.312  83.465 0.0000000000
56828  -8.441  -32.389  82.720 0.0000000000
52882  -9.460  -34.769  82.835 0.0000000000
51819  -11.579  -36.463  82.392 0.0000000000
49459  -11.669  -39.000  81.313 0.0000000000
48184  -8.884  -39.917  90.125 0.0000000000
46202  -8.431  -41.386  88.961 0.0000000000
48211  -8.889  -39.569  88.839 0.0000000000
47191  -8.854  -39.895  87.052 0.0000000000
47204  -8.854  -40.118  85.932 0.0000000000
47221  -9.248  -39.961  84.535 0.0000000000
137675  -8.609  -41.578  82.749 0.0000000000
48289  -9.340  -40.331  83.130 0.0000000000
129083  -9.492  -40.513  82.187 0.0000000000
48312  -10.247  -40.246  81.344 0.0000000000
48324  -11.863  -39.964  79.939 0.0000000000
46339  -11.696  -41.351  78.430 0.0000000000
45382  -11.070  -43.313  77.085 0.0000000000
59034  -41.040  -29.844  82.514 0.0000000000
57923  -39.656  -30.441  81.972 0.0000000000
57908  -39.785  -30.768  82.926 0.0000000000
56846  -38.933  -31.297  82.530 0.0000000000
56835  -39.218  -31.523  83.410 0.0000000000
57909  -40.722  -30.252  83.245 0.0000000000
80680  -55.553  -7.982  61.114 0.0000000000
81606  -56.903  -7.515  61.705 0.0000000000
79707  -53.649  -9.371  60.745 0.0000000000
80677  -52.892  -8.900  60.223 0.0000000000
81609  -54.227  -7.867  60.336 0.0000000000
71389  -45.601  -17.456  68.594 0.0000000000
71388  -44.571  -17.872  68.918 0.0000000000
71410  -44.893  -17.712  68.095 0.0000000000
50710  -13.477  -37.594  79.434 0.0000000000
50720  -13.498  -37.434  78.602 0.0000000000
49482  -13.633  -38.093  78.876 0.0000000000
48352  -13.473  -39.254  78.310 0.0000000000
48326  -13.380  -38.854  79.148 0.0000000000
49381  -16.451  -37.944  87.017 0.0000000000
151616  -42.501  -26.437  73.493 0.0000000000
62156  -11.075  -26.148  88.283 0.0000000000
70533  -51.701  -18.178  62.981 0.0000000000
70521  -51.473  -18.764  63.596 0.0000000000
69562  -50.094  -19.380  63.246 0.0000000000
69575  -49.001  -19.276  62.107 0.0000000000
70531  -49.773  -18.963  62.492 0.0000000000
70542  -50.199  -18.205  62.091 0.0000000000
60102  -21.999  -28.712  90.542 0.0000000000
145661  -27.698  -29.457  84.330 0.0000000000
151836  -26.730  -29.261  83.674 0.0000000000
136884  -7.341  -25.955  75.496 0.0000000000
63459  -7.008  -25.704  74.451 0.0000000000
64454  -16.098  -24.846  80.485 0.0000000000
64471  -15.659  -24.561  79.641 0.0000000000
140947  -16.125  -25.291  79.919 0.0000000000
53004  -7.892  -35.974  71.072 0.0000000000
58939  -15.088  -30.017  94.145 0.0000000000
52833  -9.448  -36.081  89.373 0.0000000000
52840  -9.178  -35.582  88.704 0.0000000000
52832  -9.206  -36.327  88.929 0.0000000000
153875  -9.048  -36.250  88.514 0.0000000000
148319  -9.152  -37.391  88.775 0.0000000000
60222  -41.917  -28.664  79.099 0.0000000000
60221  -41.321  -28.594  78.709 0.0000000000
60228  -42.058  -28.472  78.446 0.0000000000
60229  -42.314  -28.172  77.647 0.0000000000
54887  -36.740  -33.581  82.204 0.0000000000
54880  -36.397  -33.368  82.896 0.0000000000
54886  -36.082  -33.425  81.884 0.0000000000
83421  -56.484  -5.697  58.286 0.0000000000
83434  -56.113  -5.572  57.433 0.0000000000
83435  -57.123  -5.192  57.845 0.0000000000
149709  -57.286  -4.790  57.611 0.0000000000
69501  -48.623  -19.687  66.261 0.0000000000
68465  -49.231  -19.906  66.160 0.0000000000
69502  -49.123  -19.497  66.817 0.0000000000
69499  -47.470  -19.332  65.941 0.0000000000
146578  -47.577  -19.840  65.496 0.0000000000
69514  -48.070  -19.906  65.691 0.0000000000
68331  -8.315  -21.259  82.419 0.0000000000
66414  -8.251  -22.418  81.259 0.0000000000
66421  -7.981  -22.964  80.622 0.0000000000
56864  -13.033  -31.381  79.349 0.0000000000
56876  -13.336  -31.455  78.546 0.0000000000
56875  -12.343  -31.728  78.703 0.0000000000
50758  -11.050  -37.411  75.402 0.0000000000
49518  -10.533  -37.900  74.762 0.0000000000
50772  -9.576  -37.686  74.578 0.0000000000
49540  -9.908  -38.350  74.256 0.0000000000
133416  -10.307  -39.047  73.822 0.0000000000
56784  -17.363  -31.302  87.310 0.0000000000
56783  -16.621  -30.844  87.148 0.0000000000
52845  -13.632  -35.275  88.136 0.0000000000
134813  -44.256  -20.875  71.449 0.0000000000
67431  -44.497  -21.235  71.849 0.0000000000
60233  -37.151  -28.583  76.667 0.0000000000
66536  -43.142  -22.493  70.424 0.0000000000
67439  -43.758  -21.055  70.832 0.0000000000
57841  -31.949  -30.168  87.389 0.0000000000
58994  -30.664  -29.904  87.059 0.0000000000
56806  -34.827  -31.516  85.423 0.0000000000
56805  -34.080  -31.260  85.203 0.0000000000
56815  -34.055  -31.051  84.333 0.0000000000
57930  -30.507  -30.379  80.943 0.0000000000
57929  -29.678  -30.271  81.026 0.0000000000
57917  -29.414  -30.202  81.788 0.0000000000
57928  -29.144  -30.176  80.311 0.0000000000
64431  -14.540  -24.231  85.769 0.0000000000
63318  -14.805  -25.560  84.444 0.0000000000
62198  -14.691  -26.763  83.773 0.0000000000
62192  -14.333  -26.348  84.561 0.0000000000
135968  -10.939  -30.353  83.740 0.0000000000
128298  -10.595  -30.913  82.920 0.0000000000
57898  -9.657  -31.191  82.776 0.0000000000
56838  -9.476  -31.686  81.439 0.0000000000
56830  -9.101  -31.614  82.241 0.0000000000
75573  -52.853  -13.711  60.555 0.0000000000
75574  -53.704  -13.661  60.866 0.0000000000
154089  -53.259  -14.277  60.741 0.0000000000
130285  -51.875  -14.974  60.538 0.0000000000
74554  -51.348  -14.723  60.360 0.0000000000
141106  -51.782  -14.388  60.384 0.0000000000
75572  -52.008  -13.714  60.329 0.0000000000
54858  -22.003  -34.239  88.666 0.0000000000
54857  -21.047  -34.187  88.207 0.0000000000
53837  -21.613  -34.519  87.695 0.0000000000
53848  -21.100  -35.040  86.840 0.0000000000
56866  -22.598  -30.627  80.102 0.0000000000
59052  -22.875  -29.559  80.743 0.0000000000
135637  -22.514  -30.077  80.752 0.0000000000
54879  -23.424  -33.555  83.063 0.0000000000
134150  -22.746  -32.101  83.210 0.0000000000
55859  -22.829  -32.278  84.263 0.0000000000
55852  -22.607  -31.995  85.152 0.0000000000
55853  -23.429  -33.123  84.663 0.0000000000
54873  -23.657  -33.805  85.102 0.0000000000
54875  -23.570  -33.670  84.074 0.0000000000
146831  -10.997  -20.683  83.775 0.0000000000
63428  -12.916  -25.531  77.318 0.0000000000
152098  -12.172  -25.396  77.502 0.0000000000
62231  -12.236  -25.785  76.972 0.0000000000
62230  -11.444  -25.628  77.334 0.0000000000
62239  -12.463  -26.245  76.422 0.0000000000
55929  -14.137  -32.008  75.058 0.0000000000
154103  -14.775  -30.600  74.889 0.0000000000
141327  -14.291  -31.801  73.873 0.0000000000
135586  -10.993  -30.667  70.613 0.0000000000
153949  -10.381  -30.382  70.605 0.0000000000
59153  -9.610  -30.095  70.614 0.0000000000
58059  -10.229  -30.740  70.110 0.0000000000
62119  -11.928  -27.170  93.820 0.0000000000
61143  -10.524  -27.024  93.709 0.0000000000
140151  -13.096  -30.323  87.444 0.0000000000
130596  -13.104  -29.406  88.522 0.0000000000
57824  -12.613  -29.771  87.948 0.0000000000
57820  -8.647  -29.957  87.742 0.0000000000
58962  -8.837  -29.306  88.321 0.0000000000
58961  -8.476  -29.079  88.080 0.0000000000
58975  -8.235  -29.454  87.379 0.0000000000
153433  -8.145  -28.963  87.166 0.0000000000
57829  -7.977  -30.085  86.690 0.0000000000
144646  -9.058  -37.098  84.799 0.0000000000
51799  -8.824  -35.856  84.646 0.0000000000
145518  -9.540  -36.908  83.952 0.0000000000
49420  -9.551  -38.262  84.020 0.0000000000
43312  -7.087  -44.198  86.161 0.0000000000
44242  -7.321  -43.566  86.853 0.0000000000
131844  -7.377  -43.398  85.989 0.0000000000
59074  -41.641  -28.911  80.358 0.0000000000
57933  -37.658  -31.646  80.433 0.0000000000
57945  -38.071  -30.696  80.218 0.0000000000
59060  -39.888  -29.498  80.628 0.0000000000
59073  -40.805  -29.011  80.149 0.0000000000
55870  -37.549  -33.128  82.215 0.0000000000
56859  -37.845  -31.786  81.214 0.0000000000
55877  -37.609  -32.767  81.478 0.0000000000
147691  -37.744  -33.346  82.826 0.0000000000
82498  -56.500  -6.429  59.650 0.0000000000
83409  -57.871  -5.035  59.918 0.0000000000
82500  -57.663  -5.427  60.627 0.0000000000
77655  -50.057  -11.645  59.341 0.0000000000
78715  -50.470  -10.806  59.371 0.0000000000
80683  -51.617  -8.751  59.445 0.0000000000
149674  -51.020  -9.242  59.342 0.0000000000
149508  -50.941  -8.690  59.100 0.0000000000
80691  -50.526  -8.308  58.586 0.0000000000
81621  -51.720  -7.328  58.546 0.0000000000
82496  -54.098  -6.744  59.184 0.0000000000
82497  -55.208  -6.649  59.395 0.0000000000
82507  -55.852  -6.218  58.816 0.0000000000
71413  -48.011  -18.212  67.654 0.0000000000
72455  -48.550  -16.965  70.000 0.0000000000
68444  -41.971  -20.733  68.147 0.0000000000
147669  -42.513  -19.069  67.503 0.0000000000
69490  -42.922  -18.454  66.949 0.0000000000
70473  -43.527  -18.183  66.411 0.0000000000
71412  -46.435  -17.602  67.725 0.0000000000
70460  -45.952  -17.916  66.862 0.0000000000
70461  -46.853  -18.144  67.098 0.0000000000
70476  -46.816  -18.593  66.373 0.0000000000
53890  -10.769  -34.307  79.138 0.0000000000
53902  -10.590  -33.899  78.281 0.0000000000
50734  -13.369  -37.397  77.682 0.0000000000
51868  -12.678  -36.608  77.579 0.0000000000
50747  -13.380  -37.795  76.830 0.0000000000
50746  -12.688  -37.368  76.388 0.0000000000
49508  -13.243  -38.089  75.984 0.0000000000
48383  -13.164  -39.096  75.007 0.0000000000
49521  -13.445  -38.905  75.652 0.0000000000
46365  -13.184  -41.075  75.571 0.0000000000
134796  -12.829  -41.726  75.674 0.0000000000
45397  -12.609  -42.186  75.332 0.0000000000
45384  -12.455  -42.258  76.084 0.0000000000
54872  -17.589  -33.734  85.505 0.0000000000
54871  -16.779  -33.614  85.485 0.0000000000
61259  -40.203  -27.637  75.275 0.0000000000
61258  -39.231  -27.566  75.215 0.0000000000
61279  -40.642  -27.449  74.535 0.0000000000
61305  -41.073  -26.854  73.219 0.0000000000
61295  -40.526  -27.187  73.679 0.0000000000
62269  -40.801  -26.572  72.378 0.0000000000
62279  -41.351  -26.113  71.882 0.0000000000
64578  -43.503  -24.301  72.018 0.0000000000
64577  -42.869  -24.586  71.556 0.0000000000
58985  -32.738  -29.616  88.103 0.0000000000
58986  -33.586  -29.608  88.219 0.0000000000
56843  -33.631  -31.150  81.586 0.0000000000
57921  -33.199  -30.759  82.322 0.0000000000
84430  -54.929  -4.848  53.083 0.0000000000
83482  -54.255  -5.183  52.704 0.0000000000
84436  -54.630  -4.574  52.377 0.0000000000
85429  -54.897  -3.858  52.135 0.0000000000
85435  -55.012  -2.983  51.983 0.0000000000
86379  -53.800  -2.925  51.050 0.0000000000
87297  -54.799  -1.632  51.528 0.0000000000
87298  -55.423  -1.550  51.946 0.0000000000
63295  -13.600  -25.247  86.518 0.0000000000
62182  -13.190  -26.539  85.667 0.0000000000
62181  -12.536  -26.615  86.177 0.0000000000
129679  -11.605  -27.675  85.768 0.0000000000
60174  -11.039  -29.018  84.966 0.0000000000
60162  -10.384  -28.619  85.512 0.0000000000
72525  -52.013  -16.452  61.426 0.0000000000
67512  -47.222  -20.887  61.885 0.0000000000
69589  -47.928  -19.122  61.101 0.0000000000
69573  -47.471  -20.061  61.336 0.0000000000
70550  -48.250  -18.286  60.913 0.0000000000
71474  -47.847  -17.753  60.392 0.0000000000
71465  -50.483  -17.360  61.618 0.0000000000
72524  -51.086  -16.618  61.297 0.0000000000
72535  -51.552  -16.018  60.929 0.0000000000
57811  -20.604  -31.042  91.989 0.0000000000
149205  -21.501  -32.307  90.120 0.0000000000
56769  -21.081  -32.228  90.785 0.0000000000
54840  -22.026  -33.407  89.712 0.0000000000
55822  -22.298  -33.351  89.450 0.0000000000
51822  -22.124  -35.955  81.141 0.0000000000
67352  -13.896  -21.462  81.373 0.0000000000
67359  -13.903  -21.948  80.768 0.0000000000
64493  -15.164  -24.804  78.851 0.0000000000
65492  -14.569  -23.505  79.584 0.0000000000
63413  -14.461  -25.041  78.274 0.0000000000
63412  -13.658  -25.267  77.752 0.0000000000
63430  -14.548  -25.722  77.722 0.0000000000
53977  -11.794  -34.550  72.394 0.0000000000
53978  -12.419  -34.021  72.248 0.0000000000
53994  -9.180  -34.823  70.270 0.0000000000
54003  -10.824  -34.096  70.323 0.0000000000
147310  -9.981  -34.327  70.090 0.0000000000
55021  -11.073  -33.310  69.972 0.0000000000
55020  -10.154  -33.706  69.683 0.0000000000
54012  -7.763  -34.114  68.630 0.0000000000
60078  -13.778  -29.150  94.305 0.0000000000
61158  -15.133  -27.833  93.111 0.0000000000
61146  -13.395  -28.453  94.112 0.0000000000
60077  -12.913  -28.914  94.282 0.0000000000
56780  -10.876  -31.575  87.501 0.0000000000
54850  -9.282  -33.708  87.652 0.0000000000
55825  -9.022  -32.890  87.229 0.0000000000
56778  -9.050  -31.823  87.316 0.0000000000
149565  -8.739  -32.987  86.913 0.0000000000
54862  -8.710  -34.458  87.017 0.0000000000
134629  -8.711  -36.431  87.336 0.0000000000
51770  -8.597  -36.140  86.609 0.0000000000
134440  -8.644  -36.634  86.526 0.0000000000
50652  -8.670  -36.491  85.615 0.0000000000
143839  -8.690  -37.205  85.981 0.0000000000
59102  -36.842  -29.201  77.136 0.0000000000
59071  -38.420  -29.707  79.871 0.0000000000
59081  -37.541  -29.876  79.088 0.0000000000
60219  -39.087  -28.660  78.568 0.0000000000
60235  -39.932  -27.976  76.720 0.0000000000
60236  -40.918  -28.147  77.039 0.0000000000
61245  -42.061  -27.815  76.278 0.0000000000
53882  -36.985  -34.105  80.459 0.0000000000
56799  -36.919  -31.412  86.618 0.0000000000
56798  -35.938  -31.495  86.429 0.0000000000
56818  -38.781  -31.908  85.246 0.0000000000
55862  -36.053  -32.722  83.548 0.0000000000
129759  -36.543  -32.790  84.270 0.0000000000
56825  -35.312  -31.832  83.887 0.0000000000
55868  -35.044  -32.232  82.102 0.0000000000
56857  -34.473  -32.098  80.639 0.0000000000
142690  -57.580  -2.953  56.219 0.0000000000
82512  -52.555  -6.467  57.521 0.0000000000
82524  -52.235  -6.421  56.803 0.0000000000
136132  -53.018  -6.245  56.815 0.0000000000
83445  -54.155  -5.815  55.960 0.0000000000
82525  -53.434  -6.063  56.027 0.0000000000
83451  -53.889  -5.812  55.259 0.0000000000
83459  -53.670  -5.812  54.477 0.0000000000
148946  -54.032  -5.604  54.053 0.0000000000
133181  -57.203  -4.348  56.147 0.0000000000
84416  -56.602  -4.751  55.645 0.0000000000
85400  -57.447  -3.687  56.343 0.0000000000
85401  -57.585  -3.209  55.472 0.0000000000
68496  -50.005  -20.249  64.490 0.0000000000
69528  -50.708  -19.823  64.695 0.0000000000
68485  -50.312  -20.260  64.977 0.0000000000
144538  -51.222  -19.456  66.687 0.0000000000
71393  -49.295  -18.066  68.595 0.0000000000
70463  -49.668  -18.645  68.063 0.0000000000
70503  -44.356  -18.503  65.087 0.0000000000
70502  -43.575  -18.508  64.734 0.0000000000
68491  -45.730  -20.625  63.518 0.0000000000
129762  -46.424  -20.768  63.563 0.0000000000
68484  -48.419  -20.606  64.393 0.0000000000
68493  -47.839  -20.693  63.752 0.0000000000
130415  -49.203  -20.512  64.276 0.0000000000
150234  -49.071  -20.409  63.523 0.0000000000
130085  -26.170  -29.113  80.628 0.0000000000
59067  -24.545  -28.886  79.392 0.0000000000
67362  -7.629  -22.407  79.086 0.0000000000
64486  -7.490  -24.263  78.436 0.0000000000
65511  -7.215  -23.742  78.008 0.0000000000
64520  -7.347  -24.714  77.102 0.0000000000
63439  -7.723  -25.460  77.084 0.0000000000
60204  -15.644  -28.299  80.853 0.0000000000
60209  -15.847  -28.500  79.918 0.0000000000
59065  -15.502  -29.304  79.639 0.0000000000
150781  -13.797  -31.523  77.625 0.0000000000
141537  -14.554  -30.998  77.650 0.0000000000
56893  -13.922  -31.745  76.564 0.0000000000
55918  -13.110  -32.372  76.386 0.0000000000
53914  -10.677  -34.026  77.465 0.0000000000
54925  -10.773  -33.587  77.322 0.0000000000
150941  -10.689  -34.196  76.866 0.0000000000
144116  -10.156  -35.625  75.433 0.0000000000
53933  -10.800  -34.438  75.823 0.0000000000
147825  -11.172  -34.309  75.213 0.0000000000
54955  -11.779  -33.896  74.874 0.0000000000
53945  -11.311  -34.483  74.466 0.0000000000
53946  -12.093  -34.079  73.977 0.0000000000
53959  -10.668  -35.108  74.134 0.0000000000
51897  -8.547  -37.151  73.917 0.0000000000
51911  -8.765  -36.695  73.929 0.0000000000
47379  -12.666  -40.590  74.132 0.0000000000
130439  -11.648  -41.013  73.247 0.0000000000
138220  -11.764  -41.719  73.071 0.0000000000
57809  -16.209  -30.555  91.505 0.0000000000
57812  -16.165  -30.216  90.398 0.0000000000
57837  -15.051  -30.063  87.527 0.0000000000
57836  -14.158  -30.351  87.272 0.0000000000
54863  -14.330  -33.138  86.414 0.0000000000
53834  -13.219  -34.345  87.677 0.0000000000
55834  -13.407  -32.757  86.725 0.0000000000
56782  -12.863  -31.861  86.903 0.0000000000
53833  -12.263  -34.140  88.074 0.0000000000
52831  -11.523  -36.560  90.313 0.0000000000
53823  -11.307  -35.352  89.411 0.0000000000
52835  -10.950  -35.890  89.942 0.0000000000
52834  -10.092  -35.908  89.751 0.0000000000
70423  -44.554  -18.509  70.519 0.0000000000
61277  -38.798  -27.462  74.441 0.0000000000
61276  -37.830  -27.541  74.300 0.0000000000
65619  -41.972  -23.485  69.365 0.0000000000
66544  -42.149  -22.676  69.231 0.0000000000
69461  -43.743  -19.854  70.316 0.0000000000
69470  -43.998  -19.112  70.214 0.0000000000
57862  -29.932  -30.142  85.685 0.0000000000
59005  -29.439  -29.734  86.374 0.0000000000
59019  -29.114  -29.875  85.364 0.0000000000
59018  -28.264  -29.584  84.898 0.0000000000
57875  -28.973  -29.937  84.291 0.0000000000
57866  -33.197  -30.909  86.357 0.0000000000
57854  -32.595  -30.531  87.085 0.0000000000
57906  -32.703  -30.603  83.097 0.0000000000
57891  -31.453  -30.490  84.052 0.0000000000
57878  -31.380  -30.503  84.952 0.0000000000
57877  -30.667  -30.426  84.433 0.0000000000
57863  -30.670  -30.407  85.378 0.0000000000
59033  -28.714  -29.896  82.816 0.0000000000
59044  -27.312  -29.523  81.758 0.0000000000
59045  -28.227  -29.835  81.495 0.0000000000
57927  -28.087  -29.786  79.402 0.0000000000
88139  -55.025  -0.795  51.427 0.0000000000
88151  -53.711  -0.837  50.231 0.0000000000
88152  -54.448  -0.439  50.631 0.0000000000
89039  -54.656  0.401  48.576 0.0000000000
89027  -55.282  0.830  49.078 0.0000000000
67334  -15.276  -21.487  83.273 0.0000000000
67346  -15.240  -21.601  82.644 0.0000000000
65473  -15.697  -23.028  82.517 0.0000000000
66395  -15.079  -22.768  84.994 0.0000000000
64439  -15.567  -24.688  83.516 0.0000000000
63329  -15.778  -25.001  82.869 0.0000000000
63345  -15.928  -25.465  82.205 0.0000000000
143499  -15.931  -26.785  81.426 0.0000000000
61218  -15.650  -26.373  82.404 0.0000000000
60196  -14.492  -28.451  82.816 0.0000000000
60197  -15.122  -28.108  82.187 0.0000000000
148809  -14.191  -30.119  81.290 0.0000000000
59037  -13.911  -29.982  81.944 0.0000000000
61212  -13.350  -27.659  84.608 0.0000000000
150217  -13.469  -28.227  84.143 0.0000000000
135815  -12.032  -30.814  82.320 0.0000000000
57885  -12.643  -30.337  82.804 0.0000000000
57911  -11.818  -31.130  81.630 0.0000000000
57912  -12.536  -31.112  80.999 0.0000000000
56850  -10.805  -31.580  80.374 0.0000000000
56861  -10.042  -31.936  79.813 0.0000000000
53877  -9.998  -34.025  80.787 0.0000000000
53889  -10.024  -33.713  79.864 0.0000000000
52892  -11.701  -35.181  80.725 0.0000000000
52885  -12.327  -35.781  81.044 0.0000000000
131417  -54.063  -11.036  61.247 0.0000000000
79703  -55.187  -9.847  61.645 0.0000000000
145204  -46.448  -16.895  70.801 0.0000000000
148575  -48.180  -17.110  60.248 0.0000000000
72547  -48.185  -16.466  59.928 0.0000000000
72548  -48.979  -15.980  60.021 0.0000000000
73556  -49.132  -15.196  59.798 0.0000000000
74565  -49.342  -14.320  59.639 0.0000000000
74564  -48.490  -14.049  59.496 0.0000000000
75583  -49.772  -13.522  59.584 0.0000000000
140794  -49.961  -12.909  59.537 0.0000000000
148170  -50.620  -13.293  59.731 0.0000000000
76608  -52.499  -12.458  60.437 0.0000000000
76618  -51.833  -12.053  60.143 0.0000000000
78710  -53.398  -10.379  60.793 0.0000000000
149509  -18.046  -31.871  92.354 0.0000000000
56770  -17.839  -31.470  89.394 0.0000000000
56771  -18.610  -32.137  90.006 0.0000000000
55816  -20.433  -32.457  91.474 0.0000000000
55815  -20.031  -32.454  91.841 0.0000000000
145287  -20.208  -33.062  90.838 0.0000000000
55830  -19.500  -33.214  88.001 0.0000000000
147617  -18.758  -32.598  87.364 0.0000000000
55839  -18.430  -32.788  86.485 0.0000000000
54866  -18.753  -33.484  86.140 0.0000000000
150912  -19.765  -35.520  85.976 0.0000000000
52863  -19.107  -34.989  85.765 0.0000000000
51774  -18.847  -36.841  86.006 0.0000000000
50645  -18.398  -37.513  86.014 0.0000000000
148628  -25.546  -28.864  82.074 0.0000000000
60200  -24.529  -28.648  82.331 0.0000000000
60189  -24.410  -28.580  83.152 0.0000000000
60188  -23.550  -28.587  83.472 0.0000000000
60179  -24.383  -28.502  84.794 0.0000000000
60178  -23.489  -28.525  84.324 0.0000000000
56842  -22.696  -31.891  81.179 0.0000000000
56841  -22.397  -31.240  81.835 0.0000000000
57874  -21.588  -30.059  84.066 0.0000000000
59014  -21.852  -29.479  84.108 0.0000000000
59015  -22.014  -29.082  84.769 0.0000000000
60165  -22.387  -28.762  85.538 0.0000000000
60154  -22.391  -28.705  86.446 0.0000000000
60153  -21.970  -28.979  86.128 0.0000000000
134039  -21.390  -29.662  87.063 0.0000000000
150896  -21.174  -29.943  87.780 0.0000000000
60124  -21.720  -28.999  88.581 0.0000000000
57828  -21.399  -30.822  88.414 0.0000000000
56786  -21.949  -31.698  87.778 0.0000000000
54868  -23.556  -33.950  86.232 0.0000000000
154503  -23.085  -33.079  87.702 0.0000000000
54860  -23.471  -33.889  87.270 0.0000000000
53840  -23.304  -34.079  87.630 0.0000000000
52857  -23.008  -34.777  86.459 0.0000000000
51810  -21.666  -36.408  82.498 0.0000000000
153747  -21.993  -36.187  83.025 0.0000000000
50668  -20.410  -37.303  83.570 0.0000000000
50669  -21.074  -36.856  84.084 0.0000000000
50661  -20.804  -36.992  85.082 0.0000000000
51785  -20.722  -36.654  85.534 0.0000000000
67321  -9.267  -21.402  84.249 0.0000000000
67330  -9.401  -21.711  83.352 0.0000000000
67320  -8.619  -21.527  83.672 0.0000000000
66425  -12.323  -22.451  80.607 0.0000000000
66418  -11.864  -22.084  81.273 0.0000000000
65489  -10.963  -23.600  79.730 0.0000000000
66423  -9.805  -22.897  81.123 0.0000000000
65488  -9.790  -23.781  79.912 0.0000000000
64465  -9.294  -24.320  79.438 0.0000000000
64489  -10.027  -24.702  78.826 0.0000000000
62237  -10.378  -26.361  76.407 0.0000000000
62228  -9.581  -26.157  76.949 0.0000000000
62236  -9.339  -26.554  76.221 0.0000000000
62246  -9.324  -26.884  75.551 0.0000000000
131477  -15.793  -28.510  78.113 0.0000000000
61234  -15.955  -27.068  78.764 0.0000000000
60224  -15.647  -28.366  77.268 0.0000000000
59108  -15.036  -29.379  75.193 0.0000000000
61240  -15.310  -27.714  76.652 0.0000000000
60243  -14.902  -27.950  75.799 0.0000000000
62251  -14.261  -27.362  75.710 0.0000000000
61256  -14.205  -27.826  75.117 0.0000000000
54997  -13.193  -32.779  71.815 0.0000000000
56940  -14.260  -31.046  72.937 0.0000000000
56939  -13.859  -31.525  72.351 0.0000000000
59132  -12.872  -29.518  72.325 0.0000000000
59122  -13.457  -29.138  73.001 0.0000000000
152538  -13.048  -28.636  73.214 0.0000000000
60254  -13.305  -28.026  74.029 0.0000000000
60253  -12.623  -28.203  73.540 0.0000000000
143603  -12.146  -27.364  74.611 0.0000000000
132968  -11.671  -28.155  73.427 0.0000000000
60273  -10.276  -28.808  72.567 0.0000000000
60265  -10.731  -28.274  73.248 0.0000000000
60264  -9.810  -28.391  73.137 0.0000000000
60263  -8.869  -28.269  73.444 0.0000000000
146493  -8.326  -28.535  72.859 0.0000000000
59128  -8.385  -28.888  72.284 0.0000000000
130549  -10.777  -25.361  90.266 0.0000000000
58952  -14.707  -29.577  90.854 0.0000000000
137166  -13.920  -29.277  90.456 0.0000000000
130361  -12.424  -29.025  89.542 0.0000000000
58951  -13.202  -29.177  91.283 0.0000000000
58950  -12.429  -28.845  90.854 0.0000000000
60091  -11.647  -28.757  92.891 0.0000000000
60101  -11.595  -28.620  91.671 0.0000000000
57823  -11.535  -29.769  88.198 0.0000000000
57822  -10.337  -29.947  88.162 0.0000000000
58956  -9.705  -28.784  89.117 0.0000000000
58957  -10.627  -28.806  89.460 0.0000000000
60111  -9.786  -28.304  89.896 0.0000000000
60099  -9.905  -27.962  90.846 0.0000000000
61178  -9.484  -27.432  91.262 0.0000000000
61188  -8.695  -27.566  88.701 0.0000000000
62154  -8.962  -27.026  89.288 0.0000000000
62163  -9.121  -27.051  88.433 0.0000000000
62155  -9.873  -26.499  89.019 0.0000000000
61199  -9.166  -27.643  87.222 0.0000000000
60160  -8.215  -29.008  86.219 0.0000000000
60161  -8.760  -28.719  86.016 0.0000000000
131314  -8.410  -29.378  85.693 0.0000000000
58999  -9.111  -29.332  85.381 0.0000000000
59010  -8.632  -30.068  84.954 0.0000000000
55833  -8.277  -33.243  85.781 0.0000000000
56788  -8.003  -32.080  85.567 0.0000000000
55842  -8.135  -32.928  84.960 0.0000000000
53860  -8.568  -34.432  83.780 0.0000000000
54878  -8.319  -33.512  83.650 0.0000000000
55865  -8.339  -32.879  83.071 0.0000000000
54883  -8.428  -33.304  82.999 0.0000000000
53868  -8.614  -33.580  82.385 0.0000000000
53864  -8.809  -34.246  82.964 0.0000000000
50677  -10.373  -37.475  83.313 0.0000000000
51809  -10.657  -36.534  83.017 0.0000000000
50678  -11.198  -37.370  82.708 0.0000000000
50690  -12.080  -37.308  82.113 0.0000000000
49447  -11.133  -38.721  82.065 0.0000000000
47153  -8.605  -40.678  90.058 0.0000000000
144818  -7.959  -42.328  87.840 0.0000000000
46201  -8.278  -42.054  88.599 0.0000000000
47165  -8.587  -40.563  89.370 0.0000000000
47177  -8.548  -40.454  88.252 0.0000000000
48223  -8.776  -39.165  87.917 0.0000000000
143118  -8.497  -40.954  87.423 0.0000000000
46228  -8.586  -40.966  86.521 0.0000000000
46243  -8.670  -41.050  85.494 0.0000000000
48249  -9.133  -39.385  85.315 0.0000000000
46257  -8.776  -40.974  84.419 0.0000000000
130629  -8.913  -41.071  82.877 0.0000000000
47260  -8.978  -41.093  82.476 0.0000000000
48290  -9.449  -40.375  82.677 0.0000000000
47261  -9.150  -40.952  82.161 0.0000000000
47292  -9.799  -40.830  80.981 0.0000000000
47303  -10.228  -40.995  80.203 0.0000000000
47293  -10.693  -40.423  80.535 0.0000000000
47304  -11.169  -40.643  79.703 0.0000000000
47319  -11.640  -40.854  79.026 0.0000000000
59062  -42.072  -29.109  81.184 0.0000000000
59048  -41.747  -29.483  82.023 0.0000000000
59036  -42.401  -29.146  82.640 0.0000000000
59046  -40.045  -29.769  81.332 0.0000000000
55878  -37.907  -32.587  82.416 0.0000000000
56827  -39.365  -31.599  84.194 0.0000000000
57895  -40.631  -30.479  84.073 0.0000000000
82492  -57.189  -6.534  60.625 0.0000000000
81610  -56.520  -7.246  60.954 0.0000000000
78717  -52.042  -10.218  59.972 0.0000000000
79713  -52.186  -9.329  59.881 0.0000000000
80684  -52.361  -8.553  59.760 0.0000000000
80685  -53.058  -8.028  59.892 0.0000000000
135225  -52.876  -7.412  59.353 0.0000000000
71391  -47.736  -17.604  68.338 0.0000000000
71372  -47.240  -17.121  69.217 0.0000000000
72454  -47.682  -16.851  69.951 0.0000000000
69477  -42.757  -19.405  68.281 0.0000000000
69478  -43.339  -18.882  68.679 0.0000000000
71411  -45.528  -17.627  67.681 0.0000000000
52900  -12.384  -35.731  79.271 0.0000000000
51850  -12.277  -35.945  78.311 0.0000000000
141947  -12.907  -36.317  78.982 0.0000000000
130937  -13.665  -38.008  78.078 0.0000000000
139933  -13.611  -38.114  77.368 0.0000000000
145407  -13.573  -39.713  76.749 0.0000000000
148209  -13.585  -39.465  77.467 0.0000000000
47341  -13.349  -40.235  77.294 0.0000000000
47340  -12.987  -40.947  77.238 0.0000000000
51773  -17.429  -36.468  86.238 0.0000000000
52853  -16.972  -35.794  85.991 0.0000000000
51765  -16.920  -37.221  86.847 0.0000000000
49382  -16.506  -37.671  87.122 0.0000000000
61280  -41.494  -27.454  74.847 0.0000000000
62262  -41.935  -26.719  73.548 0.0000000000
62270  -42.079  -25.863  72.252 0.0000000000
62271  -42.807  -25.660  72.633 0.0000000000
63469  -43.819  -24.690  72.678 0.0000000000
60147  -34.897  -28.749  88.369 0.0000000000
56868  -32.840  -30.970  80.082 0.0000000000
84432  -56.395  -4.165  53.961 0.0000000000
85426  -55.999  -3.832  53.235 0.0000000000
85427  -56.685  -3.435  53.735 0.0000000000
85431  -56.229  -3.001  53.076 0.0000000000
87269  -57.972  -1.524  53.910 0.0000000000
63283  -13.087  -25.236  87.273 0.0000000000
62166  -12.053  -26.490  86.787 0.0000000000
61194  -11.294  -26.958  86.771 0.0000000000
133542  -10.923  -27.505  86.375 0.0000000000
71467  -52.555  -16.889  62.049 0.0000000000
71457  -52.066  -17.547  62.491 0.0000000000
70534  -52.507  -17.886  63.056 0.0000000000
68510  -47.983  -20.458  62.241 0.0000000000
69560  -48.620  -19.906  62.381 0.0000000000
70551  -48.978  -17.986  61.308 0.0000000000
57819  -21.090  -30.868  90.228 0.0000000000
143212  -21.515  -31.571  89.447 0.0000000000
59003  -27.759  -29.343  85.581 0.0000000000
64530  -7.032  -24.186  76.130 0.0000000000
150541  -6.885  -24.057  75.088 0.0000000000
66427  -15.251  -22.689  80.919 0.0000000000
65482  -14.833  -22.961  80.209 0.0000000000
65493  -15.318  -23.732  79.898 0.0000000000
53006  -9.761  -35.492  71.617 0.0000000000
151703  -8.693  -35.780  71.457 0.0000000000
53005  -8.350  -35.420  70.592 0.0000000000
54002  -8.011  -34.889  69.643 0.0000000000
60079  -14.794  -29.328  94.362 0.0000000000
53826  -9.833  -34.778  88.795 0.0000000000
54851  -9.868  -33.505  87.868 0.0000000000
53825  -9.164  -34.919  88.434 0.0000000000
53824  -8.872  -35.285  88.128 0.0000000000
53831  -8.689  -35.076  87.408 0.0000000000
135418  -8.814  -36.213  88.015 0.0000000000
50636  -8.781  -37.124  87.522 0.0000000000
60227  -40.862  -28.397  77.979 0.0000000000
55888  -37.469  -33.348  79.544 0.0000000000
54876  -37.433  -33.273  83.945 0.0000000000
55869  -35.757  -32.921  82.483 0.0000000000
85389  -57.333  -3.775  57.261 0.0000000000
82514  -54.311  -6.164  57.748 0.0000000000
83433  -55.028  -5.808  57.133 0.0000000000
83453  -55.667  -5.287  55.686 0.0000000000
83454  -56.392  -5.122  56.216 0.0000000000
84394  -57.265  -4.377  56.937 0.0000000000
146886  -48.977  -20.538  64.976 0.0000000000
68475  -50.226  -20.189  65.415 0.0000000000
154773  -49.668  -19.652  66.617 0.0000000000
69494  -50.954  -19.231  67.368 0.0000000000
69526  -45.197  -19.161  64.651 0.0000000000
69512  -46.041  -19.190  65.172 0.0000000000
149131  -46.510  -19.874  64.835 0.0000000000
68482  -46.998  -20.380  64.557 0.0000000000
153986  -46.703  -20.566  64.034 0.0000000000
68472  -47.619  -20.251  65.110 0.0000000000
130392  -48.262  -20.449  65.061 0.0000000000
59069  -26.173  -29.134  78.875 0.0000000000
66431  -7.662  -22.868  79.837 0.0000000000
65485  -7.661  -23.518  79.458 0.0000000000
65501  -7.735  -24.046  79.128 0.0000000000
155141  -14.603  -30.186  80.280 0.0000000000
154242  -15.169  -29.939  79.427 0.0000000000
56865  -13.792  -31.065  79.204 0.0000000000
51880  -11.078  -36.269  76.503 0.0000000000
51879  -10.354  -36.093  75.976 0.0000000000
52944  -9.940  -36.134  75.490 0.0000000000
52943  -9.711  -36.165  75.052 0.0000000000
52957  -9.889  -35.728  74.619 0.0000000000
50757  -9.443  -37.015  74.856 0.0000000000
50771  -9.164  -37.341  74.486 0.0000000000
49538  -8.432  -37.900  73.788 0.0000000000
49556  -9.300  -38.787  73.711 0.0000000000
57826  -16.545  -30.378  88.579 0.0000000000
57838  -16.383  -30.420  87.768 0.0000000000
57849  -15.839  -30.432  87.265 0.0000000000
53835  -14.101  -34.653  87.274 0.0000000000
53829  -12.751  -34.945  88.518 0.0000000000
52836  -11.872  -36.066  89.909 0.0000000000
69455  -44.848  -19.055  71.541 0.0000000000
131682  -44.478  -20.115  71.594 0.0000000000
133491  -38.995  -27.273  73.156 0.0000000000
67448  -42.687  -21.564  69.531 0.0000000000
148203  -43.039  -21.848  70.074 0.0000000000
149909  -43.581  -20.543  70.398 0.0000000000
57856  -34.973  -31.133  86.817 0.0000000000
146400  -33.529  -31.097  85.650 0.0000000000
57919  -31.833  -30.538  81.599 0.0000000000
129213  -31.401  -30.437  82.307 0.0000000000
57904  -30.558  -30.352  82.432 0.0000000000
148887  -29.877  -30.278  82.998 0.0000000000
152092  -29.826  -30.258  82.278 0.0000000000
59058  -28.398  -29.909  80.687 0.0000000000
153778  -28.497  -29.903  80.010 0.0000000000
84448  -52.570  -4.551  50.612 0.0000000000
65464  -14.874  -23.507  85.333 0.0000000000
65468  -15.309  -23.405  84.475 0.0000000000
64432  -15.056  -24.186  84.820 0.0000000000
64436  -15.209  -24.831  84.250 0.0000000000
63319  -15.341  -25.459  83.613 0.0000000000
62199  -15.252  -26.255  83.293 0.0000000000
59012  -11.638  -29.425  84.382 0.0000000000
59013  -12.491  -29.176  84.125 0.0000000000
131829  -12.014  -29.980  83.720 0.0000000000
56849  -9.749  -31.794  80.604 0.0000000000
56848  -9.070  -32.112  81.016 0.0000000000
55879  -9.005  -32.472  80.925 0.0000000000
53876  -9.241  -33.687  81.307 0.0000000000
76609  -53.198  -12.183  60.704 0.0000000000
77653  -53.977  -11.935  61.144 0.0000000000
76610  -53.847  -12.800  60.973 0.0000000000
76603  -54.844  -12.662  61.414 0.0000000000
73545  -50.332  -15.526  60.360 0.0000000000
73544  -49.644  -15.581  60.144 0.0000000000
74553  -50.721  -14.806  60.196 0.0000000000
148239  -51.386  -13.319  60.055 0.0000000000
149018  -52.468  -13.137  60.432 0.0000000000
153607  -19.033  -32.534  91.935 0.0000000000
54839  -21.563  -33.567  89.851 0.0000000000
54838  -20.762  -33.610  89.675 0.0000000000
54845  -20.446  -33.750  88.667 0.0000000000
54856  -19.994  -33.838  87.582 0.0000000000
54867  -19.563  -33.934  86.576 0.0000000000
51775  -19.781  -36.327  85.884 0.0000000000
59042  -23.925  -28.793  80.938 0.0000000000
60205  -23.726  -28.772  81.751 0.0000000000
59041  -23.206  -29.175  81.202 0.0000000000
59030  -22.849  -29.150  82.098 0.0000000000
55867  -22.634  -31.898  82.438 0.0000000000
56822  -22.238  -31.411  83.657 0.0000000000
56813  -21.559  -30.358  84.881 0.0000000000
57861  -21.434  -29.908  85.577 0.0000000000
142046  -21.909  -31.198  85.039 0.0000000000
56803  -21.589  -30.762  85.749 0.0000000000
56795  -21.716  -31.236  86.714 0.0000000000
56796  -22.607  -32.335  87.095 0.0000000000
55846  -22.983  -32.667  86.127 0.0000000000
55847  -23.422  -33.308  85.680 0.0000000000
53855  -23.480  -34.378  85.411 0.0000000000
50681  -21.010  -36.905  83.028 0.0000000000
150947  -19.831  -37.541  83.175 0.0000000000
148296  -10.326  -21.552  83.135 0.0000000000
64468  -13.015  -24.033  78.838 0.0000000000
65490  -12.021  -23.501  79.557 0.0000000000
64491  -12.255  -24.453  78.549 0.0000000000
64490  -11.087  -24.568  78.667 0.0000000000
63411  -10.624  -25.026  78.334 0.0000000000
63426  -10.613  -25.451  77.817 0.0000000000
62248  -11.117  -26.601  75.822 0.0000000000
151399  -15.370  -29.968  76.703 0.0000000000
59097  -15.538  -29.272  76.910 0.0000000000
57984  -15.049  -30.145  75.404 0.0000000000
133830  -14.855  -29.967  74.652 0.0000000000
56952  -12.709  -31.572  71.195 0.0000000000
58042  -13.303  -31.112  71.729 0.0000000000
58041  -12.537  -30.718  71.347 0.0000000000
59142  -12.311  -29.917  71.689 0.0000000000
131976  -11.977  -29.259  72.213 0.0000000000
60274  -11.501  -28.665  72.780 0.0000000000
59130  -10.344  -29.434  71.862 0.0000000000
137608  -9.483  -29.607  71.403 0.0000000000
59140  -8.547  -29.293  71.638 0.0000000000
58966  -13.859  -29.480  88.360 0.0000000000
137355  -13.676  -29.253  89.271 0.0000000000
57821  -9.296  -30.022  88.040 0.0000000000
58955  -9.094  -28.885  88.777 0.0000000000
60110  -8.975  -28.315  89.359 0.0000000000
60109  -8.561  -28.113  88.822 0.0000000000
60122  -8.492  -28.489  88.285 0.0000000000
61187  -8.442  -28.027  88.122 0.0000000000
60137  -8.510  -28.084  87.405 0.0000000000
58990  -8.058  -29.302  86.637 0.0000000000
52867  -8.535  -35.198  85.063 0.0000000000
54874  -8.320  -34.054  84.457 0.0000000000
53857  -8.560  -34.898  84.400 0.0000000000
52871  -8.712  -35.194  84.166 0.0000000000
52872  -8.937  -35.340  83.840 0.0000000000
133259  -9.346  -35.507  83.536 0.0000000000
51807  -9.356  -36.205  83.920 0.0000000000
50676  -9.805  -37.374  83.757 0.0000000000
49433  -10.181  -38.495  83.275 0.0000000000
132051  -7.594  -42.989  87.449 0.0000000000
45249  -7.933  -42.356  86.772 0.0000000000
46227  -8.268  -41.708  87.138 0.0000000000
45260  -7.936  -42.340  85.654 0.0000000000
45272  -7.986  -42.370  84.421 0.0000000000
46301  -8.851  -41.576  81.424 0.0000000000
56880  -37.284  -32.104  79.280 0.0000000000
57956  -37.365  -31.233  79.083 0.0000000000
59072  -39.324  -29.424  80.136 0.0000000000
60214  -41.438  -28.753  79.568 0.0000000000
53866  -36.346  -33.848  81.396 0.0000000000
53867  -36.830  -33.920  81.516 0.0000000000
53873  -37.103  -34.098  81.134 0.0000000000
144952  -37.280  -33.857  80.730 0.0000000000
143960  -37.483  -33.338  80.485 0.0000000000
56870  -37.411  -32.372  79.855 0.0000000000
55856  -38.417  -32.585  84.697 0.0000000000
55857  -38.899  -32.131  84.499 0.0000000000
55864  -38.421  -32.707  83.944 0.0000000000
54877  -38.050  -33.090  84.030 0.0000000000
54882  -37.691  -33.395  83.369 0.0000000000
83423  -57.848  -4.976  59.162 0.0000000000
84373  -57.796  -4.888  59.452 0.0000000000
84361  -57.863  -4.974  59.917 0.0000000000
79711  -50.769  -9.943  59.360 0.0000000000
78725  -50.061  -10.129  59.022 0.0000000000
79720  -49.631  -9.570  58.597 0.0000000000
80690  -49.793  -8.726  58.374 0.0000000000
81629  -51.492  -6.923  57.969 0.0000000000
82503  -52.118  -6.758  58.130 0.0000000000
82504  -52.877  -6.611  58.274 0.0000000000
81623  -53.228  -6.873  58.987 0.0000000000
82505  -53.712  -6.492  58.419 0.0000000000
70477  -48.523  -19.177  66.885 0.0000000000
70462  -48.497  -18.635  67.472 0.0000000000
71392  -48.607  -17.706  68.686 0.0000000000
68459  -42.212  -19.889  67.917 0.0000000000
154128  -41.962  -19.542  67.321 0.0000000000
69498  -41.894  -18.656  65.893 0.0000000000
70486  -42.010  -18.448  65.253 0.0000000000
70487  -43.488  -18.240  65.554 0.0000000000
70474  -44.283  -18.020  66.649 0.0000000000
67339  -8.521  -21.874  82.382 0.0000000000
130414  -10.731  -32.414  78.526 0.0000000000
151152  -11.552  -32.218  78.196 0.0000000000
54916  -10.431  -33.263  78.344 0.0000000000
52923  -10.794  -34.611  77.521 0.0000000000
51867  -11.664  -35.984  77.321 0.0000000000
50745  -11.609  -36.981  76.106 0.0000000000
50759  -12.279  -37.693  75.625 0.0000000000
49519  -11.806  -38.178  74.934 0.0000000000
49541  -12.515  -38.962  74.598 0.0000000000
48404  -13.057  -39.827  74.681 0.0000000000
47370  -13.114  -40.818  74.807 0.0000000000
46384  -12.693  -41.467  74.272 0.0000000000
45404  -12.487  -42.380  74.510 0.0000000000
55838  -17.583  -32.353  86.157 0.0000000000
55844  -16.408  -32.818  85.632 0.0000000000
54870  -15.963  -33.487  85.632 0.0000000000
53844  -15.423  -34.196  86.019 0.0000000000
52852  -16.266  -35.554  86.143 0.0000000000
140852  -15.683  -34.962  86.131 0.0000000000
52850  -14.983  -35.021  86.756 0.0000000000
66517  -44.115  -22.268  71.595 0.0000000000
143190  -44.541  -21.747  71.984 0.0000000000
60246  -38.638  -27.763  75.921 0.0000000000
147908  -39.337  -27.362  73.846 0.0000000000
154109  -40.030  -27.347  73.983 0.0000000000
61294  -39.786  -27.208  73.366 0.0000000000
61304  -39.472  -27.025  72.652 0.0000000000
61314  -39.994  -26.720  72.091 0.0000000000
62277  -39.751  -26.538  71.261 0.0000000000
62289  -41.115  -25.851  71.067 0.0000000000
63487  -42.212  -24.888  71.105 0.0000000000
63475  -42.505  -25.261  71.870 0.0000000000
64590  -42.607  -24.206  70.784 0.0000000000
56823  -34.128  -31.029  83.423 0.0000000000
57932  -32.312  -30.698  80.863 0.0000000000
135706  -30.937  -30.427  80.200 0.0000000000
84441  -53.570  -4.598  51.449 0.0000000000
84437  -55.339  -4.224  52.745 0.0000000000
84442  -54.252  -4.257  51.759 0.0000000000
84449  -53.171  -4.165  50.879 0.0000000000
85433  -53.746  -3.800  51.237 0.0000000000
85439  -53.238  -3.318  50.694 0.0000000000
86385  -53.294  -2.479  50.549 0.0000000000
150662  -53.808  -2.170  50.893 0.0000000000
87285  -56.176  -1.586  52.490 0.0000000000
62183  -13.823  -26.236  85.235 0.0000000000
61207  -13.054  -27.201  85.218 0.0000000000
60164  -12.428  -27.872  85.132 0.0000000000
60175  -11.992  -28.708  84.744 0.0000000000
57873  -10.058  -30.273  84.147 0.0000000000
73547  -52.485  -15.260  60.772 0.0000000000
73548  -53.278  -14.990  60.918 0.0000000000
73539  -52.959  -15.592  61.107 0.0000000000
71468  -53.655  -16.753  62.250 0.0000000000
68527  -46.678  -20.790  61.201 0.0000000000
72532  -48.851  -16.745  60.411 0.0000000000
71476  -49.501  -17.171  61.077 0.0000000000
72534  -50.715  -16.106  60.756 0.0000000000
138839  -51.894  -15.527  60.749 0.0000000000
57807  -20.287  -31.271  92.592 0.0000000000
147487  -20.294  -31.733  92.177 0.0000000000
55818  -20.991  -32.719  90.919 0.0000000000
143569  -20.809  -31.306  91.200 0.0000000000
54837  -21.384  -33.137  90.351 0.0000000000
54847  -22.100  -33.896  89.270 0.0000000000
53838  -22.477  -34.369  88.027 0.0000000000
135802  -22.957  -32.143  79.814 0.0000000000
55885  -23.217  -32.846  79.688 0.0000000000
55880  -23.040  -32.648  80.587 0.0000000000
54890  -23.285  -33.459  81.175 0.0000000000
53871  -23.403  -34.184  81.518 0.0000000000
53865  -23.458  -34.213  82.525 0.0000000000
52879  -23.258  -34.802  82.955 0.0000000000
148605  -22.924  -35.250  82.533 0.0000000000
51811  -22.104  -36.025  81.912 0.0000000000
68318  -11.955  -20.186  83.550 0.0000000000
149753  -12.143  -20.598  82.910 0.0000000000
68332  -12.731  -20.759  82.398 0.0000000000
67351  -13.001  -21.756  81.074 0.0000000000
66432  -14.103  -22.479  80.320 0.0000000000
65491  -13.774  -23.028  79.744 0.0000000000
145427  -12.967  -23.521  79.323 0.0000000000
64492  -13.491  -24.553  78.397 0.0000000000
54966  -12.808  -33.593  73.571 0.0000000000
55939  -13.920  -32.435  73.628 0.0000000000
54975  -12.882  -33.592  72.669 0.0000000000
54996  -12.769  -33.449  71.843 0.0000000000
152115  -12.819  -33.004  71.471 0.0000000000
54004  -11.257  -34.448  70.942 0.0000000000
55990  -12.326  -32.626  70.829 0.0000000000
55989  -11.804  -32.780  70.437 0.0000000000
56000  -11.123  -32.545  69.902 0.0000000000
56977  -10.707  -31.943  69.715 0.0000000000
56976  -9.746  -31.806  69.089 0.0000000000
61167  -14.490  -27.285  92.344 0.0000000000
61156  -12.968  -27.520  93.666 0.0000000000
61144  -11.515  -27.806  94.050 0.0000000000
56781  -11.933  -31.787  87.261 0.0000000000
57834  -12.114  -30.353  87.625 0.0000000000
152865  -11.718  -31.003  87.396 0.0000000000
56779  -9.755  -31.748  87.521 0.0000000000
130719  -8.704  -30.909  87.371 0.0000000000
57846  -8.081  -30.887  86.708 0.0000000000
138013  -8.370  -32.560  86.407 0.0000000000
54861  -8.453  -34.258  86.069 0.0000000000
53842  -8.591  -34.872  86.674 0.0000000000
52858  -8.508  -35.358  85.786 0.0000000000
52859  -8.580  -35.670  85.456 0.0000000000
144071  -8.847  -37.082  85.303 0.0000000000
49409  -9.015  -37.941  85.154 0.0000000000
59092  -37.913  -28.963  78.464 0.0000000000
60234  -38.177  -28.150  76.780 0.0000000000
134765  -39.126  -27.872  76.509 0.0000000000
60249  -41.385  -27.851  76.220 0.0000000000
149833  -42.091  -27.403  75.076 0.0000000000
57857  -36.015  -30.929  87.265 0.0000000000
56809  -37.642  -31.923  86.099 0.0000000000
55854  -37.113  -32.953  84.508 0.0000000000
55848  -36.586  -32.403  85.013 0.0000000000
142753  -34.618  -31.358  83.863 0.0000000000
139011  -33.902  -31.512  80.989 0.0000000000
130276  -52.620  -6.295  56.093 0.0000000000
82543  -51.546  -6.505  55.027 0.0000000000
83474  -54.357  -5.387  53.543 0.0000000000
83475  -55.118  -5.065  53.915 0.0000000000
84415  -55.988  -4.891  55.034 0.0000000000
84420  -55.844  -4.715  54.314 0.0000000000
85418  -57.145  -3.685  54.575 0.0000000000
150160  -50.751  -19.164  63.559 0.0000000000
69544  -51.184  -19.349  64.186 0.0000000000
69529  -51.705  -19.426  64.938 0.0000000000
69503  -50.909  -19.809  66.018 0.0000000000
69492  -49.093  -18.974  67.427 0.0000000000
70464  -50.617  -18.817  68.146 0.0000000000
67486  -47.319  -20.867  63.092 0.0000000000
68492  -47.101  -20.699  63.777 0.0000000000
67487  -47.960  -20.744  63.052 0.0000000000
68511  -48.581  -20.411  62.962 0.0000000000
59032  -27.402  -29.523  82.739 0.0000000000
59023  -26.659  -29.285  83.151 0.0000000000
59031  -26.538  -29.253  82.344 0.0000000000
128469  -24.684  -28.734  80.762 0.0000000000
59055  -25.239  -28.810  80.133 0.0000000000
59054  -24.201  -28.815  80.178 0.0000000000
59053  -23.415  -29.203  80.430 0.0000000000
57939  -23.007  -30.304  79.246 0.0000000000
134215  -23.075  -32.116  79.022 0.0000000000
63451  -7.367  -25.276  76.299 0.0000000000
62245  -7.928  -26.630  75.505 0.0000000000
137231  -16.188  -26.774  80.431 0.0000000000
136344  -16.216  -26.042  79.773 0.0000000000
131483  -15.798  -28.658  78.971 0.0000000000
59075  -15.665  -29.131  78.383 0.0000000000
57938  -15.070  -30.254  78.794 0.0000000000
57946  -15.030  -30.463  77.949 0.0000000000
57959  -15.420  -29.914  77.422 0.0000000000
56894  -14.653  -31.101  76.332 0.0000000000
56904  -14.345  -31.578  75.638 0.0000000000
55928  -13.624  -32.554  74.881 0.0000000000
55896  -11.657  -32.512  77.536 0.0000000000
132122  -12.350  -32.456  76.990 0.0000000000
53923  -10.616  -34.640  76.339 0.0000000000
54935  -11.579  -33.408  76.160 0.0000000000
55917  -12.248  -32.896  76.247 0.0000000000
55927  -13.027  -32.763  75.614 0.0000000000
54945  -13.034  -33.105  74.942 0.0000000000
54957  -13.378  -33.035  74.142 0.0000000000
53960  -11.468  -34.659  73.420 0.0000000000
53976  -11.083  -35.030  72.673 0.0000000000
148308  -9.322  -36.132  73.966 0.0000000000
52969  -9.109  -36.218  73.319 0.0000000000
52989  -10.097  -35.570  72.660 0.0000000000
52988  -9.006  -36.001  72.366 0.0000000000
48416  -11.156  -39.673  73.677 0.0000000000
58953  -15.484  -29.999  91.205 0.0000000000
57816  -16.030  -29.953  89.273 0.0000000000
58968  -15.227  -29.644  88.943 0.0000000000
58967  -14.462  -29.498  88.652 0.0000000000
58977  -14.361  -29.709  87.885 0.0000000000
55837  -16.006  -31.979  85.932 0.0000000000
56792  -15.178  -31.486  86.398 0.0000000000
56791  -14.513  -31.848  86.396 0.0000000000
55835  -14.205  -32.421  86.420 0.0000000000
57847  -14.367  -31.175  86.667 0.0000000000
54844  -11.236  -34.052  88.358 0.0000000000
53828  -11.757  -34.763  88.792 0.0000000000
53822  -10.354  -35.329  89.354 0.0000000000
52828  -9.539  -36.605  89.932 0.0000000000
51732  -9.339  -37.034  89.973 0.0000000000
71370  -45.427  -17.440  69.571 0.0000000000
71360  -45.194  -17.695  70.397 0.0000000000
132616  -45.781  -17.436  71.189 0.0000000000
61275  -36.909  -27.725  74.087 0.0000000000
66543  -41.758  -22.138  68.615 0.0000000000
147654  -42.222  -21.302  68.805 0.0000000000
68435  -42.780  -20.752  69.345 0.0000000000
68446  -42.990  -19.829  69.091 0.0000000000
69469  -43.572  -19.259  69.577 0.0000000000
70429  -44.172  -18.476  69.676 0.0000000000
147252  -29.976  -29.680  86.932 0.0000000000
57843  -34.828  -30.535  87.592 0.0000000000
134662  -33.972  -30.237  87.853 0.0000000000
140867  -33.160  -30.209  87.705 0.0000000000
57893  -33.267  -30.748  83.915 0.0000000000
57879  -32.647  -30.690  84.709 0.0000000000
57905  -31.708  -30.465  83.112 0.0000000000
132784  -32.105  -30.596  85.327 0.0000000000
143658  -30.088  -30.335  84.882 0.0000000000
153402  -28.674  -29.828  83.515 0.0000000000
139979  -28.123  -29.674  83.162 0.0000000000
146696  -26.867  -29.385  81.014 0.0000000000
59056  -26.952  -29.389  80.298 0.0000000000
87317  -53.079  -1.214  49.775 0.0000000000
88172  -53.964  0.039  48.982 0.0000000000
89043  -55.673  0.686  47.452 0.0000000000
67345  -14.756  -21.199  82.314 0.0000000000
66419  -15.083  -22.121  81.458 0.0000000000
65475  -15.561  -22.848  81.592 0.0000000000
138260  -16.008  -24.299  81.118 0.0000000000
67323  -15.317  -21.754  83.935 0.0000000000
65470  -15.611  -23.220  83.516 0.0000000000
64442  -15.968  -24.607  82.040 0.0000000000
63361  -16.126  -25.156  81.367 0.0000000000
61227  -15.924  -27.451  80.897 0.0000000000
61223  -15.410  -27.313  82.245 0.0000000000
150992  -15.273  -28.424  81.589 0.0000000000
59039  -15.114  -29.044  81.254 0.0000000000
59050  -14.727  -29.798  80.807 0.0000000000
57914  -14.109  -30.477  80.582 0.0000000000
56852  -12.797  -31.282  80.122 0.0000000000
61213  -14.088  -27.203  84.278 0.0000000000
60186  -13.902  -28.357  83.611 0.0000000000
60195  -13.762  -29.068  83.140 0.0000000000
59021  -12.975  -29.576  83.422 0.0000000000
59027  -13.513  -29.800  82.658 0.0000000000
57913  -13.482  -30.555  81.371 0.0000000000
56873  -10.415  -32.183  79.106 0.0000000000
54915  -9.807  -32.869  79.332 0.0000000000
55883  -9.357  -32.617  80.167 0.0000000000
52899  -11.653  -35.093  79.706 0.0000000000
52893  -12.410  -35.723  80.190 0.0000000000
50700  -13.301  -37.074  80.109 0.0000000000
49461  -13.301  -37.872  80.208 0.0000000000
79708  -54.543  -9.364  61.223 0.0000000000
80673  -55.550  -8.910  61.563 0.0000000000
72439  -46.856  -16.809  70.111 0.0000000000
72546  -47.358  -16.252  59.677 0.0000000000
73555  -47.339  -15.305  59.565 0.0000000000
139582  -47.915  -14.657  59.521 0.0000000000
144634  -48.387  -13.356  59.367 0.0000000000
132320  -49.429  -12.988  59.446 0.0000000000
77656  -51.041  -11.615  59.661 0.0000000000
76617  -51.234  -12.612  59.855 0.0000000000
77657  -51.882  -11.150  60.066 0.0000000000
57818  -17.340  -31.035  89.835 0.0000000000
57827  -17.247  -30.819  88.902 0.0000000000
56764  -19.750  -32.163  92.428 0.0000000000
55819  -19.477  -32.774  90.581 0.0000000000
55820  -20.078  -33.250  90.118 0.0000000000
55823  -19.217  -32.668  89.497 0.0000000000
56774  -18.450  -31.920  88.820 0.0000000000
56785  -18.207  -31.867  87.649 0.0000000000
55829  -17.668  -31.794  86.818 0.0000000000
54865  -17.951  -33.176  85.797 0.0000000000
53854  -18.187  -34.518  85.544 0.0000000000
53846  -18.983  -34.212  85.864 0.0000000000
52861  -17.650  -35.393  85.668 0.0000000000
133176  -17.803  -37.203  86.321 0.0000000000
133012  -17.643  -37.760  86.294 0.0000000000
60191  -26.004  -29.005  83.699 0.0000000000
60190  -25.234  -28.673  84.326 0.0000000000
155032  -25.076  -28.670  83.615 0.0000000000
129884  -23.699  -28.441  86.241 0.0000000000
56853  -22.436  -30.921  80.918 0.0000000000
57915  -22.303  -30.318  81.524 0.0000000000
59029  -22.252  -29.481  82.802 0.0000000000
57886  -21.799  -29.795  83.387 0.0000000000
133932  -22.260  -29.203  83.547 0.0000000000
60177  -22.659  -28.700  84.642 0.0000000000
60155  -23.022  -28.452  86.774 0.0000000000
60140  -23.117  -28.412  87.599 0.0000000000
58991  -21.602  -29.441  86.258 0.0000000000
136134  -21.297  -29.711  89.380 0.0000000000
136921  -21.207  -30.439  89.177 0.0000000000
56787  -22.681  -32.744  88.175 0.0000000000
56776  -22.611  -33.024  88.849 0.0000000000
53839  -23.042  -34.079  88.164 0.0000000000
52874  -23.336  -34.899  83.848 0.0000000000
52873  -22.828  -35.478  84.173 0.0000000000
52869  -22.714  -35.483  85.054 0.0000000000
51801  -21.634  -36.470  83.388 0.0000000000
145955  -21.762  -36.394  84.103 0.0000000000
52864  -21.792  -35.713  85.893 0.0000000000
52855  -21.542  -35.383  86.372 0.0000000000
51777  -21.063  -36.119  85.855 0.0000000000
51776  -20.329  -36.540  85.792 0.0000000000
129522  -19.552  -37.556  85.391 0.0000000000
49413  -19.055  -37.979  84.301 0.0000000000
49404  -18.990  -38.018  85.129 0.0000000000
50653  -18.773  -37.773  85.687 0.0000000000
67329  -8.560  -21.596  82.992 0.0000000000
67342  -11.729  -21.205  82.503 0.0000000000
138112  -10.860  -21.553  82.705 0.0000000000
67350  -11.077  -21.869  82.016 0.0000000000
65480  -11.534  -23.019  80.259 0.0000000000
66417  -10.856  -22.452  81.328 0.0000000000
66416  -9.919  -22.391  81.880 0.0000000000
66415  -8.955  -22.641  81.687 0.0000000000
66422  -8.687  -23.028  81.042 0.0000000000
65487  -8.597  -23.822  79.986 0.0000000000
64464  -8.306  -24.253  79.350 0.0000000000
64487  -8.030  -24.637  78.681 0.0000000000
63410  -9.751  -25.228  78.317 0.0000000000
63409  -8.628  -25.364  78.145 0.0000000000
63424  -8.102  -25.578  77.540 0.0000000000
63440  -8.190  -26.004  76.938 0.0000000000
62235  -8.397  -26.422  76.284 0.0000000000
62254  -7.790  -27.125  74.774 0.0000000000
135634  -15.973  -26.219  78.950 0.0000000000
135540  -15.626  -26.510  78.251 0.0000000000
63431  -15.166  -26.196  77.805 0.0000000000
60232  -15.419  -28.587  76.349 0.0000000000
132928  -15.165  -27.089  77.016 0.0000000000
62232  -14.690  -26.478  77.184 0.0000000000
62241  -14.067  -26.510  76.600 0.0000000000
62240  -13.320  -26.365  76.450 0.0000000000
56927  -14.211  -31.783  73.142 0.0000000000
58010  -14.414  -30.462  73.434 0.0000000000
134349  -14.551  -29.824  73.888 0.0000000000
58026  -13.762  -30.692  72.344 0.0000000000
59123  -14.135  -29.767  73.176 0.0000000000
60255  -14.036  -28.377  74.330 0.0000000000
62249  -12.835  -26.718  75.743 0.0000000000
61253  -11.869  -26.944  75.240 0.0000000000
61252  -10.794  -27.040  75.119 0.0000000000
61289  -11.038  -27.757  73.861 0.0000000000
61271  -10.374  -27.478  74.421 0.0000000000
61270  -9.136  -27.701  74.304 0.0000000000
61269  -8.073  -27.622  74.382 0.0000000000
60262  -7.838  -28.215  73.283 0.0000000000
60261  -7.394  -28.089  72.804 0.0000000000
60286  -7.414  -28.370  71.252 0.0000000000
137052  -8.086  -29.270  71.128 0.0000000000
59150  -7.674  -28.943  70.803 0.0000000000
63269  -10.886  -25.772  89.241 0.0000000000
58944  -14.306  -29.990  93.319 0.0000000000
58947  -13.898  -29.761  92.724 0.0000000000
58943  -13.414  -29.554  93.571 0.0000000000
58946  -13.209  -29.434  92.485 0.0000000000
58942  -12.488  -29.196  93.310 0.0000000000
60085  -11.856  -28.716  93.725 0.0000000000
60084  -11.051  -28.262  93.357 0.0000000000
58964  -10.552  -29.319  88.746 0.0000000000
137137  -11.401  -28.793  89.730 0.0000000000
60100  -10.723  -28.315  91.263 0.0000000000
60083  -10.380  -27.688  92.898 0.0000000000
141829  -9.754  -27.065  92.368 0.0000000000
147597  -9.922  -26.313  92.574 0.0000000000
62133  -9.613  -26.449  91.780 0.0000000000
61177  -9.067  -27.182  90.565 0.0000000000
62139  -9.336  -26.636  90.706 0.0000000000
63257  -9.938  -26.117  90.030 0.0000000000
61193  -10.302  -27.244  87.151 0.0000000000
60151  -8.915  -28.138  86.613 0.0000000000
131294  -9.614  -28.309  86.009 0.0000000000
59000  -10.055  -29.250  85.159 0.0000000000
131944  -9.583  -29.877  84.749 0.0000000000
57897  -8.955  -31.346  83.194 0.0000000000
57845  -7.813  -30.856  85.987 0.0000000000
57859  -7.899  -30.642  85.290 0.0000000000
55851  -8.166  -33.242  84.297 0.0000000000
56802  -8.024  -32.197  84.400 0.0000000000
57871  -8.185  -30.770  84.677 0.0000000000
57882  -8.517  -31.200  83.998 0.0000000000
56821  -8.448  -31.847  83.274 0.0000000000
56829  -8.641  -31.965  82.463 0.0000000000
56836  -8.577  -32.392  82.060 0.0000000000
54889  -8.776  -33.442  81.742 0.0000000000
53870  -9.786  -34.342  81.789 0.0000000000
52876  -10.116  -35.642  83.041 0.0000000000
52877  -10.934  -35.788  82.571 0.0000000000
52884  -11.587  -35.549  81.787 0.0000000000
51820  -12.396  -36.414  81.616 0.0000000000
50691  -12.859  -37.384  81.176 0.0000000000
49460  -12.685  -38.390  80.846 0.0000000000
144104  -9.397  -38.367  90.289 0.0000000000
49351  -9.141  -38.281  89.682 0.0000000000
45224  -8.474  -42.184  89.437 0.0000000000
46187  -8.462  -41.378  89.863 0.0000000000
130993  -8.783  -39.775  89.664 0.0000000000
49363  -9.190  -38.122  89.231 0.0000000000
141075  -8.922  -38.625  88.437 0.0000000000
49378  -8.825  -38.046  87.729 0.0000000000
48234  -8.929  -38.532  87.025 0.0000000000
138945  -8.934  -38.948  86.175 0.0000000000
48265  -9.325  -38.868  84.685 0.0000000000
46256  -8.330  -41.680  84.039 0.0000000000
47242  -9.133  -40.404  83.708 0.0000000000
48276  -9.496  -39.300  83.920 0.0000000000
48277  -9.683  -39.444  83.398 0.0000000000
48291  -9.885  -39.576  82.864 0.0000000000
49446  -10.397  -39.171  82.498 0.0000000000
47279  -9.576  -40.693  81.617 0.0000000000
48303  -10.692  -39.509  81.703 0.0000000000
48313  -11.208  -39.753  80.905 0.0000000000
48314  -12.300  -39.221  80.471 0.0000000000
48325  -12.782  -39.321  79.726 0.0000000000
47305  -12.812  -39.797  78.988 0.0000000000
46340  -12.521  -41.022  77.884 0.0000000000
44388  -11.427  -43.590  76.143 0.0000000000
46270  -8.650  -41.315  83.431 0.0000000000
46329  -10.823  -41.222  79.341 0.0000000000
46394  -12.287  -41.235  73.615 0.0000000000
47278  -9.146  -41.121  81.756 0.0000000000
47320  -12.460  -40.596  78.484 0.0000000000
47385  -11.912  -40.426  73.607 0.0000000000
48302  -10.062  -39.928  82.031 0.0000000000
48384  -13.369  -39.525  75.333 0.0000000000
49448  -12.091  -38.143  81.737 0.0000000000
49471  -13.119  -38.647  80.006 0.0000000000
49498  -13.673  -38.654  77.686 0.0000000000
50611  -9.243  -37.616  89.797 0.0000000000
50612  -9.631  -37.694  90.438 0.0000000000
50646  -20.195  -37.109  85.516 0.0000000000
50658  -8.838  -36.412  85.001 0.0000000000
50660  -20.140  -37.401  85.118 0.0000000000
50666  -9.068  -36.505  84.550 0.0000000000
50770  -8.666  -37.476  74.063 0.0000000000
51744  -9.243  -36.962  89.330 0.0000000000
51745  -9.349  -36.600  89.465 0.0000000000
51754  -9.114  -36.774  88.699 0.0000000000
51772  -16.665  -36.510  86.642 0.0000000000
51782  -8.566  -36.093  85.897 0.0000000000
51784  -19.125  -35.908  85.850 0.0000000000
51792  -8.741  -36.124  85.156 0.0000000000
51794  -22.202  -36.004  84.531 0.0000000000
51839  -12.978  -36.339  79.741 0.0000000000
51889  -9.517  -36.620  74.922 0.0000000000
51890  -9.878  -36.619  75.305 0.0000000000
52829  -9.989  -36.434  90.174 0.0000000000
52830  -10.721  -36.405  90.288 0.0000000000
52848  -8.589  -35.396  86.724 0.0000000000
52851  -15.607  -35.590  86.647 0.0000000000
52856  -22.358  -35.093  86.541 0.0000000000
52860  -16.874  -35.102  85.671 0.0000000000
52862  -18.478  -35.356  85.686 0.0000000000
52870  -23.292  -34.948  84.755 0.0000000000
52878  -22.860  -35.375  83.286 0.0000000000
52883  -10.509  -35.079  82.304 0.0000000000
52909  -10.950  -34.575  78.281 0.0000000000
52956  -9.332  -36.492  74.505 0.0000000000
52970  -9.932  -35.673  73.692 0.0000000000
53830  -22.604  -34.012  88.667 0.0000000000
53832  -8.865  -34.697  87.780 0.0000000000
53841  -8.496  -34.817  86.075 0.0000000000
53851  -23.353  -34.259  86.929 0.0000000000
53852  -8.464  -34.798  85.375 0.0000000000
53856  -8.466  -34.691  84.725 0.0000000000
53862  -8.458  -33.851  83.471 0.0000000000
53863  -8.557  -33.842  83.094 0.0000000000
53869  -8.976  -34.027  82.130 0.0000000000
53872  -36.614  -34.138  81.130 0.0000000000
53888  -9.465  -33.444  80.544 0.0000000000
53932  -10.455  -35.031  75.828 0.0000000000
54841  -22.410  -33.542  89.218 0.0000000000
54843  -10.258  -34.112  88.389 0.0000000000
54859  -23.230  -33.852  88.015 0.0000000000
54884  -8.465  -33.154  82.424 0.0000000000
54885  -23.363  -33.498  82.071 0.0000000000
54888  -8.574  -33.070  81.777 0.0000000000
54895  -8.956  -33.097  81.047 0.0000000000
54896  -23.322  -33.582  80.332 0.0000000000
54903  -10.084  -33.384  79.100 0.0000000000
54934  -10.913  -33.882  76.460 0.0000000000
54944  -12.243  -33.354  75.441 0.0000000000
54967  -13.435  -33.105  73.132 0.0000000000
54976  -13.267  -33.109  72.365 0.0000000000
55008  -12.390  -33.225  71.082 0.0000000000
55817  -20.571  -32.832  91.076 0.0000000000
55832  -23.312  -33.538  87.585 0.0000000000
55841  -23.423  -33.443  86.727 0.0000000000
55858  -8.201  -32.838  83.693 0.0000000000
55860  -23.256  -32.915  83.635 0.0000000000
55866  -8.425  -32.806  82.442 0.0000000000
55872  -8.567  -32.702  81.825 0.0000000000
55940  -14.109  -32.143  74.385 0.0000000000
55975  -12.751  -32.465  71.231 0.0000000000
56812  -8.221  -31.629  84.057 0.0000000000
56814  -21.799  -30.785  84.194 0.0000000000
56817  -35.304  -31.746  84.763 0.0000000000
56832  -22.275  -31.244  82.760 0.0000000000
56837  -8.892  -31.915  81.870 0.0000000000
56840  -11.563  -31.352  80.920 0.0000000000
56860  -9.390  -32.208  80.305 0.0000000000
56862  -11.081  -31.733  79.591 0.0000000000
56874  -11.354  -31.942  78.887 0.0000000000
56914  -14.495  -31.378  74.652 0.0000000000
56965  -11.479  -31.957  70.252 0.0000000000
56966  -12.214  -32.062  70.695 0.0000000000
57797  -14.928  -30.187  93.646 0.0000000000
57870  -8.008  -31.297  84.658 0.0000000000
57899  -11.181  -31.056  82.219 0.0000000000
57900  -13.300  -30.334  82.154 0.0000000000
57937  -14.501  -30.492  79.619 0.0000000000
57947  -15.452  -29.780  78.208 0.0000000000
57972  -15.101  -30.385  76.161 0.0000000000
58072  -10.302  -31.354  69.705 0.0000000000
58930  -15.473  -29.694  94.435 0.0000000000
58936  -12.656  -29.125  94.036 0.0000000000
58979  -21.558  -29.296  87.743 0.0000000000
58998  -8.022  -29.427  85.993 0.0000000000
59064  -15.030  -29.866  80.060 0.0000000000
59076  -24.175  -29.276  78.770 0.0000000000
59133  -13.638  -29.925  72.544 0.0000000000
59141  -11.364  -29.674  71.663 0.0000000000
60075  -11.282  -28.144  93.935 0.0000000000
60138  -21.846  -28.975  86.934 0.0000000000
60187  -22.791  -28.735  83.846 0.0000000000
60203  -14.821  -28.830  81.995 0.0000000000
60218  -15.904  -27.850  78.507 0.0000000000
60242  -14.715  -28.562  75.059 0.0000000000
60267  -14.131  -29.095  73.681 0.0000000000
60271  -7.776  -28.467  72.523 0.0000000000
60272  -9.126  -28.691  72.728 0.0000000000
61145  -12.416  -28.173  94.142 0.0000000000
61147  -14.419  -28.510  94.032 0.0000000000
61154  -10.265  -27.173  93.254 0.0000000000
61155  -10.686  -27.627  93.619 0.0000000000
61231  -16.168  -26.911  79.565 0.0000000000
61237  -15.741  -27.253  78.049 0.0000000000
61251  -9.758  -27.167  75.025 0.0000000000
61273  -12.726  -27.662  74.281 0.0000000000
61274  -13.464  -27.692  74.659 0.0000000000
61286  -7.388  -27.773  73.369 0.0000000000
61287  -7.693  -27.821  73.797 0.0000000000
61290  -11.949  -27.686  74.008 0.0000000000
62118  -11.025  -26.955  93.900 0.0000000000
62125  -10.183  -26.608  93.157 0.0000000000
62146  -8.903  -26.983  90.019 0.0000000000
62233  -15.376  -26.804  77.593 0.0000000000
62238  -11.454  -26.149  76.582 0.0000000000
62250  -13.812  -26.824  76.001 0.0000000000
62255  -42.618  -26.655  74.021 0.0000000000
63425  -9.656  -25.705  77.644 0.0000000000
65477  -8.401  -23.341  80.488 0.0000000000
65500  -7.436  -23.655  78.758 0.0000000000
65533  -6.837  -23.212  75.286 0.0000000000
66402  -15.411  -22.575  84.141 0.0000000000
66424  -10.826  -22.818  80.779 0.0000000000
66426  -14.638  -22.308  80.778 0.0000000000
67322  -15.063  -21.007  83.714 0.0000000000
67331  -10.240  -21.302  83.706 0.0000000000
67340  -9.052  -22.004  82.801 0.0000000000
67349  -8.313  -21.785  81.736 0.0000000000
67354  -15.088  -21.692  82.038 0.0000000000
68420  -44.714  -20.701  72.093 0.0000000000
68474  -49.482  -20.280  65.508 0.0000000000
68545  -46.759  -19.995  60.670 0.0000000000
69504  -51.870  -19.385  66.362 0.0000000000
69525  -44.337  -18.974  64.323 0.0000000000
70520  -50.398  -19.704  64.003 0.0000000000
77651  -52.539  -11.611  60.430 0.0000000000
80692  -51.285  -8.037  58.891 0.0000000000
81616  -54.641  -7.170  59.870 0.0000000000
82493  -57.695  -6.059  61.065 0.0000000000
82499  -57.507  -5.793  59.950 0.0000000000
82508  -56.979  -5.829  59.110 0.0000000000
82523  -51.517  -6.590  56.720 0.0000000000
82533  -52.107  -6.385  55.509 0.0000000000
83422  -57.519  -5.227  58.690 0.0000000000
83446  -54.868  -5.669  56.260 0.0000000000
83448  -56.814  -5.081  56.950 0.0000000000
83460  -54.447  -5.512  54.478 0.0000000000
84385  -57.576  -4.704  58.741 0.0000000000
85411  -57.266  -4.079  55.483 0.0000000000
87287  -57.557  -1.269  53.358 0.0000000000
88171  -53.403  -0.420  48.493 0.0000000000
128880  -12.026  -40.416  79.245 0.0000000000
129012  -9.356  -39.624  84.156 0.0000000000
129147  -22.231  -29.809  82.116 0.0000000000
129651  -14.441  -31.206  73.698 0.0000000000
130231  -9.352  -27.211  87.749 0.0000000000
130313  -21.629  -29.660  84.797 0.0000000000
130336  -13.551  -39.599  76.009 0.0000000000
130995  -9.053  -40.353  85.125 0.0000000000
131600  -8.982  -39.002  89.709 0.0000000000
132398  -8.695  -26.762  75.746 0.0000000000
133028  -23.329  -34.430  86.177 0.0000000000
133351  -8.278  -33.761  85.088 0.0000000000
133352  -10.645  -34.744  76.806 0.0000000000
134003  -12.958  -37.139  77.038 0.0000000000
134103  -7.948  -22.284  80.450 0.0000000000
135257  -12.967  -40.588  77.793 0.0000000000
135351  -8.644  -35.919  87.123 0.0000000000
135697  -16.799  -32.292  85.814 0.0000000000
135709  -9.092  -38.801  89.131 0.0000000000
137857  -8.799  -32.923  81.187 0.0000000000
139395  -50.404  -19.603  66.679 0.0000000000
139853  -37.350  -33.545  82.723 0.0000000000
140997  -9.161  -39.116  90.209 0.0000000000
141387  -14.962  -30.590  77.040 0.0000000000
142784  -9.424  -33.053  80.035 0.0000000000
143269  -7.942  -23.837  79.656 0.0000000000
143617  -8.886  -36.895  88.139 0.0000000000
145181  -20.336  -37.367  84.487 0.0000000000
145195  -9.285  -37.315  84.415 0.0000000000
146204  -15.789  -24.138  80.330 0.0000000000
146268  -14.399  -24.430  78.720 0.0000000000
146527  -22.608  -33.520  88.950 0.0000000000
146637  -15.122  -27.038  83.032 0.0000000000
149019  -15.185  -28.792  75.651 0.0000000000
149032  -41.500  -19.099  66.173 0.0000000000
149288  -23.159  -32.679  85.174 0.0000000000
150019  -9.085  -34.928  83.367 0.0000000000
150133  -13.865  -27.844  84.065 0.0000000000
150159  -21.884  -29.968  82.745 0.0000000000
150224  -8.858  -37.970  86.292 0.0000000000
150231  -12.376  -23.904  79.058 0.0000000000
151074  -9.064  -34.344  87.942 0.0000000000
151589  -9.200  -35.931  88.839 0.0000000000
151683  -12.098  -28.438  73.140 0.0000000000
151756  -47.064  -17.536  68.000 0.0000000000
152330  -8.764  -32.557  81.399 0.0000000000
152494  -9.308  -35.350  70.901 0.0000000000
152496  -8.520  -30.676  84.474 0.0000000000
152912  -8.822  -26.275  76.787 0.0000000000
153624  -15.767  -27.887  77.860 0.0000000000
154099  -46.607  -19.536  65.222 0.0000000000
155151  -11.503  -37.989  82.335 0.0000000000
155153  -16.684  -38.167  86.506 0.0000000000
