#!ascii label  , from subject sub-v2s10x29002_ses-1 vox2ras=TkReg
918
16876  -37.636  -63.390  19.437 0.5000000000
17851  -36.823  -63.100  18.945 0.8000000119
18805  -36.104  -61.925  19.391 0.8000000119
17839  -36.493  -62.657  19.006 0.8000000119
18813  -37.339  -62.474  19.106 0.8000000119
15977  -36.656  -63.724  19.870 0.5000000000
16890  -37.183  -63.202  19.149 0.5000000000
17852  -37.548  -62.928  19.045 0.6000000238
19746  -36.136  -60.259  19.890 0.6999999881
133584  -36.512  -61.057  19.643 0.6999999881
142504  -38.605  -61.664  19.254 0.8000000119
18808  -39.094  -62.330  19.233 0.6999999881
15968  -38.242  -63.750  20.700 0.6000000238
149823  -38.283  -63.418  19.594 0.5000000000
16877  -38.882  -63.283  19.544 0.6000000238
20632  -34.877  -59.617  20.638 0.6999999881
17840  -38.798  -62.919  19.244 0.6000000238
17842  -40.578  -62.788  19.536 0.6000000238
20633  -35.715  -59.451  20.060 0.6999999881
19742  -34.700  -60.741  20.607 0.6999999881
149075  -37.165  -60.978  19.453 0.6999999881
18809  -39.906  -62.199  19.282 0.6000000238
18814  -41.672  -61.918  19.487 0.6000000238
19749  -38.537  -60.648  19.373 0.8000000119
137315  -39.364  -61.330  19.278 0.8000000119
135140  -40.126  -61.434  19.294 0.6999999881
16859  -39.745  -63.407  20.772 0.4000000060
16867  -39.658  -63.553  19.987 0.6000000238
21449  -34.493  -58.613  20.702 0.6999999881
16880  -41.992  -62.712  19.749 0.6000000238
21450  -35.252  -58.623  20.163 0.6999999881
20635  -36.478  -59.456  19.699 0.6999999881
19747  -36.861  -60.256  19.609 0.6999999881
20637  -38.073  -59.635  19.477 0.6999999881
18811  -40.847  -61.046  19.376 0.6999999881
20641  -41.916  -58.847  19.508 0.5000000000
132188  -38.458  -58.920  19.534 0.6000000238
20638  -38.913  -59.685  19.456 0.6000000238
20639  -39.806  -59.667  19.434 0.6000000238
20640  -40.688  -59.134  19.499 0.6000000238
21456  -39.912  -58.884  19.549 0.6000000238
21458  -41.065  -58.293  19.644 0.5000000000
17813  -40.466  -62.581  21.181 0.4000000060
16861  -41.276  -63.119  20.339 0.5000000000
22188  -34.023  -57.791  20.592 0.6999999881
17831  -42.049  -63.001  20.115 0.6000000238
18802  -43.183  -62.161  20.146 0.6000000238
21454  -36.826  -58.170  19.500 0.6999999881
17845  -42.662  -61.625  19.605 0.6000000238
132989  -37.592  -58.744  19.521 0.6999999881
19756  -42.854  -60.738  19.539 0.5000000000
20642  -42.764  -59.730  19.506 0.6000000238
136693  -38.771  -58.316  19.629 0.6999999881
132187  -39.242  -58.940  19.549 0.6000000238
21459  -42.883  -58.130  19.536 0.5000000000
137783  -43.126  -58.861  19.540 0.5000000000
22198  -40.440  -57.771  19.880 0.5000000000
22178  -31.536  -57.116  21.716 0.6000000238
22926  -32.360  -56.411  19.893 0.6000000238
18783  -40.434  -61.639  21.407 0.5000000000
18784  -41.453  -61.409  21.219 0.5000000000
22927  -33.214  -56.591  19.833 0.6999999881
22180  -33.314  -57.731  21.078 0.6999999881
18793  -42.107  -62.049  20.767 0.5000000000
18794  -43.012  -61.739  20.565 0.5000000000
19738  -42.853  -60.810  20.978 0.4000000060
22189  -34.724  -57.812  20.066 0.6999999881
19739  -43.621  -60.981  20.473 0.5000000000
21452  -35.443  -57.813  19.700 0.6999999881
22195  -36.880  -57.368  19.537 0.6999999881
19740  -44.114  -60.286  20.368 0.5000000000
21455  -37.553  -57.949  19.557 0.6999999881
142065  -38.984  -57.731  19.827 0.6000000238
19758  -44.376  -59.602  19.824 0.5000000000
148019  -39.670  -57.632  19.948 0.6000000238
141877  -44.486  -57.959  19.694 0.5000000000
137111  -39.330  -57.138  20.114 0.5000000000
147573  -40.166  -57.078  20.110 0.5000000000
22199  -41.468  -57.520  19.770 0.5000000000
22201  -43.763  -57.342  19.344 0.5000000000
22200  -42.517  -57.387  19.571 0.5000000000
22944  -44.410  -56.421  18.877 0.3000000119
21439  -41.750  -58.680  21.560 0.3000000119
22913  -30.233  -56.462  21.126 0.6000000238
22925  -31.498  -56.303  20.068 0.6000000238
19734  -41.813  -60.491  21.329 0.4000000060
134008  -42.566  -59.937  21.274 0.4000000060
125052  -34.054  -55.962  19.346 0.6000000238
20630  -43.802  -59.439  20.813 0.5000000000
149805  -35.081  -56.682  19.480 0.6999999881
22193  -35.539  -57.151  19.487 0.6999999881
20634  -44.525  -59.374  19.936 0.5000000000
22940  -37.683  -57.414  19.716 0.5000000000
21461  -44.574  -58.331  19.898 0.5000000000
22941  -38.397  -57.162  20.005 0.5000000000
22202  -44.624  -57.339  19.550 0.4000000060
22203  -44.557  -57.244  19.445 0.3000000119
133431  -44.892  -55.869  18.725 0.4000000060
127819  -42.475  -56.123  19.403 0.5000000000
23770  -43.346  -55.777  18.777 0.4000000060
22924  -30.655  -56.188  20.291 0.6000000238
22933  -31.110  -55.786  19.700 0.6000000238
22934  -31.923  -55.879  19.524 0.6000000238
22935  -32.791  -55.964  19.413 0.6000000238
23753  -34.413  -55.548  19.788 0.6000000238
21447  -43.447  -58.587  21.094 0.3000000119
21448  -44.194  -58.731  20.538 0.4000000060
23766  -34.982  -56.129  19.496 0.6000000238
22181  -43.684  -57.391  20.897 0.3000000119
23767  -35.904  -56.187  19.772 0.6000000238
22928  -37.421  -56.774  19.912 0.6999999881
23743  -44.268  -55.857  20.289 0.3000000119
22182  -44.404  -57.890  20.321 0.3000000119
23755  -36.769  -56.215  20.086 0.6000000238
24648  -44.309  -55.181  19.996 0.3000000119
22190  -44.667  -57.232  19.734 0.3000000119
23756  -37.650  -55.980  20.410 0.5000000000
22929  -38.226  -56.458  20.300 0.5000000000
22930  -39.022  -56.473  20.339 0.5000000000
24676  -44.737  -54.941  18.547 0.3000000119
23772  -45.058  -55.785  18.850 0.3000000119
22931  -39.884  -56.460  20.317 0.5000000000
23759  -40.424  -55.791  20.325 0.5000000000
24680  -44.417  -54.540  18.121 0.3000000119
23758  -39.676  -55.733  20.465 0.5000000000
24675  -42.860  -55.007  18.558 0.4000000060
23773  -43.699  -55.094  18.247 0.3000000119
23751  -30.283  -55.705  19.914 0.5000000000
23764  -31.566  -55.326  19.444 0.6000000238
124881  -32.089  -54.866  19.455 0.5000000000
23754  -35.431  -55.673  20.061 0.6000000238
131045  -35.038  -55.119  20.720 0.5000000000
26618  -43.253  -53.065  19.680 0.3000000119
129097  -36.318  -55.691  20.351 0.6000000238
26626  -43.101  -52.396  19.256 0.3000000119
25645  -44.557  -54.369  18.972 0.3000000119
133336  -37.068  -55.616  20.540 0.6000000238
23757  -38.664  -55.596  20.563 0.5000000000
24672  -40.326  -54.152  19.980 0.5000000000
24674  -41.971  -54.730  19.117 0.4000000060
25652  -41.664  -53.984  18.755 0.4000000060
24670  -31.176  -54.645  19.481 0.5000000000
24656  -32.427  -54.332  20.279 0.5000000000
142829  -33.061  -54.298  21.080 0.5000000000
150578  -33.230  -55.199  19.599 0.5000000000
25638  -33.770  -54.416  21.216 0.5000000000
27610  -41.482  -51.541  20.532 0.3000000119
27611  -42.213  -51.945  19.897 0.3000000119
24659  -35.936  -55.139  20.849 0.6000000238
24660  -36.797  -55.072  20.906 0.6000000238
24661  -37.758  -55.001  20.799 0.5000000000
25642  -39.558  -53.842  20.264 0.5000000000
25656  -43.294  -53.881  17.510 0.4000000060
25654  -41.760  -52.976  17.644 0.4000000060
25625  -31.873  -53.583  20.978 0.5000000000
24644  -32.595  -53.795  21.417 0.5000000000
25626  -33.338  -53.805  21.747 0.5000000000
27609  -40.982  -51.214  21.046 0.4000000060
28571  -41.024  -50.859  20.383 0.4000000060
24645  -34.651  -54.464  21.313 0.5000000000
145641  -35.545  -54.469  21.309 0.5000000000
27618  -41.837  -51.142  19.476 0.4000000060
27619  -42.873  -51.670  18.784 0.3000000119
25628  -35.214  -53.586  21.650 0.4000000060
27620  -43.824  -52.228  18.011 0.3000000119
24646  -36.384  -54.411  21.246 0.5000000000
25639  -37.203  -54.223  21.089 0.4000000060
25640  -38.059  -53.869  20.854 0.4000000060
131354  -41.254  -53.312  18.361 0.4000000060
26596  -31.573  -52.789  21.604 0.5000000000
26597  -32.190  -53.282  21.772 0.5000000000
25620  -33.713  -52.971  22.252 0.5000000000
29464  -40.328  -50.075  20.301 0.4000000060
25627  -34.228  -53.739  21.786 0.5000000000
132068  -34.699  -52.898  21.977 0.4000000060
29469  -40.631  -49.655  19.202 0.4000000060
29470  -41.532  -49.807  18.609 0.4000000060
147128  -35.311  -52.837  21.762 0.4000000060
25629  -36.677  -53.566  21.304 0.4000000060
28579  -42.675  -50.901  18.273 0.4000000060
25630  -37.443  -53.285  21.042 0.4000000060
26615  -38.186  -52.849  20.619 0.4000000060
26624  -38.889  -52.458  19.850 0.4000000060
25651  -40.063  -53.372  19.604 0.4000000060
25650  -39.663  -52.697  19.256 0.4000000060
27624  -40.339  -51.976  17.829 0.4000000060
27630  -41.811  -51.886  17.058 0.4000000060
26632  -41.263  -52.302  17.497 0.4000000060
26587  -31.733  -52.154  22.263 0.5000000000
134353  -32.378  -52.108  22.483 0.4000000060
31359  -38.603  -48.149  19.968 0.4000000060
30438  -39.215  -48.727  19.836 0.4000000060
26589  -32.948  -52.498  22.435 0.5000000000
26598  -34.333  -52.161  22.219 0.4000000060
26600  -36.040  -52.816  21.543 0.4000000060
128699  -41.106  -49.029  18.471 0.4000000060
26613  -36.771  -52.074  21.105 0.4000000060
26623  -38.023  -51.995  20.140 0.4000000060
26636  -42.725  -52.047  16.800 0.3000000119
26629  -39.964  -52.315  18.461 0.4000000060
129011  -32.047  -51.495  22.611 0.4000000060
27585  -32.985  -51.586  22.572 0.5000000000
27586  -33.922  -51.435  22.369 0.4000000060
31363  -39.121  -47.922  19.253 0.4000000060
148196  -34.884  -50.759  21.691 0.4000000060
26599  -35.228  -52.132  21.792 0.4000000060
27593  -35.372  -51.198  21.526 0.4000000060
27594  -36.021  -51.704  21.341 0.4000000060
27607  -36.554  -51.280  20.659 0.4000000060
27608  -37.258  -51.639  20.393 0.4000000060
27617  -38.404  -51.650  19.279 0.4000000060
26628  -39.171  -52.006  18.862 0.4000000060
27632  -41.479  -51.183  16.870 0.4000000060
27628  -39.903  -51.285  17.576 0.4000000060
28587  -40.518  -50.845  17.146 0.4000000060
28552  -32.512  -50.704  22.722 0.4000000060
29443  -34.004  -49.797  22.169 0.4000000060
132354  -34.730  -50.108  21.612 0.4000000060
29451  -35.198  -49.693  20.952 0.4000000060
28570  -36.338  -50.542  20.204 0.4000000060
27615  -36.936  -50.952  19.866 0.4000000060
28591  -42.259  -50.695  16.637 0.4000000060
28577  -37.300  -50.618  19.132 0.4000000060
27621  -37.949  -50.977  18.783 0.4000000060
28581  -37.564  -50.326  18.449 0.4000000060
27627  -38.999  -50.954  17.772 0.4000000060
28586  -39.557  -50.502  17.339 0.4000000060
136670  -33.466  -49.047  22.385 0.4000000060
29450  -34.617  -49.301  21.406 0.4000000060
29461  -35.031  -48.915  20.581 0.4000000060
29462  -35.589  -49.372  20.162 0.4000000060
28569  -35.733  -50.130  20.538 0.4000000060
133685  -35.954  -49.110  19.397 0.4000000060
28575  -36.138  -49.819  19.796 0.4000000060
29472  -36.838  -49.381  18.451 0.4000000060
29473  -37.296  -49.336  18.001 0.4000000060
29482  -41.096  -49.514  16.528 0.3000000119
28585  -38.557  -50.079  17.530 0.4000000060
28589  -40.278  -50.044  16.882 0.4000000060
30413  -33.842  -48.299  21.993 0.4000000060
29449  -34.109  -48.960  21.852 0.4000000060
31341  -34.130  -47.576  21.530 0.4000000060
30414  -34.527  -48.362  21.200 0.4000000060
30427  -34.974  -48.095  20.187 0.4000000060
30437  -36.325  -48.901  18.725 0.4000000060
30443  -36.775  -48.667  18.130 0.4000000060
29485  -42.398  -48.397  16.678 0.4000000060
29483  -41.933  -48.913  16.501 0.3000000119
29476  -37.879  -49.356  17.637 0.4000000060
29478  -39.366  -49.672  17.087 0.5000000000
29481  -40.120  -49.240  16.665 0.4000000060
29477  -38.584  -49.185  17.265 0.5000000000
138386  -33.806  -46.983  21.811 0.4000000060
32311  -34.235  -46.837  21.122 0.4000000060
31357  -34.574  -47.481  20.664 0.4000000060
32334  -34.765  -46.581  19.302 0.4000000060
31362  -34.881  -47.325  19.734 0.4000000060
30444  -37.378  -48.829  17.749 0.4000000060
29480  -39.326  -48.881  16.864 0.5000000000
33267  -33.752  -45.513  21.229 0.4000000060
32325  -34.170  -46.094  20.708 0.4000000060
143900  -34.372  -45.969  19.743 0.4000000060
31380  -38.030  -47.828  17.189 0.4000000060
31383  -38.812  -47.609  16.814 0.5000000000
131405  -33.593  -44.781  20.770 0.4000000060
34172  -33.706  -44.636  19.792 0.4000000060
33285  -34.086  -45.247  19.259 0.4000000060
32356  -38.680  -46.295  16.807 0.5000000000
36078  -32.394  -42.493  19.172 0.4000000060
34160  -33.185  -44.167  21.212 0.4000000060
35067  -32.862  -43.083  19.607 0.4000000060
143342  -33.412  -44.159  20.343 0.4000000060
35059  -33.345  -43.779  19.428 0.4000000060
35077  -33.511  -43.683  18.439 0.5000000000
36069  -32.431  -42.740  20.470 0.4000000060
24664  -40.446  -55.035  20.240 0.5000000000
131690  -40.832  -53.658  19.227 0.5000000000
24677  -42.572  -54.305  18.236 0.4000000060
15978  -37.351  -63.597  19.777 0.5000000000
17837  -34.769  -62.911  18.705 0.8000000119
134336  -35.192  -62.020  19.539 0.8000000119
18800  -34.499  -61.662  20.127 0.6999999881
129238  -36.839  -63.834  20.905 0.5000000000
19741  -34.258  -60.296  21.050 0.6999999881
15955  -36.520  -63.989  21.688 0.5000000000
20628  -34.098  -59.446  21.218 0.6999999881
16851  -39.674  -63.015  21.406 0.4000000060
15957  -38.186  -63.705  21.507 0.4000000060
21446  -33.776  -58.529  21.251 0.6999999881
22187  -32.816  -57.030  20.551 0.6999999881
134621  -38.909  -63.118  21.865 0.4000000060
18782  -39.446  -61.584  21.697 0.4000000060
22177  -30.698  -56.862  21.889 0.6000000238
138577  -41.061  -59.866  21.462 0.4000000060
22923  -29.815  -56.113  20.468 0.6000000238
23750  -29.470  -55.665  20.068 0.5000000000
24669  -30.408  -54.565  19.518 0.5000000000
143536  -31.469  -53.936  19.876 0.5000000000
26612  -31.198  -53.062  20.521 0.4000000060
27584  -31.281  -51.486  22.243 0.4000000060
127525  -31.154  -50.124  22.618 0.4000000060
28551  -31.599  -50.750  22.654 0.4000000060
29442  -31.967  -49.839  22.954 0.4000000060
139183  -32.656  -49.055  22.840 0.4000000060
31340  -33.531  -47.550  22.247 0.4000000060
32297  -33.312  -46.647  22.462 0.4000000060
33253  -33.393  -45.720  22.148 0.4000000060
34145  -32.959  -45.187  22.443 0.4000000060
17849  -35.120  -63.620  18.482 0.8000000119
18806  -36.931  -61.771  19.283 0.8000000119
16866  -38.716  -63.626  20.048 0.5000000000
18801  -35.775  -61.162  19.930 0.6999999881
20636  -37.252  -59.532  19.527 0.6999999881
17843  -42.109  -63.018  19.981 0.6000000238
19755  -41.849  -60.994  19.450 0.6999999881
19750  -39.997  -60.644  19.324 0.6999999881
18803  -43.602  -61.655  20.015 0.6000000238
148059  -41.995  -60.307  19.449 0.6000000238
19751  -40.641  -60.088  19.408 0.6000000238
22191  -34.063  -57.021  19.789 0.6999999881
19753  -44.122  -60.799  19.995 0.5000000000
132044  -40.790  -60.628  21.432 0.5000000000
18785  -42.296  -61.341  21.035 0.5000000000
20624  -43.099  -59.036  21.278 0.3000000119
131870  -41.643  -56.131  19.819 0.5000000000
141668  -33.726  -55.225  19.839 0.6000000238
24662  -38.760  -54.428  20.648 0.5000000000
23768  -41.253  -55.387  19.875 0.5000000000
26625  -40.411  -52.989  18.799 0.4000000060
145101  -39.455  -53.107  19.948 0.4000000060
25659  -42.932  -53.212  17.199 0.4000000060
27623  -39.482  -51.646  18.120 0.4000000060
27616  -37.643  -51.296  19.588 0.4000000060
133691  -33.024  -49.863  22.734 0.4000000060
28582  -38.216  -50.615  18.092 0.4000000060
34181  -33.761  -44.486  18.834 0.4000000060
9005  -23.451  -73.592  17.589 0.4000000060
9742  -23.889  -73.069  18.038 0.4000000060
9727  -23.790  -72.021  18.351 0.4000000060
10464  -24.176  -71.654  19.370 0.4000000060
10479  -23.840  -71.341  17.869 0.4000000060
10480  -24.147  -71.168  18.256 0.4000000060
11245  -24.409  -70.472  18.605 0.4000000060
12026  -25.117  -69.259  19.821 0.5000000000
11255  -24.225  -70.613  17.943 0.4000000060
144238  -24.733  -69.676  18.466 0.5000000000
12790  -25.784  -68.642  19.096 0.5000000000
13545  -26.901  -67.741  19.112 0.6000000238
12049  -22.985  -70.017  18.186 0.4000000060
12050  -24.077  -70.028  17.935 0.4000000060
12796  -25.028  -68.740  18.322 0.4000000060
12784  -26.308  -68.223  19.642 0.5000000000
15942  -38.191  -63.402  22.135 0.4000000060
134736  -38.861  -60.636  21.814 0.3000000119
146401  -26.738  -67.785  20.061 0.5000000000
143756  -33.437  -63.759  21.790 0.5000000000
15938  -35.221  -64.066  22.330 0.4000000060
13548  -23.638  -67.371  18.703 0.4000000060
12797  -25.492  -68.596  18.569 0.5000000000
148764  -25.960  -68.311  18.642 0.5000000000
146038  -23.117  -68.166  18.694 0.4000000060
12795  -24.192  -68.493  18.388 0.4000000060
13542  -27.390  -67.359  19.752 0.6000000238
14334  -27.876  -66.893  20.092 0.6000000238
15116  -29.062  -65.994  20.187 0.6999999881
15953  -34.759  -63.895  21.188 0.5000000000
15111  -30.101  -65.084  21.053 0.6999999881
15952  -33.738  -63.873  20.826 0.6999999881
127318  -29.635  -65.526  20.573 0.6999999881
15960  -31.284  -64.882  20.004 0.6999999881
12798  -26.085  -67.988  18.486 0.5000000000
13551  -26.843  -67.483  18.566 0.6000000238
13546  -27.482  -67.226  18.764 0.6000000238
14342  -29.250  -66.041  18.697 0.6000000238
149840  -24.431  -66.996  18.592 0.4000000060
13550  -25.435  -67.350  18.424 0.5000000000
136991  -27.661  -66.494  18.393 0.6000000238
14340  -28.042  -66.926  19.151 0.6000000238
15117  -29.720  -65.809  19.311 0.6000000238
19733  -39.856  -60.693  21.568 0.3000000119
14336  -29.058  -66.229  19.281 0.6000000238
15118  -30.480  -65.331  19.920 0.6999999881
15964  -34.440  -64.027  19.929 0.6000000238
15966  -36.127  -63.888  20.632 0.5000000000
15980  -26.102  -65.037  18.722 0.6000000238
15981  -27.178  -65.023  18.565 0.6999999881
15127  -29.025  -65.761  18.392 0.6000000238
15121  -29.809  -65.629  18.645 0.6000000238
14345  -24.701  -66.153  18.721 0.5000000000
14347  -26.862  -66.767  18.361 0.6000000238
131455  -30.481  -65.507  18.860 0.6000000238
15122  -31.208  -65.307  19.048 0.6999999881
15975  -34.269  -64.364  18.825 0.6999999881
15962  -32.816  -64.606  19.252 0.6999999881
15976  -35.771  -63.897  19.487 0.6000000238
15963  -33.608  -64.310  19.504 0.6999999881
15971  -27.631  -64.394  18.780 0.6000000238
16881  -28.602  -64.411  18.600 0.6999999881
141153  -29.414  -64.490  18.487 0.6999999881
15982  -28.266  -65.236  18.420 0.6999999881
15984  -30.138  -64.998  18.370 0.6000000238
16874  -36.015  -63.694  19.012 0.5000000000
15972  -31.661  -64.971  18.616 0.6999999881
15973  -32.521  -64.691  18.671 0.6999999881
127413  -35.053  -64.173  19.131 0.6000000238
17834  -31.442  -63.304  18.797 0.6999999881
17847  -33.343  -63.577  18.482 0.6999999881
16872  -29.881  -63.509  19.027 0.6999999881
17846  -32.368  -63.498  18.584 0.6000000238
16885  -32.819  -64.236  18.417 0.5000000000
16882  -30.029  -64.202  18.556 0.6999999881
16883  -30.917  -64.609  18.440 0.6000000238
15986  -32.246  -64.629  18.530 0.6999999881
16888  -35.428  -63.852  18.568 0.5000000000
15985  -30.987  -65.034  18.505 0.6000000238
15988  -34.044  -64.230  18.473 0.6999999881
15989  -34.817  -64.143  18.506 0.6000000238
17835  -32.895  -62.683  19.153 0.6999999881
17836  -33.888  -62.873  18.825 0.6999999881
18804  -33.742  -62.198  19.787 0.6999999881
16887  -34.619  -64.050  18.316 0.6000000238
17848  -34.281  -63.654  18.382 0.6999999881
15954  -35.675  -63.972  21.497 0.5000000000
16886  -33.775  -64.134  18.350 0.6000000238
12040  -24.705  -69.853  19.315 0.4000000060
132643  -23.653  -69.190  18.319 0.4000000060
128478  -24.937  -69.255  18.363 0.4000000060
134265  -25.465  -68.220  18.418 0.4000000060
13549  -24.773  -67.906  18.406 0.4000000060
15950  -31.576  -64.338  21.010 0.6999999881
125033  -33.041  -64.185  20.189 0.6999999881
14348  -28.075  -66.647  18.559 0.6000000238
14350  -29.327  -65.787  18.506 0.6000000238
129137  -26.220  -65.898  18.486 0.6999999881
15125  -26.971  -65.834  18.423 0.6000000238
15983  -29.226  -65.127  18.384 0.6000000238
16873  -30.761  -63.818  18.604 0.6999999881
140953  -31.569  -64.796  18.455 0.6000000238
128581  -29.069  -63.784  18.858 0.5000000000
15969  -25.105  -64.890  19.000 0.4000000060
15970  -26.571  -64.364  19.036 0.5000000000
147652  -29.214  -63.260  19.483 0.6000000238
15120  -24.395  -65.266  19.381 0.4000000060
15958  -25.073  -64.757  19.790 0.5000000000
133653  -25.700  -64.555  19.182 0.5000000000
16870  -27.258  -63.902  19.405 0.5000000000
16864  -28.494  -63.342  19.665 0.5000000000
17827  -29.700  -62.564  20.464 0.5000000000
16871  -28.108  -63.838  19.087 0.5000000000
17833  -30.564  -63.096  19.261 0.6000000238
17829  -31.285  -62.549  19.737 0.5000000000
17828  -30.368  -62.564  20.141 0.5000000000
145854  -32.380  -61.790  20.649 0.6999999881
18796  -30.890  -62.074  20.738 0.6000000238
18792  -32.929  -61.331  21.105 0.6000000238
15115  -24.253  -65.282  20.101 0.5000000000
16862  -26.325  -64.146  20.600 0.5000000000
16863  -27.093  -63.664  20.461 0.5000000000
17821  -29.387  -62.370  21.170 0.5000000000
137805  -27.757  -63.526  19.837 0.5000000000
18798  -32.988  -61.987  20.266 0.6000000238
17822  -30.111  -62.184  20.969 0.6000000238
18791  -32.156  -61.399  21.292 0.5000000000
19737  -33.487  -60.390  21.455 0.6000000238
133415  -25.620  -64.571  20.687 0.5000000000
145283  -27.326  -63.439  21.560 0.5000000000
17819  -27.926  -62.916  21.922 0.5000000000
17820  -28.622  -62.611  21.429 0.5000000000
18788  -29.828  -61.841  21.780 0.5000000000
18799  -33.837  -61.311  20.757 0.6000000238
18789  -30.575  -61.646  21.569 0.5000000000
19736  -32.631  -60.707  21.699 0.6000000238
15947  -25.498  -64.849  21.530 0.5000000000
16856  -26.663  -63.920  21.483 0.5000000000
16847  -26.917  -63.711  22.281 0.5000000000
17807  -27.867  -62.673  22.980 0.5000000000
17800  -28.292  -62.092  23.436 0.6000000238
17808  -28.466  -62.404  22.472 0.4000000060
19713  -28.837  -60.577  24.123 0.4000000060
18775  -28.893  -61.805  23.007 0.5000000000
18776  -29.566  -61.534  22.643 0.5000000000
17809  -29.141  -62.139  22.089 0.4000000060
144639  -28.796  -59.893  24.305 0.4000000060
19703  -29.400  -59.918  24.023 0.5000000000
19726  -29.946  -60.881  23.158 0.5000000000
21410  -29.247  -58.735  23.999 0.4000000060
19728  -31.494  -60.221  22.668 0.6000000238
19729  -32.341  -60.120  22.268 0.6000000238
20627  -33.402  -59.350  21.712 0.6000000238
21445  -33.061  -58.461  21.780 0.6000000238
19714  -29.533  -60.504  23.707 0.5000000000
21422  -30.334  -58.332  23.455 0.5000000000
146451  -31.039  -58.668  23.245 0.5000000000
19715  -30.179  -60.051  23.571 0.5000000000
21420  -29.019  -58.151  23.801 0.4000000060
22160  -30.298  -57.380  22.779 0.5000000000
21431  -31.639  -58.577  22.858 0.6000000238
20613  -31.340  -59.350  23.093 0.6000000238
21432  -32.342  -58.473  22.351 0.6000000238
128778  -31.104  -57.386  22.419 0.5000000000
22922  -28.979  -56.134  20.544 0.3000000119
22896  -28.900  -56.706  21.961 0.4000000060
22159  -29.290  -57.154  22.707 0.4000000060
22897  -29.796  -56.724  21.998 0.5000000000
22161  -31.744  -57.789  22.416 0.5000000000
22179  -32.447  -57.564  21.596 0.6000000238
26611  -30.878  -52.339  21.085 0.3000000119
139866  -30.566  -52.531  20.180 0.3000000119
25649  -30.705  -53.944  19.544 0.4000000060
24668  -29.741  -54.524  19.622 0.4000000060
28559  -30.291  -50.580  21.375 0.3000000119
143613  -31.894  -48.976  23.046 0.3000000119
29441  -31.081  -49.261  22.734 0.3000000119
31328  -31.960  -47.557  23.102 0.3000000119
31329  -32.858  -47.504  22.850 0.3000000119
32296  -32.453  -46.718  23.004 0.3000000119
33252  -32.809  -45.873  22.803 0.3000000119
126807  -32.299  -45.143  22.831 0.3000000119
35050  -32.606  -43.487  21.457 0.3000000119
27591  -30.663  -51.489  21.448 0.3000000119
138355  -32.000  -62.802  19.096 0.5000000000
147874  -26.600  -64.010  19.786 0.5000000000
18778  -31.056  -61.064  22.177 0.5000000000
20615  -32.744  -59.312  22.201 0.6000000238
15937  -34.251  -63.832  22.042 0.3000000119
15949  -30.751  -64.746  21.004 0.6000000238
125034  -32.242  -63.921  21.342 0.6000000238
15913  -36.379  -63.523  24.058 0.3000000119
15928  -36.449  -64.034  23.821 0.3000000119
125392  -36.392  -64.179  23.320 0.3000000119
16850  -37.436  -63.505  22.771 0.3000000119
15925  -34.298  -64.201  23.789 0.3000000119
15939  -36.122  -64.184  22.538 0.3000000119
15940  -36.856  -64.029  22.526 0.3000000119
15934  -30.965  -64.213  21.964 0.6000000238
15936  -32.781  -63.709  22.049 0.5000000000
16844  -36.885  -63.554  23.411 0.3000000119
16849  -36.942  -63.934  23.084 0.3000000119
149678  -37.884  -63.029  22.590 0.3000000119
125933  -34.734  -64.137  23.087 0.3000000119
125934  -33.661  -63.849  22.803 0.3000000119
15935  -31.869  -63.760  22.218 0.4000000060
14344  -23.664  -66.345  18.922 0.4000000060
17796  -35.840  -63.246  24.650 0.3000000119
17802  -36.759  -62.861  23.551 0.3000000119
18779  -37.158  -61.276  22.611 0.3000000119
18780  -37.760  -62.162  22.513 0.3000000119
9709  -25.272  -72.232  20.815 0.5000000000
10411  -25.772  -71.293  21.918 0.5000000000
9728  -24.282  -72.708  19.100 0.4000000060
9708  -24.700  -72.407  20.022 0.4000000060
9710  -26.154  -72.526  20.703 0.5000000000
12761  -26.154  -68.408  22.394 0.5000000000
11986  -25.313  -69.736  21.969 0.5000000000
11211  -24.670  -70.618  20.950 0.5000000000
11212  -25.204  -70.583  21.689 0.5000000000
10450  -24.586  -71.540  20.526 0.4000000060
14317  -28.144  -66.023  22.771 0.6000000238
14316  -27.736  -66.583  22.214 0.6000000238
13532  -26.633  -67.678  21.886 0.5000000000
12773  -25.608  -68.902  21.607 0.5000000000
11229  -24.460  -70.661  19.930 0.3000000119
12010  -24.687  -69.896  20.462 0.4000000060
145715  -24.845  -69.957  21.282 0.5000000000
14326  -28.373  -66.106  21.757 0.6000000238
14325  -27.976  -66.629  21.049 0.6000000238
12783  -25.641  -68.750  20.396 0.4000000060
12774  -26.225  -68.141  21.021 0.5000000000
15101  -29.423  -64.959  22.765 0.6000000238
15924  -33.387  -63.907  23.667 0.3000000119
126686  -31.120  -63.829  22.879 0.4000000060
15110  -29.518  -65.253  21.682 0.6000000238
13541  -26.929  -67.508  20.879 0.4000000060
15909  -32.880  -63.911  24.281 0.3000000119
149921  -34.740  -64.423  24.520 0.3000000119
125976  -32.747  -63.699  22.973 0.3000000119
147968  -28.578  -66.194  20.853 0.6000000238
15933  -30.167  -64.683  22.008 0.6000000238
15100  -28.838  -65.570  22.267 0.6000000238
15923  -32.037  -63.681  23.426 0.3000000119
14307  -27.525  -66.635  23.236 0.5000000000
14308  -27.943  -66.018  23.791 0.5000000000
15092  -28.652  -65.467  23.281 0.5000000000
15082  -28.523  -65.445  24.276 0.4000000060
15093  -29.147  -64.856  23.787 0.5000000000
14296  -27.472  -66.812  24.215 0.5000000000
13514  -26.977  -67.462  23.612 0.5000000000
14297  -27.996  -66.228  24.861 0.4000000060
15083  -29.094  -64.838  24.725 0.4000000060
127509  -29.846  -64.293  24.293 0.4000000060
128469  -30.035  -64.487  22.862 0.5000000000
13524  -26.682  -67.710  22.745 0.5000000000
15922  -30.428  -64.075  23.439 0.4000000060
9025  -30.731  -73.477  16.790 0.3000000119
9026  -31.443  -73.156  16.839 0.3000000119
9752  -31.299  -72.909  16.716 0.3000000119
10482  -31.354  -71.909  17.344 0.3000000119
9751  -30.641  -73.138  16.758 0.3000000119
9745  -29.804  -73.277  16.931 0.3000000119
10467  -31.235  -71.312  18.849 0.4000000060
136380  -30.541  -71.933  18.121 0.4000000060
10481  -30.563  -72.542  17.130 0.3000000119
11231  -31.471  -70.802  20.070 0.4000000060
10453  -30.816  -71.168  19.901 0.4000000060
10465  -29.971  -72.023  18.770 0.4000000060
9744  -29.839  -72.459  17.829 0.4000000060
9743  -28.986  -72.976  17.799 0.4000000060
9733  -29.344  -72.340  18.891 0.4000000060
11193  -31.449  -70.095  22.352 0.3000000119
142492  -31.648  -70.431  21.041 0.4000000060
11230  -30.782  -70.851  20.850 0.4000000060
10452  -30.193  -71.387  20.286 0.4000000060
10451  -29.430  -71.639  20.599 0.4000000060
9713  -28.982  -72.135  19.962 0.4000000060
9732  -28.539  -72.603  19.146 0.4000000060
11965  -30.522  -69.836  23.774 0.3000000119
11192  -30.655  -70.350  22.378 0.4000000060
11213  -29.580  -70.969  21.930 0.4000000060
10435  -29.118  -71.438  21.447 0.4000000060
10434  -28.284  -71.618  21.740 0.4000000060
9690  -28.612  -71.891  20.906 0.4000000060
9689  -27.659  -72.066  21.274 0.4000000060
9712  -28.126  -72.396  20.259 0.4000000060
9731  -27.662  -72.887  19.423 0.4000000060
11964  -29.658  -70.069  23.916 0.4000000060
11191  -29.305  -70.735  22.676 0.4000000060
10433  -27.572  -71.683  22.003 0.4000000060
141126  -27.066  -71.853  21.868 0.4000000060
9711  -27.148  -72.563  20.494 0.4000000060
8990  -27.429  -73.484  18.363 0.4000000060
11171  -28.121  -70.475  23.756 0.4000000060
10413  -27.888  -71.317  22.504 0.4000000060
10412  -26.981  -71.401  22.484 0.4000000060
10432  -26.447  -71.690  21.948 0.4000000060
9687  -25.870  -72.016  21.472 0.4000000060
11170  -27.291  -70.084  24.004 0.4000000060
11169  -26.534  -70.107  23.443 0.4000000060
11987  -25.891  -69.936  22.819 0.4000000060
13507  -27.267  -67.731  24.642 0.4000000060
147047  -26.699  -69.574  23.840 0.4000000060
12739  -26.672  -68.901  23.960 0.4000000060
14286  -27.946  -66.897  25.637 0.3000000119
15074  -29.174  -64.895  25.637 0.3000000119
11188  -25.745  -70.578  22.333 0.4000000060
13506  -26.825  -68.201  24.095 0.4000000060
147634  -29.673  -64.451  25.186 0.3000000119
11963  -26.213  -69.201  23.268 0.4000000060
10466  -30.406  -71.578  19.293 0.4000000060
131600  -29.723  -71.837  19.674 0.4000000060
11174  -31.001  -69.945  23.049 0.4000000060
144321  -31.109  -70.429  21.687 0.4000000060
11966  -31.501  -69.656  23.792 0.3000000119
10436  -29.920  -71.178  21.158 0.4000000060
145702  -30.114  -69.760  24.357 0.3000000119
11173  -30.037  -70.328  23.104 0.4000000060
139120  -29.984  -70.611  22.356 0.4000000060
10414  -28.783  -71.191  22.230 0.4000000060
11154  -28.789  -70.145  24.172 0.4000000060
138746  -27.324  -70.787  23.235 0.4000000060
9688  -26.712  -72.181  21.367 0.4000000060
11189  -26.411  -70.695  22.836 0.4000000060
12740  -27.239  -68.772  24.605 0.4000000060
11216  -33.160  -70.149  20.670 0.3000000119
11247  -33.422  -70.542  18.964 0.3000000119
144635  -32.805  -70.833  18.451 0.3000000119
134628  -32.903  -70.480  19.644 0.3000000119
11232  -32.291  -70.434  20.383 0.3000000119
10468  -32.077  -71.311  17.984 0.3000000119
11246  -32.112  -70.814  19.251 0.3000000119
11215  -32.501  -70.074  21.428 0.3000000119
148212  -31.789  -70.186  21.761 0.3000000119
11944  -29.413  -69.797  24.568 0.3000000119
11943  -28.533  -69.689  24.800 0.3000000119
12729  -27.689  -68.371  25.260 0.3000000119
13495  -27.729  -67.637  25.432 0.3000000119
11194  -32.203  -69.890  22.238 0.3000000119
11153  -28.045  -70.083  24.332 0.3000000119
10431  -25.166  -71.443  21.338 0.5000000000
10489  -31.159  -72.570  16.817 0.3000000119
11172  -29.047  -70.464  23.451 0.4000000060
11190  -28.410  -70.875  23.006 0.4000000060
11214  -30.336  -70.709  21.721 0.4000000060
11922  -27.946  -69.103  25.129 0.3000000119
11941  -27.047  -69.414  24.258 0.4000000060
11942  -27.651  -69.570  24.572 0.3000000119
12011  -25.097  -69.386  20.991 0.5000000000
12041  -25.191  -69.224  18.755 0.5000000000
12051  -24.490  -69.883  18.198 0.4000000060
12750  -26.533  -68.296  23.385 0.4000000060
12760  -25.733  -69.202  22.484 0.4000000060
12791  -26.365  -68.091  18.789 0.5000000000
13525  -27.162  -67.128  22.663 0.5000000000
13533  -27.259  -67.119  21.694 0.5000000000
13552  -27.448  -67.002  18.453 0.6000000238
14285  -27.622  -67.043  24.977 0.4000000060
14335  -28.473  -66.496  19.893 0.6000000238
14341  -28.649  -66.460  18.863 0.6000000238
14346  -25.839  -66.510  18.475 0.5000000000
14349  -28.804  -66.139  18.495 0.6000000238
15108  -24.920  -65.128  20.961 0.5000000000
15109  -28.974  -65.727  21.240 0.6000000238
15123  -24.616  -65.342  18.963 0.4000000060
15124  -25.377  -65.510  18.734 0.5000000000
15126  -28.348  -66.129  18.392 0.6000000238
15128  -29.687  -65.509  18.478 0.6000000238
15129  -30.362  -65.311  18.592 0.6000000238
15130  -30.960  -65.190  18.664 0.6000000238
15912  -35.872  -64.027  24.649 0.3000000119
15921  -29.743  -64.513  23.432 0.5000000000
15926  -35.213  -64.398  24.027 0.3000000119
15927  -35.919  -64.286  24.088 0.3000000119
15941  -37.493  -63.773  22.326 0.3000000119
15948  -26.050  -64.433  21.530 0.5000000000
15951  -32.881  -63.863  21.094 0.6999999881
15956  -37.374  -63.880  21.609 0.4000000060
15959  -25.951  -64.341  19.796 0.5000000000
15961  -31.985  -64.937  19.245 0.6999999881
15965  -35.304  -63.921  20.303 0.5000000000
15967  -37.509  -63.764  20.587 0.6000000238
15974  -33.394  -64.476  18.721 0.6000000238
15979  -37.984  -63.641  19.996 0.5000000000
15987  -33.130  -64.364  18.579 0.6999999881
16848  -27.391  -63.258  22.597 0.5000000000
16857  -27.989  -63.138  20.722 0.5000000000
16858  -38.959  -63.640  20.747 0.4000000060
16860  -40.493  -63.095  20.777 0.4000000060
16865  -29.756  -62.934  19.744 0.6000000238
16868  -40.587  -63.386  20.209 0.6000000238
16869  -41.422  -63.261  20.009 0.6000000238
16875  -36.846  -63.468  19.295 0.5000000000
16878  -40.601  -63.286  19.849 0.6000000238
16879  -41.381  -63.085  19.825 0.6000000238
16884  -31.766  -64.238  18.406 0.6000000238
16889  -36.296  -63.456  18.975 0.5000000000
16891  -38.087  -63.098  19.235 0.6000000238
17801  -36.146  -62.617  23.990 0.3000000119
17803  -37.360  -62.939  23.057 0.3000000119
17811  -39.163  -62.495  21.834 0.4000000060
17812  -39.835  -62.319  21.519 0.5000000000
17814  -41.230  -62.242  21.007 0.4000000060
17823  -41.054  -62.784  20.744 0.5000000000
17824  -41.764  -62.698  20.521 0.5000000000
17825  -42.554  -62.485  20.303 0.6000000238
17826  -28.984  -62.829  20.352 0.5000000000
17830  -32.183  -62.268  19.873 0.6000000238
17832  -42.664  -62.649  20.029 0.6000000238
17838  -35.634  -62.809  18.824 0.8000000119
17841  -39.650  -63.016  19.468 0.6000000238
17844  -42.656  -62.594  19.921 0.6000000238
17850  -35.951  -63.401  18.776 0.8000000119
17853  -41.249  -62.559  19.564 0.6000000238
17854  -42.501  -62.293  19.714 0.6000000238
18763  -28.569  -61.404  23.849 0.6000000238
18764  -29.259  -61.143  23.477 0.5000000000
18768  -37.015  -62.129  23.006 0.3000000119
18777  -30.279  -61.274  22.372 0.5000000000
18790  -31.366  -61.514  21.414 0.5000000000
18795  -43.564  -61.560  20.182 0.5000000000
18797  -31.701  -61.938  20.620 0.6000000238
18807  -37.791  -61.489  19.294 0.8000000119
18810  -40.685  -61.994  19.380 0.6000000238
18812  -43.124  -62.300  20.016 0.6000000238
19727  -30.661  -60.587  22.880 0.5000000000
19735  -31.869  -60.881  21.970 0.5000000000
19743  -35.414  -60.378  20.288 0.6999999881
19744  -43.998  -60.955  20.102 0.5000000000
19745  -44.369  -60.219  20.040 0.5000000000
19748  -37.627  -60.405  19.459 0.6999999881
19752  -41.483  -59.738  19.446 0.6000000238
19754  -44.375  -60.075  19.928 0.5000000000
19757  -43.927  -60.292  19.715 0.5000000000
20592  -29.069  -59.317  24.179 0.4000000060
20602  -29.814  -59.149  23.848 0.5000000000
20603  -30.630  -59.250  23.466 0.5000000000
20614  -32.041  -59.353  22.661 0.6000000238
20622  -41.729  -59.511  21.478 0.3000000119
20623  -43.097  -59.542  21.204 0.3000000119
20629  -43.458  -60.192  20.893 0.4000000060
20631  -44.398  -59.520  20.224 0.5000000000
20643  -43.939  -59.306  19.576 0.6000000238
21421  -29.610  -58.412  23.737 0.4000000060
21430  -31.103  -57.943  23.017 0.5000000000
21440  -42.594  -58.502  21.431 0.3000000119
21451  -44.556  -58.705  20.088 0.5000000000
21453  -36.084  -58.565  19.668 0.6999999881
21457  -40.306  -58.470  19.643 0.6000000238
21460  -44.049  -58.234  19.525 0.5000000000
21462  -44.388  -58.819  19.748 0.5000000000
22148  -28.751  -57.578  23.279 0.4000000060
22149  -29.566  -57.768  23.381 0.5000000000
22186  -31.971  -56.792  20.780 0.6000000238
22192  -34.868  -57.149  19.586 0.6999999881
22194  -36.118  -57.084  19.456 0.6999999881
22196  -38.244  -57.811  19.691 0.6000000238
22197  -39.597  -58.254  19.719 0.6000000238
22912  -29.355  -56.423  21.182 0.6000000238
22914  -31.100  -56.583  20.983 0.6000000238
22915  -43.945  -56.364  20.601 0.3000000119
22932  -44.683  -56.498  19.906 0.3000000119
22936  -33.663  -56.232  19.465 0.6000000238
22937  -34.436  -56.478  19.503 0.6000000238
22938  -35.655  -56.639  19.509 0.6999999881
22939  -36.437  -56.699  19.639 0.6999999881
22942  -40.759  -56.303  20.201 0.5000000000
22943  -43.164  -56.608  19.302 0.4000000060
22945  -44.932  -56.568  19.215 0.3000000119
22946  -45.000  -56.549  19.024 0.4000000060
23752  -33.566  -55.602  19.480 0.6000000238
23760  -44.881  -55.870  19.448 0.3000000119
23762  -29.949  -55.143  19.699 0.5000000000
23763  -30.747  -55.216  19.544 0.5000000000
23765  -32.853  -55.455  19.409 0.5000000000
23769  -42.239  -55.501  19.293 0.5000000000
23771  -44.350  -55.469  18.458 0.3000000119
23774  -44.667  -55.153  18.540 0.3000000119
24657  -33.307  -54.771  20.227 0.5000000000
24658  -34.157  -54.954  20.517 0.6000000238
24663  -39.602  -54.804  20.470 0.5000000000
24666  -44.128  -54.412  19.647 0.3000000119
24667  -44.863  -55.132  19.145 0.3000000119
24671  -32.783  -54.920  19.614 0.5000000000
24673  -41.113  -54.445  19.594 0.5000000000
24678  -43.487  -54.492  17.939 0.4000000060
24679  -44.106  -54.567  17.875 0.3000000119
25619  -32.809  -53.256  22.130 0.5000000000
25637  -30.741  -53.260  19.801 0.4000000060
25641  -38.856  -53.395  20.441 0.4000000060
25644  -44.060  -53.655  19.186 0.3000000119
25655  -42.216  -53.650  17.864 0.4000000060
25658  -44.382  -54.233  18.009 0.3000000119
26588  -32.243  -52.728  22.224 0.4000000060
26590  -33.591  -52.136  22.416 0.5000000000
26601  -36.901  -52.829  21.202 0.4000000060
26614  -37.459  -52.418  20.788 0.4000000060
26627  -43.944  -52.970  18.590 0.3000000119
26630  -40.797  -52.648  18.069 0.4000000060
26633  -42.346  -52.515  17.150 0.4000000060
27592  -34.684  -51.391  21.965 0.4000000060
27606  -35.923  -50.866  20.944 0.4000000060
27622  -38.680  -51.314  18.435 0.4000000060
27629  -40.835  -51.615  17.325 0.4000000060
27633  -42.458  -51.451  16.727 0.3000000119
28550  -30.838  -50.756  22.173 0.4000000060
28553  -33.476  -50.678  22.509 0.4000000060
28554  -34.304  -50.688  22.105 0.4000000060
28560  -35.331  -50.442  21.235 0.4000000060
28576  -36.690  -50.252  19.445 0.4000000060
28578  -41.139  -50.386  19.472 0.4000000060
28580  -37.000  -49.998  18.754 0.4000000060
28584  -37.747  -49.945  17.927 0.4000000060
28590  -41.268  -50.368  16.699 0.4000000060
29463  -39.554  -49.340  20.588 0.4000000060
29467  -36.485  -49.570  19.077 0.4000000060
29468  -39.894  -49.272  19.634 0.4000000060
30405  -32.368  -48.292  23.010 0.3000000119
30406  -33.159  -48.289  22.616 0.4000000060
30428  -35.447  -48.620  19.759 0.4000000060
30439  -39.789  -48.469  19.086 0.4000000060
30440  -40.684  -48.164  18.471 0.4000000060
30448  -37.926  -48.624  17.422 0.4000000060
30449  -38.654  -48.391  17.022 0.5000000000
30451  -39.444  -48.122  16.689 0.5000000000
31382  -38.284  -47.037  16.999 0.5000000000
32310  -33.810  -46.288  21.613 0.4000000060
32326  -34.515  -46.717  20.204 0.4000000060
34144  -32.658  -44.364  22.223 0.3000000119
34161  -33.315  -44.932  21.737 0.4000000060
34171  -33.043  -43.527  20.448 0.4000000060
35081  -33.753  -43.528  17.964 0.5000000000
36096  -33.591  -42.882  17.946 0.5000000000
125140  -32.316  -64.359  20.322 0.6999999881
126107  -33.373  -55.849  19.374 0.6000000238
126214  -35.693  -64.326  23.323 0.3000000119
126512  -42.110  -49.805  16.580 0.4000000060
128238  -26.337  -67.323  18.440 0.6000000238
129051  -38.970  -63.418  21.469 0.4000000060
129644  -32.255  -55.507  19.411 0.6000000238
129681  -38.972  -46.921  16.717 0.5000000000
130433  -28.590  -65.482  25.234 0.4000000060
130857  -43.789  -58.070  20.827 0.3000000119
131425  -36.138  -57.674  19.507 0.6999999881
131685  -24.540  -69.363  18.253 0.4000000060
134012  -42.453  -59.177  21.414 0.4000000060
134042  -41.084  -56.932  20.014 0.5000000000
134812  -42.036  -56.749  19.696 0.5000000000
135571  -41.908  -50.478  18.759 0.4000000060
135991  -40.223  -59.778  21.548 0.3000000119
136742  -36.833  -58.866  19.541 0.6999999881
136908  -43.562  -61.302  19.821 0.6000000238
137671  -44.545  -57.923  19.881 0.5000000000
138723  -44.291  -57.025  20.436 0.3000000119
139224  -27.492  -67.090  20.703 0.4000000060
139402  -30.900  -59.915  23.210 0.6000000238
140597  -33.346  -43.077  18.171 0.5000000000
140991  -39.325  -60.387  19.373 0.6999999881
141802  -33.957  -45.370  20.238 0.4000000060
141956  -31.181  -52.084  21.810 0.5000000000
142346  -41.300  -60.412  19.422 0.6999999881
142714  -37.290  -49.783  18.286 0.4000000060
143647  -43.157  -62.096  19.865 0.6000000238
143890  -38.126  -58.326  19.570 0.6999999881
144065  -31.196  -63.717  23.678 0.3000000119
144160  -26.256  -71.178  22.361 0.4000000060
145540  -27.721  -65.778  18.366 0.6000000238
146525  -41.915  -58.027  19.622 0.5000000000
146886  -31.774  -64.621  20.129 0.6999999881
148186  -38.204  -62.487  19.165 0.6000000238
148432  -26.908  -67.397  22.285 0.6000000238
148462  -32.761  -63.742  23.595 0.3000000119
149073  -35.988  -53.780  21.487 0.5000000000
149193  -37.870  -63.823  21.156 0.4000000060
149210  -32.965  -60.011  21.947 0.6000000238
149724  -35.419  -64.024  18.737 0.5000000000
149765  -33.498  -57.230  20.334 0.6999999881
150089  -34.406  -62.341  19.403 0.8000000119
150265  -30.526  -64.246  22.638 0.5000000000
150297  -35.134  -61.214  20.206 0.6999999881
150403  -43.591  -56.756  20.920 0.3000000119
