#Insight Transform File V1.0
#Transform 0
Transform: AffineTransform_float_3_3
Parameters: 0.999999 -0.000788772 0.000631043 0.000788435 0.999999 0.000276448 -0.000631509 -0.000276452 1 0.0122478 0.0260401 0.0403419
FixedParameters: 0 0 0

#Transform 1
Transform: AffineTransform_float_3_3
Parameters: 0.999999 -0.000871216 0.000461874 0.000872059 0.999999 0.00018027 -0.000462202 -0.000180453 1 0.0184372 0.0681585 0.0432348
FixedParameters: 0 0 0

#Transform 2
Transform: AffineTransform_float_3_3
Parameters: 0.999999 -0.000390529 0.000601896 0.000390338 1 0.000158635 -0.000602019 -0.000158165 1 0.0102026 0.0216341 0.0530387
FixedParameters: 0 0 0

#Transform 3
Transform: AffineTransform_float_3_3
Parameters: 1 -0.000390669 0.000178766 0.000390538 1 0.0003672 -0.000179053 -0.00036706 1 -0.001106 0.00356459 0.0201677
FixedParameters: 0 0 0

#Transform 4
Transform: AffineTransform_float_3_3
Parameters: 0.999999 0.000934903 0.00106433 -0.000934672 1 -0.000583317 -0.0010654 0.000582314 1 -0.0749652 -0.0220869 -0.0567732
FixedParameters: 0 0 0

#Transform 5
Transform: AffineTransform_float_3_3
Parameters: 1 0.000224214 0.000484404 -0.000224883 0.999999 0.000690329 -0.000484094 -0.000690547 0.999999 -0.0198479 0.0669941 0.0225234
FixedParameters: 0 0 0

#Transform 6
Transform: AffineTransform_float_3_3
Parameters: 1 -0.000208232 0.000464754 0.000208 1 0.000262643 -0.000464893 -0.000263448 1 -0.0173937 0.0286724 0.0182608
FixedParameters: 0 0 0

#Transform 7
Transform: AffineTransform_float_3_3
Parameters: 1 -0.000214418 0.000392112 0.000213733 1 -0.000399473 -0.000391957 0.000399631 1 -0.00269878 0.042071 0.0129681
FixedParameters: 0 0 0

#Transform 8
Transform: AffineTransform_float_3_3
Parameters: 0.999999 -0.000221542 0.000844064 0.000221298 1 -0.000439794 -0.000843914 0.000439159 0.999999 -0.00318297 -0.00571453 -0.010803
FixedParameters: 0 0 0

#Transform 9
Transform: AffineTransform_float_3_3
Parameters: 0.999999 -0.000228905 0.000822532 0.000229885 1 -0.00116643 -0.000822034 0.00116679 0.999999 -0.000881757 0.0628696 -0.0366898
FixedParameters: 0 0 0

#Transform 10
Transform: AffineTransform_float_3_3
Parameters: 0.999999 -0.000125907 0.000829922 0.000126514 0.999999 -0.00096678 -0.000829717 0.000966948 0.999999 -0.00276682 0.0297985 -0.0347153
FixedParameters: 0 0 0

#Transform 11
Transform: AffineTransform_float_3_3
Parameters: 0.999999 -0.000118332 0.000825803 0.000119227 1 -0.0011098 -0.000825577 0.00110999 0.999999 -0.00261585 0.0419114 -0.023839
FixedParameters: 0 0 0

#Transform 12
Transform: AffineTransform_float_3_3
Parameters: 0.999999 -0.000224798 0.000834578 0.000225068 0.999999 -0.000759647 -0.000834275 0.000759982 1 -0.00588952 0.0119842 -0.0192669
FixedParameters: 0 0 0

#Transform 13
Transform: AffineTransform_float_3_3
Parameters: 0.999999 -8.78458e-05 0.000824754 8.8821e-05 1 -0.00116016 -0.000824586 0.00116029 0.999999 -0.00956758 0.0430949 -0.0221959
FixedParameters: 0 0 0

#Transform 14
Transform: AffineTransform_float_3_3
Parameters: 1 -0.000127025 0.00049396 0.000126974 0.999999 -0.000958785 -0.000493755 0.00095887 1 -0.0116707 0.0774204 -0.0106645
FixedParameters: 0 0 0

#Transform 15
Transform: AffineTransform_float_3_3
Parameters: 1 -0.000217298 0.000444424 0.000216837 1 -0.000592084 -0.000444212 0.000591268 0.999999 -0.0113807 0.0698249 0.000530985
FixedParameters: 0 0 0

#Transform 16
Transform: AffineTransform_float_3_3
Parameters: 1 -0.000219963 0.000425524 0.000219711 0.999999 -0.000858626 -0.000426161 0.000858832 0.999999 -0.0137063 0.0185094 -0.00325843
FixedParameters: 0 0 0

#Transform 17
Transform: AffineTransform_float_3_3
Parameters: 1 -0.000145861 0.000481771 0.000146521 1 -0.000685044 -0.00048157 0.000685185 0.999999 0.00291465 -0.0297543 -0.0185101
FixedParameters: 0 0 0

#Transform 18
Transform: AffineTransform_float_3_3
Parameters: 1 -0.000221775 0.000367317 0.000221645 1 -0.001101 -0.000366866 0.00110116 1 0.0077373 0.0298688 -0.0424211
FixedParameters: 0 0 0

#Transform 19
Transform: AffineTransform_float_3_3
Parameters: 1 -0.000119159 0.000398513 0.000119236 1 -9.65845e-05 -0.00039849 9.66795e-05 1 -0.0056712 -5.9183e-05 -0.0117346
FixedParameters: 0 0 0

#Transform 20
Transform: AffineTransform_float_3_3
Parameters: 1 -0.000209177 0.000133722 0.00020925 1 -0.000274805 -0.000133607 0.000274861 1 0.000382132 0.010544 -0.00980163
FixedParameters: 0 0 0

#Transform 21
Transform: AffineTransform_float_3_3
Parameters: 1 -0.000201065 0.00042545 0.000200333 0.999999 0.00086002 -0.000425796 -0.000859849 0.999999 0.00541761 -0.0169856 0.046127
FixedParameters: 0 0 0

#Transform 22
Transform: AffineTransform_float_3_3
Parameters: 1 -0.000181542 0.000230568 0.00018065 0.999998 0.00231631 -0.000231472 -0.00231622 0.999998 -0.00590824 0.0115189 0.0834373
FixedParameters: 0 0 0

#Transform 23
Transform: AffineTransform_float_3_3
Parameters: 1 0.000123283 0.000471406 -0.000124202 0.999998 0.00222366 -0.000470906 -0.00222376 0.999998 -0.0109553 -0.0103992 0.0659916
FixedParameters: 0 0 0

#Transform 24
Transform: AffineTransform_float_3_3
Parameters: 1 0.000182597 0.000269413 -0.000182641 0.999998 0.00229309 -0.000269625 -0.00229314 0.999998 -0.010966 -0.0153777 0.0745863
FixedParameters: 0 0 0

#Transform 25
Transform: AffineTransform_float_3_3
Parameters: 1 0.000142168 0.000228982 -0.000143073 0.999997 0.00237078 -0.000228372 -0.00237084 0.999997 -0.0143783 -0.0402623 0.074996
FixedParameters: 0 0 0

#Transform 26
Transform: AffineTransform_float_3_3
Parameters: 1 9.02145e-05 0.000393633 -9.04531e-05 0.999998 0.00164707 -0.000393342 -0.00164713 0.999998 -0.0178373 0.0466119 0.0508072
FixedParameters: 0 0 0

#Transform 27
Transform: AffineTransform_float_3_3
Parameters: 1 9.72005e-05 0.000269643 -9.72057e-05 0.999998 0.00208293 -0.000269266 -0.00208297 0.999998 -0.0155237 -0.0142811 0.0540179
FixedParameters: 0 0 0

#Transform 28
Transform: AffineTransform_float_3_3
Parameters: 1 9.64774e-05 0.000267606 -9.64378e-05 0.999998 0.00201496 -0.000267245 -0.002015 0.999998 -0.0190033 -0.0266787 0.053267
FixedParameters: 0 0 0

#Transform 29
Transform: AffineTransform_float_3_3
Parameters: 1 9.78951e-05 0.000205512 -9.76179e-05 0.999998 0.00204582 -0.00020514 -0.00204585 0.999998 -0.0205709 -0.0240599 0.0535828
FixedParameters: 0 0 0

#Transform 30
Transform: AffineTransform_float_3_3
Parameters: 1 -0.000125027 0.000171046 0.000124533 0.999999 0.0018252 -0.000171575 -0.00182616 0.999999 -0.0187306 0.0215067 0.0691271
FixedParameters: 0 0 0

#Transform 31
Transform: AffineTransform_float_3_3
Parameters: 1 -1.74362e-05 0.000197664 1.67974e-05 0.999998 0.00191726 -0.000197773 -0.00191725 0.999998 -0.0170605 0.0148578 0.0530704
FixedParameters: 0 0 0

#Transform 32
Transform: AffineTransform_float_3_3
Parameters: 1 9.47069e-05 6.15932e-05 -9.48376e-05 0.999999 0.0015489 -6.13216e-05 -0.00154891 0.999999 -0.0152476 0.0223175 0.0472129
FixedParameters: 0 0 0

#Transform 33
Transform: AffineTransform_float_3_3
Parameters: 1 9.77799e-05 -9.42657e-05 -9.7407e-05 0.999998 0.00158856 9.35547e-05 -0.00158851 0.999998 -0.0330499 0.0087784 0.050441
FixedParameters: 0 0 0

#Transform 34
Transform: AffineTransform_float_3_3
Parameters: 1 9.78142e-05 0.000194799 -9.74839e-05 0.999998 0.00202213 -0.000194432 -0.00202216 0.999998 -0.0188848 -0.00432876 0.0807594
FixedParameters: 0 0 0

#Transform 35
Transform: AffineTransform_float_3_3
Parameters: 1 9.71192e-05 -7.12962e-06 -9.70354e-05 0.999998 0.00165899 7.42981e-06 -0.00165899 0.999998 -0.0314716 0.0494482 0.0886336
FixedParameters: 0 0 0

#Transform 36
Transform: AffineTransform_float_3_3
Parameters: 1 9.55172e-05 8.58153e-05 -9.57414e-05 0.999998 0.00165622 -8.55205e-05 -0.00165624 0.999998 -0.0157343 0.0267621 0.0623592
FixedParameters: 0 0 0

#Transform 37
Transform: AffineTransform_float_3_3
Parameters: 1 8.73508e-05 0.000448358 -8.76113e-05 0.999999 0.00147038 -0.000448107 -0.00147044 0.999999 -0.0237261 0.0101387 0.0507694
FixedParameters: 0 0 0

#Transform 38
Transform: AffineTransform_float_3_3
Parameters: 1 9.19353e-05 0.000293693 -9.18463e-05 0.999998 0.00165005 -0.000293395 -0.00165009 0.999998 -0.0259444 -0.00825526 0.0643076
FixedParameters: 0 0 0

#Transform 39
Transform: AffineTransform_float_3_3
Parameters: 1 -0.000509379 2.40335e-05 0.000509365 0.999999 0.00123348 -2.43128e-05 -0.00123349 0.999999 -0.0159568 0.0442951 0.0673142
FixedParameters: 0 0 0

#Transform 40
Transform: AffineTransform_float_3_3
Parameters: 1 -0.000313006 -2.95393e-05 0.00031314 0.999999 0.00127294 2.87204e-05 -0.00127295 0.999999 -0.0161345 0.0363011 0.0502694
FixedParameters: 0 0 0

#Transform 41
Transform: AffineTransform_float_3_3
Parameters: 1 -0.000371286 -1.61042e-05 0.000371279 1 -0.000215561 1.62643e-05 0.000215549 1 -0.033428 0.0650091 0.0112164
FixedParameters: 0 0 0

#Transform 42
Transform: AffineTransform_float_3_3
Parameters: 1 -0.000378274 0.000309442 0.000378539 1 -0.000404167 -0.000310135 0.000404431 1 -0.0169071 0.0387014 0.00202226
FixedParameters: 0 0 0

#Transform 43
Transform: AffineTransform_float_3_3
Parameters: 1 -0.000456401 0.000442977 0.00045677 1 -0.000416214 -0.000442596 0.000416618 1 -0.0235254 0.0412103 0.0115545
FixedParameters: 0 0 0

#Transform 44
Transform: AffineTransform_float_3_3
Parameters: 0.999999 -0.000383661 0.000600631 0.000384265 1 -0.000502729 -0.000600245 0.00050319 0.999999 -0.0266639 0.0748207 0.00118177
FixedParameters: 0 0 0

#Transform 45
Transform: AffineTransform_float_3_3
Parameters: 1 -0.000382547 0.000526672 0.000383074 1 -0.000500563 -0.000526288 0.000500966 0.999999 -0.0349529 0.0529305 0.000860139
FixedParameters: 0 0 0

#Transform 46
Transform: AffineTransform_float_3_3
Parameters: 1 -0.000385429 0.000517486 0.000386246 0.999999 -0.000778394 -0.000516915 0.000777794 0.999999 -0.0377079 0.0538363 -0.00140332
FixedParameters: 0 0 0

#Transform 47
Transform: AffineTransform_float_3_3
Parameters: 1 -0.000380334 0.000379752 0.00038071 1 -0.000496259 -0.000379374 0.000496548 1 -0.0376598 0.0378303 0.000927368
FixedParameters: 0 0 0

#Transform 48
Transform: AffineTransform_float_3_3
Parameters: 0.999999 -0.000301405 0.000623283 0.000301314 0.999999 -0.000727471 -0.000622861 0.000727836 0.999999 -0.0281729 0.0813564 -0.000711313
FixedParameters: 0 0 0

#Transform 49
Transform: AffineTransform_float_3_3
Parameters: 0.999999 -0.000387901 0.000629206 0.000388995 0.999999 -0.000856709 -0.000629562 0.000857197 1 -0.0393387 0.0875011 -0.0339659
FixedParameters: 0 0 0

#Transform 50
Transform: AffineTransform_float_3_3
Parameters: 0.999999 -0.000389351 0.00084592 0.000390534 0.999999 -0.000698995 -0.000845397 0.000699624 1 -0.030538 0.0261447 -0.0144529
FixedParameters: 0 0 0

#Transform 51
Transform: AffineTransform_float_3_3
Parameters: 1 -0.000388062 0.000581904 0.000389149 0.999999 -0.000934352 -0.000581201 0.000934774 1 -0.0324757 0.0942733 -0.014891
FixedParameters: 0 0 0

#Transform 52
Transform: AffineTransform_float_3_3
Parameters: 1 -0.000381667 0.00047914 0.000382131 1 -0.000484165 -0.00047877 0.000484531 1 -0.0341172 0.0572736 0.00600423
FixedParameters: 0 0 0

#Transform 53
Transform: AffineTransform_float_3_3
Parameters: 1 -0.000445523 0.000426471 0.000445752 1 -0.00026778 -0.000426232 0.00026816 1 -0.0383227 0.0561157 0.0212957
FixedParameters: 0 0 0

#Transform 54
Transform: AffineTransform_float_3_3
Parameters: 1 -0.000509664 0.000441464 0.00051031 0.999999 -0.000714705 -0.000441734 0.000715186 0.999999 -0.0295731 0.110021 0.018757
FixedParameters: 0 0 0

#Transform 55
Transform: AffineTransform_float_3_3
Parameters: 1 -0.000382422 0.000315683 0.000382908 0.999999 -0.000769482 -0.000315094 0.000769724 0.999999 -0.0287981 0.0832444 0.0257391
FixedParameters: 0 0 0

#Transform 56
Transform: AffineTransform_float_3_3
Parameters: 1 -0.000381041 0.000448569 0.000381474 1 -0.000469264 -0.000448241 0.000468607 1 -0.0335812 0.0550334 0.0210442
FixedParameters: 0 0 0

#Transform 57
Transform: AffineTransform_float_3_3
Parameters: 1 -0.000385524 0.000567227 0.000386341 0.999999 -0.000719829 -0.000566671 0.000720267 0.999999 -0.0305948 0.044982 0.0271412
FixedParameters: 0 0 0

#Transform 58
Transform: AffineTransform_float_3_3
Parameters: 0.999999 -0.000391241 0.000619639 0.000391766 0.999999 -0.00118154 -0.000618751 0.00118202 0.999999 -0.0395864 0.139481 0.0233454
FixedParameters: 0 0 0

#Transform 59
Transform: AffineTransform_float_3_3
Parameters: 0.999999 -0.000387364 0.000628649 0.00038838 0.999999 -0.000807675 -0.000628046 0.000808132 1 -0.053897 0.0685808 0.01017
FixedParameters: 0 0 0

#Transform 60
Transform: AffineTransform_float_3_3
Parameters: 1 -0.00032377 0.000593766 0.000323734 0.999999 -0.000801376 -0.000593293 0.000800751 0.999999 -0.0376785 0.0434139 0.0100367
FixedParameters: 0 0 0

#Transform 61
Transform: AffineTransform_float_3_3
Parameters: 0.999999 -0.000505006 0.000662045 0.000506402 1 -0.00100937 -0.000661045 0.00101004 1 -0.0414384 0.0932803 0.0088501
FixedParameters: 0 0 0

#Transform 62
Transform: AffineTransform_float_3_3
Parameters: 0.999999 -0.000556518 0.000553651 0.000556822 1 -0.000274242 -0.000553346 0.000274858 1 -0.0399939 0.104449 0.00615712
FixedParameters: 0 0 0

#Transform 63
Transform: AffineTransform_float_3_3
Parameters: 0.999999 -0.000483124 0.000553057 0.000483504 1 -0.000333099 -0.000552765 0.000332634 1 -0.0402524 0.0653392 0.0102835
FixedParameters: 0 0 0

#Transform 64
Transform: AffineTransform_float_3_3
Parameters: 1 -0.00038184 0.000552634 0.000382283 1 -0.000400287 -0.000552328 0.000400709 1 -0.0403204 0.0668015 0.00994438
FixedParameters: 0 0 0

#Transform 65
Transform: AffineTransform_float_3_3
Parameters: 1 -0.000381277 0.000554195 0.000381674 1 -0.000347313 -0.000553959 0.000346737 1 -0.0291366 0.130593 0.0283054
FixedParameters: 0 0 0

#Transform 66
Transform: AffineTransform_float_3_3
Parameters: 0.999999 -0.000695088 0.000677711 0.000695559 0.999999 -0.00033929 -0.000677269 0.000339234 0.999999 -0.0363623 0.134381 0.016265
FixedParameters: 0 0 0

#Transform 67
Transform: AffineTransform_float_3_3
Parameters: 0.999999 -0.000525144 0.000541206 0.000524923 0.999999 -0.000717464 -0.000540468 0.000718022 0.999999 -0.0413772 0.113347 -0.00644893
FixedParameters: 0 0 0

#Transform 68
Transform: AffineTransform_float_3_3
Parameters: 0.999999 -0.000389815 0.000622643 0.000390179 1 -0.00104558 -0.000621865 0.00104606 1 -0.0504597 0.0655161 -0.0191156
FixedParameters: 0 0 0

#Transform 69
Transform: AffineTransform_float_3_3
Parameters: 0.999999 -0.000387654 0.000676743 0.000388709 0.999999 -0.000771069 -0.000676197 0.000770565 1 -0.0513929 0.0394598 -0.00408911
FixedParameters: 0 0 0

#Transform 70
Transform: AffineTransform_float_3_3
Parameters: 1 -0.000389675 0.000530452 0.000389959 1 -0.00115292 -0.000529591 0.00115333 0.999999 -0.0473542 0.104445 -0.00300763
FixedParameters: 0 0 0

#Transform 71
Transform: AffineTransform_float_3_3
Parameters: 0.999999 -0.000486284 0.000530142 0.000487542 1 -0.00111577 -0.000530076 0.00111632 0.999999 -0.0444771 0.0627987 -0.0126655
FixedParameters: 0 0 0

#Transform 72
Transform: AffineTransform_float_3_3
Parameters: 1 -0.000387561 0.000536487 0.000388578 0.999999 -0.000948028 -0.000535774 0.000948413 1 -0.0493453 0.045253 -0.00354878
FixedParameters: 0 0 0

#Transform 73
Transform: AffineTransform_float_3_3
Parameters: 1 -0.000388431 0.000533955 0.000389594 1 -0.00103397 -0.000533173 0.00103439 1 -0.0403303 0.0606391 -0.00252058
FixedParameters: 0 0 0

#Transform 74
Transform: AffineTransform_float_3_3
Parameters: 0.999999 -0.000585786 0.000530045 0.000587006 1 -0.0010696 -0.000529842 0.00106925 1 -0.0372443 0.108703 -0.0105659
FixedParameters: 0 0 0

#Transform 75
Transform: AffineTransform_float_3_3
Parameters: 0.999999 -0.000540766 0.000527973 0.000541082 0.999999 -0.00116311 -0.000527782 0.0011627 0.999999 -0.0471858 0.104089 -0.0114487
FixedParameters: 0 0 0

#Transform 76
Transform: AffineTransform_float_3_3
Parameters: 1 -0.000680213 0.000222124 0.000680753 0.999999 -0.00104853 -0.000221718 0.00104886 1 -0.0372734 0.113659 0.004401
FixedParameters: 0 0 0

#Transform 77
Transform: AffineTransform_float_3_3
Parameters: 0.999999 -0.000525408 0.000531979 0.000525596 1 -0.00103334 -0.00053196 0.00103292 1 -0.044775 0.100767 0.0111271
FixedParameters: 0 0 0

#Transform 78
Transform: AffineTransform_float_3_3
Parameters: 1 -0.000383735 0.000538866 0.000383673 0.999999 -0.000869099 -0.000538215 0.000869501 0.999999 -0.046875 0.0912391 0.00231763
FixedParameters: 0 0 0

#Transform 79
Transform: AffineTransform_float_3_3
Parameters: 1 -0.000482263 0.000462993 0.000482532 0.999999 -0.00129294 -0.000461813 0.00129238 0.999999 -0.0446871 0.114052 -0.000747169
FixedParameters: 0 0 0

#Transform 80
Transform: AffineTransform_float_3_3
Parameters: 0.999999 -0.000554027 0.000521496 0.000554553 0.999999 -0.00137887 -0.000521034 0.00137847 0.999999 -0.0472033 0.116258 -0.0314692
FixedParameters: 0 0 0

#Transform 81
Transform: AffineTransform_float_3_3
Parameters: 1 -0.000803388 0.000409315 0.000803532 0.999999 -0.00136474 -0.000408167 0.00136441 0.999999 -0.0411109 0.096217 -0.0313589
FixedParameters: 0 0 0

#Transform 82
Transform: AffineTransform_float_3_3
Parameters: 1 -0.000384456 0.000474658 0.000385588 1 -0.00111331 -0.000474822 0.0011137 1 -0.0459191 0.0996591 -0.0147867
FixedParameters: 0 0 0

#Transform 83
Transform: AffineTransform_float_3_3
Parameters: 0.999999 -0.000799638 0.000532875 0.000799635 1 -0.000864129 -0.000532529 0.000865001 1 -0.0448635 0.0491912 -0.0281945
FixedParameters: 0 0 0

#Transform 84
Transform: AffineTransform_float_3_3
Parameters: 0.999999 -0.000548182 0.000518402 0.000548801 0.999999 -0.0014879 -0.000517806 0.00148849 0.999999 -0.0421571 0.105583 -0.0117735
FixedParameters: 0 0 0

#Transform 85
Transform: AffineTransform_float_3_3
Parameters: 1 -0.000603526 0.000283471 0.000604268 0.999999 -0.00117924 -0.000283067 0.00117961 1 -0.0398716 0.111572 -0.00778081
FixedParameters: 0 0 0

#Transform 86
Transform: AffineTransform_float_3_3
Parameters: 1 -0.000614365 0.000314057 0.000614787 0.999999 -0.000672767 -0.00031323 0.000673152 0.999999 -0.0410311 0.080862 -0.00402806
FixedParameters: 0 0 0

#Transform 87
Transform: AffineTransform_float_3_3
Parameters: 1 -0.000509469 0.000378532 0.000510059 0.999999 -0.000779894 -0.000377736 0.00078028 0.999999 -0.0441605 0.0465261 -0.0146645
FixedParameters: 0 0 0

#Transform 88
Transform: AffineTransform_float_3_3
Parameters: 0.999999 -0.000495869 0.000522799 0.00049637 0.999999 -0.00136257 -0.000522483 0.00136311 0.999999 -0.0400449 0.124779 -0.0164807
FixedParameters: 0 0 0

#Transform 89
Transform: AffineTransform_float_3_3
Parameters: 0.999999 -0.000561595 0.000528146 0.000561895 0.999999 -0.00114687 -0.000527924 0.00114648 0.999999 -0.0453558 0.101793 -0.0257178
FixedParameters: 0 0 0

#Transform 90
Transform: AffineTransform_float_3_3
Parameters: 1 -0.000799961 0.000532045 0.00079994 1 -0.000893115 -0.00053166 0.000892986 1 -0.0142947 0.0746518 -0.0236792
FixedParameters: 0 0 0

#Transform 91
Transform: AffineTransform_float_3_3
Parameters: 0.999999 -0.000525309 0.000543507 0.000526014 0.999999 -0.00063848 -0.000542866 0.000638052 0.999999 -0.0301242 0.053838 -0.0454542
FixedParameters: 0 0 0

#Transform 92
Transform: AffineTransform_float_3_3
Parameters: 0.999999 -0.000795205 0.000151037 0.000795568 0.999999 -0.000958112 -0.000150511 0.000958413 0.999999 -0.0161555 0.109371 -0.0272057
FixedParameters: 0 0 0

#Transform 93
Transform: AffineTransform_float_3_3
Parameters: 1 -0.00049586 0.00029849 0.000495249 0.999999 -0.000649649 -0.000297862 0.000649934 0.999999 -0.0214966 0.100308 -0.0443498
FixedParameters: 0 0 0

#Transform 94
Transform: AffineTransform_float_3_3
Parameters: 1 -0.000622043 0.000199551 0.0006223 0.999999 -0.000615308 -0.000198815 0.000614556 1 -0.0277125 0.0882351 -0.0105755
FixedParameters: 0 0 0

#Transform 95
Transform: AffineTransform_float_3_3
Parameters: 0.999999 -0.000628733 0.000538016 0.000628568 0.999999 -0.000774204 -0.000537058 0.00077487 0.999999 -0.0424207 0.115748 -0.00247051
FixedParameters: 0 0 0

#Transform 96
Transform: AffineTransform_float_3_3
Parameters: 0.999999 -0.000663532 0.00025267 0.000663117 1 -0.00103861 -0.000251329 0.00103893 1 -0.032461 0.128448 -0.0211264
FixedParameters: 0 0 0

#Transform 97
Transform: AffineTransform_float_3_3
Parameters: 1 -0.000624027 0.000121227 0.000624345 0.999999 -0.00107122 -0.000119912 0.00107137 1 -0.0360385 0.091797 -0.025239
FixedParameters: 0 0 0

#Transform 98
Transform: AffineTransform_float_3_3
Parameters: 1 -0.000515123 0.000300662 0.000515748 1 -0.000942611 -0.000299689 0.000942952 0.999999 -0.0309333 0.0614163 -0.0127466
FixedParameters: 0 0 0

#Transform 99
Transform: AffineTransform_float_3_3
Parameters: 1 -0.000534026 0.000321524 0.000534853 0.999999 -0.00117814 -0.000320316 0.00117748 0.999999 -0.0221586 0.110335 -0.00710786
FixedParameters: 0 0 0

#Transform 100
Transform: AffineTransform_float_3_3
Parameters: 0.999999 -0.000606857 0.00052402 0.000608258 0.999999 -0.00126627 -0.000523502 0.00126694 0.999999 -0.0251766 0.134578 -0.00609487
FixedParameters: 0 0 0

#Transform 101
Transform: AffineTransform_float_3_3
Parameters: 0.999999 -0.000552692 0.000528039 0.000553987 0.999999 -0.00115496 -0.000527781 0.00115558 0.999999 -0.027374 0.0675288 -0.0270279
FixedParameters: 0 0 0

#Transform 102
Transform: AffineTransform_float_3_3
Parameters: 1 -0.000606766 0.000337399 0.000607299 0.999999 -0.000768581 -0.000337464 0.00076902 0.999999 -0.0230005 0.0596054 -0.0234258
FixedParameters: 0 0 0

#Transform 103
Transform: AffineTransform_float_3_3
Parameters: 0.999999 -0.000615704 0.000521513 0.000617196 0.999999 -0.00134814 -0.000520902 0.00134781 0.999999 -0.0257694 0.105735 -0.0279975
FixedParameters: 0 0 0

#Transform 104
Transform: AffineTransform_float_3_3
Parameters: 1 -0.000607988 0.00028198 0.0006086 1 -0.000953038 -0.000281841 0.000953412 1 -0.024742 0.105116 -0.0137514
FixedParameters: 0 0 0

#Transform 105
Transform: AffineTransform_float_3_3
Parameters: 1 -0.000605095 0.00029517 0.000605492 0.999999 -0.00067332 -0.000294354 0.000673677 0.999999 -0.0252071 0.0913687 0.000645858
FixedParameters: 0 0 0

#Transform 106
Transform: AffineTransform_float_3_3
Parameters: 1 -0.000610369 0.000335742 0.000611181 0.999999 -0.00109865 -0.00033542 0.00109909 1 -0.0213341 0.127575 -0.00862563
FixedParameters: 0 0 0

#Transform 107
Transform: AffineTransform_float_3_3
Parameters: 0.999999 -0.000615128 0.000452468 0.000616465 0.999999 -0.00138314 -0.000451815 0.00138273 0.999999 -0.0241491 0.109424 -0.0361752
FixedParameters: 0 0 0

#Transform 108
Transform: AffineTransform_float_3_3
Parameters: 1 -0.00060992 0.000232049 0.000610546 0.999999 -0.00118967 -0.000231618 0.00118999 1 -0.0264577 0.109984 -0.02781
FixedParameters: 0 0 0

#Transform 109
Transform: AffineTransform_float_3_3
Parameters: 1 -0.000608859 0.000245286 0.000609475 0.999999 -0.00107902 -0.000245023 0.00107835 1 -0.0207662 0.075379 -0.0273192
FixedParameters: 0 0 0

#Transform 110
Transform: AffineTransform_float_3_3
Parameters: 0.999999 -0.000613986 0.000526303 0.000615318 0.999999 -0.00118422 -0.000525898 0.0011839 0.999999 -0.0436407 0.112981 -0.01449
FixedParameters: 0 0 0

#Transform 111
Transform: AffineTransform_float_3_3
Parameters: 0.999999 -0.000730586 0.000522984 0.000731958 0.999999 -0.0012408 -0.00052219 0.0012416 0.999999 -0.0465805 0.129596 -0.0188049
FixedParameters: 0 0 0

#Transform 112
Transform: AffineTransform_float_3_3
Parameters: 0.999999 -0.000615893 0.000521016 0.00061739 0.999999 -0.00136513 -0.000520353 0.0013658 0.999999 -0.0525853 0.108405 -0.0166493
FixedParameters: 0 0 0

#Transform 113
Transform: AffineTransform_float_3_3
Parameters: 0.999999 -0.00061407 0.000526099 0.000615398 0.999999 -0.00119121 -0.000525655 0.00119189 0.999999 -0.0406654 0.0814866 -0.0127269
FixedParameters: 0 0 0

#Transform 114
Transform: AffineTransform_float_3_3
Parameters: 0.999999 -0.000616323 0.00051979 0.000617871 0.999999 -0.00140711 -0.000519104 0.00140678 0.999999 -0.0337562 0.107257 -0.0182456
FixedParameters: 0 0 0

#Transform 115
Transform: AffineTransform_float_3_3
Parameters: 1 -0.000611109 0.000150983 0.000611604 0.999999 -0.00139639 -0.000150296 0.0013966 0.999999 -0.034797 0.134684 -0.029167
FixedParameters: 0 0 0

#Transform 116
Transform: AffineTransform_float_3_3
Parameters: 1 -0.000454547 6.94857e-05 0.000454847 0.999998 -0.00162485 -6.90292e-05 0.00162495 0.999998 -0.042395 0.0954454 -0.0188386
FixedParameters: 0 0 0

#Transform 117
Transform: AffineTransform_float_3_3
Parameters: 1 -0.000231829 0.000132242 0.00023126 0.999999 -0.00140008 -0.000131631 0.00140013 0.999999 -0.0438955 0.0867227 -0.00294572
FixedParameters: 0 0 0

#Transform 118
Transform: AffineTransform_float_3_3
Parameters: 0.999999 -0.000616191 0.000374781 0.000617458 0.999998 -0.00157696 -0.000373887 0.00157645 0.999998 -0.0438205 0.109731 0.000149889
FixedParameters: 0 0 0

#Transform 119
Transform: AffineTransform_float_3_3
Parameters: 1 -0.000382972 0.000120362 0.000383373 0.999999 -0.00142505 -0.000119292 0.00142514 0.999999 -0.0512714 0.141545 -0.0339297
FixedParameters: 0 0 0
