#!ascii label  , from subject sub-v2s10x28957_ses-1 vox2ras=TkReg
2186
38383  -33.646  -49.954  2.930 0.5000000000
37490  -34.982  -50.755  3.098 0.5000000000
38384  -34.505  -50.215  3.332 0.4000000060
37476  -35.336  -50.356  3.633 0.5000000000
38364  -35.768  -49.811  4.294 0.5000000000
38351  -36.323  -49.309  4.739 0.5000000000
53134  -37.264  -32.906  0.482 0.5000000000
53951  -36.838  -31.924  0.783 0.4000000060
53947  -38.545  -31.596  1.032 0.4000000060
53946  -37.564  -31.348  0.955 0.4000000060
54777  -38.777  -30.979  1.403 0.6000000238
54776  -38.206  -30.775  1.247 0.5000000000
55688  -37.501  -29.967  1.642 0.5000000000
55689  -38.519  -30.275  1.653 0.4000000060
121656  -38.846  -30.530  1.769 0.4000000060
55683  -37.882  -29.405  1.980 0.5000000000
55684  -38.800  -29.732  2.139 0.5000000000
121781  -39.095  -30.233  2.191 0.4000000060
36607  -34.014  -51.641  1.141 0.5000000000
36608  -34.571  -51.409  1.860 0.4000000060
37491  -35.716  -50.914  3.149 0.5000000000
37492  -36.590  -51.004  3.144 0.5000000000
37493  -37.502  -50.979  3.060 0.5000000000
37478  -37.106  -50.511  3.742 0.5000000000
38352  -37.172  -49.268  4.715 0.5000000000
39253  -36.709  -48.634  5.132 0.5000000000
106604  -35.786  -34.037  0.249 0.5000000000
52298  -36.539  -33.481  0.338 0.5000000000
52299  -37.353  -33.862  0.373 0.5000000000
53952  -37.987  -32.251  0.710 0.5000000000
53125  -38.660  -31.652  1.235 0.6000000238
106057  -39.720  -27.889  6.224 0.3000000119
117131  -38.899  -30.835  1.630 0.4000000060
57316  -40.087  -27.935  5.437 0.3000000119
56523  -40.068  -28.588  3.678 0.4000000060
55679  -39.852  -29.269  3.563 0.3000000119
56512  -40.147  -28.737  4.157 0.4000000060
37507  -33.674  -51.025  1.718 0.5000000000
38365  -36.699  -49.946  4.322 0.5000000000
37477  -36.203  -50.467  3.750 0.5000000000
39252  -35.796  -48.762  5.109 0.5000000000
53130  -38.576  -32.393  0.938 0.6000000238
110687  -40.192  -27.266  5.608 0.3000000119
115606  -40.164  -28.269  4.802 0.3000000119
25154  -38.895  -62.493  0.818 0.3000000119
26956  -38.524  -62.028  0.977 0.3000000119
25163  -38.946  -62.746  0.238 0.4000000060
26049  -38.029  -62.161  0.740 0.4000000060
25162  -38.037  -62.856  0.403 0.4000000060
106906  -36.796  -63.101  0.706 0.4000000060
117798  -36.795  -64.033  0.463 0.4000000060
26047  -34.467  -63.240  0.641 0.4000000060
112448  -34.341  -61.937  0.157 0.4000000060
26041  -38.453  -62.025  1.142 0.3000000119
26951  -38.095  -61.831  1.246 0.3000000119
28725  -37.295  -60.763  2.089 0.4000000060
26955  -38.000  -61.815  0.988 0.4000000060
26950  -37.358  -61.643  1.419 0.4000000060
26040  -36.806  -62.226  1.050 0.4000000060
26949  -35.876  -61.866  1.248 0.4000000060
26039  -35.370  -62.660  1.072 0.4000000060
119490  -34.591  -61.970  0.681 0.4000000060
28756  -35.898  -60.409  -1.556 0.4000000060
28755  -35.278  -60.549  -0.999 0.4000000060
29627  -36.424  -59.102  3.076 0.3000000119
29642  -36.354  -59.367  2.517 0.3000000119
28724  -36.328  -60.262  1.738 0.4000000060
113724  -35.363  -59.136  1.151 0.4000000060
27820  -36.519  -60.985  1.543 0.4000000060
28734  -35.246  -59.953  1.149 0.4000000060
29677  -35.206  -59.605  -0.188 0.4000000060
28746  -34.752  -60.652  -0.290 0.4000000060
30603  -36.676  -58.901  -1.325 0.4000000060
29685  -35.575  -59.918  -0.969 0.4000000060
31504  -39.396  -57.271  -1.935 0.4000000060
31503  -38.618  -57.299  -1.528 0.4000000060
30604  -37.530  -58.594  -1.617 0.4000000060
127939  -35.958  -58.871  3.658 0.3000000119
27805  -36.436  -60.862  2.826 0.3000000119
30555  -36.241  -58.597  2.744 0.3000000119
30578  -35.528  -58.286  1.113 0.3000000119
29664  -35.142  -59.550  0.547 0.4000000060
30592  -36.137  -58.476  -0.570 0.4000000060
31492  -37.885  -57.030  -0.997 0.4000000060
30593  -36.905  -58.118  -1.034 0.4000000060
29678  -35.853  -59.219  -0.793 0.4000000060
32330  -39.279  -56.512  -1.487 0.4000000060
32331  -40.052  -56.238  -1.807 0.4000000060
30556  -36.195  -58.395  3.337 0.3000000119
106084  -36.208  -56.881  3.221 0.3000000119
114356  -35.964  -57.209  2.401 0.3000000119
32287  -36.164  -56.379  2.250 0.3000000119
31474  -35.812  -57.119  1.558 0.4000000060
31482  -35.742  -57.556  0.844 0.4000000060
32318  -36.774  -56.747  0.057 0.4000000060
30579  -35.813  -58.052  0.196 0.4000000060
34063  -38.952  -54.800  -0.127 0.3000000119
33142  -38.671  -55.544  -0.463 0.4000000060
110987  -36.404  -57.848  -0.426 0.4000000060
33143  -39.321  -55.234  -0.716 0.3000000119
32320  -38.439  -56.373  -0.877 0.4000000060
33155  -39.643  -55.691  -1.292 0.4000000060
121835  -36.411  -56.838  6.247 0.3000000119
109776  -36.198  -56.897  5.303 0.3000000119
32223  -36.921  -56.202  6.568 0.3000000119
30544  -35.793  -58.388  4.165 0.3000000119
31442  -36.210  -56.933  4.291 0.3000000119
111589  -36.098  -57.674  3.780 0.3000000119
32268  -36.388  -56.153  3.871 0.3000000119
33094  -36.601  -55.324  3.483 0.3000000119
119974  -36.345  -56.049  3.070 0.3000000119
33112  -36.530  -55.499  2.555 0.3000000119
33119  -37.220  -55.183  1.219 0.3000000119
33118  -36.570  -55.652  1.688 0.3000000119
34047  -37.908  -54.827  0.825 0.3000000119
32306  -36.605  -56.359  0.615 0.3000000119
33128  -38.287  -55.161  0.166 0.3000000119
33127  -37.578  -55.480  0.489 0.4000000060
112940  -39.663  -54.509  -0.416 0.3000000119
33144  -39.944  -54.946  -1.062 0.4000000060
116446  -41.477  -54.380  -1.595 0.4000000060
33045  -36.940  -55.661  6.084 0.3000000119
33064  -36.783  -55.528  5.338 0.3000000119
33065  -37.260  -55.035  5.918 0.3000000119
33076  -36.657  -55.460  4.423 0.3000000119
33995  -36.890  -54.835  4.113 0.3000000119
34943  -37.951  -53.550  2.726 0.3000000119
34029  -36.868  -54.730  2.850 0.3000000119
34957  -38.848  -53.691  1.223 0.3000000119
34040  -37.604  -54.528  1.539 0.3000000119
33113  -36.938  -54.919  2.013 0.3000000119
34959  -39.857  -53.243  0.947 0.3000000119
34048  -38.595  -54.472  0.585 0.3000000119
34982  -40.243  -53.737  -0.063 0.3000000119
121800  -41.135  -53.217  -0.023 0.3000000119
34065  -41.029  -53.830  -0.848 0.3000000119
121141  -42.042  -53.575  -1.252 0.3000000119
35004  -43.060  -53.946  -2.156 0.4000000060
33047  -38.181  -55.445  6.943 0.3000000119
33048  -39.435  -55.862  6.966 0.3000000119
33077  -37.124  -54.726  4.961 0.3000000119
34898  -38.218  -53.759  5.354 0.3000000119
32226  -40.144  -56.379  6.624 0.3000000119
33066  -40.672  -55.666  6.040 0.3000000119
124706  -37.612  -54.013  4.983 0.3000000119
34912  -38.761  -53.332  4.838 0.3000000119
32242  -41.333  -57.160  5.540 0.3000000119
35751  -39.977  -52.758  2.395 0.3000000119
34925  -38.726  -52.945  3.243 0.3000000119
34924  -37.916  -53.477  3.670 0.3000000119
34958  -39.437  -53.055  1.814 0.3000000119
34944  -38.694  -53.269  2.204 0.3000000119
35762  -40.776  -52.756  1.410 0.3000000119
34966  -40.647  -53.109  0.574 0.3000000119
34983  -41.730  -53.230  -0.536 0.3000000119
34993  -42.683  -53.662  -1.650 0.4000000060
34994  -43.350  -53.394  -1.614 0.4000000060
35005  -44.012  -53.671  -2.177 0.5000000000
33982  -39.262  -54.266  6.258 0.3000000119
33049  -40.017  -55.455  6.554 0.3000000119
34900  -39.727  -53.944  5.710 0.3000000119
33983  -40.165  -54.662  6.090 0.3000000119
116640  -38.516  -53.177  4.109 0.3000000119
34913  -39.687  -53.428  4.937 0.3000000119
32255  -41.884  -57.009  4.914 0.3000000119
31432  -42.261  -57.806  4.633 0.3000000119
34926  -39.818  -52.813  3.293 0.3000000119
107602  -39.254  -52.958  4.138 0.3000000119
31444  -43.307  -57.724  3.057 0.3000000119
35752  -40.564  -52.757  2.125 0.3000000119
30546  -43.715  -58.725  2.960 0.3000000119
106323  -42.311  -52.720  1.026 0.3000000119
35763  -41.699  -52.785  1.569 0.3000000119
120642  -45.140  -58.363  1.996 0.3000000119
35777  -41.413  -52.795  0.782 0.3000000119
35778  -43.004  -52.663  0.453 0.3000000119
34984  -42.662  -52.893  -0.533 0.3000000119
126063  -42.824  -53.256  -1.220 0.3000000119
34995  -44.168  -53.088  -1.390 0.4000000060
118149  -44.729  -53.302  -1.747 0.5000000000
33997  -40.401  -54.081  5.242 0.3000000119
124997  -41.037  -54.931  5.235 0.3000000119
33067  -41.414  -56.114  5.299 0.3000000119
106674  -40.024  -53.078  4.121 0.3000000119
34914  -40.546  -53.609  4.459 0.3000000119
33998  -41.488  -54.703  4.280 0.3000000119
118138  -41.605  -55.434  4.566 0.3000000119
34946  -40.633  -52.851  2.764 0.3000000119
33078  -41.982  -56.139  4.345 0.3000000119
127486  -41.864  -52.893  1.996 0.3000000119
32270  -43.434  -57.104  2.748 0.3000000119
32271  -43.944  -56.700  2.735 0.3000000119
32289  -44.428  -57.310  2.598 0.3000000119
32257  -47.068  -56.132  4.054 0.3000000119
32273  -46.402  -56.532  3.610 0.3000000119
106086  -43.271  -52.850  1.296 0.3000000119
35779  -44.032  -52.778  0.817 0.3000000119
35799  -43.738  -52.676  -0.087 0.3000000119
35800  -44.457  -52.783  -0.564 0.3000000119
34014  -41.838  -54.443  3.443 0.3000000119
35754  -41.965  -53.125  2.282 0.3000000119
106156  -42.086  -53.592  2.661 0.3000000119
34928  -41.582  -53.700  3.251 0.3000000119
110157  -42.164  -54.107  2.959 0.3000000119
34015  -42.515  -54.840  2.965 0.3000000119
124664  -43.726  -55.985  3.011 0.3000000119
33095  -42.059  -55.357  3.671 0.3000000119
35764  -42.494  -52.971  1.796 0.3000000119
34948  -42.769  -53.427  2.280 0.3000000119
34929  -42.889  -54.042  2.693 0.3000000119
126347  -43.239  -54.652  2.828 0.3000000119
34017  -43.932  -54.687  3.362 0.3000000119
33098  -44.149  -55.392  3.422 0.3000000119
33097  -43.167  -56.329  2.836 0.3000000119
34960  -43.470  -53.209  1.953 0.3000000119
107205  -45.638  -55.239  4.516 0.3000000119
33080  -44.840  -55.406  4.075 0.3000000119
122026  -45.631  -54.565  4.893 0.3000000119
33081  -46.426  -55.728  4.296 0.3000000119
33099  -45.513  -56.072  3.827 0.3000000119
33985  -46.916  -54.019  5.347 0.3000000119
34001  -46.515  -54.825  4.889 0.3000000119
35766  -44.809  -52.721  1.171 0.4000000060
34002  -47.664  -54.586  4.901 0.3000000119
106288  -44.724  -52.708  0.318 0.4000000060
35734  -49.374  -52.501  4.508 0.3000000119
107886  -45.414  -52.532  0.486 0.3000000119
113155  -45.453  -52.701  -0.220 0.4000000060
112060  -49.995  -52.658  3.987 0.3000000119
35809  -45.947  -52.865  -1.029 0.5000000000
34997  -46.412  -53.288  -1.853 0.5000000000
34949  -43.592  -53.622  2.461 0.3000000119
34930  -43.728  -54.144  2.908 0.3000000119
34931  -44.170  -53.927  3.601 0.3000000119
108971  -44.487  -54.150  4.317 0.3000000119
34916  -45.112  -54.042  4.981 0.3000000119
127073  -44.527  -52.899  1.860 0.4000000060
34902  -46.321  -53.359  5.480 0.3000000119
34903  -47.269  -53.237  5.474 0.3000000119
36614  -44.841  -52.426  1.886 0.4000000060
35767  -45.422  -52.273  1.031 0.5000000000
34904  -48.146  -53.153  5.252 0.3000000119
35733  -48.650  -52.321  5.041 0.4000000060
36567  -48.655  -51.372  5.017 0.4000000060
125579  -45.828  -52.537  0.128 0.5000000000
35780  -46.049  -52.252  0.346 0.6000000238
121718  -49.176  -51.808  4.677 0.3000000119
35781  -46.618  -52.122  -0.179 0.6000000238
35802  -47.099  -52.278  -0.890 0.6000000238
34950  -44.134  -53.562  2.851 0.3000000119
35731  -44.384  -52.755  4.488 0.3000000119
36566  -44.597  -52.415  5.130 0.3000000119
35755  -44.437  -52.969  2.505 0.3000000119
35732  -44.720  -53.297  4.879 0.3000000119
35724  -45.040  -52.822  5.312 0.3000000119
34901  -45.413  -53.401  5.310 0.3000000119
35725  -45.726  -52.743  5.548 0.4000000060
35726  -46.682  -52.597  5.628 0.4000000060
36557  -47.007  -51.763  5.710 0.4000000060
36615  -45.264  -51.628  1.511 0.5000000000
35727  -47.731  -52.361  5.459 0.4000000060
37447  -47.342  -50.851  5.701 0.4000000060
37448  -48.195  -50.619  5.286 0.4000000060
36634  -45.896  -51.589  0.804 0.6000000238
127408  -48.277  -51.876  5.278 0.4000000060
37463  -48.862  -50.460  4.764 0.4000000060
39244  -48.781  -48.939  4.897 0.4000000060
36635  -46.506  -51.548  0.185 0.6000000238
37464  -49.490  -50.355  4.316 0.3000000119
38355  -49.144  -49.653  4.579 0.4000000060
36652  -47.048  -51.600  -0.493 0.6000000238
36653  -47.516  -51.641  -1.218 0.6000000238
37542  -47.468  -50.913  -1.144 0.6999999881
35740  -44.278  -53.129  3.533 0.3000000119
110614  -44.504  -52.395  2.905 0.3000000119
126985  -44.323  -51.698  3.251 0.3000000119
36555  -45.130  -52.174  5.563 0.3000000119
37445  -45.347  -51.420  5.935 0.4000000060
36601  -44.686  -51.631  2.375 0.5000000000
36556  -46.016  -52.011  5.808 0.4000000060
37497  -44.271  -50.808  2.962 0.5000000000
38337  -47.698  -49.926  5.598 0.4000000060
37513  -44.884  -50.765  1.874 0.5000000000
110734  -44.564  -49.878  2.174 0.6000000238
39243  -48.034  -49.053  5.435 0.4000000060
39228  -48.493  -48.343  5.406 0.4000000060
38404  -45.938  -49.902  0.817 0.6000000238
39245  -49.295  -48.228  4.888 0.4000000060
40199  -49.661  -47.584  5.268 0.4000000060
38409  -46.830  -49.584  -0.457 0.6999999881
38415  -47.960  -49.705  -2.287 0.6999999881
114938  -48.206  -51.171  -2.064 0.6999999881
36581  -43.924  -51.396  4.016 0.4000000060
36565  -44.190  -51.883  4.724 0.4000000060
111156  -44.761  -50.927  6.042 0.4000000060
37433  -44.581  -50.234  6.277 0.4000000060
37462  -43.828  -50.992  4.977 0.4000000060
37434  -45.548  -50.497  6.287 0.4000000060
37481  -43.708  -50.523  3.984 0.4000000060
37446  -46.331  -51.159  5.983 0.4000000060
38320  -46.149  -49.564  6.467 0.4000000060
38336  -46.747  -50.225  6.089 0.4000000060
38321  -47.187  -49.283  6.016 0.4000000060
39227  -47.654  -48.386  6.020 0.4000000060
124141  -45.281  -49.900  1.458 0.6000000238
120746  -48.889  -47.718  5.506 0.4000000060
38397  -44.950  -49.130  1.655 0.6000000238
38398  -45.588  -49.132  1.072 0.6999999881
121115  -46.202  -49.087  0.281 0.6999999881
120815  -49.830  -46.851  6.087 0.4000000060
39312  -46.656  -48.715  -0.698 0.6999999881
37550  -48.518  -50.318  -3.114 0.6999999881
38335  -43.925  -49.958  6.124 0.4000000060
38369  -43.508  -49.697  4.080 0.4000000060
37461  -43.720  -50.243  5.484 0.4000000060
38319  -45.136  -49.615  6.596 0.4000000060
38370  -43.957  -49.782  3.099 0.6000000238
108086  -45.701  -48.895  6.806 0.4000000060
38387  -44.327  -49.019  2.350 0.6999999881
40183  -46.987  -47.944  6.681 0.4000000060
39300  -44.697  -48.428  1.736 0.6999999881
40184  -47.816  -47.620  6.429 0.4000000060
39308  -45.591  -48.407  0.717 0.6999999881
40989  -48.845  -46.760  6.631 0.4000000060
40988  -48.105  -46.986  6.850 0.4000000060
111827  -49.626  -46.501  6.557 0.4000000060
38414  -47.323  -49.216  -1.423 0.6999999881
38417  -48.454  -49.455  -3.692 0.6999999881
41815  -50.722  -45.825  6.853 0.4000000060
41806  -51.332  -45.035  7.321 0.4000000060
39242  -43.142  -48.933  5.447 0.4000000060
38334  -43.527  -49.638  5.769 0.4000000060
38318  -44.308  -49.434  6.542 0.4000000060
39278  -43.650  -48.839  3.237 0.6999999881
114293  -43.236  -48.991  4.362 0.5000000000
39292  -44.110  -48.252  2.357 0.6999999881
123349  -46.217  -48.279  6.926 0.4000000060
40171  -47.286  -47.240  7.137 0.4000000060
40249  -44.399  -47.707  1.695 0.6999999881
40170  -46.252  -47.592  7.383 0.4000000060
106596  -46.716  -46.750  7.859 0.4000000060
40256  -45.299  -47.608  0.434 0.6999999881
39311  -46.010  -48.165  -0.092 0.6999999881
106783  -48.438  -46.442  7.221 0.4000000060
40977  -49.079  -46.158  7.200 0.4000000060
119885  -49.210  -45.511  7.692 0.4000000060
39316  -47.122  -48.459  -1.743 0.6999999881
40978  -49.855  -45.765  7.218 0.4000000060
111995  -46.938  -47.867  -2.114 0.6999999881
42633  -50.970  -44.205  7.673 0.4000000060
43475  -52.179  -43.405  7.337 0.4000000060
39223  -43.517  -48.375  6.796 0.4000000060
39224  -44.043  -48.689  6.930 0.4000000060
39225  -44.806  -48.869  6.952 0.4000000060
39256  -42.739  -48.069  5.246 0.6000000238
39222  -42.991  -48.254  6.274 0.5000000000
39204  -43.767  -47.947  7.281 0.5000000000
39205  -44.527  -48.161  7.351 0.4000000060
39241  -36.974  -47.737  5.325 0.4000000060
40214  -38.319  -47.322  4.404 0.5000000000
40216  -42.766  -47.787  4.288 0.6000000238
40169  -45.160  -47.585  7.687 0.4000000060
40248  -43.796  -47.179  1.931 0.6000000238
40976  -45.736  -46.941  8.063 0.4000000060
120699  -44.219  -47.032  1.271 0.6000000238
40963  -47.037  -45.963  8.392 0.4000000060
122377  -44.630  -46.971  0.553 0.6999999881
107744  -47.688  -46.415  7.639 0.4000000060
40259  -45.064  -46.930  -0.200 0.6999999881
41803  -48.459  -45.755  7.822 0.4000000060
40266  -46.544  -47.423  -2.000 0.6999999881
42620  -49.350  -44.183  8.303 0.4000000060
43473  -50.552  -43.392  7.835 0.4000000060
114049  -50.902  -42.668  7.494 0.4000000060
45132  -51.207  -41.671  6.135 0.4000000060
40167  -43.142  -47.763  7.014 0.5000000000
40215  -42.443  -47.308  4.849 0.6000000238
40198  -42.473  -47.506  5.828 0.5000000000
122212  -43.385  -47.034  7.640 0.5000000000
41832  -36.101  -46.014  5.408 0.3000000119
121297  -36.813  -46.256  5.181 0.4000000060
112983  -37.921  -46.501  4.168 0.5000000000
41046  -43.306  -46.693  2.309 0.6000000238
40231  -42.597  -47.180  4.048 0.6000000238
40168  -44.235  -47.450  7.727 0.4000000060
41055  -43.622  -46.524  1.581 0.6000000238
40975  -44.789  -46.961  8.147 0.5000000000
41868  -43.923  -45.793  0.014 0.6999999881
41062  -43.937  -46.320  0.734 0.6000000238
40962  -46.152  -46.206  8.509 0.4000000060
41875  -44.324  -45.609  -0.749 0.8000000119
41063  -44.433  -46.354  -0.078 0.6999999881
41789  -47.296  -45.132  8.727 0.4000000060
41790  -48.114  -45.005  8.470 0.4000000060
42619  -48.508  -44.230  8.533 0.4000000060
43472  -49.720  -43.415  8.166 0.4000000060
117699  -49.988  -42.636  7.760 0.4000000060
44293  -51.082  -42.012  6.952 0.4000000060
45143  -50.362  -41.819  5.151 0.4000000060
41029  -42.286  -46.608  4.332 0.6000000238
41010  -42.057  -46.610  5.427 0.6000000238
40987  -42.309  -46.954  6.402 0.5000000000
40166  -42.710  -47.118  7.073 0.5000000000
41840  -36.605  -45.571  4.906 0.4000000060
41027  -37.240  -45.976  4.569 0.4000000060
41863  -43.355  -45.808  1.262 0.6000000238
41045  -42.742  -46.228  2.818 0.6000000238
40959  -43.682  -46.430  8.242 0.5000000000
41874  -43.709  -44.939  -0.358 0.6999999881
40974  -44.051  -46.900  8.118 0.5000000000
41043  -38.743  -46.399  2.426 0.5000000000
41878  -44.284  -44.662  -1.473 0.6999999881
127582  -43.812  -45.683  8.680 0.5000000000
119124  -38.152  -46.440  -0.257 0.6999999881
41042  -37.811  -46.112  1.306 0.6000000238
117758  -45.617  -43.067  -3.860 0.6999999881
126510  -44.367  -43.668  -2.096 0.6999999881
41884  -45.547  -44.803  -3.231 0.6999999881
112906  -45.142  -45.118  9.184 0.5000000000
41065  -38.041  -46.205  -1.293 0.6999999881
41058  -38.478  -46.435  -0.809 0.6999999881
41788  -46.454  -45.388  8.879 0.4000000060
42715  -46.195  -43.807  -4.401 0.8000000119
42617  -46.664  -44.454  9.059 0.4000000060
42618  -47.643  -44.322  8.796 0.4000000060
43460  -48.874  -43.485  8.411 0.4000000060
44266  -49.169  -42.807  8.153 0.4000000060
45131  -50.130  -41.756  6.284 0.4000000060
41842  -41.871  -45.851  4.637 0.6000000238
41834  -41.701  -45.644  5.597 0.6000000238
109926  -41.938  -46.163  6.391 0.6000000238
40973  -42.708  -46.531  7.447 0.5000000000
42672  -36.307  -44.997  4.459 0.4000000060
41847  -36.774  -45.306  3.887 0.4000000060
41848  -37.379  -45.660  3.289 0.6999999881
126455  -42.620  -44.509  1.706 0.6999999881
41856  -42.594  -45.523  2.484 0.6000000238
127811  -42.438  -45.702  3.006 0.6000000238
41814  -41.705  -45.160  6.511 0.5000000000
41036  -38.040  -46.069  2.812 0.6999999881
42709  -43.855  -43.881  -1.135 0.6999999881
106743  -43.412  -43.975  -0.172 0.6999999881
42704  -43.272  -44.713  0.472 0.6999999881
41862  -42.820  -45.232  1.679 0.6999999881
110646  -42.222  -45.818  7.300 0.5000000000
41801  -42.970  -46.021  8.093 0.5000000000
42615  -44.347  -44.902  9.122 0.5000000000
41051  -37.462  -46.396  -0.110 0.6999999881
43551  -44.708  -41.741  -3.518 0.6999999881
42597  -45.178  -44.433  9.242 0.4000000060
41057  -37.402  -46.403  -1.020 0.6999999881
44399  -44.963  -41.628  -4.113 0.6999999881
43552  -45.347  -42.267  -4.198 0.6999999881
45222  -43.597  -40.665  -3.201 0.6000000238
44400  -43.573  -41.264  -3.633 0.6000000238
44401  -44.447  -41.537  -3.971 0.6999999881
42598  -45.883  -44.199  9.199 0.4000000060
43458  -47.106  -43.638  8.838 0.4000000060
123475  -38.650  -45.674  -1.193 0.6999999881
45221  -43.172  -40.584  -3.260 0.6000000238
43459  -48.014  -43.558  8.639 0.4000000060
44397  -42.644  -41.730  -3.335 0.6000000238
44264  -47.445  -42.941  8.487 0.4000000060
44284  -48.535  -42.359  7.785 0.4000000060
120143  -49.234  -42.329  7.632 0.4000000060
120045  -49.230  -41.973  5.001 0.4000000060
125869  -49.598  -42.118  4.147 0.4000000060
41833  -41.573  -44.886  5.672 0.6000000238
42671  -35.744  -44.399  4.447 0.6000000238
42680  -36.211  -44.735  3.450 0.6000000238
123957  -36.526  -45.210  2.349 0.6999999881
43538  -42.962  -43.110  0.952 0.6000000238
122720  -42.398  -43.980  2.071 0.6999999881
113611  -42.150  -44.179  2.829 0.6999999881
42674  -41.840  -45.119  4.032 0.6000000238
43546  -43.640  -43.020  -0.853 0.6000000238
43539  -43.310  -43.092  0.102 0.6000000238
42703  -43.057  -43.915  0.645 0.6999999881
41855  -37.199  -45.715  1.743 0.6999999881
107643  -43.791  -42.033  -1.518 0.6000000238
41785  -43.159  -45.108  8.530 0.5000000000
41866  -36.738  -46.299  -0.864 0.6999999881
41861  -36.830  -46.182  0.201 0.6999999881
45219  -43.377  -40.354  -2.338 0.6000000238
44396  -44.077  -41.133  -2.685 0.6000000238
43455  -44.457  -43.934  9.130 0.4000000060
41871  -38.040  -46.073  -1.418 0.6999999881
41056  -36.858  -46.238  -1.151 0.6999999881
44398  -44.259  -41.273  -3.680 0.6999999881
42706  -37.312  -46.058  -1.365 0.6999999881
43456  -45.405  -43.612  9.054 0.4000000060
125817  -45.929  -43.288  8.853 0.4000000060
45220  -42.481  -40.878  -2.984 0.6000000238
44262  -45.551  -42.878  8.658 0.4000000060
44263  -46.459  -42.994  8.632 0.4000000060
42707  -39.485  -45.356  -0.915 0.6999999881
42702  -40.022  -44.581  -0.029 0.6999999881
43547  -40.942  -44.046  -1.403 0.6999999881
43548  -41.488  -43.118  -1.933 0.6000000238
44283  -47.716  -42.375  7.946 0.4000000060
45129  -47.992  -41.775  6.186 0.4000000060
45130  -48.873  -41.750  5.947 0.4000000060
45142  -48.742  -41.818  4.954 0.4000000060
46036  -49.143  -41.492  3.921 0.3000000119
41841  -41.621  -45.038  4.920 0.6000000238
43509  -35.195  -43.655  4.089 0.5000000000
44389  -43.358  -42.141  0.413 0.6000000238
44379  -42.933  -42.358  1.380 0.6000000238
43526  -42.281  -43.326  2.545 0.6000000238
42681  -41.862  -44.341  3.603 0.6000000238
42663  -41.540  -44.275  5.219 0.6000000238
42643  -41.579  -44.259  6.092 0.6000000238
42679  -35.565  -44.171  3.029 0.6000000238
42688  -35.902  -44.726  2.330 0.5000000000
109041  -43.610  -41.337  -0.482 0.6000000238
112984  -43.596  -42.175  -0.587 0.6000000238
43481  -41.702  -43.456  6.508 0.5000000000
42630  -41.738  -44.262  6.984 0.4000000060
123663  -42.178  -44.306  7.734 0.5000000000
41860  -36.337  -45.586  0.703 0.6999999881
43471  -42.071  -43.436  7.434 0.5000000000
125034  -42.461  -43.716  8.077 0.4000000060
43454  -43.056  -43.509  8.476 0.4000000060
45217  -43.478  -40.173  -1.017 0.6000000238
44260  -43.537  -42.852  8.477 0.4000000060
44261  -44.536  -42.986  8.725 0.4000000060
41870  -36.792  -46.121  -1.210 0.6999999881
46101  -43.114  -40.047  -2.789 0.6000000238
46098  -42.622  -40.069  -1.918 0.6000000238
45101  -44.989  -42.203  8.290 0.4000000060
42700  -38.025  -45.444  -0.787 0.6999999881
117302  -42.156  -41.091  -2.120 0.6000000238
45114  -46.306  -41.766  7.592 0.4000000060
44282  -46.845  -42.360  8.072 0.4000000060
42701  -39.090  -44.973  -0.216 0.6999999881
43536  -39.566  -44.267  0.726 0.6999999881
43544  -40.706  -43.669  -0.369 0.6999999881
44392  -41.119  -42.393  -0.642 0.6999999881
45128  -47.392  -41.522  6.656 0.4000000060
45116  -47.891  -41.959  7.170 0.4000000060
43537  -40.284  -43.756  0.501 0.6999999881
45995  -46.653  -41.265  7.049 0.4000000060
46012  -47.740  -41.290  5.929 0.3000000119
45141  -48.332  -41.575  5.400 0.4000000060
46969  -48.816  -39.882  4.878 0.4000000060
46025  -48.695  -41.581  4.719 0.3000000119
44364  -42.564  -42.472  2.229 0.6000000238
44343  -42.237  -42.664  3.077 0.6000000238
44322  -41.849  -42.899  3.980 0.6000000238
44304  -41.782  -42.774  4.988 0.5000000000
43522  -35.007  -43.968  2.051 0.6000000238
42687  -35.376  -44.517  1.638 0.6000000238
117208  -43.528  -41.000  0.122 0.6000000238
45204  -42.987  -41.649  1.856 0.6000000238
44291  -41.757  -42.688  5.957 0.5000000000
41854  -35.755  -45.085  1.154 0.6999999881
44279  -42.461  -42.038  7.164 0.5000000000
43482  -41.998  -42.677  6.853 0.4000000060
43453  -42.600  -43.056  8.035 0.4000000060
41865  -36.119  -45.974  -0.445 0.6999999881
41864  -35.650  -45.412  -0.100 0.6999999881
46099  -42.915  -39.976  -2.265 0.6000000238
47027  -43.074  -39.533  -0.960 0.6000000238
114626  -43.003  -42.289  7.940 0.5000000000
44280  -43.995  -42.159  8.254 0.5000000000
126694  -36.160  -45.525  -0.839 0.8000000119
41869  -35.938  -45.515  -0.681 0.8000000119
45111  -43.621  -41.507  7.639 0.4000000060
42699  -37.089  -45.545  -0.948 0.8000000119
124137  -41.925  -40.019  -1.143 0.6000000238
45112  -44.511  -41.498  7.813 0.4000000060
42692  -37.776  -44.656  0.145 0.6999999881
45216  -41.510  -41.109  -1.176 0.6999999881
47798  -45.771  -38.116  6.131 0.5000000000
47797  -45.062  -38.752  6.228 0.5000000000
46937  -45.888  -39.007  6.524 0.5000000000
45994  -45.503  -40.435  7.210 0.4000000060
114701  -45.850  -41.082  7.350 0.4000000060
42693  -38.665  -44.545  0.557 0.6999999881
44388  -40.691  -42.682  0.399 0.6999999881
45215  -41.110  -41.695  -0.193 0.6999999881
48680  -45.755  -37.315  5.572 0.5000000000
47799  -46.510  -38.298  6.289 0.5000000000
46938  -46.833  -39.034  6.464 0.4000000060
46010  -46.473  -39.790  6.711 0.4000000060
46011  -47.045  -40.671  6.561 0.4000000060
48698  -46.280  -36.707  5.359 0.4000000060
48681  -46.371  -37.609  5.953 0.5000000000
48682  -46.911  -37.803  6.102 0.4000000060
109732  -47.151  -39.777  6.439 0.4000000060
113914  -47.009  -36.562  5.302 0.4000000060
119907  -46.830  -37.284  5.758 0.4000000060
47800  -47.233  -38.341  6.192 0.4000000060
46955  -47.560  -39.206  6.178 0.4000000060
46956  -48.213  -39.556  5.621 0.4000000060
45191  -42.670  -41.702  2.815 0.6000000238
122914  -42.258  -42.142  3.591 0.6000000238
43521  -34.631  -43.319  2.391 0.5000000000
45211  -43.498  -40.560  0.742 0.6000000238
45205  -43.380  -40.947  1.462 0.6000000238
45192  -43.235  -40.851  2.162 0.6000000238
45156  -42.478  -41.293  4.673 0.5000000000
45140  -42.509  -41.239  5.697 0.5000000000
44305  -42.074  -41.983  5.352 0.5000000000
42686  -34.894  -44.336  1.006 0.6000000238
42691  -35.200  -44.793  0.421 0.6999999881
47023  -43.036  -39.268  -0.055 0.6000000238
118942  -43.514  -40.137  -0.044 0.6000000238
42690  -34.636  -44.298  0.128 0.6000000238
47026  -42.703  -39.694  -1.422 0.6000000238
126105  -42.721  -39.308  -0.656 0.6000000238
45126  -42.684  -41.333  6.653 0.5000000000
42705  -35.539  -44.755  -0.621 0.8000000119
46954  -44.420  -39.071  6.057 0.5000000000
46007  -43.704  -40.252  6.618 0.5000000000
45127  -43.265  -40.885  7.053 0.5000000000
122790  -42.962  -41.578  7.343 0.5000000000
42698  -36.123  -44.781  -0.664 0.8000000119
46092  -41.571  -39.856  -0.095 0.6000000238
120117  -45.173  -36.972  4.910 0.5000000000
47836  -44.616  -37.487  4.682 0.5000000000
46935  -44.662  -39.506  6.560 0.5000000000
45992  -44.160  -40.680  7.312 0.4000000060
43535  -36.954  -44.611  -0.174 0.8000000119
45210  -41.297  -40.753  -0.246 0.6999999881
47816  -45.189  -37.860  5.575 0.5000000000
46936  -45.214  -39.430  6.680 0.5000000000
45993  -44.907  -40.056  7.105 0.5000000000
43529  -38.276  -44.040  1.350 0.8000000119
44378  -40.333  -42.319  1.312 0.6999999881
45209  -40.830  -41.518  0.572 0.6999999881
49626  -44.885  -35.889  4.567 0.5000000000
48697  -45.592  -36.530  4.968 0.4000000060
43531  -40.008  -43.363  1.158 0.6999999881
45176  -42.536  -41.404  3.735 0.5000000000
44356  -33.756  -42.080  2.030 0.5000000000
46093  -43.415  -39.726  0.408 0.6000000238
46087  -43.515  -40.009  1.383 0.6000000238
46033  -42.910  -40.572  3.953 0.5000000000
44357  -34.148  -42.968  1.465 0.5000000000
46021  -42.913  -40.524  4.943 0.5000000000
45201  -33.417  -41.473  1.368 0.5000000000
44374  -33.646  -42.509  0.693 0.5000000000
43527  -34.184  -43.551  0.479 0.5000000000
47022  -42.436  -39.130  0.051 0.6000000238
47017  -42.700  -38.993  0.755 0.6000000238
46968  -43.823  -39.046  4.327 0.5000000000
117816  -43.446  -39.822  5.136 0.5000000000
46006  -43.073  -40.514  6.051 0.5000000000
47021  -42.221  -39.476  -0.545 0.6000000238
47878  -42.084  -38.983  0.863 0.6000000238
47852  -44.021  -37.575  3.966 0.5000000000
47835  -44.223  -38.295  4.471 0.5000000000
46953  -44.000  -39.161  5.395 0.5000000000
46022  -43.602  -39.866  5.931 0.5000000000
43542  -35.061  -43.798  -0.828 0.6999999881
46091  -41.083  -40.548  0.633 0.6000000238
47815  -44.611  -38.450  5.450 0.5000000000
44387  -35.632  -43.717  -0.474 0.6999999881
121750  -36.597  -43.965  0.280 0.6999999881
43528  -37.475  -44.016  0.952 0.8000000119
44377  -39.586  -43.014  1.877 0.6999999881
49627  -45.740  -35.672  4.595 0.5000000000
50504  -45.309  -34.970  4.516 0.5000000000
43530  -39.127  -43.894  1.456 0.8000000119
118436  -46.458  -35.857  4.718 0.5000000000
51438  -48.074  -34.461  4.757 0.4000000060
52259  -48.848  -34.125  5.580 0.5000000000
51467  -48.833  -34.858  3.114 0.5000000000
51439  -48.804  -34.414  4.721 0.5000000000
52260  -49.549  -34.030  5.166 0.5000000000
46072  -43.493  -39.889  2.315 0.6000000238
46050  -43.097  -40.726  3.040 0.5000000000
47018  -43.168  -39.281  0.918 0.6000000238
47006  -43.330  -39.173  1.755 0.6000000238
46051  -43.470  -39.806  3.198 0.5000000000
46034  -43.405  -39.801  4.145 0.5000000000
45207  -33.452  -41.673  0.037 0.5000000000
43533  -33.801  -43.226  0.047 0.5000000000
43534  -34.315  -43.689  -0.253 0.6999999881
47872  -42.414  -38.705  1.453 0.6000000238
47873  -42.947  -38.854  1.462 0.6000000238
112069  -43.723  -38.999  3.415 0.5000000000
46084  -33.225  -40.694  0.934 0.5000000000
44390  -34.183  -42.773  -0.798 0.6000000238
108675  -41.833  -39.319  0.317 0.6000000238
47851  -43.845  -38.318  3.694 0.5000000000
44391  -34.769  -42.859  -0.903 0.6999999881
47016  -41.581  -39.261  1.166 0.6000000238
48719  -44.058  -36.791  4.198 0.5000000000
44386  -35.160  -42.829  -0.721 0.6999999881
47015  -41.099  -39.754  1.608 0.6000000238
48696  -44.565  -36.593  4.467 0.5000000000
49645  -44.422  -35.227  4.698 0.6000000238
49644  -43.983  -35.980  4.422 0.4000000060
45203  -40.565  -41.243  1.495 0.6999999881
51407  -46.888  -33.973  6.569 0.4000000060
52245  -47.748  -33.800  6.515 0.4000000060
44362  -39.185  -42.728  2.622 0.6999999881
51423  -47.974  -34.173  5.632 0.4000000060
44360  -37.526  -42.953  2.728 0.6999999881
43523  -37.113  -43.406  1.653 0.6999999881
51453  -49.264  -34.434  4.122 0.5000000000
46989  -43.543  -39.014  2.582 0.5000000000
126969  -42.675  -38.596  1.839 0.6000000238
47862  -43.058  -38.565  2.228 0.5000000000
108937  -43.460  -38.374  3.043 0.5000000000
46089  -33.496  -40.682  -0.118 0.6000000238
125845  -33.819  -41.274  -0.624 0.6000000238
47871  -41.793  -38.792  1.634 0.6000000238
48735  -43.422  -37.698  3.503 0.5000000000
45213  -34.601  -42.075  -1.001 0.6000000238
122700  -41.324  -39.173  1.834 0.5000000000
48718  -43.448  -36.961  4.030 0.5000000000
125518  -43.683  -36.498  4.287 0.5000000000
45214  -35.035  -42.167  -0.899 0.6999999881
47004  -40.930  -39.645  2.446 0.6000000238
49643  -43.419  -36.319  4.539 0.6000000238
50502  -43.787  -35.549  4.783 0.5000000000
45208  -35.314  -41.910  -0.489 0.6999999881
45190  -40.226  -41.405  2.346 0.6999999881
51419  -44.856  -34.705  6.390 0.5000000000
51405  -45.479  -34.393  7.124 0.4000000060
44341  -38.834  -42.371  3.340 0.6999999881
51434  -44.723  -34.647  5.324 0.5000000000
51420  -45.371  -34.354  5.895 0.5000000000
51406  -46.088  -34.094  6.760 0.4000000060
44376  -36.318  -43.148  0.940 0.6999999881
43525  -38.687  -43.438  2.133 0.6999999881
52220  -47.548  -33.422  7.447 0.4000000060
52221  -48.357  -33.179  7.232 0.4000000060
44358  -36.011  -42.256  1.696 0.6999999881
53076  -49.132  -32.920  6.997 0.4000000060
44359  -36.757  -42.751  2.323 0.6999999881
52246  -48.645  -33.633  6.449 0.4000000060
53077  -49.796  -32.380  6.697 0.4000000060
52247  -49.585  -33.373  6.152 0.4000000060
52273  -50.180  -33.937  4.482 0.5000000000
52261  -50.239  -33.363  5.367 0.5000000000
48741  -42.873  -38.002  2.992 0.5000000000
47861  -42.293  -38.396  2.288 0.5000000000
47850  -42.284  -37.964  3.222 0.5000000000
115171  -42.816  -37.391  3.744 0.5000000000
113558  -43.012  -36.830  4.261 0.5000000000
46094  -34.143  -40.567  -0.698 0.6000000238
119375  -34.424  -41.300  -0.911 0.6000000238
47860  -41.754  -38.368  2.952 0.5000000000
108453  -35.058  -41.319  -0.831 0.6999999881
126239  -41.067  -39.299  2.902 0.5000000000
49642  -42.953  -36.599  4.687 0.6000000238
49625  -43.270  -35.991  4.942 0.5000000000
46049  -40.523  -40.385  2.903 0.6999999881
50503  -44.172  -34.957  4.987 0.5000000000
45175  -40.113  -41.117  2.932 0.8000000119
50489  -44.277  -35.043  5.781 0.5000000000
52219  -46.722  -33.661  7.627 0.4000000060
53055  -48.104  -32.620  8.020 0.4000000060
44375  -35.647  -42.603  0.139 0.6999999881
45155  -39.311  -41.219  4.461 0.6000000238
124120  -48.741  -32.547  7.529 0.4000000060
44361  -38.301  -42.996  2.823 0.6999999881
44340  -38.002  -42.489  3.498 0.6999999881
45154  -38.374  -41.410  4.689 0.6000000238
45139  -38.857  -40.979  5.156 0.6000000238
53057  -49.304  -32.099  7.374 0.4000000060
45188  -35.994  -41.584  2.671 0.6999999881
45171  -36.594  -41.696  3.540 0.6000000238
124230  -37.186  -41.727  4.081 0.6999999881
45153  -37.562  -41.284  4.715 0.6000000238
45138  -38.212  -40.894  5.292 0.6000000238
53895  -49.886  -31.360  7.062 0.4000000060
123825  -35.632  -41.459  1.732 0.6999999881
46031  -37.046  -40.795  4.863 0.6000000238
46018  -37.547  -40.703  5.234 0.6000000238
52248  -50.316  -32.638  5.983 0.5000000000
46017  -36.956  -40.150  5.291 0.6000000238
46950  -37.923  -40.239  5.841 0.6000000238
53109  -50.928  -33.254  4.556 0.5000000000
47024  -34.530  -39.650  -0.583 0.5000000000
48716  -42.227  -37.666  3.971 0.6000000238
48717  -42.626  -37.130  4.356 0.6000000238
122223  -35.041  -39.784  -0.636 0.6000000238
116059  -35.383  -40.225  0.130 0.6000000238
47849  -41.745  -38.292  3.705 0.6000000238
117451  -43.320  -36.150  5.565 0.5000000000
50488  -43.701  -35.504  5.399 0.5000000000
47020  -35.263  -39.556  -0.250 0.6000000238
46988  -41.235  -39.007  3.418 0.6000000238
46967  -41.265  -39.017  4.461 0.6000000238
115401  -43.556  -36.200  6.463 0.5000000000
50458  -44.492  -35.195  8.153 0.5000000000
51384  -45.376  -34.260  8.250 0.4000000060
52218  -45.986  -33.909  7.874 0.4000000060
46085  -35.388  -40.802  1.029 0.6999999881
126039  -35.355  -40.165  0.888 0.6000000238
117851  -40.120  -40.831  3.632 0.6999999881
46966  -40.734  -39.727  4.323 0.6000000238
119920  -43.958  -35.534  6.320 0.5000000000
50474  -44.427  -35.334  7.078 0.5000000000
51404  -44.968  -34.798  7.621 0.5000000000
52192  -47.230  -33.003  8.280 0.4000000060
53034  -48.151  -31.733  8.451 0.4000000060
45174  -39.435  -41.621  3.611 0.6999999881
46931  -39.567  -39.820  6.508 0.6999999881
48665  -43.146  -37.027  7.062 0.5000000000
50473  -43.946  -35.921  7.150 0.5000000000
53056  -48.744  -31.910  7.938 0.4000000060
109983  -35.538  -40.043  2.794 0.6000000238
46005  -38.972  -40.491  5.858 0.6000000238
53880  -49.245  -31.224  7.699 0.4000000060
46070  -35.560  -40.835  2.310 0.6999999881
46030  -36.775  -41.209  4.295 0.6000000238
46930  -38.677  -39.776  6.463 0.6000000238
47784  -39.658  -38.749  7.582 0.6000000238
46048  -36.030  -40.856  3.502 0.6000000238
117386  -36.481  -40.427  4.457 0.6000000238
47795  -38.348  -38.944  6.855 0.6000000238
47783  -38.822  -38.499  7.429 0.6000000238
53896  -50.383  -30.994  6.576 0.4000000060
46929  -37.796  -39.374  6.320 0.6000000238
48678  -37.990  -38.076  7.146 0.6000000238
53912  -50.802  -31.102  6.020 0.5000000000
53078  -50.378  -31.763  6.354 0.4000000060
121867  -50.716  -32.745  5.302 0.5000000000
53913  -51.527  -31.165  5.377 0.5000000000
48694  -42.213  -37.672  4.798 0.6000000238
47834  -41.748  -38.294  4.617 0.6000000238
48695  -42.589  -37.146  5.103 0.6000000238
49610  -43.158  -36.717  6.126 0.5000000000
47025  -35.120  -38.949  -0.505 0.6000000238
46952  -41.255  -39.043  5.508 0.6000000238
48679  -42.626  -37.460  6.301 0.5000000000
51383  -44.730  -34.628  8.656 0.5000000000
52190  -45.675  -33.547  8.769 0.4000000060
47877  -35.450  -38.605  0.089 0.6000000238
47870  -35.424  -38.659  1.259 0.6000000238
46933  -41.350  -38.918  6.479 0.6000000238
47787  -42.155  -38.135  7.176 0.5000000000
48654  -42.134  -37.460  8.406 0.5000000000
49586  -43.146  -36.366  8.609 0.5000000000
52191  -46.407  -33.254  8.485 0.4000000060
53032  -46.754  -32.462  8.885 0.4000000060
53033  -47.507  -32.183  8.634 0.4000000060
46951  -40.662  -39.683  5.302 0.6999999881
47785  -40.771  -39.031  7.279 0.5000000000
49595  -42.902  -37.069  8.106 0.5000000000
49596  -43.507  -36.473  7.647 0.5000000000
53860  -48.651  -31.057  8.239 0.4000000060
46985  -35.557  -39.173  3.026 0.6000000238
48651  -39.797  -37.583  8.470 0.6000000238
46986  -35.891  -39.833  3.788 0.6000000238
47833  -36.178  -38.574  4.695 0.6000000238
48650  -38.994  -37.228  8.225 0.6000000238
54705  -49.616  -30.584  7.444 0.4000000060
45202  -35.549  -41.693  0.612 0.6999999881
46948  -36.682  -39.187  5.355 0.6000000238
54724  -50.613  -30.343  6.385 0.4000000060
54723  -50.102  -30.392  6.978 0.4000000060
47812  -37.098  -38.818  5.954 0.6000000238
119542  -37.553  -38.463  6.539 0.6000000238
54742  -51.148  -30.419  5.871 0.4000000060
54743  -51.743  -30.416  5.507 0.5000000000
122845  -52.329  -29.939  5.415 0.4000000060
47813  -41.800  -38.346  5.568 0.6000000238
47796  -41.987  -38.281  6.432 0.5000000000
51358  -43.452  -34.873  9.822 0.5000000000
51359  -44.268  -34.349  9.460 0.5000000000
52189  -44.995  -33.922  9.122 0.5000000000
53031  -45.975  -32.743  9.179 0.4000000060
117202  -35.493  -37.970  1.827 0.6000000238
47859  -35.434  -38.682  2.284 0.6000000238
49584  -41.691  -37.059  8.988 0.5000000000
50437  -43.356  -35.670  9.180 0.5000000000
51382  -44.057  -35.106  8.963 0.5000000000
53011  -47.060  -31.666  9.126 0.4000000060
125176  -47.622  -31.501  8.816 0.4000000060
47003  -35.343  -39.369  2.025 0.6000000238
48653  -41.354  -37.702  8.514 0.5000000000
112273  -35.567  -38.212  3.027 0.6000000238
108050  -35.783  -38.881  3.927 0.6000000238
48715  -36.137  -37.651  4.711 0.6000000238
56471  -50.264  -28.631  6.456 0.4000000060
48676  -36.844  -37.017  6.083 0.6000000238
49594  -38.284  -36.763  7.767 0.6000000238
55652  -50.689  -29.043  6.189 0.4000000060
48693  -36.904  -37.904  6.062 0.6000000238
48677  -37.355  -37.548  6.646 0.6000000238
48661  -37.760  -37.188  7.269 0.6000000238
120635  -50.887  -29.690  6.115 0.4000000060
117454  -51.517  -29.787  5.743 0.4000000060
56494  -52.262  -28.426  5.645 0.3000000119
55654  -51.924  -29.160  5.632 0.4000000060
123591  -54.086  -27.801  4.889 0.3000000119
52166  -43.783  -33.986  10.149 0.5000000000
52167  -44.523  -33.561  9.821 0.5000000000
53010  -46.302  -31.875  9.411 0.5000000000
53834  -46.636  -31.046  9.451 0.5000000000
50436  -42.755  -35.501  9.811 0.5000000000
50424  -42.738  -34.947  10.255 0.6000000238
53835  -47.363  -30.938  9.146 0.5000000000
54672  -47.684  -30.198  8.948 0.4000000060
48733  -35.666  -37.484  3.336 0.6000000238
48734  -35.842  -37.146  3.957 0.6000000238
49561  -41.282  -36.568  9.398 0.6000000238
54689  -48.428  -30.191  8.481 0.4000000060
55615  -48.849  -29.260  8.123 0.4000000060
47848  -35.768  -37.983  4.001 0.6000000238
123171  -36.193  -36.669  4.617 0.6000000238
49560  -40.689  -36.653  9.268 0.6999999881
121100  -49.694  -28.205  6.794 0.3000000119
49641  -36.561  -36.485  5.478 0.6000000238
50433  -40.026  -35.666  9.437 0.6000000238
57299  -50.196  -27.786  6.216 0.3000000119
111873  -36.506  -37.332  5.410 0.6000000238
124672  -36.849  -36.321  6.100 0.6000000238
50456  -39.367  -35.794  8.928 0.6000000238
49609  -37.265  -36.678  6.648 0.6000000238
50455  -38.607  -35.423  8.327 0.6000000238
56493  -51.556  -28.540  5.757 0.3000000119
121495  -52.935  -27.013  5.354 0.3000000119
58235  -53.452  -26.848  5.027 0.3000000119
57335  -54.047  -27.158  4.915 0.3000000119
51348  -43.039  -34.324  10.485 0.6000000238
52152  -44.042  -33.210  10.437 0.5000000000
53009  -45.452  -32.126  9.826 0.5000000000
53833  -45.898  -31.179  9.759 0.5000000000
50423  -42.050  -35.293  10.197 0.6000000238
51347  -42.266  -34.528  10.572 0.6000000238
54671  -46.965  -30.267  9.383 0.4000000060
55598  -47.994  -29.389  8.689 0.4000000060
49661  -35.896  -36.433  3.716 0.6000000238
112750  -36.100  -35.818  3.969 0.6000000238
50422  -41.178  -35.255  10.146 0.6000000238
56453  -49.332  -28.662  7.418 0.3000000119
50500  -36.620  -35.134  5.215 0.6000000238
49623  -36.718  -35.758  5.712 0.6000000238
50487  -37.333  -34.998  6.552 0.6000000238
51381  -39.026  -34.775  8.840 0.6000000238
108338  -37.179  -35.777  6.499 0.6000000238
57319  -50.750  -27.359  5.784 0.3000000119
50471  -37.619  -35.394  7.158 0.6000000238
51403  -38.049  -35.004  7.716 0.6000000238
56492  -50.876  -28.312  5.925 0.3000000119
108481  -52.922  -26.250  4.991 0.3000000119
58236  -53.880  -26.248  4.826 0.3000000119
114177  -54.703  -25.891  4.789 0.3000000119
52987  -43.545  -32.772  10.933 0.6000000238
52988  -44.181  -32.510  10.583 0.6000000238
52989  -44.683  -31.923  10.412 0.5000000000
53809  -45.236  -31.247  10.225 0.5000000000
54670  -46.250  -30.382  9.683 0.4000000060
52149  -41.602  -33.960  10.834 0.6000000238
52150  -42.501  -33.799  10.903 0.6000000238
55581  -47.271  -29.475  9.176 0.4000000060
56416  -47.487  -28.716  8.920 0.4000000060
51345  -40.901  -34.462  10.442 0.6000000238
56434  -48.142  -28.508  8.447 0.4000000060
56452  -48.721  -28.167  7.862 0.3000000119
120015  -36.378  -35.122  4.335 0.6000000238
52165  -40.168  -34.049  10.157 0.6000000238
57282  -49.150  -27.745  7.165 0.3000000119
50501  -36.949  -35.074  5.948 0.6000000238
51356  -39.624  -34.400  9.509 0.6000000238
58221  -49.976  -26.036  5.812 0.3000000119
51380  -38.457  -34.694  8.184 0.6000000238
51402  -37.670  -34.456  7.020 0.6000000238
116968  -38.165  -34.226  7.688 0.6000000238
117602  -52.051  -25.824  5.203 0.3000000119
107002  -53.935  -25.225  4.673 0.3000000119
52965  -43.007  -32.298  11.336 0.6000000238
53807  -43.847  -31.870  10.952 0.5000000000
123734  -45.089  -30.750  10.385 0.5000000000
55579  -45.951  -29.806  9.888 0.4000000060
55580  -46.536  -29.594  9.568 0.4000000060
52964  -42.303  -32.580  11.371 0.6000000238
56415  -46.800  -28.681  9.357 0.4000000060
57260  -47.525  -28.010  8.758 0.4000000060
52123  -41.988  -33.224  11.242 0.6000000238
57261  -48.069  -27.488  8.284 0.4000000060
58189  -48.978  -26.906  6.871 0.3000000119
51433  -36.844  -34.573  5.487 0.6000000238
59073  -48.865  -26.016  6.776 0.3000000119
51450  -36.933  -33.920  5.257 0.6000000238
107045  -37.226  -34.280  6.110 0.6000000238
52148  -40.044  -33.161  10.393 0.6000000238
59088  -49.977  -25.170  5.686 0.3000000119
52164  -39.556  -33.503  9.689 0.6000000238
112939  -37.928  -33.729  7.217 0.6000000238
53029  -38.672  -33.198  8.385 0.6000000238
53787  -43.163  -31.568  11.373 0.6000000238
55557  -44.696  -29.515  10.687 0.4000000060
55558  -45.399  -29.633  10.257 0.4000000060
56414  -45.964  -28.966  9.881 0.4000000060
52963  -41.459  -32.464  11.340 0.5000000000
53786  -42.280  -31.743  11.493 0.5000000000
58170  -48.214  -26.628  7.898 0.4000000060
52985  -40.645  -32.820  10.959 0.5000000000
123037  -48.585  -26.555  7.291 0.3000000119
115478  -49.057  -25.231  6.589 0.3000000119
52258  -37.352  -33.373  5.781 0.6000000238
53007  -39.434  -32.515  9.821 0.5000000000
52243  -37.637  -33.596  6.594 0.6000000238
108629  -39.079  -32.934  9.041 0.6000000238
52244  -38.027  -33.023  7.061 0.6000000238
53054  -38.447  -32.519  7.684 0.6000000238
124513  -38.743  -32.494  8.440 0.6000000238
53878  -38.538  -31.600  7.282 0.5000000000
53857  -38.705  -31.804  8.132 0.5000000000
55540  -43.185  -29.390  11.506 0.4000000060
55541  -43.998  -29.470  11.200 0.3000000119
56394  -44.422  -28.698  10.931 0.4000000060
109262  -45.608  -28.204  10.114 0.4000000060
112335  -46.187  -28.020  9.643 0.3000000119
54632  -41.920  -30.819  11.604 0.5000000000
110859  -42.865  -30.902  11.501 0.4000000060
57239  -46.265  -27.144  9.504 0.3000000119
58146  -46.844  -26.714  8.964 0.3000000119
123297  -47.374  -27.317  8.705 0.3000000119
125704  -40.524  -31.287  11.338 0.5000000000
58168  -47.163  -25.861  8.570 0.3000000119
53806  -39.874  -31.448  10.946 0.5000000000
59060  -48.343  -25.930  7.466 0.3000000119
124800  -39.556  -31.821  10.269 0.5000000000
59896  -50.142  -24.357  5.736 0.3000000119
53030  -38.964  -32.104  8.942 0.5000000000
56379  -43.716  -28.771  11.358 0.3000000119
57220  -44.921  -27.824  10.573 0.3000000119
113587  -41.680  -29.999  11.674 0.3000000119
54633  -42.574  -30.104  11.595 0.4000000060
57238  -45.667  -27.429  10.018 0.3000000119
126419  -46.237  -26.397  9.403 0.3000000119
55537  -40.949  -29.835  11.666 0.3000000119
58145  -46.505  -25.810  9.074 0.3000000119
115661  -47.427  -25.089  8.217 0.3000000119
59872  -48.289  -24.596  7.362 0.3000000119
117615  -39.294  -31.123  10.214 0.5000000000
118047  -49.695  -23.172  6.372 0.3000000119
114204  -39.189  -31.631  9.525 0.5000000000
60721  -50.351  -23.539  5.965 0.3000000119
53879  -38.798  -30.925  7.809 0.4000000060
115411  -38.911  -31.318  8.678 0.5000000000
56378  -42.937  -28.487  11.673 0.3000000119
57202  -43.912  -27.797  11.332 0.3000000119
112768  -44.443  -27.009  10.928 0.3000000119
56377  -41.974  -28.602  11.835 0.3000000119
55539  -42.307  -29.313  11.697 0.3000000119
58127  -45.149  -26.824  10.400 0.3000000119
58144  -45.735  -26.575  9.843 0.3000000119
56376  -41.150  -28.602  11.868 0.3000000119
59023  -46.252  -24.980  9.189 0.3000000119
59855  -47.031  -24.309  8.376 0.3000000119
108347  -39.764  -29.124  11.475 0.3000000119
121202  -40.623  -29.229  11.684 0.3000000119
59871  -47.709  -24.260  7.794 0.3000000119
112479  -48.346  -23.843  7.253 0.3000000119
55536  -39.308  -29.746  11.043 0.3000000119
60696  -47.818  -23.412  7.531 0.3000000119
126900  -48.654  -22.726  6.850 0.3000000119
108491  -39.020  -30.840  9.270 0.4000000060
61539  -50.106  -22.700  6.259 0.3000000119
122410  -38.931  -30.295  8.029 0.4000000060
53858  -38.935  -30.680  8.484 0.4000000060
110805  -50.851  -22.138  6.003 0.3000000119
117226  -51.326  -22.025  5.779 0.3000000119
112634  -42.838  -26.845  11.725 0.3000000119
127157  -42.325  -27.959  11.846 0.3000000119
107980  -43.486  -26.976  11.483 0.3000000119
58126  -44.630  -26.179  10.727 0.3000000119
59004  -45.264  -25.932  10.229 0.3000000119
115260  -41.602  -27.956  11.966 0.3000000119
119246  -45.343  -25.072  10.097 0.3000000119
122642  -45.731  -24.835  9.615 0.3000000119
60679  -46.517  -23.667  8.662 0.3000000119
56375  -39.437  -28.201  11.474 0.3000000119
123221  -40.337  -28.486  11.764 0.3000000119
60680  -47.146  -23.342  8.048 0.3000000119
61514  -47.639  -22.637  7.501 0.3000000119
55556  -38.849  -29.402  10.486 0.4000000060
61526  -48.294  -22.184  6.964 0.3000000119
61527  -49.193  -22.466  6.545 0.3000000119
122511  -38.989  -29.768  7.930 0.4000000060
118875  -49.736  -21.893  6.350 0.3000000119
63306  -50.116  -20.568  6.009 0.3000000119
62412  -50.890  -21.220  5.955 0.3000000119
63309  -52.411  -20.410  5.630 0.3000000119
58105  -43.200  -26.244  11.603 0.3000000119
58983  -43.590  -25.535  11.410 0.3000000119
108103  -44.213  -25.655  11.052 0.3000000119
59003  -44.697  -25.247  10.610 0.3000000119
58104  -42.402  -26.272  11.894 0.3000000119
59819  -44.904  -24.433  10.369 0.3000000119
60664  -45.411  -23.408  9.757 0.3000000119
57198  -40.230  -27.674  11.903 0.3000000119
57199  -41.099  -27.329  12.098 0.3000000119
60665  -45.948  -22.949  9.109 0.3000000119
61498  -46.248  -22.130  8.751 0.3000000119
61499  -46.921  -22.162  8.061 0.3000000119
55555  -38.659  -28.714  10.380 0.4000000060
115518  -47.578  -21.725  7.418 0.3000000119
55578  -38.727  -29.216  9.457 0.4000000060
62380  -48.083  -21.412  6.924 0.3000000119
62396  -48.826  -21.484  6.527 0.3000000119
55597  -38.964  -29.192  8.290 0.4000000060
55614  -39.107  -29.239  7.408 0.4000000060
63308  -51.415  -20.390  5.780 0.3000000119
64139  -51.829  -19.467  5.635 0.3000000119
121484  -44.411  -24.500  10.758 0.3000000119
58982  -42.794  -25.473  11.754 0.3000000119
61479  -45.350  -22.472  9.716 0.3000000119
108170  -41.964  -25.542  12.056 0.3000000119
57197  -39.388  -27.210  11.626 0.3000000119
63270  -47.670  -20.799  7.245 0.3000000119
63271  -48.120  -20.242  6.734 0.3000000119
63291  -48.788  -20.590  6.337 0.3000000119
64117  -48.973  -19.975  5.936 0.3000000119
116134  -49.526  -20.026  5.901 0.3000000119
63307  -50.675  -20.294  5.875 0.3000000119
57280  -39.077  -27.738  7.985 0.3000000119
64138  -50.952  -19.510  5.683 0.3000000119
122243  -52.232  -18.567  5.387 0.3000000119
64974  -52.738  -17.883  5.038 0.3000000119
109512  -42.289  -24.749  11.915 0.3000000119
60620  -43.875  -23.491  11.060 0.3000000119
59818  -43.906  -24.142  11.098 0.3000000119
110602  -44.832  -21.897  10.182 0.3000000119
61480  -45.747  -22.114  9.266 0.3000000119
58970  -40.771  -25.070  12.334 0.3000000119
112116  -41.520  -24.892  12.203 0.3000000119
62337  -45.908  -21.446  9.130 0.3000000119
62357  -46.477  -21.342  8.560 0.3000000119
63244  -46.614  -20.504  8.495 0.3000000119
62358  -47.073  -21.135  7.955 0.3000000119
64096  -47.621  -19.882  7.405 0.3000000119
64097  -48.047  -19.494  6.908 0.3000000119
64116  -48.501  -19.804  6.354 0.3000000119
64136  -49.257  -19.347  5.797 0.3000000119
64137  -50.056  -19.593  5.715 0.3000000119
64955  -49.627  -18.655  5.549 0.3000000119
64956  -50.428  -18.708  5.443 0.3000000119
64957  -51.319  -18.635  5.413 0.3000000119
64972  -50.765  -17.954  5.041 0.3000000119
64973  -51.697  -17.790  4.888 0.3000000119
127237  -52.350  -17.413  4.397 0.3000000119
59794  -42.478  -23.944  11.818 0.3000000119
60618  -42.761  -23.102  11.697 0.3000000119
61427  -44.099  -22.927  10.865 0.3000000119
59781  -41.007  -24.333  12.360 0.3000000119
59793  -41.752  -24.145  12.131 0.3000000119
61425  -42.634  -22.118  11.728 0.3000000119
122596  -43.163  -22.449  11.489 0.3000000119
62321  -44.310  -21.279  10.623 0.3000000119
63215  -45.501  -20.819  9.541 0.3000000119
59780  -40.228  -24.517  12.363 0.3000000119
63245  -47.166  -20.244  7.962 0.3000000119
108284  -38.964  -24.952  11.575 0.3000000119
116291  -48.399  -19.203  6.513 0.3000000119
64135  -48.744  -19.267  6.092 0.3000000119
64954  -48.981  -18.577  5.893 0.3000000119
65793  -49.992  -17.967  5.145 0.3000000119
109942  -50.954  -17.434  4.449 0.3000000119
62305  -42.009  -21.667  12.027 0.3000000119
61391  -40.562  -22.411  12.395 0.3000000119
62292  -41.367  -22.067  12.265 0.3000000119
108192  -39.989  -23.119  12.413 0.3000000119
60583  -39.667  -23.887  12.275 0.3000000119
116782  -40.731  -23.154  12.407 0.3000000119
60585  -41.224  -23.603  12.323 0.3000000119
59792  -39.009  -24.070  11.844 0.3000000119
118197  -40.315  -38.793  7.648 0.6999999881
47776  -41.790  -38.102  7.933 0.5000000000
47774  -40.115  -38.345  8.147 0.6000000238
112199  -35.359  -40.127  1.679 0.6000000238
23391  -39.819  -64.804  0.435 0.3000000119
24284  -39.882  -63.517  0.361 0.3000000119
119695  -40.254  -63.148  -0.098 0.3000000119
25164  -39.466  -62.914  0.221 0.3000000119
25170  -39.323  -63.137  -0.230 0.4000000060
24283  -38.027  -63.710  -0.027 0.4000000060
24282  -36.733  -64.987  0.243 0.4000000060
24281  -35.742  -65.073  0.549 0.4000000060
25160  -34.531  -64.143  0.609 0.4000000060
26960  -34.109  -62.648  -0.267 0.4000000060
27837  -34.490  -61.947  -0.646 0.4000000060
29687  -37.316  -59.420  -1.965 0.4000000060
27838  -35.646  -61.096  -1.734 0.4000000060
107999  -38.382  -58.288  -1.875 0.4000000060
34074  -41.874  -54.911  -2.258 0.4000000060
32225  -39.406  -57.058  7.149 0.3000000119
31417  -40.859  -57.890  6.018 0.3000000119
31418  -41.565  -58.123  5.382 0.3000000119
34075  -42.705  -54.702  -2.485 0.5000000000
30557  -44.284  -58.765  2.389 0.3000000119
34077  -44.563  -54.396  -2.762 0.5000000000
34996  -45.483  -53.278  -1.722 0.5000000000
37483  -50.680  -50.635  3.432 0.3000000119
36582  -49.771  -50.957  4.121 0.3000000119
38371  -50.624  -49.718  3.572 0.3000000119
35811  -47.496  -52.637  -1.646 0.6000000238
39259  -49.918  -48.464  4.452 0.4000000060
35818  -48.336  -52.699  -2.557 0.6000000238
40217  -50.099  -47.944  4.702 0.4000000060
40201  -51.256  -47.268  5.002 0.4000000060
40990  -50.341  -46.540  6.217 0.4000000060
41816  -51.692  -45.651  6.710 0.4000000060
41807  -52.177  -44.952  7.114 0.4000000060
39240  -36.282  -48.124  5.388 0.4000000060
39254  -37.554  -48.460  4.952 0.5000000000
39255  -38.420  -48.243  4.523 0.5000000000
39321  -48.281  -48.625  -4.091 0.6999999881
44294  -52.401  -42.290  6.729 0.4000000060
40271  -47.970  -47.811  -4.369 0.6999999881
45133  -52.107  -41.707  6.119 0.4000000060
41028  -38.652  -46.789  3.622 0.5000000000
40237  -39.374  -47.139  3.195 0.5000000000
41053  -39.345  -46.441  0.564 0.6000000238
41059  -39.606  -46.436  -0.506 0.8000000119
41077  -46.298  -45.964  -3.429 0.8000000119
41078  -46.370  -46.811  -2.591 0.6999999881
41885  -46.464  -44.855  -4.342 0.8000000119
40274  -47.679  -46.998  -4.749 0.6999999881
45144  -51.510  -41.752  5.155 0.4000000060
41066  -39.058  -46.260  -1.335 0.8000000119
42720  -46.228  -43.624  -5.405 0.8000000119
116388  -46.594  -44.215  -5.503 0.8000000119
41872  -38.913  -45.993  -1.535 0.6999999881
42717  -44.712  -43.798  -4.711 0.8000000119
41873  -39.736  -45.706  -1.585 0.6999999881
114848  -40.574  -45.139  -1.799 0.6999999881
42716  -43.469  -44.123  -4.124 0.8000000119
42710  -41.323  -44.316  -2.280 0.6999999881
43549  -41.941  -43.056  -2.773 0.6000000238
46052  -49.812  -41.041  2.823 0.3000000119
48699  -47.457  -37.507  5.700 0.4000000060
46035  -48.754  -40.937  4.537 0.4000000060
46970  -49.424  -40.257  3.953 0.3000000119
49629  -47.782  -36.392  4.943 0.4000000060
48700  -48.351  -37.570  5.297 0.4000000060
47837  -48.735  -38.676  5.201 0.4000000060
49628  -47.014  -35.592  4.520 0.4000000060
49647  -48.251  -35.587  3.975 0.4000000060
50515  -48.274  -34.962  3.234 0.5000000000
50505  -46.240  -35.002  4.096 0.5000000000
120216  -47.405  -34.426  4.791 0.4000000060
51452  -48.168  -34.766  3.782 0.5000000000
50524  -48.930  -35.148  2.667 0.4000000060
51435  -45.298  -34.516  4.905 0.5000000000
51421  -46.090  -34.242  5.429 0.5000000000
51422  -47.017  -34.225  5.407 0.4000000060
51454  -50.039  -34.411  3.360 0.5000000000
52274  -50.859  -33.838  3.866 0.5000000000
127406  -51.522  -32.861  4.264 0.5000000000
53928  -52.353  -31.664  4.698 0.5000000000
116912  -33.841  -39.142  -0.272 0.5000000000
54760  -52.358  -30.814  5.058 0.5000000000
121018  -53.542  -28.949  5.065 0.4000000060
127104  -34.809  -37.885  -0.402 0.6000000238
47881  -35.318  -38.199  -0.276 0.6000000238
48748  -35.583  -37.836  0.620 0.6000000238
57336  -54.725  -27.607  4.924 0.3000000119
110698  -35.613  -37.156  1.195 0.6000000238
48740  -35.581  -37.337  2.429 0.6000000238
58237  -54.716  -26.748  4.873 0.3000000119
126873  -55.984  -26.194  4.801 0.3000000119
49660  -35.708  -36.775  3.058 0.6000000238
51449  -36.643  -34.480  4.755 0.6000000238
52271  -36.785  -33.746  4.283 0.6000000238
52272  -37.134  -33.131  4.840 0.6000000238
53094  -37.534  -32.541  5.405 0.6000000238
53074  -37.761  -32.773  6.295 0.6000000238
53108  -37.472  -32.330  4.346 0.6000000238
53894  -38.359  -31.407  6.408 0.5000000000
65775  -48.762  -17.800  6.298 0.3000000119
65792  -49.363  -17.732  5.606 0.3000000119
66620  -50.239  -16.744  4.215 0.3000000119
65831  -50.725  -16.973  3.869 0.3000000119
65811  -51.553  -17.136  3.883 0.3000000119
60616  -39.110  -23.110  12.087 0.3000000119
126408  -38.319  -23.610  10.681 0.3000000119
43476  -52.913  -43.383  7.133 0.4000000060
51468  -49.469  -34.942  2.412 0.5000000000
26048  -35.482  -63.333  0.932 0.4000000060
27811  -37.253  -60.704  2.122 0.3000000119
28711  -37.762  -60.792  1.893 0.3000000119
111544  -36.718  -60.237  2.287 0.3000000119
28733  -34.879  -60.599  0.748 0.4000000060
31458  -35.732  -57.904  2.013 0.3000000119
30570  -35.760  -58.759  1.911 0.3000000119
33156  -40.356  -55.456  -1.578 0.4000000060
30514  -35.949  -57.504  5.862 0.3000000119
33141  -37.954  -55.846  -0.206 0.4000000060
33996  -37.339  -54.124  4.159 0.3000000119
31460  -43.818  -57.879  2.589 0.3000000119
33079  -42.411  -56.166  3.591 0.3000000119
105883  -44.522  -56.055  3.384 0.3000000119
33082  -47.287  -55.449  4.472 0.3000000119
34003  -48.372  -53.899  4.901 0.3000000119
33999  -44.446  -54.890  4.058 0.3000000119
34000  -44.987  -54.701  4.540 0.3000000119
35742  -50.420  -52.024  3.598 0.3000000119
111014  -44.362  -53.465  4.247 0.3000000119
38356  -49.821  -49.643  4.109 0.4000000060
38405  -46.461  -49.961  0.227 0.6000000238
38410  -47.418  -50.045  -1.175 0.6999999881
117848  -44.184  -52.245  3.893 0.3000000119
41011  -50.058  -47.096  5.684 0.4000000060
37444  -44.189  -50.675  5.787 0.4000000060
38354  -43.374  -49.677  5.038 0.4000000060
40185  -48.546  -47.362  6.193 0.4000000060
39277  -43.164  -48.236  3.764 0.6000000238
126636  -44.756  -47.464  1.053 0.6999999881
40260  -45.680  -47.442  -0.514 0.6999999881
39320  -47.551  -48.190  -2.983 0.6999999881
39206  -45.419  -48.256  7.233 0.4000000060
40240  -43.451  -47.301  2.618 0.6000000238
42632  -50.164  -44.183  7.997 0.4000000060
40261  -46.404  -47.890  -1.151 0.6999999881
43474  -51.386  -43.386  7.563 0.4000000060
44286  -51.784  -42.616  7.218 0.4000000060
41008  -36.553  -46.878  5.393 0.3000000119
122783  -43.048  -46.877  2.922 0.6000000238
40265  -45.953  -47.150  -1.450 0.6999999881
40270  -47.143  -47.378  -3.215 0.6999999881
41857  -43.063  -46.020  2.011 0.6000000238
41787  -45.605  -45.624  8.934 0.5000000000
41069  -44.895  -46.289  -0.938 0.6999999881
41867  -43.531  -45.491  0.527 0.6999999881
41880  -45.645  -45.535  -2.905 0.6999999881
41076  -45.554  -46.335  -1.957 0.8000000119
42711  -44.928  -42.797  -3.148 0.6999999881
44265  -48.334  -42.896  8.326 0.4000000060
42689  -42.428  -44.770  2.311 0.6999999881
121423  -44.159  -42.617  -2.108 0.6000000238
43556  -45.449  -43.155  -4.822 0.6999999881
46100  -43.035  -39.894  -1.926 0.6000000238
43553  -43.434  -42.159  -3.845 0.6999999881
43554  -44.327  -42.754  -4.407 0.6999999881
43550  -42.461  -43.125  -3.400 0.8000000119
44395  -42.044  -41.976  -2.486 0.6000000238
45158  -49.831  -42.250  3.138 0.4000000060
45177  -49.638  -41.974  3.013 0.3000000119
43517  -41.975  -43.515  3.332 0.6000000238
127685  -41.723  -43.729  3.989 0.6999999881
44394  -43.667  -41.084  -1.479 0.6000000238
42708  -40.328  -44.838  -0.966 0.6999999881
43545  -41.126  -43.071  -1.161 0.6999999881
111177  -41.849  -44.022  -2.955 0.8000000119
44393  -41.536  -42.130  -1.569 0.6999999881
43510  -41.633  -43.583  4.683 0.4000000060
45113  -45.433  -41.619  7.782 0.3000000119
46024  -48.243  -40.882  5.257 0.3000000119
44323  -42.115  -42.070  4.375 0.5000000000
44292  -42.172  -41.959  6.315 0.5000000000
42697  -35.298  -44.867  -0.374 0.6999999881
112867  -45.031  -40.868  7.478 0.4000000060
46009  -45.660  -39.834  6.908 0.4000000060
117730  -46.202  -40.488  7.023 0.4000000060
47817  -47.974  -38.449  5.802 0.4000000060
42696  -34.878  -44.183  -0.586 0.6999999881
43524  -37.883  -43.505  2.056 0.8000000119
44385  -33.693  -42.653  -0.306 0.5000000000
126428  -40.932  -40.352  1.328 0.6999999881
110653  -33.698  -39.858  -0.250 0.5000000000
46071  -40.634  -40.547  2.153 0.6999999881
125670  -46.406  -34.355  4.812 0.4000000060
44342  -39.629  -41.928  2.879 0.8000000119
45173  -38.584  -41.872  4.006 0.6000000238
45172  -37.801  -41.885  4.116 0.6000000238
53096  -50.923  -31.967  5.564 0.5000000000
46987  -40.709  -39.892  3.403 0.6000000238
46019  -39.566  -40.661  5.179 0.6999999881
46965  -36.298  -39.530  4.636 0.6000000238
53097  -51.598  -31.898  4.917 0.5000000000
47879  -34.456  -38.589  -0.366 0.5000000000
49624  -42.967  -36.609  5.337 0.6000000238
50457  -43.922  -35.795  8.172 0.5000000000
46032  -40.182  -40.496  4.362 0.6999999881
127204  -39.928  -40.198  5.820 0.6999999881
46917  -40.016  -39.319  7.181 0.6999999881
46932  -40.514  -39.547  6.401 0.6999999881
48663  -39.305  -38.048  7.962 0.6000000238
48662  -38.516  -37.642  7.648 0.6000000238
47786  -41.512  -38.593  7.323 0.5000000000
49563  -42.646  -36.141  9.324 0.5000000000
47775  -40.940  -38.463  8.042 0.6000000238
118877  -49.107  -30.324  7.938 0.4000000060
48652  -40.607  -37.775  8.543 0.6999999881
49582  -39.549  -36.735  8.690 0.6000000238
55630  -49.603  -29.660  7.391 0.4000000060
47811  -36.524  -38.247  5.411 0.6000000238
55672  -52.831  -29.194  5.417 0.4000000060
52168  -45.248  -33.123  9.511 0.4000000060
48640  -40.996  -37.205  9.022 0.6999999881
120046  -42.202  -35.873  9.733 0.6000000238
50472  -38.091  -35.868  7.802 0.6000000238
57334  -53.430  -27.580  5.256 0.3000000119
53008  -44.720  -32.755  10.134 0.5000000000
50434  -40.729  -35.949  9.653 0.6000000238
57298  -49.556  -27.338  6.510 0.3000000119
57318  -50.053  -26.912  5.955 0.3000000119
51357  -40.325  -35.001  9.842 0.6000000238
114102  -39.658  -35.145  9.351 0.6000000238
57320  -51.628  -27.717  5.723 0.3000000119
59107  -55.490  -25.554  4.741 0.3000000119
51346  -41.594  -34.708  10.470 0.6000000238
114537  -51.328  -26.922  5.648 0.3000000119
58222  -52.164  -26.791  5.554 0.3000000119
52122  -41.286  -33.233  11.069 0.6000000238
57281  -48.628  -27.253  7.569 0.4000000060
58204  -49.472  -26.478  6.332 0.3000000119
121755  -50.706  -26.370  5.637 0.3000000119
52187  -38.590  -34.035  8.333 0.6000000238
121097  -51.481  -26.289  5.476 0.3000000119
53788  -43.716  -30.969  11.192 0.5000000000
54648  -44.933  -30.268  10.504 0.5000000000
57240  -46.884  -27.731  9.148 0.4000000060
52984  -39.987  -32.310  10.643 0.5000000000
54635  -44.254  -30.241  10.967 0.4000000060
54634  -43.455  -30.181  11.366 0.4000000060
56395  -45.182  -28.804  10.404 0.4000000060
59044  -47.835  -25.902  8.079 0.3000000119
53785  -41.259  -31.500  11.479 0.5000000000
60709  -49.629  -23.900  6.268 0.3000000119
59883  -48.906  -24.428  6.769 0.3000000119
53784  -40.928  -30.618  11.547 0.4000000060
53783  -40.160  -30.808  11.312 0.4000000060
59022  -45.847  -25.675  9.622 0.3000000119
111216  -40.154  -30.007  11.448 0.3000000119
112470  -39.539  -30.592  10.960 0.3000000119
60708  -48.951  -23.361  6.748 0.3000000119
62413  -51.725  -21.390  5.683 0.3000000119
58106  -43.971  -26.377  11.262 0.3000000119
116217  -40.889  -28.025  12.003 0.3000000119
56393  -39.032  -28.937  11.085 0.3000000119
62411  -50.161  -21.426  6.187 0.3000000119
54688  -38.931  -30.034  8.755 0.4000000060
125934  -46.536  -22.829  8.501 0.3000000119
62397  -49.439  -21.191  6.305 0.3000000119
126096  -52.619  -19.320  5.556 0.3000000119
61455  -44.786  -22.906  10.303 0.3000000119
58102  -40.274  -26.698  12.088 0.3000000119
125094  -41.259  -25.538  12.244 0.3000000119
125200  -42.965  -23.803  11.634 0.3000000119
62336  -45.368  -21.617  9.653 0.3000000119
106886  -39.915  -25.964  12.163 0.3000000119
61426  -43.504  -22.983  11.302 0.3000000119
110601  -44.905  -20.992  10.086 0.3000000119
63216  -46.077  -20.695  9.025 0.3000000119
59779  -39.517  -24.717  12.103 0.3000000119
64919  -47.656  -19.054  7.580 0.3000000119
64937  -48.537  -18.584  6.448 0.3000000119
65810  -50.393  -17.342  4.640 0.3000000119
65832  -52.571  -16.951  3.542 0.3000000119
61424  -42.022  -22.525  12.043 0.3000000119
61453  -43.667  -22.302  11.163 0.3000000119
63195  -43.730  -20.771  11.043 0.3000000119
59791  -38.521  -24.325  11.090 0.3000000119
59817  -38.377  -24.921  10.373 0.3000000119
66619  -49.880  -16.630  4.789 0.3000000119
60615  -38.587  -23.433  11.392 0.3000000119
26970  -35.222  -62.023  -1.786 0.4000000060
41084  -47.039  -46.480  -4.064 0.6999999881
41890  -45.280  -44.383  -5.170 0.8000000119
49662  -48.699  -35.376  3.071 0.4000000060
53095  -37.937  -31.966  5.946 0.5000000000
50506  -47.050  -34.893  3.981 0.4000000060
50514  -47.653  -34.897  3.697 0.4000000060
50531  -52.504  -36.387  1.410 0.3000000119
51470  -51.634  -34.835  2.088 0.4000000060
51474  -52.833  -35.102  2.747 0.3000000119
116366  -50.056  -35.239  1.769 0.4000000060
110881  -50.663  -34.731  2.366 0.4000000060
51456  -53.232  -33.775  3.754 0.3000000119
52286  -52.201  -33.819  2.995 0.4000000060
52287  -53.043  -33.668  3.344 0.3000000119
51437  -46.715  -34.629  4.383 0.3000000119
51469  -51.231  -34.108  3.126 0.4000000060
109664  -53.311  -31.449  4.639 0.3000000119
52275  -51.781  -33.295  3.671 0.4000000060
54762  -54.653  -30.865  4.669 0.3000000119
53111  -53.071  -32.410  4.130 0.3000000119
53110  -52.076  -32.473  4.198 0.4000000060
55674  -54.906  -30.048  4.693 0.3000000119
55673  -53.763  -29.899  4.944 0.3000000119
48759  -35.596  -37.658  -0.120 0.5000000000
108616  -55.519  -28.273  4.854 0.3000000119
128181  -52.969  -29.829  5.202 0.3000000119
49683  -35.611  -36.977  -0.413 0.5000000000
50544  -36.420  -35.793  -0.136 0.5000000000
112994  -36.181  -36.432  -0.195 0.5000000000
49674  -36.025  -36.425  0.480 0.5000000000
107526  -56.273  -27.782  4.984 0.3000000119
115050  -54.295  -29.124  4.877 0.3000000119
50527  -36.137  -35.738  1.224 0.5000000000
50523  -36.243  -35.095  3.259 0.5000000000
52290  -37.560  -33.860  0.810 0.5000000000
121311  -37.865  -33.379  1.271 0.5000000000
115608  -36.993  -34.462  1.246 0.5000000000
119938  -37.148  -33.790  1.909 0.4000000060
52293  -38.075  -33.258  0.791 0.5000000000
51477  -37.411  -33.793  0.479 0.5000000000
52284  -36.830  -33.688  3.145 0.5000000000
106546  -38.426  -32.817  1.166 0.4000000060
52285  -37.096  -32.978  3.729 0.5000000000
53129  -38.475  -32.803  0.946 0.4000000060
53124  -38.628  -32.036  1.364 0.4000000060
123333  -38.184  -32.364  2.042 0.4000000060
53941  -38.898  -31.227  1.755 0.4000000060
53937  -38.469  -31.692  2.401 0.5000000000
127611  -38.197  -31.146  4.635 0.4000000060
53938  -38.896  -30.947  2.779 0.5000000000
53926  -38.078  -31.500  3.762 0.4000000060
54771  -39.119  -30.524  2.299 0.3000000119
53927  -38.645  -30.732  3.905 0.4000000060
54721  -38.526  -30.634  5.869 0.4000000060
53911  -38.508  -30.590  4.889 0.3000000119
54769  -39.557  -29.867  2.892 0.3000000119
54758  -39.137  -30.108  4.148 0.3000000119
54741  -38.877  -29.953  5.173 0.3000000119
54722  -38.802  -29.955  6.205 0.3000000119
54759  -39.616  -29.768  3.529 0.3000000119
55671  -39.574  -29.414  4.368 0.3000000119
54704  -38.888  -30.035  7.256 0.3000000119
55651  -39.253  -29.322  5.492 0.3000000119
110956  -39.140  -29.273  6.496 0.3000000119
125288  -39.728  -28.845  4.898 0.3000000119
56490  -39.615  -28.586  5.744 0.3000000119
56469  -39.379  -28.567  6.796 0.3000000119
106000  -36.346  -35.032  -0.127 0.5000000000
49665  -52.518  -36.278  3.067 0.3000000119
51482  -34.844  -34.680  0.369 0.4000000060
106380  -36.961  -34.447  0.037 0.5000000000
53135  -38.041  -33.119  0.694 0.5000000000
121186  -38.619  -32.407  0.982 0.5000000000
51436  -45.976  -34.580  4.506 0.4000000060
51451  -47.418  -34.745  4.107 0.4000000060
50529  -49.612  -35.471  1.962 0.4000000060
54761  -53.084  -30.454  4.947 0.3000000119
122170  -35.777  -37.151  -0.311 0.5000000000
116916  -35.976  -37.071  -0.040 0.5000000000
49668  -35.737  -36.519  1.890 0.5000000000
50522  -35.902  -35.878  2.765 0.5000000000
51466  -36.521  -34.406  3.756 0.5000000000
53910  -37.824  -31.754  4.972 0.4000000060
54703  -38.665  -30.768  6.830 0.3000000119
50525  -52.706  -35.813  2.385 0.3000000119
50537  -52.314  -36.067  1.053 0.4000000060
128227  -51.671  -34.407  2.630 0.4000000060
51478  -51.019  -35.387  1.431 0.4000000060
51479  -52.033  -35.342  1.674 0.4000000060
52292  -52.511  -34.625  2.584 0.3000000119
53121  -53.280  -33.070  3.797 0.3000000119
53120  -52.676  -33.045  3.661 0.4000000060
122290  -53.838  -30.872  4.739 0.3000000119
111935  -55.175  -29.187  4.712 0.3000000119
49681  -34.987  -36.465  -0.239 0.5000000000
50543  -35.664  -35.733  -0.201 0.5000000000
50548  -35.963  -36.474  -0.353 0.5000000000
50545  -36.946  -34.972  -0.037 0.5000000000
50533  -36.559  -35.720  0.020 0.5000000000
50534  -36.831  -35.032  0.487 0.5000000000
50528  -36.366  -35.081  1.945 0.5000000000
51473  -36.607  -34.405  2.594 0.5000000000
51476  -37.179  -34.400  0.258 0.5000000000
51483  -37.163  -34.406  0.188 0.5000000000
52291  -37.499  -33.001  2.345 0.4000000060
53119  -37.708  -32.275  3.144 0.5000000000
54768  -39.349  -30.308  3.167 0.3000000119
50530  -50.371  -35.993  1.024 0.4000000060
41061  -41.187  -46.603  -0.485 0.6999999881
41887  -43.976  -44.880  -4.507 0.6999999881
42714  -42.371  -44.418  -3.410 0.6999999881
41883  -41.966  -45.531  -3.040 0.6999999881
41079  -41.657  -46.079  -2.632 0.6999999881
105937  -40.734  -46.276  -1.675 0.6999999881
41067  -40.072  -46.416  -1.144 0.6999999881
42713  -41.544  -44.998  -2.761 0.6999999881
41073  -41.049  -46.087  -2.245 0.6999999881
41072  -39.864  -46.129  -1.671 0.6999999881
47838  -49.434  -38.951  4.366 0.3000000119
48720  -49.157  -37.753  4.591 0.3000000119
48721  -49.897  -38.041  3.429 0.3000000119
49648  -49.252  -36.586  3.710 0.3000000119
41881  -40.887  -45.483  -2.252 0.6999999881
41877  -40.570  -46.026  -2.123 0.6999999881
109161  -49.900  -37.061  2.789 0.3000000119
48737  -50.817  -37.914  0.424 0.3000000119
41876  -40.113  -45.903  -1.845 0.6000000238
41071  -39.305  -46.084  -1.598 0.6999999881
115589  -48.610  -36.773  4.638 0.3000000119
49669  -49.965  -36.164  1.490 0.3000000119
49670  -50.599  -36.952  0.528 0.3000000119
48749  -51.080  -36.766  -0.266 0.3000000119
49663  -49.404  -35.917  2.406 0.3000000119
50547  -52.027  -36.571  0.160 0.3000000119
49646  -47.459  -35.280  4.051 0.3000000119
50535  -51.034  -36.057  0.532 0.3000000119
41891  -45.894  -44.996  -5.516 0.6999999881
41889  -46.900  -44.662  -5.483 0.6999999881
41888  -44.774  -45.394  -4.868 0.6999999881
40253  -41.327  -47.077  0.606 0.6999999881
41085  -43.568  -45.791  -4.045 0.6999999881
41080  -42.560  -46.103  -3.235 0.6999999881
121863  -41.579  -46.536  -1.138 0.6999999881
41060  -40.558  -46.521  -0.143 0.6999999881
41886  -42.904  -45.235  -3.700 0.6999999881
41054  -40.468  -46.687  0.731 0.6999999881
46990  -49.939  -39.320  3.307 0.3000000119
48736  -50.421  -37.936  1.933 0.3000000119
47853  -50.483  -38.914  2.117 0.3000000119
110494  -51.249  -38.241  -0.081 0.3000000119
48750  -51.843  -37.367  -0.760 0.3000000119
48751  -52.243  -37.373  -0.253 0.3000000119
49675  -52.350  -36.845  0.368 0.3000000119
49664  -50.231  -36.962  1.702 0.3000000119
32345  -43.834  -57.146  -3.891 0.4000000060
33171  -45.632  -56.279  -4.244 0.4000000060
33170  -44.721  -55.897  -3.748 0.4000000060
33168  -42.993  -56.240  -3.342 0.4000000060
32347  -46.039  -57.302  -4.850 0.4000000060
34998  -47.428  -53.195  -2.104 0.5000000000
123560  -46.965  -54.002  -2.868 0.4000000060
34078  -45.617  -54.286  -2.849 0.4000000060
114680  -46.416  -54.962  -3.524 0.4000000060
34083  -44.153  -55.166  -3.236 0.4000000060
34085  -47.661  -54.966  -3.870 0.5000000000
33172  -47.094  -55.715  -4.333 0.4000000060
33179  -47.494  -56.332  -4.942 0.4000000060
35007  -45.841  -53.681  -2.325 0.4000000060
33173  -48.070  -55.657  -4.703 0.5000000000
32355  -47.455  -56.326  -5.145 0.5000000000
35016  -48.250  -54.307  -3.605 0.5000000000
35017  -48.961  -53.966  -3.965 0.5000000000
33186  -47.897  -55.884  -5.265 0.5000000000
33183  -45.306  -55.931  -5.525 0.5000000000
34096  -44.568  -54.933  -5.314 0.5000000000
34095  -48.745  -54.775  -4.998 0.5000000000
35018  -49.089  -53.410  -4.361 0.6000000238
33184  -46.396  -56.074  -5.524 0.5000000000
35024  -48.347  -53.447  -5.045 0.5000000000
34093  -47.342  -54.202  -5.309 0.5000000000
35023  -45.279  -53.579  -4.743 0.6000000238
34092  -45.996  -54.278  -5.268 0.5000000000
35827  -44.706  -52.983  -4.236 0.5000000000
117995  -48.728  -51.057  -3.230 0.6000000238
35025  -48.928  -53.721  -4.823 0.6000000238
124092  -49.157  -51.959  -4.156 0.6000000238
119517  -46.253  -53.590  -4.904 0.6000000238
110089  -44.132  -52.554  -3.700 0.5000000000
36655  -42.445  -51.417  -1.464 0.5000000000
35816  -42.936  -52.072  -2.661 0.5000000000
36659  -43.781  -51.658  -2.638 0.5000000000
107043  -43.210  -51.427  -1.864 0.5000000000
37496  -40.083  -50.094  2.389 0.4000000060
35830  -48.777  -52.749  -4.671 0.6000000238
38386  -40.401  -49.238  2.654 0.5000000000
36666  -48.544  -51.909  -4.540 0.6000000238
35829  -48.005  -52.457  -4.717 0.5000000000
38395  -40.793  -49.681  2.006 0.5000000000
111171  -48.287  -51.141  -4.584 0.6000000238
117459  -47.407  -51.231  -4.393 0.6000000238
37512  -41.165  -50.123  1.344 0.5000000000
35824  -46.820  -52.134  -4.359 0.6000000238
127266  -45.140  -51.531  -3.282 0.6000000238
35823  -45.279  -52.217  -3.794 0.5000000000
36651  -42.142  -51.134  -0.829 0.5000000000
35817  -44.374  -51.905  -3.220 0.5000000000
36656  -44.166  -51.009  -2.053 0.5000000000
37547  -44.945  -50.561  -2.409 0.5000000000
37480  -38.847  -50.168  3.417 0.4000000060
38385  -39.646  -49.637  3.172 0.5000000000
37494  -38.394  -50.785  2.880 0.4000000060
39290  -40.495  -48.394  2.654 0.5000000000
37551  -48.825  -50.716  -4.098 0.6000000238
38396  -41.381  -49.285  1.551 0.5000000000
37554  -48.356  -50.209  -4.523 0.6000000238
39306  -41.929  -48.766  1.030 0.5000000000
37552  -46.711  -50.694  -3.948 0.6000000238
37549  -47.231  -49.797  -4.419 0.6000000238
37543  -42.905  -50.872  -1.079 0.5000000000
37548  -45.826  -50.133  -3.081 0.6000000238
37544  -43.706  -50.587  -1.395 0.5000000000
37545  -44.500  -50.227  -1.754 0.5000000000
117632  -44.056  -49.739  -1.187 0.5000000000
38368  -39.059  -49.521  3.737 0.4000000060
39276  -39.434  -48.894  3.730 0.5000000000
37479  -38.005  -50.417  3.619 0.4000000060
40239  -40.675  -47.825  2.258 0.5000000000
40246  -41.082  -47.604  1.568 0.5000000000
40247  -41.663  -47.892  1.161 0.5000000000
40254  -42.077  -47.735  0.544 0.5000000000
40275  -47.909  -47.448  -5.215 0.6000000238
39324  -48.257  -48.176  -5.021 0.6000000238
39307  -42.522  -48.667  0.396 0.5000000000
38403  -42.252  -49.433  0.569 0.5000000000
39323  -47.738  -48.240  -5.279 0.6000000238
38416  -46.158  -49.358  -3.499 0.6000000238
37539  -42.568  -50.471  -0.350 0.5000000000
38413  -45.378  -49.581  -2.560 0.5000000000
38407  -42.834  -49.563  -0.014 0.5000000000
38408  -43.566  -49.206  -0.633 0.5000000000
40238  -40.083  -47.628  2.753 0.5000000000
125066  -42.135  -47.066  -0.322 0.6000000238
41088  -47.639  -46.847  -5.336 0.6000000238
38419  -47.204  -48.873  -4.792 0.6000000238
40257  -42.970  -47.503  -0.713 0.5000000000
39322  -46.909  -48.009  -5.119 0.6000000238
39309  -43.086  -48.522  -0.217 0.5000000000
39315  -45.373  -48.933  -2.682 0.5000000000
38411  -44.194  -48.854  -1.252 0.5000000000
39314  -44.698  -48.492  -2.037 0.5000000000
39275  -38.813  -49.018  4.193 0.4000000060
40245  -40.326  -47.018  1.775 0.4000000060
38366  -37.596  -49.901  4.233 0.4000000060
41068  -42.303  -46.707  -1.278 0.6000000238
40262  -43.034  -46.949  -1.642 0.6000000238
40273  -46.681  -47.123  -5.417 0.6000000238
40258  -43.508  -47.575  -1.310 0.5000000000
39310  -43.624  -48.273  -0.860 0.5000000000
40268  -44.867  -47.282  -3.679 0.6000000238
40264  -44.435  -47.657  -2.476 0.5000000000
40230  -39.586  -48.043  3.585 0.5000000000
41044  -39.541  -46.644  2.067 0.4000000060
40229  -39.002  -47.631  4.019 0.4000000060
41074  -42.339  -46.428  -2.247 0.6000000238
41075  -43.180  -46.623  -2.582 0.6000000238
40263  -43.713  -47.268  -2.047 0.5000000000
40267  -44.017  -46.892  -3.021 0.5000000000
37529  -41.485  -50.452  0.620 0.5000000000
37530  -42.176  -50.135  0.351 0.5000000000
37538  -41.834  -50.793  -0.089 0.5000000000
38353  -38.043  -49.147  4.534 0.4000000060
34076  -43.591  -54.510  -2.642 0.4000000060
35009  -48.971  -53.088  -3.616 0.6000000238
38418  -48.658  -49.950  -4.253 0.6000000238
41083  -47.162  -45.502  -5.006 0.6000000238
41086  -47.129  -45.557  -5.483 0.6000000238
126677  -46.555  -46.326  -5.558 0.6000000238
40276  -45.749  -45.861  -5.403 0.6000000238
40277  -47.233  -46.607  -5.562 0.6000000238
41082  -44.461  -46.399  -4.289 0.6000000238
41081  -43.485  -46.320  -3.452 0.6000000238
34094  -48.509  -55.443  -4.961 0.5000000000
35026  -48.456  -54.466  -5.237 0.5000000000
34091  -44.927  -54.243  -5.064 0.5000000000
35828  -45.838  -52.910  -4.464 0.6000000238
117771  -47.082  -53.110  -4.751 0.6000000238
39298  -41.006  -48.647  2.140 0.5000000000
37553  -47.936  -50.334  -4.737 0.6000000238
37546  -45.101  -49.988  -2.198 0.5000000000
38420  -48.021  -49.198  -5.062 0.6000000238
38412  -44.783  -49.416  -1.845 0.5000000000
39325  -47.482  -47.435  -5.416 0.6000000238
39319  -46.102  -48.535  -3.873 0.6000000238
40269  -45.854  -47.669  -4.407 0.6000000238
39318  -45.186  -48.115  -3.097 0.6000000238
40218  -50.862  -47.778  4.530 0.3000000119
38357  -50.192  -48.949  4.021 0.3000000119
39261  -51.309  -48.217  4.008 0.3000000119
39262  -52.205  -48.117  3.911 0.3000000119
40220  -52.678  -47.566  4.452 0.3000000119
40203  -53.148  -47.032  5.104 0.3000000119
40991  -51.213  -46.305  6.147 0.3000000119
41013  -51.662  -46.713  5.529 0.3000000119
41014  -52.554  -46.597  5.569 0.3000000119
126541  -53.306  -46.517  5.677 0.3000000119
41817  -52.563  -45.529  6.591 0.3000000119
40993  -52.987  -46.075  6.120 0.3000000119
45161  -53.300  -41.956  4.272 0.3000000119
45160  -52.067  -42.108  3.966 0.3000000119
45179  -52.805  -42.575  2.513 0.3000000119
45159  -50.614  -42.247  3.700 0.3000000119
123979  -51.352  -43.116  1.087 0.3000000119
44325  -51.563  -42.689  2.375 0.3000000119
44324  -50.621  -42.674  2.083 0.3000000119
108910  -46.027  -56.860  -5.399 0.4000000060
39279  -50.944  -48.847  3.657 0.3000000119
39281  -52.666  -48.611  3.380 0.3000000119
111276  -45.154  -56.749  -5.508 0.4000000060
40221  -53.730  -47.520  4.592 0.3000000119
125177  -53.770  -47.139  5.090 0.3000000119
42644  -52.981  -44.806  6.896 0.3000000119
123555  -53.566  -43.304  6.989 0.3000000119
45145  -52.572  -41.756  5.279 0.3000000119
45146  -53.342  -41.805  5.531 0.3000000119
45147  -54.048  -41.800  5.309 0.3000000119
45180  -53.873  -42.407  2.783 0.3000000119
44345  -52.237  -43.228  0.964 0.3000000119
40994  -53.967  -46.120  6.130 0.3000000119
27826  -29.843  -61.000  -0.650 0.4000000060
29673  -30.170  -59.606  -0.612 0.3000000119
30588  -31.583  -58.401  -0.106 0.3000000119
116884  -32.509  -57.064  -0.125 0.3000000119
106025  -40.171  -52.634  -2.353 0.4000000060
112624  -40.965  -52.571  -2.580 0.4000000060
35003  -39.854  -53.191  -2.877 0.4000000060
35012  -40.377  -53.540  -3.412 0.4000000060
107535  -40.763  -51.759  -1.119 0.4000000060
108093  -41.625  -51.701  -1.505 0.4000000060
35815  -41.586  -52.262  -2.345 0.4000000060
36658  -42.321  -51.873  -2.118 0.4000000060
35820  -41.595  -52.740  -3.109 0.4000000060
35014  -42.045  -53.185  -3.771 0.4000000060
35822  -43.360  -52.767  -3.676 0.4000000060
34082  -40.886  -53.946  -3.914 0.4000000060
35020  -42.435  -53.679  -4.262 0.4000000060
36611  -37.378  -51.728  1.558 0.3000000119
36650  -41.377  -51.339  -0.625 0.4000000060
113286  -43.505  -52.266  -3.225 0.4000000060
36600  -37.901  -51.342  2.278 0.3000000119
36599  -36.977  -51.434  2.417 0.3000000119
35021  -43.379  -53.784  -4.513 0.4000000060
35821  -42.624  -52.635  -3.349 0.4000000060
37511  -40.432  -50.442  1.612 0.4000000060
35011  -39.591  -53.788  -3.243 0.4000000060
35807  -40.859  -52.213  -1.923 0.4000000060
35814  -40.673  -52.964  -3.035 0.4000000060
35013  -41.196  -53.323  -3.582 0.4000000060
25159  -33.843  -64.030  0.094 0.3000000119
28758  -36.619  -60.858  -2.280 0.3000000119
29690  -37.207  -60.208  -2.288 0.3000000119
30610  -39.066  -59.002  -2.470 0.3000000119
30618  -41.657  -59.981  -3.835 0.3000000119
29700  -41.311  -60.773  -4.269 0.3000000119
28765  -40.832  -61.180  -4.479 0.3000000119
30619  -42.488  -59.753  -4.296 0.3000000119
29701  -42.113  -60.530  -4.741 0.3000000119
29702  -43.165  -60.138  -5.171 0.3000000119
31513  -43.758  -58.426  -4.299 0.3000000119
30620  -43.418  -59.529  -4.560 0.3000000119
30629  -44.399  -59.677  -4.966 0.3000000119
120756  -44.671  -58.016  -4.487 0.3000000119
31521  -45.130  -58.442  -4.847 0.3000000119
30609  -38.175  -59.180  -2.219 0.3000000119
106038  -45.824  -57.627  -5.011 0.3000000119
32353  -45.440  -58.212  -4.897 0.3000000119
28759  -37.810  -61.146  -2.932 0.3000000119
24291  -38.504  -64.413  -0.473 0.4000000060
25161  -35.587  -64.202  0.746 0.4000000060
25165  -40.708  -63.496  -0.566 0.3000000119
26042  -38.690  -62.151  0.954 0.3000000119
26050  -38.781  -62.367  0.791 0.3000000119
26053  -33.892  -63.295  0.048 0.3000000119
26948  -34.863  -62.370  0.936 0.4000000060
26954  -34.311  -62.593  0.368 0.4000000060
26969  -34.490  -62.727  -1.313 0.4000000060
27819  -35.341  -60.718  1.196 0.4000000060
27821  -37.602  -61.307  1.955 0.3000000119
27824  -34.684  -61.275  0.635 0.4000000060
27829  -34.489  -61.273  -0.076 0.4000000060
27830  -34.906  -61.225  -0.927 0.4000000060
28699  -36.510  -59.995  2.715 0.3000000119
28742  -30.441  -60.469  -0.406 0.4000000060
28745  -34.665  -60.795  0.293 0.4000000060
29626  -35.890  -59.507  3.555 0.3000000119
29655  -35.944  -59.536  1.847 0.3000000119
29663  -34.852  -60.162  0.306 0.4000000060
29686  -36.438  -59.806  -1.639 0.4000000060
29691  -38.022  -60.108  -2.519 0.3000000119
29709  -42.385  -60.574  -5.030 0.3000000119
30591  -35.456  -58.890  0.225 0.4000000060
30621  -44.238  -59.518  -4.806 0.3000000119
30628  -44.054  -60.059  -5.014 0.3000000119
30630  -44.643  -59.266  -4.932 0.3000000119
31443  -42.806  -57.716  3.808 0.3000000119
31445  -45.109  -57.610  2.476 0.3000000119
31459  -36.182  -57.791  2.929 0.3000000119
31461  -44.449  -58.064  2.308 0.3000000119
31483  -36.271  -57.385  0.101 0.4000000060
31491  -37.716  -57.744  -1.327 0.4000000060
31520  -44.859  -59.036  -4.925 0.3000000119
32240  -36.559  -56.199  5.750 0.3000000119
32241  -40.822  -56.775  6.051 0.3000000119
32254  -36.437  -56.201  4.818 0.3000000119
32256  -42.418  -56.899  4.073 0.3000000119
32269  -42.848  -56.770  3.092 0.3000000119
32288  -43.932  -57.405  2.576 0.3000000119
32300  -36.256  -56.333  1.275 0.3000000119
32307  -37.226  -56.125  0.210 0.4000000060
32319  -37.566  -56.565  -0.427 0.4000000060
32321  -39.050  -55.862  -0.993 0.4000000060
32336  -39.834  -56.898  -2.026 0.4000000060
32346  -44.868  -56.952  -4.349 0.4000000060
32354  -46.689  -56.829  -5.118 0.3000000119
33046  -37.445  -55.528  6.611 0.3000000119
33096  -42.691  -55.807  3.074 0.3000000119
33126  -36.836  -55.806  0.879 0.3000000119
33164  -43.237  -55.312  -3.051 0.4000000060
33178  -46.645  -56.521  -4.684 0.4000000060
33180  -48.066  -55.952  -5.047 0.5000000000
33182  -44.171  -55.840  -5.394 0.5000000000
33185  -47.324  -56.028  -5.417 0.5000000000
33969  -37.905  -54.800  6.430 0.3000000119
33970  -38.663  -54.787  6.641 0.3000000119
33971  -39.424  -55.004  6.667 0.3000000119
33980  -37.701  -54.333  5.692 0.3000000119
33981  -38.426  -54.165  6.101 0.3000000119
33984  -45.960  -54.060  5.264 0.3000000119
33986  -47.682  -53.792  5.226 0.3000000119
34012  -36.966  -54.603  3.558 0.3000000119
34013  -37.334  -54.066  3.211 0.3000000119
34016  -43.199  -55.397  2.875 0.3000000119
34030  -37.412  -54.246  2.350 0.3000000119
34031  -38.081  -53.873  1.829 0.3000000119
34041  -38.212  -54.276  1.180 0.3000000119
34064  -40.302  -54.342  -0.739 0.3000000119
34072  -40.665  -54.659  -1.321 0.4000000060
34084  -45.264  -55.196  -3.473 0.4000000060
34086  -48.631  -54.796  -4.497 0.5000000000
34087  -48.973  -54.147  -4.596 0.5000000000
34097  -45.631  -55.087  -5.462 0.5000000000
34098  -46.799  -55.194  -5.508 0.5000000000
34099  -47.941  -55.253  -5.445 0.5000000000
34100  -48.341  -55.447  -5.203 0.5000000000
34899  -39.009  -53.671  5.642 0.3000000119
34911  -38.007  -53.555  4.554 0.3000000119
34915  -41.272  -53.921  4.002 0.3000000119
34917  -48.905  -53.188  4.768 0.3000000119
34918  -49.604  -53.309  4.276 0.3000000119
34927  -40.755  -53.229  3.559 0.3000000119
34945  -39.314  -52.850  2.583 0.3000000119
34947  -41.368  -53.172  2.808 0.3000000119
34961  -44.147  -53.228  2.218 0.3000000119
34965  -39.349  -54.074  0.344 0.3000000119
34967  -42.012  -52.805  0.177 0.3000000119
34985  -43.516  -52.917  -0.934 0.4000000060
35006  -44.995  -53.737  -2.281 0.5000000000
35008  -48.256  -53.561  -3.055 0.5000000000
35015  -42.911  -53.193  -3.954 0.4000000060
35019  -41.652  -53.728  -4.094 0.4000000060
35741  -49.753  -51.750  4.164 0.3000000119
35753  -41.288  -52.831  2.194 0.3000000119
35761  -40.095  -52.836  1.716 0.3000000119
35765  -44.153  -52.991  1.586 0.3000000119
35801  -46.283  -52.528  -0.351 0.6000000238
35808  -45.050  -52.941  -1.102 0.5000000000
35810  -46.800  -52.795  -1.226 0.5000000000
35819  -49.051  -52.241  -3.561 0.6000000238
35825  -49.179  -52.586  -4.175 0.6000000238
35826  -43.759  -53.137  -4.122 0.5000000000
35831  -48.977  -52.228  -4.400 0.6000000238
36554  -44.501  -51.517  5.490 0.4000000060
36558  -47.908  -51.469  5.443 0.4000000060
36568  -49.298  -51.113  4.518 0.3000000119
36583  -50.255  -51.195  3.741 0.3000000119
36597  -35.163  -51.217  2.551 0.5000000000
36598  -36.055  -51.386  2.499 0.5000000000
36657  -47.893  -52.084  -1.780 0.6999999881
36660  -45.520  -50.916  -3.137 0.6000000238
36661  -48.620  -51.778  -2.799 0.6999999881
36662  -49.036  -51.484  -3.839 0.6000000238
36663  -46.118  -51.458  -3.743 0.6000000238
36664  -47.919  -51.702  -4.579 0.6000000238
36665  -48.746  -51.443  -4.300 0.6000000238
37482  -50.085  -50.402  3.863 0.3000000119
37508  -34.258  -50.717  2.542 0.5000000000
37531  -45.626  -50.755  1.176 0.6000000238
37532  -46.251  -50.731  0.524 0.6000000238
37540  -43.323  -50.099  -0.703 0.5000000000
37541  -46.888  -50.626  -0.267 0.6000000238
38317  -43.591  -49.104  6.346 0.4000000060
38338  -48.456  -49.740  5.068 0.4000000060
38363  -34.859  -49.738  3.989 0.5000000000
38367  -38.425  -49.736  4.005 0.4000000060
38402  -41.765  -49.749  0.963 0.5000000000
38421  -48.326  -49.112  -4.723 0.6000000238
38422  -48.092  -48.424  -5.146 0.6000000238
39226  -46.674  -48.713  6.505 0.4000000060
39257  -42.960  -48.418  4.609 0.5000000000
39258  -49.504  -48.944  4.460 0.4000000060
39260  -50.542  -48.349  4.215 0.3000000119
39263  -53.190  -48.054  3.879 0.3000000119
39280  -51.779  -48.704  3.466 0.3000000119
39289  -40.047  -48.647  3.189 0.5000000000
39291  -43.566  -47.939  2.936 0.6999999881
39299  -41.465  -48.444  1.559 0.5000000000
39301  -45.223  -48.583  1.289 0.6999999881
39313  -44.103  -47.989  -1.551 0.5000000000
39317  -47.821  -48.940  -2.666 0.6999999881
39326  -47.919  -47.764  -5.264 0.6000000238
40182  -42.718  -47.550  6.572 0.5000000000
40186  -49.341  -47.147  5.968 0.4000000060
40197  -36.231  -47.507  5.468 0.3000000119
40200  -50.447  -47.429  5.096 0.4000000060
40202  -52.158  -47.133  4.990 0.3000000119
40213  -37.779  -47.636  4.911 0.5000000000
40219  -51.713  -47.666  4.453 0.3000000119
40232  -43.033  -47.432  3.415 0.6000000238
40241  -43.877  -47.675  2.287 0.6000000238
40250  -45.072  -47.993  1.200 0.6999999881
40255  -42.625  -47.873  0.022 0.5000000000
40272  -45.642  -46.790  -4.946 0.6000000238
40278  -47.651  -47.066  -5.349 0.6000000238
40960  -44.368  -46.371  8.493 0.5000000000
40961  -45.239  -46.342  8.570 0.5000000000
40992  -52.109  -46.149  6.113 0.3000000119
41009  -37.379  -46.869  5.077 0.4000000060
41012  -50.819  -46.894  5.581 0.3000000119
41015  -53.875  -46.786  5.498 0.3000000119
41037  -42.651  -46.716  3.507 0.6000000238
41052  -38.518  -46.340  0.985 0.6999999881
41064  -37.270  -46.138  -1.293 0.6999999881
41070  -38.633  -46.084  -1.421 0.6999999881
41087  -47.420  -46.257  -5.273 0.6000000238
41089  -46.967  -45.429  -5.606 0.6999999881
41090  -47.347  -46.326  -5.381 0.6000000238
41786  -44.745  -45.704  8.908 0.5000000000
41791  -48.913  -44.932  8.191 0.4000000060
41800  -42.482  -45.111  7.956 0.5000000000
41802  -47.724  -45.655  8.246 0.4000000060
41804  -49.691  -44.943  7.900 0.4000000060
41805  -50.481  -45.030  7.567 0.4000000060
41849  -42.253  -45.920  3.619 0.6000000238
41879  -44.906  -45.412  -1.971 0.6999999881
41882  -41.231  -45.783  -2.487 0.6999999881
42613  -42.744  -44.351  8.353 0.5000000000
42614  -43.575  -44.332  8.834 0.4000000060
42616  -45.833  -44.866  9.176 0.4000000060
42631  -41.979  -44.943  7.342 0.5000000000
42634  -51.785  -44.204  7.426 0.4000000060
42635  -52.577  -44.152  7.223 0.4000000060
42636  -53.336  -44.024  7.074 0.3000000119
42673  -41.645  -44.356  4.394 0.6000000238
42694  -42.901  -44.598  1.134 0.6999999881
42695  -43.146  -45.192  1.008 0.6999999881
42712  -45.011  -44.092  -2.872 0.6999999881
42718  -46.573  -43.850  -5.338 0.8000000119
42719  -45.856  -43.527  -5.350 0.8000000119
43457  -46.260  -43.684  9.008 0.4000000060
43499  -41.599  -43.497  5.579 0.4000000060
43532  -42.574  -43.188  1.743 0.6000000238
43540  -34.034  -43.219  -0.466 0.6000000238
43541  -34.536  -43.439  -0.696 0.6999999881
43543  -35.564  -44.592  -0.652 0.8000000119
43555  -45.998  -43.034  -4.888 0.6999999881
43557  -45.909  -43.136  -5.050 0.8000000119
44281  -45.935  -42.289  8.185 0.4000000060
44285  -50.389  -42.127  7.220 0.4000000060
44287  -52.521  -42.827  7.124 0.4000000060
44339  -37.174  -42.323  3.407 0.6999999881
44363  -39.971  -42.144  2.143 0.6999999881
44366  -52.269  -43.235  0.150 0.3000000119
44380  -43.345  -41.492  1.033 0.6000000238
44402  -45.331  -42.485  -4.386 0.6999999881
45115  -47.114  -41.899  7.353 0.4000000060
45117  -48.705  -41.923  7.034 0.4000000060
45118  -49.585  -41.953  7.084 0.4000000060
45134  -52.932  -41.940  6.212 0.3000000119
45157  -49.104  -42.005  4.100 0.3000000119
45189  -36.482  -42.171  2.816 0.6000000238
45212  -33.912  -42.004  -0.746 0.5000000000
45218  -42.751  -40.209  -2.652 0.6000000238
45223  -43.872  -40.991  -3.577 0.6000000238
46008  -44.300  -40.020  6.832 0.5000000000
46020  -40.228  -40.232  5.057 0.6999999881
46023  -47.673  -40.288  6.049 0.4000000060
46086  -41.343  -39.790  0.802 0.6000000238
46090  -35.386  -41.027  -0.207 0.6999999881
46095  -34.819  -40.497  -0.810 0.6000000238
46096  -35.151  -40.374  -0.545 0.6000000238
46097  -43.306  -39.667  -0.371 0.6000000238
46916  -39.216  -39.282  7.069 0.6000000238
46934  -44.054  -39.619  6.281 0.5000000000
46949  -37.294  -39.586  5.782 0.6000000238
47005  -41.429  -38.836  2.445 0.5000000000
47014  -35.372  -39.527  0.778 0.6000000238
47814  -42.249  -37.787  5.613 0.6000000238
47880  -35.070  -38.254  -0.442 0.5000000000
48664  -42.530  -37.639  7.546 0.5000000000
48742  -51.290  -37.696  -0.388 0.3000000119
48743  -51.792  -37.960  -0.336 0.3000000119
48760  -51.762  -36.899  -0.453 0.3000000119
48761  -52.163  -37.070  -0.412 0.3000000119
48762  -35.358  -37.592  -0.361 0.6000000238
49559  -40.091  -36.345  9.208 0.6000000238
49562  -41.982  -36.442  9.420 0.6000000238
49581  -38.774  -36.324  8.342 0.6000000238
49583  -40.301  -37.069  8.881 0.6999999881
49585  -42.420  -36.795  8.869 0.5000000000
49593  -37.631  -36.281  7.243 0.6000000238
49682  -35.966  -36.832  -0.333 0.5000000000
50435  -41.571  -35.911  9.785 0.6000000238
50536  -51.673  -35.943  0.813 0.4000000060
50546  -51.482  -36.467  0.118 0.3000000119
51471  -53.072  -34.435  3.211 0.3000000119
52151  -43.304  -33.551  10.733 0.6000000238
52188  -39.081  -33.820  8.989 0.6000000238
52217  -38.309  -33.450  7.726 0.6000000238
52962  -40.563  -32.000  11.205 0.5000000000
52986  -42.780  -33.071  11.191 0.6000000238
53075  -38.210  -32.210  6.790 0.5000000000
53808  -44.550  -31.033  10.667 0.5000000000
53859  -48.008  -30.936  8.710 0.4000000060
53929  -54.285  -31.588  4.714 0.3000000119
54649  -45.564  -30.462  10.103 0.5000000000
54669  -38.932  -30.202  10.091 0.4000000060
55538  -41.448  -29.268  11.748 0.3000000119
55631  -50.272  -29.521  6.681 0.4000000060
55653  -51.226  -29.083  5.875 0.4000000060
56470  -49.819  -28.940  6.960 0.4000000060
56513  -53.084  -28.332  5.445 0.3000000119
56514  -53.805  -28.334  4.997 0.4000000060
56515  -54.601  -28.391  4.943 0.3000000119
57200  -42.101  -27.184  11.939 0.3000000119
57201  -42.954  -27.545  11.703 0.3000000119
57321  -52.594  -27.630  5.574 0.3000000119
58103  -41.404  -26.349  12.156 0.3000000119
58169  -47.592  -26.656  8.418 0.3000000119
58238  -55.405  -26.419  4.862 0.3000000119
58969  -40.039  -25.290  12.280 0.3000000119
58981  -40.594  -25.832  12.254 0.3000000119
58984  -44.045  -24.931  11.133 0.3000000119
59043  -46.803  -25.076  8.683 0.3000000119
59059  -48.007  -25.166  7.683 0.3000000119
59105  -53.311  -25.577  4.758 0.3000000119
59795  -43.201  -24.527  11.551 0.3000000119
59836  -45.401  -24.272  9.902 0.3000000119
59837  -45.975  -24.083  9.275 0.3000000119
59854  -46.509  -24.426  8.809 0.3000000119
60584  -40.475  -23.770  12.401 0.3000000119
60617  -41.938  -23.361  12.070 0.3000000119
60619  -43.385  -23.671  11.424 0.3000000119
60645  -44.438  -23.739  10.646 0.3000000119
60646  -45.015  -23.755  10.211 0.3000000119
60697  -48.274  -23.017  7.153 0.3000000119
61392  -41.329  -22.854  12.287 0.3000000119
61454  -44.238  -22.144  10.698 0.3000000119
62320  -43.743  -21.563  11.068 0.3000000119
63292  -49.517  -20.645  6.137 0.3000000119
64920  -48.127  -18.734  7.050 0.3000000119
65809  -49.921  -17.221  4.978 0.3000000119
106045  -46.780  -56.654  -5.283 0.4000000060
108092  -48.565  -25.243  7.091 0.3000000119
108387  -34.542  -43.793  1.224 0.5000000000
108581  -43.815  -43.499  8.793 0.4000000060
109005  -44.635  -51.259  -2.747 0.5000000000
109177  -48.292  -20.881  6.686 0.3000000119
109538  -42.386  -42.678  7.525 0.4000000060
110171  -47.953  -50.410  -1.886 0.6999999881
110617  -40.727  -51.466  -0.390 0.4000000060
111115  -42.253  -40.442  -1.833 0.6000000238
112157  -52.618  -35.531  2.020 0.4000000060
112628  -41.526  -46.325  -1.958 0.6999999881
112917  -51.278  -32.502  4.821 0.5000000000
113231  -42.204  -52.342  -2.732 0.4000000060
113770  -42.162  -45.101  3.109 0.6000000238
114598  -40.751  -33.625  10.688 0.6000000238
114943  -36.413  -35.836  4.902 0.6000000238
115873  -31.017  -59.149  -0.236 0.3000000119
116187  -37.082  -57.340  -0.599 0.4000000060
116309  -42.275  -54.174  -1.928 0.4000000060
116584  -43.148  -43.343  -3.832 0.8000000119
116972  -36.122  -56.875  0.713 0.4000000060
117942  -44.727  -34.791  4.810 0.5000000000
117949  -35.202  -61.556  1.122 0.4000000060
118337  -50.389  -22.231  6.193 0.3000000119
118421  -42.714  -43.890  1.369 0.6999999881
118792  -32.091  -57.690  -0.034 0.3000000119
119572  -35.047  -60.140  -0.431 0.4000000060
119662  -38.202  -31.241  5.494 0.4000000060
119914  -35.773  -49.294  4.699 0.5000000000
121123  -43.557  -50.260  4.747 0.4000000060
121346  -45.426  -46.834  -0.932 0.6999999881
121384  -49.028  -52.908  -4.533 0.6000000238
121569  -48.456  -55.035  -5.286 0.5000000000
122172  -46.040  -43.946  -5.621 0.6999999881
123431  -46.198  -55.748  -4.037 0.4000000060
123629  -52.489  -33.453  3.392 0.4000000060
124212  -38.861  -55.397  6.979 0.3000000119
124396  -39.112  -48.373  4.089 0.5000000000
124452  -36.431  -46.086  -1.061 0.6999999881
124737  -40.976  -54.234  4.670 0.3000000119
124937  -51.757  -42.003  6.696 0.4000000060
125413  -43.007  -42.899  8.287 0.4000000060
125829  -47.188  -28.284  9.062 0.4000000060
126090  -37.874  -47.108  4.703 0.5000000000
126147  -43.693  -45.021  8.862 0.5000000000
126197  -48.274  -47.864  5.875 0.4000000060
126251  -41.726  -47.081  0.161 0.6999999881
126315  -33.806  -63.755  -0.283 0.3000000119
127036  -42.340  -46.544  6.951 0.5000000000
127494  -46.721  -44.092  -5.006 0.8000000119
127901  -33.881  -43.104  0.617 0.5000000000
127911  -43.977  -27.043  11.280 0.3000000119
127965  -35.653  -57.719  1.383 0.3000000119
128087  -45.719  -56.648  3.410 0.3000000119
128177  -50.131  -46.178  6.697 0.4000000060
