#!ascii label  , from subject sub-v2s10x28957_ses-1 vox2ras=TkReg
495
10001  -39.271  -82.719  10.021 0.0000000000
12419  -33.284  -79.593  4.854 0.0000000000
14846  -40.494  -75.619  13.904 0.0000000000
10026  -34.727  -82.890  7.353 0.0000000000
14851  -34.011  -76.355  13.394 0.0000000000
12340  -44.659  -78.847  14.138 0.0000000000
16585  -46.661  -74.420  9.031 0.0000000000
19713  -43.110  -70.297  12.724 0.0000000000
17389  -41.543  -73.786  10.687 0.0000000000
14854  -36.805  -76.719  13.838 0.0000000000
17357  -38.597  -73.584  12.303 0.0000000000
14885  -46.117  -76.802  10.793 0.0000000000
17361  -46.332  -74.170  12.135 0.0000000000
22358  -44.123  -67.861  12.426 0.0000000000
20616  -44.613  -69.448  11.113 0.0000000000
7661  -37.902  -85.854  6.263 0.0000000000
10030  -32.388  -82.009  5.878 0.0000000000
8484  -32.965  -84.663  3.452 0.0000000000
122322  -32.884  -83.027  2.160 0.0000000000
13195  -38.848  -79.153  12.800 0.0000000000
116201  -37.551  -82.683  8.703 0.0000000000
12368  -34.072  -79.733  11.118 0.0000000000
13218  -31.580  -78.748  9.425 0.0000000000
14859  -43.167  -76.785  13.562 0.0000000000
15735  -43.652  -75.577  10.223 0.0000000000
17403  -45.041  -74.367  7.050 0.0000000000
112572  -44.717  -72.843  14.780 0.0000000000
18155  -45.491  -72.651  11.128 0.0000000000
18970  -45.731  -71.875  9.117 0.0000000000
18987  -44.881  -72.602  5.578 0.0000000000
7682  -35.560  -85.535  4.937 0.0000000000
16599  -34.372  -74.901  7.386 0.0000000000
115352  -35.767  -78.389  5.463 0.0000000000
11639  -38.793  -80.439  3.432 0.0000000000
18178  -42.754  -72.643  9.191 0.0000000000
17388  -40.763  -73.220  11.037 0.0000000000
9224  -39.046  -84.298  7.802 0.0000000000
11618  -32.076  -80.683  5.546 0.0000000000
10039  -32.253  -82.498  4.227 0.0000000000
119454  -32.833  -81.376  3.513 0.0000000000
10053  -34.308  -82.097  1.881 0.0000000000
11635  -34.149  -80.529  3.440 0.0000000000
14004  -39.338  -77.593  13.950 0.0000000000
13179  -37.610  -78.070  13.541 0.0000000000
121303  -35.548  -76.778  13.605 0.0000000000
13191  -34.683  -78.852  12.350 0.0000000000
106772  -33.981  -78.321  12.539 0.0000000000
12366  -32.335  -79.507  10.312 0.0000000000
13189  -32.497  -77.680  12.186 0.0000000000
13183  -41.777  -78.925  13.920 0.0000000000
14008  -44.724  -78.272  13.562 0.0000000000
114316  -46.538  -75.256  9.384 0.0000000000
14894  -45.134  -76.618  10.312 0.0000000000
15756  -45.862  -75.700  8.020 0.0000000000
16591  -45.102  -75.182  7.574 0.0000000000
16602  -46.273  -74.513  7.207 0.0000000000
18911  -43.174  -72.213  13.542 0.0000000000
18141  -44.401  -72.649  12.405 0.0000000000
18922  -44.266  -71.622  11.936 0.0000000000
20637  -44.577  -69.563  9.490 0.0000000000
118789  -45.166  -70.855  10.379 0.0000000000
19766  -44.666  -70.429  9.034 0.0000000000
112515  -45.109  -71.950  6.869 0.0000000000
10020  -35.673  -82.378  8.495 0.0000000000
106658  -36.419  -84.049  7.036 0.0000000000
8449  -35.198  -84.386  6.083 0.0000000000
7738  -33.814  -86.058  2.398 0.0000000000
17433  -34.061  -73.632  5.542 0.0000000000
14930  -35.674  -76.519  6.739 0.0000000000
13271  -38.225  -78.399  4.750 0.0000000000
16541  -40.445  -74.621  12.810 0.0000000000
123279  -38.319  -76.079  14.201 0.0000000000
16540  -39.662  -74.360  12.436 0.0000000000
16522  -37.924  -74.635  13.106 0.0000000000
16521  -36.513  -74.723  13.408 0.0000000000
14016  -45.649  -77.556  12.379 0.0000000000
15722  -46.811  -75.234  11.307 0.0000000000
115046  -46.420  -73.676  10.402 0.0000000000
20586  -43.438  -69.315  12.573 0.0000000000
122732  -44.299  -69.852  11.787 0.0000000000
21459  -44.273  -68.591  12.032 0.0000000000
21492  -44.544  -68.728  10.807 0.0000000000
21499  -44.613  -68.637  9.904 0.0000000000
10031  -33.216  -82.531  6.441 0.0000000000
9236  -34.198  -84.010  5.744 0.0000000000
9234  -32.490  -83.021  4.789 0.0000000000
119185  -32.602  -83.587  2.519 0.0000000000
8499  -33.507  -84.704  0.348 0.0000000000
9254  -34.337  -83.244  0.780 0.0000000000
10066  -35.906  -82.379  1.104 0.0000000000
10067  -37.084  -82.370  0.890 0.0000000000
122448  -38.992  -80.866  11.565 0.0000000000
113751  -38.896  -82.522  9.359 0.0000000000
10805  -36.860  -81.240  10.158 0.0000000000
111917  -35.247  -81.529  9.362 0.0000000000
13178  -36.633  -78.100  13.380 0.0000000000
113468  -35.251  -79.788  11.492 0.0000000000
10813  -34.364  -81.224  9.370 0.0000000000
10819  -32.765  -81.067  8.212 0.0000000000
11614  -32.037  -80.395  7.618 0.0000000000
12387  -31.912  -79.351  7.261 0.0000000000
12334  -40.008  -80.060  13.131 0.0000000000
14005  -41.017  -78.081  13.814 0.0000000000
14858  -42.190  -76.393  13.707 0.0000000000
14883  -45.082  -76.791  11.451 0.0000000000
15709  -43.688  -75.690  12.566 0.0000000000
123156  -42.641  -74.980  11.489 0.0000000000
16576  -43.079  -75.053  9.824 0.0000000000
17396  -43.189  -73.647  9.213 0.0000000000
18186  -44.189  -73.252  7.243 0.0000000000
17343  -45.607  -73.583  13.449 0.0000000000
17360  -45.690  -73.437  11.677 0.0000000000
18171  -46.306  -73.051  9.998 0.0000000000
18955  -45.132  -70.994  10.826 0.0000000000
18956  -45.595  -71.621  10.184 0.0000000000
18187  -46.236  -72.740  8.458 0.0000000000
18197  -46.141  -73.358  7.027 0.0000000000
18196  -45.091  -73.073  6.020 0.0000000000
9223  -38.270  -83.957  7.682 0.0000000000
7660  -37.098  -85.412  5.941 0.0000000000
7681  -34.555  -85.254  4.637 0.0000000000
6956  -35.756  -86.859  2.931 0.0000000000
14882  -31.837  -76.818  11.396 0.0000000000
14054  -32.198  -77.571  8.371 0.0000000000
13234  -33.142  -78.058  6.752 0.0000000000
14062  -34.411  -77.324  6.850 0.0000000000
12420  -34.141  -79.327  4.681 0.0000000000
127137  -35.670  -79.926  3.796 0.0000000000
11657  -37.346  -80.923  2.779 0.0000000000
18185  -43.056  -72.464  8.132 0.0000000000
18177  -41.895  -72.203  9.726 0.0000000000
8428  -39.392  -84.641  8.410 0.0000000000
10012  -39.229  -83.162  9.031 0.0000000000
12418  -32.440  -80.099  5.159 0.0000000000
11633  -32.481  -81.181  4.092 0.0000000000
11623  -32.841  -80.383  4.430 0.0000000000
10836  -33.540  -81.146  3.146 0.0000000000
106494  -33.871  -79.963  4.121 0.0000000000
14856  -39.978  -76.964  14.195 0.0000000000
13993  -39.163  -76.613  14.270 0.0000000000
14852  -34.852  -76.628  13.515 0.0000000000
125553  -34.067  -77.833  12.887 0.0000000000
14014  -33.380  -77.652  12.700 0.0000000000
13190  -33.107  -78.513  12.041 0.0000000000
14870  -33.309  -76.795  13.046 0.0000000000
12320  -44.009  -79.978  14.677 0.0000000000
12338  -43.784  -79.930  14.434 0.0000000000
114604  -43.497  -79.429  14.116 0.0000000000
13185  -44.089  -78.998  13.965 0.0000000000
14909  -46.155  -75.996  8.835 0.0000000000
15749  -46.355  -75.221  8.407 0.0000000000
15757  -46.143  -75.036  7.492 0.0000000000
16593  -46.454  -74.510  8.065 0.0000000000
19712  -42.351  -70.700  13.396 0.0000000000
18910  -42.982  -71.357  13.025 0.0000000000
18921  -43.621  -71.998  12.669 0.0000000000
19723  -43.659  -70.996  12.332 0.0000000000
19771  -44.612  -70.801  7.760 0.0000000000
20643  -44.539  -69.874  8.431 0.0000000000
10027  -35.543  -82.906  7.811 0.0000000000
9221  -35.386  -83.439  7.141 0.0000000000
127724  -34.727  -83.233  6.965 0.0000000000
14943  -36.842  -76.801  5.867 0.0000000000
14094  -37.853  -77.536  4.985 0.0000000000
14955  -37.627  -76.730  4.671 0.0000000000
16574  -41.620  -74.326  10.976 0.0000000000
110715  -39.885  -74.628  13.018 0.0000000000
16559  -40.538  -74.335  11.860 0.0000000000
18153  -39.955  -73.222  11.462 0.0000000000
17358  -39.202  -73.983  12.178 0.0000000000
17342  -37.184  -74.269  13.162 0.0000000000
16538  -37.879  -73.957  12.670 0.0000000000
16563  -46.645  -74.372  11.041 0.0000000000
21442  -43.121  -68.531  12.930 0.0000000000
21458  -43.799  -68.513  12.480 0.0000000000
20595  -44.060  -69.246  12.111 0.0000000000
118363  -44.627  -68.068  10.511 0.0000000000
6920  -37.114  -86.868  5.195 0.0000000000
10828  -32.681  -81.730  6.841 0.0000000000
10036  -32.797  -82.766  5.586 0.0000000000
10051  -32.555  -82.700  2.889 0.0000000000
10041  -32.325  -82.777  3.577 0.0000000000
9252  -32.933  -83.718  1.740 0.0000000000
9262  -33.956  -83.886  0.362 0.0000000000
110145  -34.899  -81.496  2.298 0.0000000000
10065  -34.831  -82.554  1.255 0.0000000000
10863  -35.391  -81.943  1.695 0.0000000000
115428  -36.296  -82.702  0.530 0.0000000000
10864  -36.455  -81.883  1.605 0.0000000000
12362  -38.676  -80.238  11.708 0.0000000000
11592  -38.357  -80.545  11.271 0.0000000000
10814  -36.146  -81.508  9.680 0.0000000000
11599  -36.070  -80.817  10.445 0.0000000000
14855  -37.608  -76.635  14.073 0.0000000000
120580  -37.432  -77.265  13.919 0.0000000000
14003  -36.912  -77.513  13.689 0.0000000000
12346  -35.346  -79.370  12.026 0.0000000000
11588  -34.761  -80.034  11.093 0.0000000000
126937  -34.479  -80.780  10.045 0.0000000000
106635  -33.703  -80.658  9.769 0.0000000000
10820  -33.761  -81.479  8.541 0.0000000000
12374  -31.798  -79.418  9.535 0.0000000000
11611  -32.314  -80.376  8.730 0.0000000000
106825  -31.800  -79.655  8.221 0.0000000000
11616  -31.933  -80.077  6.672 0.0000000000
106137  -31.811  -78.867  8.047 0.0000000000
13184  -42.666  -78.653  13.979 0.0000000000
117261  -41.875  -78.028  13.880 0.0000000000
14006  -42.503  -77.508  13.820 0.0000000000
113731  -41.460  -77.062  13.960 0.0000000000
14029  -45.889  -77.324  11.513 0.0000000000
14028  -45.595  -77.206  11.712 0.0000000000
14884  -45.639  -76.980  10.907 0.0000000000
15736  -44.453  -76.186  9.731 0.0000000000
111388  -44.425  -76.065  10.809 0.0000000000
15720  -43.527  -75.431  11.451 0.0000000000
16562  -42.817  -75.026  10.676 0.0000000000
15747  -43.883  -75.651  9.268 0.0000000000
16590  -44.437  -74.802  8.086 0.0000000000
16583  -43.589  -74.807  8.973 0.0000000000
17397  -44.023  -73.936  8.283 0.0000000000
18179  -43.450  -73.131  8.523 0.0000000000
17407  -45.291  -73.649  6.299 0.0000000000
116129  -44.603  -73.173  13.549 0.0000000000
18142  -45.098  -72.885  11.828 0.0000000000
18156  -46.005  -73.149  10.753 0.0000000000
18170  -45.843  -72.443  10.420 0.0000000000
19740  -44.667  -70.223  11.310 0.0000000000
18969  -45.204  -71.042  9.653 0.0000000000
18180  -46.104  -72.459  9.614 0.0000000000
18978  -45.626  -72.342  7.668 0.0000000000
18988  -45.520  -73.129  6.374 0.0000000000
18195  -44.397  -72.803  5.845 0.0000000000
10011  -37.965  -82.284  9.238 0.0000000000
9213  -38.879  -83.554  8.306 0.0000000000
9212  -37.847  -83.274  8.250 0.0000000000
8466  -35.916  -85.116  5.636 0.0000000000
107833  -36.598  -85.849  5.095 0.0000000000
7702  -36.813  -86.532  4.710 0.0000000000
7701  -36.167  -86.206  4.413 0.0000000000
8464  -33.691  -84.387  4.888 0.0000000000
7699  -33.628  -85.012  4.100 0.0000000000
6985  -34.957  -87.024  1.135 0.0000000000
7720  -34.751  -86.368  3.064 0.0000000000
14869  -32.208  -76.929  12.129 0.0000000000
109914  -32.132  -76.125  11.917 0.0000000000
14915  -32.341  -76.858  8.847 0.0000000000
14060  -32.649  -77.698  7.627 0.0000000000
14079  -35.883  -77.705  6.058 0.0000000000
14063  -35.077  -76.682  7.006 0.0000000000
13242  -34.986  -77.688  6.289 0.0000000000
13241  -34.081  -78.070  6.094 0.0000000000
12403  -35.045  -78.923  4.942 0.0000000000
119312  -34.732  -79.532  4.345 0.0000000000
13269  -36.142  -78.826  4.950 0.0000000000
12440  -38.201  -79.786  4.001 0.0000000000
12439  -37.217  -79.797  3.965 0.0000000000
11638  -37.761  -80.399  3.428 0.0000000000
17390  -42.352  -73.363  10.025 0.0000000000
17376  -40.404  -73.846  11.438 0.0000000000
18169  -41.449  -72.736  10.451 0.0000000000
18168  -40.110  -72.350  11.062 0.0000000000
113494  -44.359  -67.333  12.317 0.0000000000
7662  -38.508  -85.383  6.943 0.0000000000
118760  -32.121  -81.228  6.085 0.0000000000
10035  -32.241  -82.232  5.021 0.0000000000
10833  -32.217  -81.700  4.501 0.0000000000
10835  -32.382  -82.003  3.658 0.0000000000
10844  -32.948  -81.840  2.969 0.0000000000
10052  -33.294  -82.341  2.297 0.0000000000
10845  -33.867  -81.603  2.522 0.0000000000
10837  -34.456  -80.997  2.857 0.0000000000
119310  -34.950  -80.559  3.231 0.0000000000
13180  -38.758  -78.374  13.438 0.0000000000
13194  -38.106  -78.926  12.863 0.0000000000
115772  -37.184  -78.731  12.888 0.0000000000
14853  -36.069  -76.558  13.673 0.0000000000
14002  -36.113  -77.318  13.613 0.0000000000
14001  -35.189  -77.379  13.415 0.0000000000
12357  -33.603  -79.257  11.512 0.0000000000
12367  -33.284  -79.701  10.823 0.0000000000
12356  -32.643  -79.099  11.229 0.0000000000
13207  -31.913  -78.803  10.670 0.0000000000
14007  -43.639  -78.220  13.747 0.0000000000
14896  -46.277  -76.167  9.855 0.0000000000
14895  -45.693  -76.721  10.039 0.0000000000
124914  -45.778  -76.442  9.305 0.0000000000
14918  -45.474  -76.247  8.654 0.0000000000
15748  -44.687  -76.157  8.824 0.0000000000
15755  -45.176  -75.800  8.051 0.0000000000
16600  -45.657  -74.769  6.924 0.0000000000
17408  -45.820  -74.280  6.461 0.0000000000
18102  -43.796  -72.695  14.151 0.0000000000
18124  -43.832  -72.637  13.226 0.0000000000
18154  -44.889  -72.167  11.522 0.0000000000
20632  -44.634  -69.473  10.425 0.0000000000
19760  -44.888  -70.223  10.760 0.0000000000
115995  -44.851  -70.271  10.072 0.0000000000
18977  -44.998  -71.319  8.423 0.0000000000
19785  -44.839  -71.400  6.093 0.0000000000
10021  -36.631  -82.937  8.248 0.0000000000
9222  -37.137  -83.664  7.668 0.0000000000
111511  -36.191  -83.395  7.594 0.0000000000
9232  -35.559  -84.006  6.627 0.0000000000
7719  -33.675  -85.525  3.291 0.0000000000
16622  -34.579  -74.393  5.707 0.0000000000
16615  -34.981  -75.050  6.326 0.0000000000
15774  -34.910  -75.359  7.004 0.0000000000
15775  -35.527  -75.739  6.526 0.0000000000
14069  -36.231  -77.019  6.419 0.0000000000
13252  -36.637  -78.164  5.557 0.0000000000
12423  -37.654  -79.107  4.645 0.0000000000
12424  -38.645  -79.161  4.384 0.0000000000
16525  -40.173  -74.969  13.430 0.0000000000
15680  -39.167  -75.847  14.225 0.0000000000
15693  -38.827  -75.353  13.744 0.0000000000
111852  -38.002  -75.302  13.586 0.0000000000
16558  -39.822  -73.954  11.817 0.0000000000
16523  -38.541  -74.849  13.259 0.0000000000
15692  -37.281  -75.885  13.779 0.0000000000
15691  -36.671  -75.401  13.522 0.0000000000
15690  -35.954  -75.306  13.535 0.0000000000
15689  -34.669  -75.944  13.549 0.0000000000
108160  -45.300  -77.989  13.370 0.0000000000
14030  -46.239  -76.949  11.645 0.0000000000
15710  -46.933  -75.426  12.204 0.0000000000
108928  -46.542  -75.925  10.730 0.0000000000
15737  -46.695  -75.200  10.352 0.0000000000
16577  -46.659  -74.365  9.975 0.0000000000
20585  -42.515  -69.474  13.132 0.0000000000
111978  -43.852  -70.021  12.198 0.0000000000
20596  -44.390  -69.334  11.628 0.0000000000
22377  -44.470  -67.862  11.867 0.0000000000
21480  -44.449  -68.683  11.462 0.0000000000
21507  -44.635  -68.989  8.879 0.0000000000
10025  -33.821  -82.345  7.350 0.0000000000
10032  -34.146  -82.975  6.792 0.0000000000
9230  -33.660  -83.270  6.101 0.0000000000
9235  -33.235  -83.536  5.307 0.0000000000
8476  -32.920  -84.205  4.129 0.0000000000
8489  -32.588  -84.198  2.926 0.0000000000
8493  -33.088  -84.591  1.293 0.0000000000
10078  -35.378  -82.910  0.592 0.0000000000
9264  -36.100  -83.171  -0.144 0.0000000000
10079  -37.091  -82.843  0.135 0.0000000000
10807  -38.955  -81.876  10.608 0.0000000000
113542  -38.484  -81.424  10.495 0.0000000000
10816  -38.559  -81.879  9.891 0.0000000000
10815  -37.330  -81.698  9.682 0.0000000000
11600  -37.131  -80.796  10.644 0.0000000000
10010  -36.689  -82.209  9.035 0.0000000000
121075  -35.704  -81.898  9.065 0.0000000000
10821  -34.808  -81.838  8.701 0.0000000000
112378  -38.300  -77.272  14.083 0.0000000000
13177  -35.724  -78.109  13.277 0.0000000000
108843  -35.026  -80.565  10.543 0.0000000000
10825  -34.089  -81.952  8.074 0.0000000000
10824  -33.251  -81.637  7.745 0.0000000000
10823  -32.502  -81.157  7.449 0.0000000000
119215  -32.897  -80.469  9.459 0.0000000000
10827  -32.133  -80.872  6.806 0.0000000000
127910  -32.018  -80.555  6.183 0.0000000000
123804  -32.083  -79.969  5.890 0.0000000000
12395  -32.218  -79.352  6.396 0.0000000000
11582  -39.190  -80.385  12.102 0.0000000000
13181  -39.465  -79.080  13.072 0.0000000000
13182  -40.959  -79.143  13.696 0.0000000000
113131  -40.236  -79.176  13.351 0.0000000000
108257  -39.691  -78.389  13.537 0.0000000000
120599  -40.160  -77.792  13.865 0.0000000000
14857  -40.638  -76.467  14.112 0.0000000000
106261  -41.344  -75.971  13.900 0.0000000000
14015  -45.230  -77.377  12.640 0.0000000000
14861  -44.220  -77.220  13.279 0.0000000000
14871  -44.453  -76.459  12.584 0.0000000000
14860  -43.589  -76.119  13.182 0.0000000000
15696  -42.717  -75.840  13.366 0.0000000000
15695  -41.946  -75.635  13.524 0.0000000000
16526  -41.171  -75.141  13.412 0.0000000000
16543  -42.073  -74.810  12.021 0.0000000000
16561  -42.080  -74.677  11.120 0.0000000000
16575  -42.307  -74.426  10.440 0.0000000000
16582  -42.843  -74.345  9.723 0.0000000000
17359  -45.123  -73.364  12.553 0.0000000000
107060  -45.815  -73.796  12.620 0.0000000000
17378  -46.225  -73.731  11.138 0.0000000000
17391  -46.591  -73.684  9.571 0.0000000000
19724  -44.302  -70.622  11.779 0.0000000000
18934  -44.808  -71.221  11.331 0.0000000000
18935  -45.338  -71.837  10.879 0.0000000000
18181  -46.493  -73.158  9.119 0.0000000000
18188  -46.448  -73.523  7.950 0.0000000000
17409  -46.202  -74.133  6.778 0.0000000000
117640  -45.700  -73.782  6.385 0.0000000000
8439  -38.546  -84.720  7.226 0.0000000000
8452  -37.942  -85.123  6.599 0.0000000000
8438  -37.586  -84.398  7.142 0.0000000000
7683  -37.291  -86.204  5.443 0.0000000000
8465  -34.818  -84.814  5.379 0.0000000000
127679  -35.312  -85.867  4.329 0.0000000000
7700  -34.559  -85.771  3.876 0.0000000000
7721  -35.678  -86.463  3.673 0.0000000000
18953  -40.209  -71.653  10.391 0.0000000000
17356  -37.152  -73.436  12.930 0.0000000000
16520  -35.661  -74.502  13.489 0.0000000000
109797  -34.966  -75.184  13.547 0.0000000000
15706  -33.214  -75.920  13.172 0.0000000000
116609  -32.748  -77.098  12.601 0.0000000000
14027  -31.978  -77.443  11.667 0.0000000000
13206  -31.549  -78.437  10.060 0.0000000000
14881  -31.720  -76.863  10.534 0.0000000000
14040  -31.559  -77.644  10.065 0.0000000000
13227  -31.736  -78.321  8.735 0.0000000000
122211  -32.054  -78.177  7.996 0.0000000000
13240  -32.360  -78.737  6.746 0.0000000000
12402  -32.761  -79.259  5.648 0.0000000000
15763  -35.168  -76.060  7.193 0.0000000000
14925  -34.434  -76.477  7.532 0.0000000000
14061  -33.561  -77.177  7.491 0.0000000000
13250  -33.891  -78.796  5.344 0.0000000000
12437  -34.966  -80.016  3.756 0.0000000000
11636  -35.771  -80.367  3.357 0.0000000000
11637  -36.773  -80.376  3.356 0.0000000000
11656  -36.346  -80.893  2.761 0.0000000000
10847  -36.924  -81.440  2.207 0.0000000000
8450  -36.202  -84.611  6.314 0.0000000000
8451  -37.085  -84.726  6.569 0.0000000000
8483  -32.587  -83.954  3.538 0.0000000000
9225  -39.318  -84.624  7.981 0.0000000000
9231  -34.682  -83.618  6.516 0.0000000000
9240  -32.877  -83.704  4.631 0.0000000000
9243  -32.425  -83.423  3.231 0.0000000000
9253  -33.475  -83.800  0.976 0.0000000000
10019  -34.765  -82.413  7.991 0.0000000000
10022  -38.566  -82.835  8.776 0.0000000000
10830  -32.114  -81.446  5.282 0.0000000000
11597  -33.048  -80.176  10.117 0.0000000000
11598  -34.054  -80.267  10.527 0.0000000000
11606  -32.312  -79.991  9.537 0.0000000000
11608  -35.213  -81.122  9.950 0.0000000000
11634  -33.222  -80.720  3.745 0.0000000000
11655  -35.394  -80.934  2.765 0.0000000000
12321  -44.404  -79.489  14.636 0.0000000000
12339  -43.945  -79.558  14.238 0.0000000000
12350  -39.340  -79.742  12.566 0.0000000000
12365  -31.693  -79.051  10.044 0.0000000000
12381  -31.656  -79.140  8.808 0.0000000000
12421  -35.656  -79.503  4.311 0.0000000000
13176  -34.745  -78.124  13.003 0.0000000000
13192  -35.499  -78.734  12.613 0.0000000000
13200  -31.608  -78.153  10.668 0.0000000000
13201  -32.086  -78.242  11.441 0.0000000000
13202  -33.988  -78.907  12.049 0.0000000000
13233  -32.227  -78.444  7.354 0.0000000000
13248  -32.709  -78.755  6.259 0.0000000000
13249  -33.295  -78.561  5.979 0.0000000000
13251  -34.954  -78.261  5.706 0.0000000000
14000  -34.189  -77.281  13.236 0.0000000000
14026  -31.637  -77.521  10.988 0.0000000000
14049  -31.583  -78.140  9.477 0.0000000000
14068  -35.461  -77.149  6.624 0.0000000000
14080  -36.626  -77.444  5.975 0.0000000000
14908  -45.186  -76.495  9.424 0.0000000000
14942  -36.171  -76.328  6.241 0.0000000000
15681  -39.859  -76.096  14.261 0.0000000000
15688  -34.005  -75.510  13.451 0.0000000000
15694  -39.652  -75.415  13.831 0.0000000000
15707  -42.231  -75.107  13.056 0.0000000000
15708  -42.885  -75.209  12.378 0.0000000000
15721  -44.332  -75.967  11.853 0.0000000000
16524  -39.336  -74.797  13.220 0.0000000000
16539  -38.705  -74.341  12.670 0.0000000000
16542  -41.301  -74.688  12.465 0.0000000000
16560  -41.399  -74.471  11.525 0.0000000000
16584  -44.418  -75.513  8.426 0.0000000000
16592  -45.696  -75.206  7.393 0.0000000000
16601  -46.030  -74.667  6.822 0.0000000000
16613  -34.010  -74.281  6.974 0.0000000000
17375  -39.262  -73.348  11.881 0.0000000000
17377  -41.005  -74.090  11.206 0.0000000000
17398  -46.624  -73.828  8.644 0.0000000000
17404  -46.467  -74.092  7.697 0.0000000000
106686  -37.259  -75.058  13.411 0.0000000000
106774  -46.599  -76.121  11.489 0.0000000000
106868  -31.797  -77.557  9.166 0.0000000000
110364  -36.379  -75.984  13.638 0.0000000000
111685  -35.500  -76.048  13.599 0.0000000000
113793  -31.860  -79.756  8.974 0.0000000000
115986  -40.644  -77.261  14.031 0.0000000000
118371  -39.384  -84.007  8.505 0.0000000000
119093  -32.201  -80.899  4.804 0.0000000000
123357  -40.386  -78.487  13.617 0.0000000000
124181  -36.839  -79.188  12.402 0.0000000000
124552  -43.047  -75.521  13.036 0.0000000000
126003  -38.757  -81.172  10.966 0.0000000000
