#!ascii label  , from subject sub-v2s10x28997_ses-1 vox2ras=TkReg
822
55621  -19.623  -9.821  7.684 0.5555555820
55627  -20.908  -9.721  6.884 0.6666666865
56425  -20.777  -9.063  6.647 0.7777777910
57168  -22.174  -8.794  6.079 0.7777777910
57172  -21.900  -8.169  5.647 0.8888888955
57174  -23.496  -8.028  5.630 0.8888888955
55620  -18.755  -9.766  8.244 0.5555555820
118250  -19.183  -9.415  7.890 0.5555555820
56424  -19.981  -8.730  7.017 0.6666666865
57166  -20.521  -8.323  6.459 0.8888888955
58013  -22.344  -7.648  5.188 0.8888888955
58853  -23.118  -6.926  4.851 1.0000000000
58015  -23.669  -7.236  5.279 0.8888888955
58854  -23.935  -6.484  5.203 1.0000000000
57162  -19.102  -8.378  7.518 0.7777777910
100052  -20.183  -7.425  6.348 1.0000000000
58841  -20.431  -6.576  5.986 1.0000000000
58851  -21.356  -6.609  5.201 1.0000000000
58855  -22.098  -6.241  4.625 1.0000000000
59681  -22.683  -5.875  4.457 1.0000000000
59680  -22.214  -5.449  4.523 1.0000000000
59682  -23.197  -5.536  4.491 1.0000000000
60517  -24.121  -4.731  4.977 1.0000000000
60532  -22.770  -5.059  4.401 1.0000000000
60533  -23.398  -4.603  4.504 1.0000000000
61343  -23.878  -3.811  4.604 1.0000000000
61325  -24.740  -3.004  5.258 0.7777777910
60502  -19.350  -4.938  6.418 0.8888888955
59659  -20.717  -5.793  5.619 1.0000000000
60531  -22.249  -4.657  4.541 1.0000000000
60515  -20.951  -4.896  5.332 1.0000000000
60530  -21.558  -4.321  4.838 1.0000000000
61341  -22.797  -4.103  4.448 1.0000000000
61342  -23.343  -3.590  4.426 1.0000000000
99751  -23.762  -3.044  4.388 1.0000000000
61344  -24.224  -3.094  4.657 1.0000000000
62234  -24.494  -2.388  4.741 1.0000000000
62219  -24.934  -2.313  5.370 0.7777777910
62206  -25.371  -1.700  5.983 0.7777777910
61314  -19.072  -4.146  6.367 0.5555555820
119724  -20.441  -2.371  5.006 0.7777777910
62218  -20.577  -3.086  5.141 0.8888888955
61340  -22.139  -3.074  4.459 1.0000000000
116521  -22.161  -3.879  4.567 1.0000000000
100238  -21.213  -2.646  4.705 0.8888888955
62232  -23.352  -2.673  4.267 1.0000000000
63080  -23.778  -1.939  4.098 1.0000000000
63081  -24.285  -1.653  4.275 0.8888888955
63960  -24.625  -0.859  4.478 0.8888888955
116964  -25.308  -0.366  5.590 0.7777777910
63051  -26.633  -0.503  6.876 0.6666666865
63927  -26.231  0.008  6.443 0.6666666865
113659  -18.615  -2.252  5.954 0.4444444478
114341  -19.752  -2.642  5.412 0.7777777910
63066  -19.151  -1.335  5.479 0.6666666865
63078  -21.584  -1.189  4.267 0.7777777910
62230  -21.829  -2.111  4.392 0.8888888955
63079  -22.447  -1.544  4.081 0.8888888955
63091  -22.997  -0.917  3.705 1.0000000000
63092  -23.707  -0.964  3.724 1.0000000000
115404  -24.154  -0.770  3.883 1.0000000000
63959  -24.313  -0.045  3.989 0.8888888955
63941  -24.935  -0.117  4.928 0.7777777910
63942  -25.579  0.166  5.885 0.7777777910
64768  -26.850  0.374  6.903 0.5555555820
64781  -25.850  0.857  6.030 0.7777777910
109088  -26.224  0.531  6.373 0.6666666865
63956  -19.903  -0.094  4.845 0.6666666865
63957  -20.698  -0.656  4.545 0.7777777910
63958  -21.492  -0.285  4.160 0.8888888955
63090  -22.249  -0.710  3.859 0.8888888955
118264  -22.202  0.086  3.750 1.0000000000
117706  -22.782  -0.261  3.562 1.0000000000
114004  -23.968  0.082  3.444 1.0000000000
104085  -24.537  0.547  4.366 0.8888888955
64780  -25.153  0.634  5.302 0.7777777910
65627  -24.236  1.169  4.047 0.8888888955
65628  -24.810  1.077  4.960 0.7777777910
65619  -26.115  1.321  6.217 0.7777777910
105059  -26.518  1.021  6.535 0.6666666865
64779  -19.419  0.433  5.139 0.6666666865
106234  -19.075  -0.339  5.410 0.5555555820
64795  -19.925  0.620  4.743 0.7777777910
64796  -20.690  0.331  4.404 0.8888888955
64797  -21.556  0.439  4.048 0.8888888955
100049  -22.178  0.916  3.673 1.0000000000
102832  -22.909  0.386  3.392 1.0000000000
64813  -23.893  0.777  3.238 1.0000000000
64798  -24.123  0.625  3.536 0.8888888955
108319  -25.210  1.524  5.494 0.7777777910
66457  -25.267  2.062  5.676 0.7777777910
66458  -25.936  1.808  6.117 0.6666666865
110144  -27.157  2.058  7.302 0.5555555820
65617  -19.517  1.217  5.007 0.6666666865
65625  -20.328  1.171  4.490 0.8888888955
65635  -21.632  1.689  3.824 1.0000000000
65636  -22.528  1.564  3.507 1.0000000000
66476  -23.425  1.719  3.540 0.8888888955
65638  -23.876  1.145  3.387 0.8888888955
66466  -23.537  2.212  3.907 0.8888888955
66456  -24.521  2.426  5.324 0.7777777910
116317  -25.192  2.617  5.998 0.7777777910
66450  -25.848  2.503  6.361 0.7777777910
66451  -26.595  2.396  6.947 0.5555555820
67318  -24.183  3.339  5.470 0.7777777910
67310  -26.337  3.106  7.008 0.5555555820
67311  -27.108  3.119  7.405 0.5555555820
67309  -25.452  3.173  6.561 0.6666666865
110650  -18.016  2.001  5.899 0.4444444478
114914  -18.892  1.547  5.404 0.5555555820
66465  -20.575  2.447  4.305 0.7777777910
110477  -20.817  1.780  4.205 1.0000000000
105029  -20.056  1.906  4.590 0.8888888955
66474  -21.865  2.349  3.705 1.0000000000
66475  -22.796  2.054  3.505 0.8888888955
67337  -22.953  2.571  3.675 0.8888888955
67328  -23.190  3.133  4.132 0.8888888955
67329  -23.820  2.709  4.629 0.8888888955
67319  -24.779  3.097  6.013 0.6666666865
68129  -27.017  3.816  7.441 0.5555555820
107730  -19.526  3.806  4.838 0.6666666865
67325  -19.700  3.337  4.732 0.6666666865
68149  -20.665  3.913  4.303 0.7777777910
67335  -21.541  3.113  3.891 0.8888888955
68150  -21.268  3.801  4.104 0.7777777910
68151  -21.808  3.525  3.914 0.7777777910
67327  -22.415  3.584  3.998 0.8888888955
68144  -22.188  4.547  4.360 0.7777777910
68135  -22.883  4.204  4.686 0.7777777910
67317  -23.529  3.502  4.890 0.7777777910
68136  -23.731  4.246  5.495 0.6666666865
68902  -23.137  5.179  5.346 0.6666666865
68903  -24.017  5.162  6.014 0.6666666865
68127  -24.697  4.078  6.493 0.6666666865
69688  -24.340  6.062  6.418 0.6666666865
68904  -24.724  5.245  6.718 0.5555555820
68893  -25.457  4.863  7.359 0.5555555820
68128  -25.830  3.862  7.321 0.4444444478
69684  -19.355  5.133  5.290 0.3333333433
68909  -19.988  5.158  4.618 0.5555555820
68141  -20.330  4.583  4.464 0.6666666865
68142  -20.987  4.570  4.258 0.7777777910
69695  -21.484  5.881  4.462 0.6666666865
68912  -21.816  5.254  4.438 0.6666666865
68913  -22.409  5.266  4.750 0.6666666865
69697  -22.749  6.114  5.080 0.6666666865
69687  -23.559  6.085  5.659 0.6666666865
110220  -23.963  6.891  6.007 0.6666666865
105247  -25.684  6.881  7.083 0.5555555820
69672  -24.829  6.854  6.651 0.6666666865
107835  -19.657  5.818  5.223 0.4444444478
69685  -19.765  5.674  4.909 0.4444444478
108431  -19.850  6.373  5.036 0.5555555820
109981  -20.269  5.826  4.598 0.5555555820
117613  -21.197  6.306  4.482 0.6666666865
68910  -20.776  5.505  4.405 0.6666666865
69696  -22.076  6.079  4.664 0.6666666865
108547  -23.190  6.926  5.343 0.6666666865
70466  -24.435  7.631  6.313 0.6666666865
70467  -25.397  7.580  6.787 0.5555555820
70489  -20.060  7.002  5.087 0.4444444478
70491  -21.190  6.922  4.603 0.6666666865
119295  -21.620  7.431  4.678 0.6666666865
70492  -21.753  6.756  4.597 0.6666666865
70479  -23.603  7.692  5.741 0.6666666865
58008  -21.096  -7.914  5.901 0.8888888955
57165  -19.676  -7.978  6.928 1.0000000000
58011  -20.947  -7.230  5.718 1.0000000000
58852  -22.095  -7.009  4.794 1.0000000000
58857  -23.578  -6.002  4.763 1.0000000000
64778  -18.742  0.705  5.534 0.5555555820
66454  -18.212  2.727  5.731 0.5555555820
66446  -17.921  2.392  5.935 0.2222222239
68143  -21.656  4.350  4.193 0.7777777910
69694  -20.703  6.340  4.548 0.6666666865
70477  -21.087  7.632  4.837 0.6666666865
63065  -18.548  -1.043  5.871 0.4444444478
117339  -18.290  -0.092  6.025 0.4444444478
69674  -26.541  6.461  7.460 0.5555555820
69671  -19.647  6.307  6.137 0.2222222239
117929  -19.570  -10.904  8.175 0.5555555820
53857  -20.800  -11.228  7.683 0.5555555820
55622  -20.347  -9.990  7.286 0.6666666865
55629  -22.154  -10.136  6.726 0.5555555820
57169  -23.301  -8.659  6.052 0.7777777910
57170  -23.979  -8.433  6.100 0.8888888955
54731  -18.997  -11.209  8.581 0.5555555820
56427  -22.457  -9.420  6.390 0.6666666865
115698  -22.751  -8.874  6.118 0.6666666865
58009  -24.172  -7.775  5.831 0.7777777910
58842  -24.392  -7.027  5.732 0.7777777910
59660  -24.495  -6.188  5.742 0.8888888955
55610  -17.571  -10.452  9.137 0.4444444478
57154  -17.827  -8.631  8.412 0.5555555820
59673  -24.047  -5.695  5.100 1.0000000000
57160  -17.665  -7.861  8.338 0.2222222239
57998  -18.985  -7.691  7.348 0.6666666865
59674  -24.744  -4.464  5.761 0.8888888955
102147  -25.027  -3.634  5.901 0.6666666865
113415  -25.322  -2.741  6.123 0.7777777910
62207  -25.839  -2.218  6.700 0.6666666865
58839  -18.615  -6.447  7.220 0.5555555820
63034  -26.326  -1.473  6.894 0.6666666865
60501  -18.514  -4.715  6.841 0.4444444478
101609  -27.361  -0.288  7.395 0.5555555820
61313  -18.078  -3.491  7.023 0.2222222239
62216  -18.396  -1.778  6.132 0.4444444478
65611  -27.223  1.224  7.176 0.5555555820
63906  -17.992  -0.341  5.970 0.3333333433
65601  -27.796  1.831  7.602 0.5555555820
65616  -18.308  1.432  5.754 0.4444444478
112021  -28.137  3.049  7.748 0.4444444478
65596  -17.289  1.783  6.912 0.3333333433
109573  -27.638  3.619  7.463 0.5555555820
118935  -19.137  4.838  5.409 0.3333333433
68900  -19.025  4.510  5.346 0.3333333433
68134  -19.174  4.282  5.158 0.4444444478
116784  -26.219  5.511  7.535 0.4444444478
110662  -27.200  7.176  7.326 0.2222222239
70476  -19.883  6.893  5.302 0.3333333433
106524  -22.159  7.576  4.812 0.6666666865
70478  -22.829  7.686  5.241 0.6666666865
111775  -24.070  8.294  6.075 0.6666666865
71233  -26.109  8.241  6.912 0.4444444478
70468  -26.369  7.418  7.186 0.3333333433
71248  -20.441  7.695  5.215 0.5555555820
56420  -20.208  -9.406  7.152 0.6666666865
55615  -19.255  -10.436  8.186 0.5555555820
54738  -20.057  -10.609  7.720 0.6666666865
55628  -21.489  -10.041  6.811 0.6666666865
56426  -21.637  -9.418  6.478 0.7777777910
57167  -21.377  -8.635  6.172 0.8888888955
58012  -21.616  -7.468  5.319 1.0000000000
58014  -23.025  -7.576  5.199 0.8888888955
108342  -18.420  -10.485  8.634 0.4444444478
55614  -17.987  -9.960  8.691 0.4444444478
56415  -17.948  -9.345  8.533 0.5555555820
56418  -18.698  -8.990  8.041 0.6666666865
56419  -19.499  -9.122  7.543 0.6666666865
57173  -22.730  -8.276  5.658 0.8888888955
58016  -22.648  -7.163  4.862 1.0000000000
101658  -23.126  -6.272  4.592 1.0000000000
57997  -18.374  -7.758  7.773 0.6666666865
57161  -18.331  -8.330  7.999 0.6666666865
58007  -19.223  -7.207  6.988 0.8888888955
58840  -19.457  -6.529  6.610 0.8888888955
59658  -19.805  -5.771  6.289 1.0000000000
59672  -21.546  -5.688  4.969 1.0000000000
60516  -21.733  -5.018  4.775 1.0000000000
59683  -23.646  -5.322  4.694 1.0000000000
61324  -24.451  -3.792  5.133 1.0000000000
59671  -20.196  -5.146  5.971 1.0000000000
99813  -18.748  -5.593  6.895 0.6666666865
60514  -19.991  -4.403  5.834 0.8888888955
61339  -21.414  -3.495  4.786 1.0000000000
100356  -22.851  -3.262  4.371 1.0000000000
113392  -23.734  -2.552  4.270 1.0000000000
62233  -24.055  -2.475  4.333 1.0000000000
63082  -24.809  -1.655  4.966 0.8888888955
113217  -18.438  -3.485  6.596 0.6666666865
61322  -19.794  -3.510  5.639 0.6666666865
62229  -19.827  -1.854  5.172 0.6666666865
102671  -20.774  -1.698  4.677 0.8888888955
61323  -20.713  -3.946  5.234 0.8888888955
62231  -22.675  -2.427  4.278 1.0000000000
117011  -24.023  -1.352  3.896 1.0000000000
100718  -25.128  -0.898  5.320 0.7777777910
63050  -25.733  -0.657  6.208 0.7777777910
62217  -19.098  -2.121  5.603 0.5555555820
62215  -18.351  -1.859  6.246 0.3333333433
62205  -18.378  -2.652  6.480 0.3333333433
61321  -18.940  -2.948  6.010 0.6666666865
63077  -19.889  -0.986  5.022 0.6666666865
62245  -23.188  -1.760  4.040 1.0000000000
63971  -23.418  -0.147  3.437 1.0000000000
64812  -23.560  0.595  3.220 1.0000000000
65618  -25.516  1.208  5.691 0.7777777910
65610  -26.596  1.637  6.718 0.6666666865
65626  -21.205  1.076  4.140 0.8888888955
64811  -22.970  0.958  3.285 1.0000000000
65637  -23.418  1.259  3.317 0.8888888955
66468  -24.605  1.609  4.994 0.7777777910
105201  -27.250  2.680  7.432 0.5555555820
66442  -27.715  2.572  7.599 0.5555555820
64777  -18.163  0.771  5.980 0.5555555820
66467  -24.044  1.868  4.402 0.8888888955
66455  -18.633  2.286  5.493 0.5555555820
65624  -19.371  2.090  5.063 0.5555555820
66464  -19.869  2.655  4.648 0.7777777910
67336  -22.253  2.860  3.702 0.8888888955
109239  -21.098  2.795  4.043 0.7777777910
68139  -19.152  3.852  5.113 0.5555555820
67324  -19.266  3.452  5.051 0.5555555820
68140  -19.630  4.362  4.798 0.4444444478
104711  -20.021  3.886  4.562 0.6666666865
67326  -20.415  3.212  4.379 0.7777777910
66463  -19.262  2.865  5.088 0.7777777910
67316  -18.764  3.220  5.386 0.6666666865
67334  -20.993  3.369  4.122 0.7777777910
68894  -26.534  4.675  7.578 0.4444444478
69673  -25.341  6.010  7.144 0.5555555820
68901  -19.464  4.852  5.030 0.4444444478
68911  -21.318  5.139  4.365 0.7777777910
69693  -20.161  6.390  4.767 0.5555555820
70490  -20.594  7.002  4.801 0.6666666865
69686  -22.434  6.895  4.889 0.6666666865
63064  -18.266  -0.969  6.268 0.4444444478
63926  -18.082  -0.226  6.453 0.4444444478
54722  -17.993  -11.162  9.098 0.4444444478
113680  -24.565  -5.311  5.724 0.7777777910
62204  -18.297  -2.762  6.595 0.1111111119
63049  -18.172  -0.781  6.422 0.4444444478
64767  -17.986  0.540  6.323 0.3333333433
68132  -18.460  3.511  5.607 0.3333333433
71232  -25.027  8.416  6.442 0.4444444478
54723  -23.809  -11.475  8.950 0.4444444478
54714  -24.849  -11.441  10.334 0.2222222239
53849  -20.888  -12.040  8.129 0.4444444478
53858  -21.435  -11.702  7.752 0.4444444478
54739  -21.530  -11.098  7.318 0.4444444478
54741  -22.758  -11.190  7.562 0.4444444478
55625  -23.970  -10.188  7.715 0.4444444478
55618  -24.847  -10.065  9.050 0.2222222239
112140  -23.224  -10.459  7.253 0.4444444478
56409  -25.588  -9.253  9.539 0.1111111119
56390  -25.884  -9.476  10.190 0.1111111119
56421  -23.556  -9.741  6.943 0.4444444478
56416  -24.602  -9.790  8.344 0.3333333433
55630  -22.863  -9.950  6.726 0.4444444478
56422  -24.332  -9.339  7.382 0.3333333433
56417  -24.965  -9.027  8.214 0.3333333433
56429  -23.787  -9.042  6.548 0.4444444478
56428  -23.115  -9.292  6.416 0.4444444478
57155  -25.346  -8.154  8.095 0.2222222239
57984  -25.812  -7.344  8.472 0.1111111119
57973  -26.724  -7.008  9.486 0.1111111119
57164  -24.854  -8.044  7.109 0.3333333433
57999  -25.331  -7.213  7.447 0.3333333433
58010  -24.720  -7.486  6.469 0.4444444478
58843  -24.979  -6.666  6.498 0.5555555820
58829  -25.569  -6.163  7.395 0.6666666865
59649  -26.040  -5.610  8.011 0.4444444478
59661  -25.029  -5.752  6.497 0.6666666865
60474  -26.929  -4.489  8.665 0.3333333433
106120  -25.004  -4.986  6.387 0.6666666865
60489  -25.886  -4.146  7.403 0.5555555820
109320  -25.568  -3.487  6.769 0.5555555820
61304  -26.175  -3.302  7.484 0.5555555820
60473  -26.565  -3.910  8.055 0.4444444478
61291  -26.838  -3.082  8.041 0.3333333433
60503  -25.293  -4.305  6.585 0.5555555820
62192  -26.967  -1.756  7.595 0.4444444478
62191  -26.448  -2.419  7.419 0.4444444478
63035  -27.120  -1.051  7.458 0.4444444478
71241  -21.736  8.208  4.947 0.5555555820
71242  -22.490  8.312  5.189 0.5555555820
71243  -23.352  8.632  5.609 0.5555555820
71244  -24.326  8.966  6.070 0.5555555820
54733  -22.578  -12.085  8.250 0.4444444478
54724  -24.549  -11.111  9.557 0.2222222239
55623  -20.965  -10.445  7.199 0.4444444478
101012  -25.144  -9.475  8.976 0.2222222239
57142  -25.926  -7.999  9.019 0.2222222239
58818  -25.841  -6.605  8.149 0.4444444478
59648  -25.570  -5.108  7.219 0.6666666865
62178  -27.210  -2.330  8.055 0.3333333433
63015  -27.604  -1.507  8.086 0.4444444478
64761  -27.675  0.462  7.461 0.4444444478
114890  -22.184  8.833  5.227 0.5555555820
72035  -21.514  9.109  5.393 0.5555555820
59637  -26.661  -5.394  8.722 0.2222222239
52993  -21.613  -13.356  8.704 0.4444444478
52994  -22.298  -12.989  8.677 0.4444444478
52995  -22.956  -12.645  8.953 0.4444444478
53839  -24.183  -11.843  9.873 0.2222222239
53826  -24.544  -12.183  10.660 0.2222222239
53827  -25.290  -11.743  11.130 0.1111111119
107917  -20.257  -12.431  8.578 0.4444444478
100312  -21.021  -12.899  8.478 0.4444444478
54725  -25.132  -10.747  10.041 0.1111111119
54715  -25.395  -11.064  10.655 0.1111111119
56391  -26.464  -9.032  10.581 0.1111111119
56410  -26.076  -8.627  9.775 0.1111111119
57963  -27.060  -7.392  10.162 0.1111111119
58807  -27.323  -6.557  9.932 0.1111111119
58806  -26.848  -6.161  9.210 0.1111111119
119595  -27.064  -5.570  9.234 0.2222222239
61292  -27.208  -3.637  8.581 0.1111111119
104819  -27.386  -2.907  8.486 0.2222222239
62159  -27.834  -2.268  8.719 0.2222222239
63914  -28.017  -0.209  7.861 0.3333333433
64762  -28.390  0.572  8.032 0.3333333433
106990  -27.975  1.127  7.598 0.4444444478
67315  -18.395  3.279  5.633 0.4444444478
67299  -27.779  3.258  7.547 0.4444444478
68895  -27.260  5.523  7.572 0.3333333433
112213  -25.103  9.148  6.370 0.5555555820
71240  -20.937  8.393  5.233 0.5555555820
117145  -22.727  8.965  5.360 0.5555555820
72037  -23.141  9.499  5.631 0.5555555820
72038  -23.868  9.547  5.962 0.5555555820
72034  -20.761  9.081  5.577 0.5555555820
54732  -19.989  -11.485  8.232 0.4444444478
57171  -24.431  -8.091  6.422 0.6666666865
117233  -25.822  -2.814  6.960 0.5555555820
112448  -21.680  -10.526  6.987 0.4444444478
57163  -24.387  -8.630  6.794 0.3333333433
54734  -23.187  -11.560  8.283 0.4444444478
55616  -23.540  -10.916  8.068 0.4444444478
53851  -23.227  -12.021  8.747 0.4444444478
53850  -21.743  -12.443  8.169 0.4444444478
54740  -22.071  -11.617  7.611 0.4444444478
55624  -22.165  -10.875  7.131 0.4444444478
119702  -22.636  -10.529  7.032 0.4444444478
55617  -24.331  -10.595  8.720 0.4444444478
115149  -24.840  -10.500  9.427 0.2222222239
55611  -25.325  -9.985  9.691 0.1111111119
55600  -26.244  -9.735  10.786 0.1111111119
56423  -24.796  -8.650  7.506 0.3333333433
99302  -25.504  -8.745  8.951 0.2222222239
57985  -26.306  -6.772  8.831 0.1111111119
114189  -26.267  -7.381  9.100 0.1111111119
60490  -26.285  -4.781  8.030 0.3333333433
114044  -25.920  -6.113  8.040 0.4444444478
58819  -26.282  -6.113  8.503 0.3333333433
63896  -27.690  -0.793  7.805 0.4444444478
53838  -23.533  -12.245  9.405 0.4444444478
104992  -26.476  -7.768  9.653 0.1111111119
72020  -20.973  9.774  5.749 0.5555555820
52984  -22.731  -13.396  9.368 0.4444444478
53825  -23.792  -12.645  10.246 0.4444444478
103615  -25.725  -10.326  10.571 0.1111111119
48559  -23.568  -18.193  13.714 0.1111111119
113077  -20.345  -17.074  11.125 0.3333333433
49472  -22.038  -17.606  12.242 0.2222222239
49448  -23.197  -17.772  13.143 0.2222222239
49474  -23.625  -17.305  12.679 0.1111111119
51165  -18.871  -15.099  10.129 0.3333333433
107456  -18.835  -15.863  10.424 0.3333333433
50320  -19.210  -16.484  10.633 0.3333333433
51151  -21.211  -15.827  10.385 0.3333333433
50322  -22.001  -15.882  10.777 0.3333333433
49504  -22.568  -17.059  11.923 0.2222222239
50305  -23.041  -16.474  11.812 0.2222222239
49505  -23.211  -17.011  12.231 0.2222222239
52085  -17.829  -13.864  10.019 0.2222222239
52071  -17.803  -14.623  10.347 0.2222222239
51149  -19.683  -15.771  10.258 0.3333333433
51150  -20.460  -16.008  10.392 0.3333333433
53836  -17.904  -12.631  9.545 0.2222222239
52980  -18.292  -13.389  9.616 0.3333333433
52086  -18.679  -14.227  9.793 0.3333333433
52981  -19.222  -13.549  9.388 0.3333333433
52982  -20.120  -13.697  9.177 0.3333333433
119677  -19.250  -14.669  9.791 0.3333333433
106256  -20.591  -14.544  9.392 0.3333333433
51169  -22.027  -14.791  9.864 0.3333333433
51152  -22.384  -15.199  10.597 0.3333333433
52072  -22.645  -14.476  10.297 0.3333333433
105120  -23.160  -14.863  11.166 0.3333333433
111483  -17.519  -11.856  9.567 0.2222222239
110828  -18.407  -11.967  9.080 0.3333333433
52992  -19.725  -12.941  9.009 0.3333333433
114290  -20.442  -13.152  8.794 0.3333333433
52089  -22.341  -14.114  9.561 0.3333333433
52983  -22.106  -13.653  9.048 0.3333333433
52060  -23.773  -14.103  11.352 0.1111111119
116454  -17.100  -11.779  9.905 0.3333333433
100632  -23.255  -12.865  9.610 0.3333333433
108643  -28.144  -0.874  8.266 0.2222222239
66443  -28.247  2.413  7.878 0.2222222239
49502  -21.050  -17.075  11.331 0.3333333433
49503  -21.799  -17.101  11.609 0.3333333433
49473  -22.848  -17.450  12.518 0.2222222239
50281  -23.853  -16.616  12.324 0.1111111119
52979  -17.455  -13.247  9.966 0.3333333433
51167  -20.532  -15.399  9.932 0.3333333433
113996  -21.784  -15.363  10.245 0.3333333433
53848  -19.355  -12.144  8.741 0.3333333433
104384  -23.267  -13.365  10.112 0.3333333433
48557  -21.919  -18.642  13.376 0.1111111119
48558  -22.754  -18.346  13.576 0.1111111119
49520  -18.784  -17.128  10.984 0.3333333433
49521  -19.596  -17.141  11.011 0.3333333433
49501  -20.016  -17.680  11.399 0.3333333433
119744  -20.618  -17.541  11.507 0.3333333433
48607  -21.186  -17.743  11.876 0.3333333433
48539  -23.783  -18.659  14.331 0.1111111119
49449  -24.036  -17.664  13.271 0.1111111119
51148  -18.058  -15.532  10.561 0.3333333433
52967  -17.231  -13.834  10.406 0.2222222239
50282  -24.632  -16.580  12.613 0.1111111119
52978  -17.031  -13.035  10.426 0.2222222239
51114  -24.391  -15.897  12.281 0.1111111119
51134  -24.111  -14.880  11.865 0.1111111119
53835  -17.150  -12.488  9.998 0.2222222239
117255  -24.260  -14.154  11.743 0.1111111119
54720  -16.522  -11.148  10.031 0.1111111119
119895  -28.770  0.353  8.660 0.2222222239
67283  -28.697  3.080  8.176 0.2222222239
55613  -17.330  -9.734  9.096 0.2222222239
58006  -18.458  -7.110  7.518 0.5555555820
54721  -17.140  -11.105  9.666 0.2222222239
65602  -28.482  1.571  8.037 0.2222222239
48582  -22.371  -18.011  12.905 0.1111111119
50321  -20.780  -16.504  10.810 0.3333333433
102313  -20.016  -16.505  10.679 0.3333333433
51147  -17.316  -15.245  10.726 0.2222222239
50319  -18.348  -16.356  10.739 0.2222222239
50303  -21.529  -16.479  11.044 0.3333333433
50304  -22.287  -16.481  11.383 0.2222222239
51132  -22.718  -15.771  11.270 0.2222222239
51166  -19.778  -14.998  9.785 0.3333333433
51133  -23.551  -15.764  11.784 0.1111111119
53837  -18.819  -12.767  9.220 0.3333333433
52087  -19.624  -14.304  9.528 0.3333333433
51168  -21.306  -15.068  9.757 0.3333333433
52088  -21.558  -14.208  9.247 0.3333333433
52090  -22.849  -13.890  9.968 0.3333333433
52100  -20.933  -13.725  8.847 0.3333333433
52073  -23.229  -14.010  10.640 0.3333333433
52968  -23.775  -13.398  10.820 0.1111111119
48581  -21.439  -18.307  12.614 0.2222222239
50302  -17.921  -16.947  11.158 0.2222222239
110842  -19.851  -18.221  11.711 0.3333333433
48606  -20.440  -18.049  11.806 0.3333333433
101968  -20.788  -18.313  12.198 0.3333333433
50318  -17.383  -16.068  10.976 0.2222222239
63897  -28.493  -0.220  8.452 0.1111111119
63898  -28.909  -0.147  9.062 0.1111111119
102337  -29.353  0.027  9.687 0.1111111119
65578  -29.410  1.368  9.268 0.1111111119
65592  -29.690  2.193  9.237 0.1111111119
65591  -29.105  1.818  8.619 0.1111111119
68118  -27.876  4.165  7.435 0.2222222239
66428  -28.751  2.285  8.258 0.1111111119
66429  -29.320  2.585  8.590 0.1111111119
68882  -28.134  5.016  7.461 0.1111111119
107320  -27.410  4.617  7.511 0.2222222239
69663  -28.235  5.848  7.430 0.1111111119
68119  -28.505  4.426  7.549 0.1111111119
118608  -28.601  5.479  7.417 0.1111111119
69675  -27.672  6.514  7.411 0.1111111119
71239  -20.219  8.530  5.645 0.4444444478
72036  -22.329  9.559  5.541 0.4444444478
110533  -25.841  9.006  6.676 0.3333333433
70469  -27.276  8.028  7.002 0.1111111119
110942  -28.066  7.327  7.065 0.1111111119
70470  -28.377  8.102  6.586 0.1111111119
105840  -21.626  9.864  5.735 0.4444444478
72799  -22.082  10.417  6.000 0.4444444478
72810  -22.915  10.258  5.890 0.4444444478
72800  -25.365  10.360  6.496 0.4444444478
72022  -25.584  9.678  6.558 0.2222222239
72023  -26.450  9.653  6.693 0.2222222239
72024  -27.419  9.655  6.647 0.2222222239
71235  -27.848  8.866  6.648 0.2222222239
74391  -28.575  12.430  4.082 0.1111111119
118106  -28.498  11.524  5.331 0.1111111119
72039  -28.949  9.355  5.676 0.1111111119
72018  -19.947  9.105  5.913 0.4444444478
72797  -20.134  10.044  6.188 0.4444444478
72798  -20.536  10.385  6.164 0.3333333433
104895  -21.252  10.501  6.104 0.4444444478
73583  -22.694  11.131  6.268 0.4444444478
72811  -23.654  11.039  6.153 0.4444444478
109692  -23.568  10.117  5.976 0.4444444478
72812  -24.414  10.492  6.230 0.4444444478
73594  -23.317  11.939  6.356 0.3333333433
72813  -25.382  11.196  6.428 0.3333333433
72801  -26.139  10.864  6.563 0.1111111119
73586  -27.613  11.003  6.321 0.1111111119
72803  -27.960  10.365  6.427 0.1111111119
72814  -28.338  10.993  5.921 0.1111111119
72008  -18.507  9.134  7.064 0.2222222239
72789  -20.072  11.116  6.611 0.3333333433
73581  -20.722  11.232  6.604 0.3333333433
114950  -24.073  12.009  6.255 0.2222222239
73595  -24.657  11.605  6.278 0.2222222239
73584  -26.170  11.527  6.366 0.2222222239
73585  -26.901  11.307  6.397 0.1111111119
74380  -24.800  12.656  6.090 0.1111111119
73596  -25.703  12.136  6.123 0.1111111119
73598  -27.727  11.717  5.861 0.1111111119
74382  -26.439  12.768  5.673 0.1111111119
74383  -27.389  12.547  5.400 0.1111111119
73597  -26.730  12.041  6.045 0.1111111119
73570  -19.064  12.231  7.898 0.3333333433
73571  -19.993  11.982  7.307 0.3333333433
73582  -21.702  11.359  6.519 0.3333333433
74390  -27.981  12.964  4.579 0.1111111119
75153  -27.993  13.705  2.958 0.1111111119
74338  -17.957  12.506  9.888 0.1111111119
101025  -18.484  12.940  9.959 0.1111111119
74358  -19.563  12.749  7.950 0.2222222239
74350  -19.869  13.385  8.389 0.2222222239
73572  -20.986  12.012  7.242 0.3333333433
74361  -21.911  13.176  7.242 0.2222222239
108846  -22.484  12.015  6.591 0.3333333433
74360  -21.175  12.929  7.537 0.3333333433
74372  -23.017  12.721  6.633 0.1111111119
75136  -23.792  13.832  6.067 0.1111111119
109734  -24.374  13.404  5.947 0.1111111119
74381  -25.139  13.605  5.664 0.1111111119
118513  -25.650  12.936  5.848 0.1111111119
75139  -26.064  13.431  5.380 0.1111111119
106314  -26.395  13.870  4.869 0.1111111119
74389  -27.015  13.359  4.938 0.1111111119
74395  -28.317  13.128  3.589 0.1111111119
74399  -28.540  12.502  3.053 0.1111111119
75081  -20.186  14.432  9.618 0.1111111119
74339  -19.738  13.698  9.145 0.1111111119
75102  -21.754  14.750  7.950 0.1111111119
75125  -22.578  13.395  6.932 0.2222222239
75894  -22.791  14.299  6.947 0.1111111119
75116  -22.144  14.033  7.390 0.1111111119
75905  -23.893  14.563  5.982 0.1111111119
75137  -24.353  14.161  5.715 0.1111111119
75907  -25.014  14.518  5.416 0.1111111119
75138  -25.743  14.122  5.144 0.1111111119
100149  -20.786  15.091  10.077 0.1111111119
75840  -21.472  15.758  9.669 0.1111111119
75865  -22.291  15.552  8.276 0.1111111119
76588  -23.029  15.566  7.937 0.1111111119
75882  -22.518  14.915  7.598 0.1111111119
75883  -23.276  15.148  7.070 0.1111111119
75896  -23.932  15.144  6.317 0.1111111119
75866  -22.926  15.968  8.628 0.1111111119
75851  -23.393  15.798  9.421 0.1111111119
76589  -23.631  15.749  8.513 0.1111111119
63887  -29.034  -0.596  9.518 0.1111111119
115811  -29.164  0.560  9.181 0.1111111119
64740  -29.646  0.847  9.903 0.1111111119
67284  -29.546  3.375  8.523 0.1111111119
67301  -29.061  3.905  8.113 0.1111111119
71234  -26.828  8.910  6.795 0.2222222239
72025  -28.312  9.581  6.373 0.2222222239
72818  -28.973  10.780  5.029 0.1111111119
73602  -28.272  12.219  5.039 0.1111111119
75115  -21.415  13.829  7.742 0.2222222239
75126  -23.219  13.564  6.528 0.1111111119
75849  -21.450  15.515  8.675 0.1111111119
75906  -24.400  14.931  5.752 0.1111111119
76603  -23.783  15.573  7.676 0.1111111119
64731  -30.414  1.029  10.577 0.1111111119
64730  -29.837  0.264  10.450 0.1111111119
67300  -28.412  3.721  7.703 0.2222222239
69676  -28.627  6.634  7.146 0.1111111119
72019  -20.339  9.517  5.870 0.4444444478
75066  -20.049  14.473  10.552 0.1111111119
105426  -20.831  14.707  10.862 0.1111111119
75841  -22.567  15.726  10.143 0.1111111119
63886  -28.615  -0.931  8.947 0.1111111119
64732  -31.358  1.089  11.144 0.1111111119
107872  -30.591  0.415  11.150 0.1111111119
65571  -31.138  1.723  10.663 0.1111111119
65579  -30.143  1.784  10.079 0.1111111119
66418  -30.451  2.633  9.769 0.1111111119
66430  -29.995  2.969  9.094 0.1111111119
67302  -29.902  4.111  8.379 0.1111111119
107693  -29.567  4.586  7.885 0.1111111119
104910  -30.150  5.395  7.640 0.1111111119
68884  -29.507  5.762  7.366 0.1111111119
69664  -28.950  5.941  7.294 0.1111111119
114564  -29.088  7.374  6.494 0.1111111119
71249  -29.538  8.593  4.622 0.1111111119
72045  -29.193  9.110  4.587 0.1111111119
72787  -18.209  10.083  7.297 0.2222222239
72788  -19.009  10.336  6.907 0.3333333433
72778  -18.645  11.832  8.022 0.2222222239
73549  -16.488  11.801  9.736 0.1111111119
73565  -18.351  12.077  8.578 0.2222222239
112073  -28.725  11.685  3.424 0.1111111119
73615  -28.390  11.781  2.361 0.1111111119
74322  -17.844  12.619  10.211 0.1111111119
74307  -18.015  13.511  11.683 0.1111111119
74325  -19.122  14.057  11.292 0.1111111119
75053  -20.348  14.182  11.542 0.1111111119
75154  -28.276  13.097  2.708 0.1111111119
75054  -21.447  14.162  11.618 0.1111111119
75055  -22.522  14.105  11.648 0.1111111119
75917  -25.568  14.886  4.894 0.1111111119
75146  -26.225  14.446  4.526 0.1111111119
75921  -26.638  14.646  3.752 0.1111111119
75924  -27.455  14.156  2.267 0.1111111119
76622  -23.969  15.447  6.979 0.1111111119
76648  -25.108  15.994  5.132 0.1111111119
109588  -28.072  3.831  7.493 0.1111111119
72021  -24.734  9.696  6.293 0.4444444478
64750  -28.887  1.033  8.618 0.1111111119
68883  -28.865  5.222  7.424 0.1111111119
108861  -29.234  4.925  7.550 0.1111111119
111626  -26.092  10.210  6.633 0.2222222239
72802  -26.952  10.456  6.596 0.1111111119
71236  -28.712  8.822  6.231 0.1111111119
73603  -28.776  11.630  4.496 0.1111111119
72825  -28.983  10.812  3.837 0.1111111119
71245  -29.247  8.681  5.431 0.1111111119
72815  -28.669  10.198  5.858 0.2222222239
106381  -19.400  11.724  7.402 0.3333333433
74379  -23.824  12.841  6.251 0.1111111119
75148  -27.691  13.650  4.019 0.1111111119
75147  -26.921  14.058  4.296 0.1111111119
75152  -27.327  14.208  3.375 0.1111111119
74306  -17.865  13.062  10.940 0.1111111119
73551  -18.044  12.303  9.263 0.1111111119
74323  -18.058  13.086  10.744 0.1111111119
101582  -18.961  12.921  8.860 0.1111111119
74359  -20.351  12.786  7.765 0.3333333433
75114  -20.637  13.642  8.078 0.1111111119
74370  -21.778  12.330  7.013 0.3333333433
74371  -22.371  12.711  6.879 0.2222222239
75065  -19.281  13.726  10.053 0.1111111119
74324  -18.540  13.590  10.730 0.1111111119
75082  -20.766  15.088  9.153 0.1111111119
75100  -20.310  14.195  8.769 0.1111111119
75101  -20.976  14.563  8.354 0.1111111119
75895  -23.419  14.488  6.437 0.1111111119
75067  -21.733  15.161  10.759 0.1111111119
75850  -22.296  16.089  9.125 0.1111111119
119108  -28.892  4.325  7.732 0.1111111119
114195  -29.031  9.856  5.094 0.1111111119
112401  -29.136  9.934  4.209 0.1111111119
75916  -25.009  15.318  5.336 0.1111111119
76623  -24.518  15.497  6.605 0.1111111119
70480  -29.227  8.210  6.063 0.1111111119
73564  -17.764  12.136  8.868 0.1111111119
73548  -16.036  11.035  10.154 0.1111111119
105695  -18.312  13.655  11.404 0.1111111119
75920  -26.013  15.167  4.179 0.1111111119
76640  -24.674  15.564  5.847 0.1111111119
101272  -17.535  -5.741  7.887 0.2222222239
60500  -17.893  -4.963  7.378 0.2222222239
57153  -17.242  -8.287  8.773 0.3333333433
58828  -17.889  -6.455  7.738 0.3333333433
59647  -18.149  -5.928  7.413 0.4444444478
112203  -19.983  7.637  5.565 0.3333333433
70465  -19.947  7.638  5.638 0.2222222239
71221  -18.200  8.024  7.231 0.1111111119
68891  -18.740  4.064  5.419 0.2222222239
67305  -18.155  2.973  5.769 0.1111111119
103568  -17.776  -7.152  8.027 0.2222222239
68124  -17.804  3.837  6.598 0.1111111119
69659  -19.233  5.402  6.478 0.1111111119
69660  -19.928  5.987  6.378 0.1111111119
70460  -19.859  7.540  6.835 0.1111111119
71206  -18.739  7.451  7.669 0.1111111119
72007  -17.798  8.834  7.319 0.1111111119
56414  -17.237  -8.952  8.928 0.2222222239
57996  -17.313  -7.251  8.501 0.2222222239
62190  -18.511  -2.702  7.309 0.1111111119
71231  -19.902  8.248  5.834 0.3333333433
71222  -18.699  8.013  6.839 0.1111111119
71223  -19.377  7.745  7.350 0.1111111119
106090  -19.140  7.680  6.745 0.1111111119
102020  -19.881  6.929  6.430 0.1111111119
48605  -19.398  -18.651  11.922 0.1111111119
48580  -20.163  -18.691  12.161 0.1111111119
102774  -20.725  -18.729  12.589 0.1111111119
48579  -18.119  -18.980  12.120 0.1111111119
48604  -18.661  -18.473  11.771 0.1111111119
49500  -18.366  -17.711  11.409 0.1111111119
56407  -16.600  -9.262  9.500 0.1111111119
60488  -17.549  -4.934  7.766 0.1111111119
64754  -17.969  0.304  6.482 0.2222222239
65607  -17.870  1.032  6.310 0.2222222239
65597  -17.619  1.119  7.027 0.2222222239
65586  -17.782  1.542  7.249 0.2222222239
48603  -17.849  -18.196  11.799 0.1111111119
61303  -17.768  -4.247  7.388 0.1111111119
109627  -18.143  -4.126  6.962 0.1111111119
48578  -17.342  -18.651  12.247 0.1111111119
47666  -19.586  -19.306  12.399 0.1111111119
47667  -20.299  -19.336  12.774 0.1111111119
49498  -17.151  -16.859  11.487 0.1111111119
51131  -16.781  -16.069  11.565 0.1111111119
51146  -16.932  -15.363  11.104 0.1111111119
52070  -17.048  -14.590  10.776 0.1111111119
108537  -16.150  -9.962  9.824 0.1111111119
56413  -16.827  -8.376  9.330 0.1111111119
58827  -17.413  -6.652  8.247 0.1111111119
59636  -17.450  -5.529  7.901 0.1111111119
64745  -18.026  0.649  7.251 0.2222222239
107579  -18.143  1.882  7.356 0.2222222239
110507  -17.087  2.863  7.157 0.1111111119
47687  -18.860  -19.202  12.213 0.1111111119
66436  -17.251  2.079  7.081 0.2222222239
64755  -17.960  0.123  7.062 0.2222222239
52966  -16.947  -13.657  10.922 0.1111111119
102436  -16.920  -12.754  10.754 0.1111111119
53824  -16.931  -12.238  10.442 0.1111111119
56408  -16.645  -9.395  9.575 0.1111111119
100086  -19.248  -17.893  11.413 0.1111111119
58817  -17.285  -6.468  8.305 0.1111111119
49471  -16.991  -17.706  12.043 0.1111111119
49499  -17.629  -17.493  11.555 0.1111111119
50280  -16.557  -16.772  12.138 0.1111111119
107021  -17.353  -9.441  10.192 0.1111111119
57983  -17.028  -7.692  8.880 0.1111111119
65598  -18.860  1.887  7.158 0.1111111119
67278  -17.577  3.128  7.248 0.1111111119
68875  -18.259  4.258  6.597 0.1111111119
63907  -18.214  -0.746  7.079 0.1111111119
68867  -18.320  4.237  6.730 0.1111111119
68876  -18.714  4.838  6.595 0.1111111119
69670  -19.269  5.092  5.403 0.1111111119
58856  -22.637  -6.593  4.619 1.0000000000
65608  -17.929  1.279  6.135 0.2222222239
66423  -17.589  2.363  7.288 0.1111111119
66424  -18.199  2.575  7.273 0.1111111119
66435  -16.948  2.486  6.991 0.2222222239
66473  -21.193  2.235  3.985 1.0000000000
66477  -23.816  1.549  3.756 0.8888888955
68111  -17.664  3.773  6.938 0.1111111119
68133  -18.746  3.828  5.389 0.5555555820
68892  -18.996  4.602  5.437 0.3333333433
73550  -17.741  12.279  9.410 0.1111111119
105604  -18.691  -1.704  5.792 0.5555555820
111490  -17.830  1.732  6.133 0.3333333433
116876  -23.465  -6.592  4.922 1.0000000000
117017  -22.553  -3.588  4.462 1.0000000000
119021  -23.111  -18.625  14.106 0.1111111119
