#!ascii label  , from subject sub-v2s10x28997_ses-1 vox2ras=TkReg
680
36003  34.302  -25.660  78.812 0.0000000000
99376  49.872  -6.987  62.917 0.0000000000
107859  56.436  -2.459  59.569 0.0000000000
48592  50.487  -11.819  72.395 0.0000000000
37767  39.309  -24.163  74.208 0.0000000000
98893  37.567  -26.009  77.482 0.0000000000
56018  53.654  -3.923  62.229 0.0000000000
53410  54.654  -5.889  66.620 0.0000000000
46720  45.879  -13.639  75.342 0.0000000000
38531  43.595  -22.672  74.798 0.0000000000
60468  60.088  2.084  50.901 0.0000000000
60405  55.671  1.267  57.151 0.0000000000
107315  46.927  -10.901  69.158 0.0000000000
54217  50.234  -5.854  69.551 0.0000000000
37727  36.947  -24.430  76.790 0.0000000000
36001  35.887  -25.837  78.624 0.0000000000
107503  52.182  -5.456  62.684 0.0000000000
55124  54.914  -4.033  64.550 0.0000000000
114587  52.397  -5.172  65.970 0.0000000000
104216  48.101  -18.761  72.555 0.0000000000
36884  40.879  -25.063  76.531 0.0000000000
37765  42.430  -23.756  73.906 0.0000000000
36053  43.052  -25.082  75.556 0.0000000000
101074  58.411  2.525  52.056 0.0000000000
59620  58.822  0.676  52.584 0.0000000000
61205  58.410  2.225  54.627 0.0000000000
57801  53.909  -1.394  58.653 0.0000000000
58735  52.753  -0.270  56.746 0.0000000000
58696  56.025  -0.541  58.834 0.0000000000
57827  56.545  -0.718  57.927 0.0000000000
56954  54.349  -2.855  57.586 0.0000000000
47615  47.719  -12.690  74.591 0.0000000000
48593  46.803  -11.854  72.513 0.0000000000
108718  47.847  -9.395  72.657 0.0000000000
52516  48.272  -7.849  70.254 0.0000000000
51561  50.057  -8.178  71.797 0.0000000000
51575  52.164  -8.122  70.043 0.0000000000
117098  51.358  -11.081  71.095 0.0000000000
37724  39.244  -24.626  76.744 0.0000000000
56074  51.850  -3.335  59.161 0.0000000000
56909  55.560  -2.286  60.796 0.0000000000
55138  56.227  -3.930  63.151 0.0000000000
53435  55.837  -6.481  64.454 0.0000000000
100915  43.907  -18.683  75.641 0.0000000000
114225  45.855  -17.041  74.962 0.0000000000
44979  48.371  -15.464  73.862 0.0000000000
45857  50.134  -14.693  72.401 0.0000000000
46777  50.079  -14.150  70.823 0.0000000000
40250  42.946  -20.236  73.628 0.0000000000
39336  44.741  -21.810  75.326 0.0000000000
60478  58.851  1.307  49.499 0.0000000000
60422  55.855  2.093  55.234 0.0000000000
58750  57.269  0.600  56.439 0.0000000000
57846  54.552  -0.901  55.113 0.0000000000
53411  50.224  -6.137  66.337 0.0000000000
116039  52.155  -5.291  68.483 0.0000000000
113814  53.963  -8.342  67.784 0.0000000000
35152  34.611  -26.557  78.872 0.0000000000
36002  35.000  -25.915  78.818 0.0000000000
101170  35.355  -26.369  78.559 0.0000000000
116060  50.813  -6.508  62.360 0.0000000000
54284  52.784  -5.245  64.096 0.0000000000
53436  51.259  -6.480  64.508 0.0000000000
36034  41.638  -25.110  76.218 0.0000000000
111461  57.321  2.343  51.908 0.0000000000
61220  58.752  2.422  53.714 0.0000000000
61222  56.673  2.516  53.944 0.0000000000
57787  55.839  -1.494  59.740 0.0000000000
112350  55.204  -0.854  59.023 0.0000000000
104052  56.483  -1.179  58.983 0.0000000000
56952  56.498  -1.134  58.631 0.0000000000
47627  49.025  -12.201  73.693 0.0000000000
49547  47.314  -10.946  74.255 0.0000000000
49559  48.858  -10.123  73.333 0.0000000000
50532  48.522  -8.572  72.336 0.0000000000
98928  49.476  -9.755  72.789 0.0000000000
50544  50.961  -9.878  71.672 0.0000000000
48591  50.863  -11.761  71.813 0.0000000000
37726  37.781  -24.491  76.841 0.0000000000
109589  38.957  -24.947  77.343 0.0000000000
36016  39.837  -25.149  77.041 0.0000000000
55186  52.233  -4.288  61.010 0.0000000000
56075  51.041  -3.969  59.134 0.0000000000
56054  52.735  -3.655  60.709 0.0000000000
56911  53.183  -2.917  60.198 0.0000000000
56033  54.327  -3.229  61.762 0.0000000000
56031  56.281  -3.121  61.825 0.0000000000
56016  55.326  -3.419  62.779 0.0000000000
114979  54.749  -4.645  65.839 0.0000000000
54297  55.846  -4.703  64.418 0.0000000000
53422  55.529  -6.517  65.234 0.0000000000
51631  55.228  -8.240  65.386 0.0000000000
52563  55.014  -7.335  66.226 0.0000000000
40238  45.196  -19.720  75.134 0.0000000000
43099  44.713  -18.249  75.472 0.0000000000
42180  45.457  -18.343  74.854 0.0000000000
43131  47.977  -17.485  73.050 0.0000000000
44995  49.079  -15.489  73.322 0.0000000000
37751  43.116  -23.323  74.223 0.0000000000
38555  43.528  -22.173  73.399 0.0000000000
39353  43.698  -21.632  74.361 0.0000000000
108523  44.065  -21.153  75.438 0.0000000000
38520  44.431  -22.517  75.305 0.0000000000
61247  59.621  2.454  50.948 0.0000000000
60477  59.798  1.719  49.924 0.0000000000
58781  57.143  0.016  52.976 0.0000000000
59575  53.874  0.391  56.880 0.0000000000
59576  52.915  0.317  56.207 0.0000000000
59583  53.479  0.737  55.967 0.0000000000
60424  53.887  1.237  54.734 0.0000000000
60413  55.100  1.505  56.274 0.0000000000
60412  56.762  2.006  56.339 0.0000000000
60404  56.685  1.234  57.462 0.0000000000
113749  54.034  -1.637  56.591 0.0000000000
57837  54.483  -1.091  56.010 0.0000000000
107278  44.834  -15.010  75.296 0.0000000000
45860  45.711  -13.752  73.558 0.0000000000
48613  47.586  -11.165  70.985 0.0000000000
47671  46.788  -12.597  70.698 0.0000000000
53377  49.018  -6.589  69.680 0.0000000000
52552  47.659  -7.315  67.709 0.0000000000
53400  48.755  -6.600  68.066 0.0000000000
53413  48.383  -6.830  66.501 0.0000000000
104455  50.346  -5.729  68.266 0.0000000000
54242  51.298  -5.329  68.109 0.0000000000
54226  51.425  -5.438  68.921 0.0000000000
50571  52.574  -9.384  69.191 0.0000000000
51586  53.156  -8.122  68.816 0.0000000000
50586  52.835  -9.486  68.494 0.0000000000
105391  53.187  -9.506  67.209 0.0000000000
36871  36.809  -24.841  77.883 0.0000000000
35166  36.806  -26.101  77.898 0.0000000000
35179  36.839  -26.359  77.312 0.0000000000
35167  36.197  -26.523  77.774 0.0000000000
55153  52.985  -4.659  62.697 0.0000000000
55140  54.037  -4.050  63.154 0.0000000000
55141  53.458  -4.613  63.694 0.0000000000
111623  53.670  -4.513  65.479 0.0000000000
55100  53.667  -4.670  66.720 0.0000000000
37739  40.344  -24.510  76.018 0.0000000000
37766  41.295  -23.976  73.747 0.0000000000
37738  41.279  -24.569  75.911 0.0000000000
37736  43.106  -23.969  75.521 0.0000000000
36899  43.464  -24.143  75.510 0.0000000000
106393  44.133  -23.397  75.414 0.0000000000
36912  43.808  -24.893  75.068 0.0000000000
61237  59.742  2.215  51.757 0.0000000000
59627  59.464  1.036  51.814 0.0000000000
60450  59.516  1.756  53.041 0.0000000000
59591  58.902  1.402  54.043 0.0000000000
117132  58.054  0.814  54.767 0.0000000000
57803  52.231  -2.062  58.001 0.0000000000
58698  53.399  -1.080  57.945 0.0000000000
58718  53.918  -0.362  57.603 0.0000000000
59557  56.001  0.401  58.181 0.0000000000
58732  57.038  0.137  57.932 0.0000000000
58716  56.784  -0.330  58.223 0.0000000000
57818  56.098  -1.226  58.042 0.0000000000
117772  46.471  -12.635  75.215 0.0000000000
46742  45.832  -13.005  74.385 0.0000000000
47616  46.533  -11.762  74.579 0.0000000000
111511  46.955  -10.977  73.008 0.0000000000
49583  47.759  -10.150  71.668 0.0000000000
50573  47.279  -9.291  69.068 0.0000000000
115085  48.305  -8.402  71.569 0.0000000000
52505  48.755  -7.670  71.397 0.0000000000
53353  49.610  -6.943  71.043 0.0000000000
53362  50.972  -6.674  70.458 0.0000000000
51560  50.907  -8.156  71.205 0.0000000000
50558  51.830  -9.763  70.507 0.0000000000
49610  51.760  -10.384  69.735 0.0000000000
38523  36.830  -24.362  75.285 0.0000000000
103679  38.267  -24.308  75.479 0.0000000000
109884  39.004  -24.268  75.358 0.0000000000
37723  39.906  -24.723  76.648 0.0000000000
36036  40.420  -25.312  76.650 0.0000000000
56926  52.769  -2.706  59.338 0.0000000000
56925  54.632  -1.809  59.838 0.0000000000
57776  56.480  -2.101  59.990 0.0000000000
56896  56.410  -2.838  60.946 0.0000000000
55166  56.640  -4.102  61.824 0.0000000000
54310  56.459  -5.227  62.514 0.0000000000
55976  55.364  -3.912  64.026 0.0000000000
53434  56.193  -5.515  64.060 0.0000000000
43118  43.247  -18.010  74.797 0.0000000000
44037  43.510  -17.480  75.276 0.0000000000
44036  44.487  -16.376  75.618 0.0000000000
117272  45.538  -15.494  75.554 0.0000000000
42178  46.878  -17.644  73.600 0.0000000000
44981  46.714  -15.879  74.781 0.0000000000
44965  46.696  -14.561  75.171 0.0000000000
46730  47.601  -13.593  74.686 0.0000000000
46728  49.250  -13.481  73.548 0.0000000000
47625  50.264  -13.415  72.599 0.0000000000
47640  50.619  -13.020  72.035 0.0000000000
45886  50.319  -14.524  71.785 0.0000000000
41174  43.358  -19.132  75.045 0.0000000000
104940  44.673  -20.179  75.481 0.0000000000
39343  45.534  -21.122  74.546 0.0000000000
37749  45.316  -23.669  74.158 0.0000000000
38542  45.829  -23.004  73.668 0.0000000000
61270  59.766  2.573  49.293 0.0000000000
60439  55.667  2.092  54.039 0.0000000000
61207  56.536  2.400  54.771 0.0000000000
59581  57.861  1.582  55.607 0.0000000000
99211  57.134  0.401  54.924 0.0000000000
58740  57.101  0.353  57.474 0.0000000000
58751  56.296  -0.093  55.504 0.0000000000
58752  55.248  -0.623  54.769 0.0000000000
46753  46.360  -13.307  71.758 0.0000000000
100298  49.098  -6.786  65.151 0.0000000000
101138  49.865  -6.909  64.245 0.0000000000
54271  51.005  -6.018  65.908 0.0000000000
55087  52.691  -4.843  67.405 0.0000000000
54239  53.440  -5.217  67.560 0.0000000000
53374  52.160  -6.467  69.414 0.0000000000
53386  53.337  -6.465  68.310 0.0000000000
52550  54.189  -7.660  67.545 0.0000000000
50593  54.100  -9.191  66.984 0.0000000000
47653  50.832  -12.157  71.246 0.0000000000
107625  50.377  -12.171  70.192 0.0000000000
114206  34.264  -26.245  79.024 0.0000000000
35153  33.848  -26.763  79.195 0.0000000000
100017  50.690  -6.746  62.860 0.0000000000
53450  51.288  -6.539  63.634 0.0000000000
117036  50.885  -6.753  64.080 0.0000000000
61231  56.937  2.478  52.919 0.0000000000
106572  55.844  2.023  53.010 0.0000000000
57786  56.346  -1.735  59.531 0.0000000000
57800  56.260  -1.006  59.246 0.0000000000
56103  56.294  -1.978  58.949 0.0000000000
48567  49.676  -11.837  73.176 0.0000000000
103568  49.041  -10.921  73.449 0.0000000000
49573  49.838  -10.879  72.764 0.0000000000
49572  50.445  -10.317  72.231 0.0000000000
104942  50.696  -11.213  72.146 0.0000000000
36018  37.489  -25.584  77.801 0.0000000000
36869  38.387  -25.209  77.567 0.0000000000
35178  38.159  -26.065  77.113 0.0000000000
113259  52.695  -4.005  61.214 0.0000000000
56055  51.947  -4.052  60.323 0.0000000000
56034  53.261  -3.706  61.434 0.0000000000
56053  53.696  -3.084  60.952 0.0000000000
56032  55.118  -3.136  62.223 0.0000000000
56017  54.595  -3.528  62.619 0.0000000000
54254  55.004  -5.278  66.031 0.0000000000
53409  55.147  -6.419  66.000 0.0000000000
52574  55.309  -7.388  65.653 0.0000000000
105899  54.796  -6.826  66.579 0.0000000000
109356  45.644  -20.151  74.334 0.0000000000
41187  45.129  -18.967  75.186 0.0000000000
41186  45.525  -19.153  74.475 0.0000000000
113316  43.307  -23.385  75.231 0.0000000000
38543  43.273  -22.804  73.500 0.0000000000
39344  43.960  -21.829  75.223 0.0000000000
38521  44.000  -22.622  75.494 0.0000000000
104570  59.996  2.164  51.115 0.0000000000
60476  60.098  2.149  50.262 0.0000000000
60469  59.954  1.750  50.615 0.0000000000
59574  55.193  0.752  57.442 0.0000000000
60406  54.491  1.030  56.563 0.0000000000
60414  54.099  1.181  55.650 0.0000000000
100475  56.242  1.641  56.811 0.0000000000
57839  53.128  -2.187  56.425 0.0000000000
57838  53.307  -1.639  55.790 0.0000000000
46721  45.378  -14.293  75.238 0.0000000000
45849  44.942  -14.640  74.694 0.0000000000
45848  45.451  -13.852  74.606 0.0000000000
49597  47.334  -11.064  70.031 0.0000000000
53389  48.865  -6.605  68.829 0.0000000000
115171  49.275  -6.250  68.560 0.0000000000
54243  49.451  -6.145  67.876 0.0000000000
54228  49.906  -5.878  68.789 0.0000000000
54227  50.758  -5.525  68.968 0.0000000000
49609  52.303  -9.871  69.067 0.0000000000
49624  52.420  -9.713  68.277 0.0000000000
36858  35.570  -25.302  78.457 0.0000000000
36872  36.038  -24.724  78.020 0.0000000000
36857  36.328  -25.289  78.278 0.0000000000
36856  36.978  -25.292  78.054 0.0000000000
36000  36.620  -25.753  78.252 0.0000000000
35151  36.102  -26.247  78.276 0.0000000000
54311  51.660  -5.591  61.973 0.0000000000
54322  51.118  -5.503  61.177 0.0000000000
55168  51.903  -4.914  61.442 0.0000000000
55154  52.281  -5.022  62.097 0.0000000000
54298  52.704  -5.200  63.303 0.0000000000
54269  52.793  -5.157  65.170 0.0000000000
55115  53.243  -4.678  66.220 0.0000000000
37722  40.646  -24.828  76.481 0.0000000000
37721  41.474  -24.847  76.160 0.0000000000
36054  42.286  -25.250  75.863 0.0000000000
36900  42.374  -24.685  75.732 0.0000000000
99435  57.890  2.520  51.245 0.0000000000
61238  59.119  2.580  51.621 0.0000000000
61229  59.215  2.434  52.670 0.0000000000
61228  59.740  2.076  52.486 0.0000000000
61204  58.975  2.063  54.087 0.0000000000
60420  58.728  1.797  54.437 0.0000000000
59607  58.526  0.855  54.135 0.0000000000
59592  58.369  1.394  54.833 0.0000000000
118317  52.933  -1.634  58.150 0.0000000000
57802  52.547  -1.479  57.558 0.0000000000
58697  54.614  -0.720  58.395 0.0000000000
58717  55.392  -0.122  58.320 0.0000000000
58695  56.534  -0.222  58.422 0.0000000000
57799  56.608  -0.755  58.633 0.0000000000
56953  55.652  -1.946  58.171 0.0000000000
57829  54.805  -1.790  57.372 0.0000000000
47603  47.009  -12.406  75.133 0.0000000000
47604  46.355  -12.205  75.065 0.0000000000
48519  46.722  -11.883  74.804 0.0000000000
49561  47.509  -10.293  73.670 0.0000000000
49575  47.120  -10.513  73.612 0.0000000000
102082  47.614  -9.973  73.287 0.0000000000
50545  47.970  -8.994  71.690 0.0000000000
51548  49.265  -8.282  72.199 0.0000000000
51563  48.546  -8.214  71.838 0.0000000000
52504  49.246  -7.367  71.410 0.0000000000
53354  49.171  -7.052  70.979 0.0000000000
52503  50.000  -7.348  71.369 0.0000000000
52514  50.678  -7.231  70.900 0.0000000000
106216  51.477  -10.354  71.091 0.0000000000
50543  51.378  -9.348  71.137 0.0000000000
109978  51.526  -10.607  70.472 0.0000000000
38513  36.518  -24.360  75.969 0.0000000000
38512  37.293  -24.354  76.137 0.0000000000
37725  38.569  -24.559  76.809 0.0000000000
38511  38.063  -24.381  76.230 0.0000000000
37741  38.777  -24.433  76.207 0.0000000000
37740  39.514  -24.458  76.119 0.0000000000
36886  39.585  -24.807  76.988 0.0000000000
56927  52.078  -2.713  58.541 0.0000000000
56910  54.333  -2.353  60.456 0.0000000000
56924  55.399  -1.883  60.222 0.0000000000
56908  56.323  -2.333  60.524 0.0000000000
56907  56.519  -2.490  60.280 0.0000000000
56014  56.431  -3.711  62.258 0.0000000000
109674  56.558  -4.773  62.062 0.0000000000
55152  56.520  -4.484  62.653 0.0000000000
55125  54.437  -4.115  64.153 0.0000000000
55977  55.042  -3.891  63.986 0.0000000000
54283  55.720  -5.591  64.848 0.0000000000
53449  56.053  -6.292  63.654 0.0000000000
117349  43.392  -18.226  75.171 0.0000000000
43100  43.592  -17.881  75.421 0.0000000000
114399  44.881  -17.417  75.575 0.0000000000
44025  44.423  -16.933  75.706 0.0000000000
44024  45.063  -16.870  75.631 0.0000000000
44956  44.849  -15.758  75.677 0.0000000000
44035  45.360  -16.076  75.624 0.0000000000
42189  46.774  -18.485  73.309 0.0000000000
42188  47.590  -18.221  72.944 0.0000000000
44066  48.420  -16.797  73.201 0.0000000000
44049  47.552  -16.931  73.618 0.0000000000
105029  47.736  -16.158  73.972 0.0000000000
113793  46.541  -15.223  75.159 0.0000000000
44980  47.379  -15.204  74.578 0.0000000000
45847  47.473  -14.362  74.711 0.0000000000
118353  48.111  -14.854  74.252 0.0000000000
45858  49.628  -15.034  73.006 0.0000000000
45845  49.241  -14.227  73.484 0.0000000000
111960  49.902  -14.390  72.898 0.0000000000
46741  49.865  -13.785  73.067 0.0000000000
46740  50.154  -14.072  72.610 0.0000000000
46752  50.374  -13.910  72.192 0.0000000000
37779  41.063  -23.767  72.373 0.0000000000
37778  42.099  -23.618  72.717 0.0000000000
40251  42.478  -19.750  73.064 0.0000000000
41202  42.768  -19.363  73.788 0.0000000000
41188  43.046  -19.070  74.495 0.0000000000
40240  43.219  -19.812  74.551 0.0000000000
40231  44.461  -21.076  75.520 0.0000000000
40232  43.983  -20.233  75.542 0.0000000000
40230  45.050  -21.125  75.337 0.0000000000
39335  45.228  -21.892  74.963 0.0000000000
37750  44.641  -23.924  74.823 0.0000000000
38541  46.426  -23.148  72.857 0.0000000000
60490  59.992  2.167  49.793 0.0000000000
60491  59.460  1.813  49.281 0.0000000000
60492  58.324  1.455  48.827 0.0000000000
59619  59.406  1.279  52.790 0.0000000000
57819  52.095  -0.990  57.018 0.0000000000
58736  51.758  -0.579  56.290 0.0000000000
60423  54.825  1.595  55.346 0.0000000000
60441  53.759  1.207  53.830 0.0000000000
60440  54.683  1.579  54.240 0.0000000000
116312  54.256  1.349  53.512 0.0000000000
59582  57.415  1.212  56.431 0.0000000000
60411  57.437  1.695  56.151 0.0000000000
59593  57.809  1.064  55.621 0.0000000000
58733  56.931  -0.169  57.727 0.0000000000
58742  55.456  -0.570  55.818 0.0000000000
47628  46.436  -12.232  73.261 0.0000000000
47629  46.070  -12.932  73.380 0.0000000000
47641  46.437  -12.812  72.480 0.0000000000
51588  47.712  -8.374  69.385 0.0000000000
53402  47.446  -7.191  66.905 0.0000000000
53412  49.314  -6.445  66.713 0.0000000000
53426  48.743  -6.756  65.798 0.0000000000
53425  49.563  -6.583  65.723 0.0000000000
98978  49.181  -6.880  64.448 0.0000000000
53424  50.339  -6.498  65.427 0.0000000000
53423  50.986  -6.419  65.148 0.0000000000
54241  52.208  -5.028  67.891 0.0000000000
54256  51.933  -5.088  67.295 0.0000000000
54240  52.806  -5.055  67.837 0.0000000000
55086  53.257  -4.824  67.264 0.0000000000
54225  53.046  -5.534  68.198 0.0000000000
52526  51.764  -7.058  69.973 0.0000000000
53375  51.332  -6.154  69.840 0.0000000000
51597  53.580  -8.618  68.211 0.0000000000
52539  52.908  -7.031  68.825 0.0000000000
52538  53.631  -7.625  68.214 0.0000000000
52551  53.867  -6.887  67.812 0.0000000000
51606  54.294  -8.509  67.248 0.0000000000
50610  53.586  -9.459  66.619 0.0000000000
110271  50.479  -13.344  71.367 0.0000000000
47654  50.621  -12.854  71.548 0.0000000000
47670  50.589  -12.768  71.128 0.0000000000
54312  50.953  -6.143  61.909 0.0000000000
53466  51.413  -6.214  62.669 0.0000000000
54299  52.077  -5.827  63.432 0.0000000000
54285  52.006  -5.926  64.353 0.0000000000
36035  41.108  -25.348  76.370 0.0000000000
35188  41.738  -25.654  75.954 0.0000000000
61230  58.156  2.629  52.953 0.0000000000
61221  57.812  2.662  53.946 0.0000000000
61206  57.529  2.470  54.857 0.0000000000
57788  54.967  -1.262  59.400 0.0000000000
47614  48.212  -11.969  74.265 0.0000000000
48542  47.296  -11.734  74.606 0.0000000000
48541  47.841  -11.262  74.230 0.0000000000
49560  48.148  -10.573  73.780 0.0000000000
105076  48.135  -9.738  73.407 0.0000000000
115225  48.084  -8.958  72.753 0.0000000000
116013  48.689  -9.426  73.136 0.0000000000
50519  48.996  -8.909  72.746 0.0000000000
50531  50.037  -9.117  72.245 0.0000000000
109962  50.709  -8.934  71.627 0.0000000000
49571  51.114  -10.973  71.624 0.0000000000
37714  38.287  -24.754  77.313 0.0000000000
37713  39.077  -24.740  77.114 0.0000000000
36868  39.510  -24.937  77.156 0.0000000000
36017  39.219  -25.267  77.282 0.0000000000
55210  51.285  -4.417  59.940 0.0000000000
116816  51.689  -3.852  59.681 0.0000000000
56073  52.340  -3.436  59.892 0.0000000000
56898  55.321  -2.802  61.594 0.0000000000
56897  56.054  -2.672  61.318 0.0000000000
56887  55.742  -3.053  62.112 0.0000000000
56015  55.949  -3.422  62.773 0.0000000000
55113  54.792  -4.327  65.201 0.0000000000
55112  55.324  -4.202  64.580 0.0000000000
54268  55.289  -4.792  65.264 0.0000000000
99358  55.384  -5.679  65.513 0.0000000000
52587  55.531  -7.415  64.904 0.0000000000
51632  54.823  -8.872  65.850 0.0000000000
41171  44.628  -19.212  75.458 0.0000000000
42170  44.131  -18.159  75.697 0.0000000000
43098  45.364  -17.599  75.210 0.0000000000
42187  48.462  -18.160  72.609 0.0000000000
110952  48.787  -16.090  73.299 0.0000000000
44994  49.459  -15.836  72.783 0.0000000000
37752  42.750  -23.783  75.129 0.0000000000
37777  42.828  -23.249  73.067 0.0000000000
38556  43.027  -22.515  72.488 0.0000000000
39363  43.178  -21.714  72.537 0.0000000000
39354  43.309  -21.252  73.417 0.0000000000
40249  43.384  -20.724  74.233 0.0000000000
40239  43.683  -20.730  75.075 0.0000000000
39337  44.277  -21.844  75.381 0.0000000000
61255  59.995  2.545  49.946 0.0000000000
58764  58.204  0.477  53.263 0.0000000000
60415  53.197  0.929  55.130 0.0000000000
117651  55.716  1.873  56.041 0.0000000000
60403  57.187  1.353  57.021 0.0000000000
102660  57.237  0.830  57.168 0.0000000000
57828  55.269  -1.157  57.106 0.0000000000
58734  55.906  -0.640  56.869 0.0000000000
44982  44.491  -15.514  74.633 0.0000000000
48614  47.113  -11.902  71.354 0.0000000000
47655  46.712  -12.671  71.616 0.0000000000
48628  47.072  -11.830  70.372 0.0000000000
47686  46.603  -12.406  69.819 0.0000000000
52527  48.631  -7.135  69.988 0.0000000000
51598  47.844  -7.417  68.500 0.0000000000
53378  48.421  -7.027  69.109 0.0000000000
53390  48.240  -6.971  68.289 0.0000000000
53401  48.107  -6.972  67.545 0.0000000000
53414  47.715  -6.970  66.443 0.0000000000
102785  48.677  -6.710  67.284 0.0000000000
54258  50.269  -5.874  67.389 0.0000000000
54257  51.077  -5.651  66.918 0.0000000000
50557  52.275  -9.149  69.935 0.0000000000
52525  52.525  -7.555  69.438 0.0000000000
51587  52.699  -8.598  69.365 0.0000000000
50570  53.134  -8.992  68.712 0.0000000000
50585  53.365  -9.224  68.029 0.0000000000
50594  53.528  -9.348  67.369 0.0000000000
50595  53.036  -9.516  67.805 0.0000000000
37728  36.149  -24.375  76.635 0.0000000000
37716  36.516  -24.522  77.397 0.0000000000
118955  35.636  -26.652  78.113 0.0000000000
55187  51.551  -4.717  60.692 0.0000000000
55167  52.696  -4.370  61.727 0.0000000000
55126  53.610  -4.553  64.672 0.0000000000
99099  54.357  -4.265  65.062 0.0000000000
55114  54.153  -4.513  65.911 0.0000000000
55099  54.327  -4.909  66.542 0.0000000000
40248  46.349  -20.407  73.381 0.0000000000
105348  40.288  -24.161  74.264 0.0000000000
37754  40.834  -24.312  75.083 0.0000000000
37753  41.890  -24.200  74.986 0.0000000000
37737  42.225  -24.455  75.663 0.0000000000
106422  43.689  -23.370  75.472 0.0000000000
36898  44.126  -24.191  75.240 0.0000000000
36064  44.228  -25.557  74.225 0.0000000000
60457  60.000  2.013  51.627 0.0000000000
59637  59.934  1.736  51.363 0.0000000000
59618  59.772  1.716  52.195 0.0000000000
61219  59.364  2.118  53.383 0.0000000000
60438  59.171  1.765  53.786 0.0000000000
98410  58.977  0.995  53.439 0.0000000000
58765  57.672  0.378  53.967 0.0000000000
58719  52.889  -0.831  57.376 0.0000000000
59558  54.835  0.254  57.728 0.0000000000
59573  56.403  0.846  57.849 0.0000000000
59556  56.878  0.225  58.104 0.0000000000
57817  56.698  -0.767  58.435 0.0000000000
117940  53.801  -2.184  56.985 0.0000000000
47605  46.074  -12.766  75.277 0.0000000000
46731  45.788  -13.238  75.109 0.0000000000
47617  45.976  -12.366  74.930 0.0000000000
48570  46.115  -12.237  73.867 0.0000000000
48569  46.682  -11.400  73.749 0.0000000000
49562  46.917  -10.927  74.211 0.0000000000
49584  47.314  -11.056  72.069 0.0000000000
49612  47.438  -10.105  69.701 0.0000000000
50559  47.849  -9.574  70.706 0.0000000000
50572  47.748  -9.074  69.922 0.0000000000
117452  47.967  -8.450  70.076 0.0000000000
51549  48.260  -8.646  72.135 0.0000000000
52506  48.459  -7.931  71.170 0.0000000000
52515  48.753  -7.313  70.806 0.0000000000
53365  49.158  -6.751  70.450 0.0000000000
53376  49.651  -6.237  70.058 0.0000000000
115297  50.429  -6.156  70.186 0.0000000000
53363  50.188  -6.719  70.793 0.0000000000
52513  51.408  -7.625  70.563 0.0000000000
51576  51.733  -8.714  70.595 0.0000000000
49595  52.079  -9.918  69.802 0.0000000000
37756  38.409  -24.221  74.590 0.0000000000
37755  39.865  -24.288  75.213 0.0000000000
36885  40.112  -24.968  76.861 0.0000000000
56942  52.894  -2.111  58.632 0.0000000000
56941  53.721  -1.931  59.264 0.0000000000
115456  53.655  -2.353  59.797 0.0000000000
57777  56.193  -1.895  60.128 0.0000000000
56923  56.541  -2.196  59.929 0.0000000000
56072  56.659  -2.800  60.081 0.0000000000
56052  56.596  -3.099  60.684 0.0000000000
55184  56.635  -3.832  61.085 0.0000000000
56030  56.518  -3.434  61.413 0.0000000000
55996  54.874  -3.743  63.414 0.0000000000
55995  55.399  -3.687  63.450 0.0000000000
55994  55.791  -3.731  63.513 0.0000000000
55139  55.893  -4.055  63.955 0.0000000000
54296  56.287  -4.617  63.601 0.0000000000
53448  56.393  -5.355  63.211 0.0000000000
44068  43.259  -17.571  74.200 0.0000000000
44050  43.651  -16.917  75.226 0.0000000000
43080  43.999  -17.628  75.721 0.0000000000
44026  43.912  -17.106  75.616 0.0000000000
44969  43.974  -16.470  75.232 0.0000000000
44968  44.547  -15.774  75.424 0.0000000000
45837  44.969  -15.085  75.506 0.0000000000
45836  45.581  -14.580  75.451 0.0000000000
41201  46.301  -19.334  73.474 0.0000000000
42179  46.019  -18.381  73.925 0.0000000000
43117  45.970  -17.600  74.445 0.0000000000
43116  46.643  -16.767  74.345 0.0000000000
44034  46.012  -16.385  75.197 0.0000000000
44966  46.118  -15.717  75.336 0.0000000000
44967  45.923  -14.968  75.482 0.0000000000
45835  46.191  -14.085  75.424 0.0000000000
45834  46.850  -13.772  75.167 0.0000000000
46718  46.948  -13.002  75.107 0.0000000000
45859  48.831  -14.914  73.680 0.0000000000
46729  48.493  -13.528  74.103 0.0000000000
47613  48.736  -12.809  73.901 0.0000000000
47626  49.717  -12.907  73.256 0.0000000000
48566  50.351  -12.593  72.556 0.0000000000
103192  50.713  -12.336  72.038 0.0000000000
46763  50.481  -13.617  71.729 0.0000000000
46776  50.333  -13.990  71.339 0.0000000000
45044  50.126  -15.229  71.564 0.0000000000
45903  50.181  -14.696  71.202 0.0000000000
100441  40.156  -23.978  73.236 0.0000000000
42190  42.907  -18.723  73.962 0.0000000000
42181  43.263  -18.566  74.855 0.0000000000
41173  43.768  -19.249  75.457 0.0000000000
40233  43.587  -19.806  75.200 0.0000000000
41172  44.159  -19.371  75.606 0.0000000000
116754  45.259  -20.483  75.093 0.0000000000
116960  45.839  -20.757  73.933 0.0000000000
37735  44.790  -23.116  74.983 0.0000000000
38519  44.913  -22.408  75.121 0.0000000000
38530  45.310  -22.725  74.580 0.0000000000
107773  45.657  -22.089  74.051 0.0000000000
104044  33.577  -26.163  79.058 0.0000000000
61271  58.834  2.097  48.581 0.0000000000
61198  57.180  2.246  55.645 0.0000000000
61197  57.937  2.037  55.453 0.0000000000
60421  58.321  1.846  55.043 0.0000000000
59572  57.095  0.668  57.684 0.0000000000
58741  56.651  -0.066  56.717 0.0000000000
58766  55.972  -0.347  54.302 0.0000000000
58767  55.088  -0.689  53.889 0.0000000000
53468  49.337  -6.954  62.354 0.0000000000
46754  45.974  -13.685  72.422 0.0000000000
53427  47.894  -6.880  65.792 0.0000000000
53453  48.596  -6.959  63.868 0.0000000000
53452  49.483  -6.979  63.685 0.0000000000
53451  50.392  -6.897  63.690 0.0000000000
54270  51.749  -5.873  65.338 0.0000000000
115283  51.763  -5.454  66.361 0.0000000000
54255  52.536  -4.888  66.750 0.0000000000
55101  53.140  -4.657  66.965 0.0000000000
113833  53.766  -4.901  67.079 0.0000000000
54238  54.108  -5.479  67.200 0.0000000000
54216  51.010  -5.701  69.500 0.0000000000
54215  51.765  -5.716  69.208 0.0000000000
53387  52.573  -5.994  68.783 0.0000000000
53399  53.738  -5.980  67.766 0.0000000000
53398  54.359  -6.631  67.233 0.0000000000
52564  54.675  -7.731  66.811 0.0000000000
51619  54.593  -8.710  66.560 0.0000000000
50609  54.255  -9.293  66.249 0.0000000000
47639  50.763  -12.290  71.659 0.0000000000
48612  51.048  -11.651  71.373 0.0000000000
48626  51.185  -11.456  70.892 0.0000000000
47684  50.329  -12.797  70.626 0.0000000000
48627  50.790  -11.967  70.685 0.0000000000
48637  51.280  -11.055  70.290 0.0000000000
35165  38.446  -25.657  77.351 0.0000000000
41214  48.093  -19.523  72.377 0.0000000000
42171  43.821  -18.168  75.607 0.0000000000
42172  43.565  -18.514  75.351 0.0000000000
43079  44.441  -17.525  75.675 0.0000000000
44955  45.245  -15.430  75.621 0.0000000000
44983  43.972  -16.257  74.963 0.0000000000
45846  48.318  -14.267  74.198 0.0000000000
45861  45.246  -14.484  73.753 0.0000000000
46719  46.371  -13.251  75.317 0.0000000000
46792  50.342  -13.468  70.961 0.0000000000
47698  46.297  -12.135  69.020 0.0000000000
48568  48.635  -11.437  73.803 0.0000000000
49574  47.423  -10.257  72.850 0.0000000000
49596  47.673  -10.465  70.588 0.0000000000
50520  48.280  -9.086  72.996 0.0000000000
50521  47.876  -9.510  73.182 0.0000000000
51562  49.430  -7.735  71.747 0.0000000000
51564  48.494  -8.186  71.640 0.0000000000
51577  48.076  -8.547  70.803 0.0000000000
51607  53.855  -8.967  67.618 0.0000000000
51618  55.008  -8.124  66.092 0.0000000000
52496  48.891  -7.907  71.846 0.0000000000
52528  48.055  -7.582  69.324 0.0000000000
53364  49.680  -6.590  70.626 0.0000000000
53388  49.482  -6.169  69.283 0.0000000000
53437  50.505  -6.746  64.563 0.0000000000
53438  49.754  -6.767  64.917 0.0000000000
56899  54.637  -2.709  61.126 0.0000000000
99838  44.241  -18.728  75.613 0.0000000000
103277  59.237  1.449  53.445 0.0000000000
103700  45.364  -16.877  75.441 0.0000000000
104972  44.875  -16.204  75.745 0.0000000000
108817  48.031  -6.960  66.952 0.0000000000
114440  46.904  -11.440  74.534 0.0000000000
