#!ascii label  , from subject sub-v2s10x29005_ses-1 vox2ras=TkReg
994
96391  44.682  36.750  39.140 0.0000000000
97099  47.926  37.774  39.455 0.0000000000
124610  50.778  33.713  48.832 0.0000000000
97052  39.707  37.092  43.857 0.0000000000
138268  42.386  34.460  45.927 0.0000000000
98426  45.944  39.542  36.261 0.0000000000
98349  42.928  39.918  43.207 0.0000000000
102207  43.157  45.123  39.392 0.0000000000
132617  52.321  30.535  53.950 0.0000000000
91098  48.702  28.398  48.634 0.0000000000
95059  50.403  34.132  35.577 0.0000000000
116402  48.551  34.520  43.220 0.0000000000
120988  53.100  35.184  42.933 0.0000000000
95632  51.252  35.615  48.992 0.0000000000
103269  44.197  48.048  34.390 0.0000000000
101011  50.613  43.194  38.970 0.0000000000
93679  45.038  32.408  48.385 0.0000000000
97079  42.297  37.213  41.780 0.0000000000
125842  41.244  35.604  44.891 0.0000000000
95699  44.030  36.093  43.077 0.0000000000
95751  44.541  35.746  35.511 0.0000000000
96401  41.385  36.484  37.313 0.0000000000
100348  40.454  42.945  41.846 0.0000000000
91724  51.027  29.198  56.074 0.0000000000
90324  52.040  27.180  51.607 0.0000000000
89558  49.947  26.551  51.443 0.0000000000
103289  47.415  48.015  30.818 0.0000000000
127608  50.147  35.966  37.411 0.0000000000
128034  52.836  33.667  39.490 0.0000000000
116952  49.927  36.026  41.163 0.0000000000
98968  49.721  41.346  47.628 0.0000000000
97002  50.022  38.561  46.792 0.0000000000
96976  49.388  38.519  50.238 0.0000000000
95589  50.508  35.868  52.837 0.0000000000
99047  46.033  40.944  39.887 0.0000000000
129732  47.000  44.477  39.994 0.0000000000
99055  49.699  40.659  38.418 0.0000000000
97766  51.342  38.923  36.442 0.0000000000
94961  50.187  34.458  46.641 0.0000000000
94962  47.101  34.815  46.644 0.0000000000
94274  47.686  33.727  48.893 0.0000000000
134117  40.077  33.204  46.770 0.0000000000
93071  41.481  31.384  47.397 0.0000000000
101638  47.320  44.194  36.358 0.0000000000
99760  44.678  41.607  36.265 0.0000000000
97734  45.750  38.868  41.714 0.0000000000
97050  48.312  37.441  42.920 0.0000000000
103262  36.927  46.925  36.120 0.0000000000
102759  40.042  46.287  36.307 0.0000000000
100345  43.315  42.204  41.022 0.0000000000
93651  51.727  32.439  51.573 0.0000000000
93055  48.804  32.038  50.780 0.0000000000
91764  49.770  29.220  52.013 0.0000000000
90356  51.363  27.769  48.307 0.0000000000
95735  47.579  35.087  37.103 0.0000000000
95704  47.364  35.124  40.940 0.0000000000
134257  49.674  34.032  39.947 0.0000000000
95015  51.784  33.675  42.507 0.0000000000
94959  53.312  33.907  46.364 0.0000000000
97048  51.356  37.455  43.608 0.0000000000
96337  52.335  35.683  45.672 0.0000000000
94931  53.269  34.174  48.599 0.0000000000
94895  52.288  34.183  52.300 0.0000000000
93613  50.915  32.691  55.247 0.0000000000
103292  43.767  47.565  30.864 0.0000000000
103787  47.014  48.951  34.318 0.0000000000
120218  47.366  46.686  37.858 0.0000000000
102239  49.346  46.936  37.359 0.0000000000
99756  49.002  41.312  37.285 0.0000000000
97140  47.952  36.749  35.059 0.0000000000
116137  45.895  35.182  44.954 0.0000000000
118641  43.724  33.209  47.476 0.0000000000
91788  42.924  29.844  47.227 0.0000000000
92425  46.110  30.370  48.630 0.0000000000
96385  43.794  37.130  40.304 0.0000000000
96378  43.051  36.823  41.981 0.0000000000
127883  44.524  36.413  41.675 0.0000000000
96409  44.382  36.025  36.778 0.0000000000
96410  42.690  36.018  36.568 0.0000000000
97111  43.241  37.193  38.725 0.0000000000
97101  41.991  37.472  39.445 0.0000000000
91014  48.960  28.445  55.488 0.0000000000
90294  49.942  27.539  53.471 0.0000000000
90295  48.706  27.701  53.599 0.0000000000
91803  39.300  29.734  46.243 0.0000000000
96397  48.548  37.032  39.025 0.0000000000
95717  50.014  35.592  39.116 0.0000000000
96382  49.015  36.435  40.681 0.0000000000
121939  49.333  41.326  48.808 0.0000000000
98297  49.471  40.547  48.936 0.0000000000
98399  46.756  39.750  39.657 0.0000000000
99729  47.678  41.152  39.156 0.0000000000
97760  48.158  39.093  38.662 0.0000000000
97109  49.720  37.993  37.603 0.0000000000
115953  51.128  34.084  47.276 0.0000000000
131227  48.756  34.402  48.110 0.0000000000
125138  49.449  33.713  49.181 0.0000000000
97030  38.992  37.120  44.258 0.0000000000
96350  39.347  36.644  44.603 0.0000000000
95659  41.821  35.233  45.171 0.0000000000
94986  40.662  34.718  45.837 0.0000000000
94966  41.177  34.039  46.308 0.0000000000
93697  40.738  32.763  46.991 0.0000000000
94301  42.412  33.474  46.852 0.0000000000
135247  46.918  41.205  36.496 0.0000000000
101031  46.218  43.081  35.721 0.0000000000
99074  45.401  40.992  36.333 0.0000000000
97082  39.772  37.831  41.659 0.0000000000
97071  38.677  37.890  42.880 0.0000000000
98366  44.392  39.458  42.424 0.0000000000
97724  45.636  38.739  42.533 0.0000000000
98347  44.384  39.313  43.728 0.0000000000
99005  41.623  40.694  42.761 0.0000000000
100347  41.672  42.855  41.491 0.0000000000
99023  42.852  40.827  41.808 0.0000000000
99021  44.340  40.340  41.313 0.0000000000
93632  52.275  32.033  52.476 0.0000000000
93025  49.930  31.173  52.115 0.0000000000
92395  51.241  30.338  53.011 0.0000000000
89574  52.305  26.935  50.228 0.0000000000
90351  52.369  27.065  49.919 0.0000000000
89606  53.009  26.954  47.504 0.0000000000
125672  48.608  34.501  36.604 0.0000000000
95047  48.952  34.418  38.781 0.0000000000
95046  49.967  33.814  37.820 0.0000000000
95702  53.195  34.360  41.461 0.0000000000
94333  52.743  33.191  40.742 0.0000000000
95006  53.488  33.914  42.912 0.0000000000
94995  53.134  33.764  44.515 0.0000000000
95657  53.640  33.956  45.029 0.0000000000
97704  48.389  37.980  43.764 0.0000000000
135621  49.119  37.567  43.372 0.0000000000
97687  50.496  38.936  44.437 0.0000000000
96996  50.473  36.874  47.404 0.0000000000
96338  51.267  37.191  45.542 0.0000000000
96313  51.477  35.776  47.375 0.0000000000
96312  52.844  34.554  47.469 0.0000000000
95627  52.054  34.884  49.268 0.0000000000
94922  52.646  34.359  50.516 0.0000000000
95612  51.759  35.070  50.345 0.0000000000
94898  49.582  34.936  52.707 0.0000000000
94886  50.876  34.903  53.956 0.0000000000
116100  43.738  48.422  32.929 0.0000000000
124143  45.350  48.816  33.493 0.0000000000
103268  45.273  48.235  34.505 0.0000000000
102219  42.398  45.377  38.360 0.0000000000
102757  41.731  46.256  36.075 0.0000000000
138992  44.040  45.475  38.250 0.0000000000
100981  49.645  44.319  39.499 0.0000000000
102216  46.999  45.891  39.186 0.0000000000
102731  49.259  46.213  39.267 0.0000000000
102743  49.154  47.169  38.060 0.0000000000
101626  50.052  45.306  38.863 0.0000000000
101013  48.646  43.443  37.933 0.0000000000
100393  50.435  42.547  38.473 0.0000000000
132925  50.563  36.451  35.363 0.0000000000
97138  50.343  37.331  35.290 0.0000000000
124848  49.574  35.164  34.677 0.0000000000
95740  47.422  34.940  35.300 0.0000000000
95018  47.809  34.659  42.529 0.0000000000
95687  46.253  35.220  43.249 0.0000000000
95010  46.807  34.970  43.763 0.0000000000
94281  46.211  33.690  48.418 0.0000000000
94945  45.780  34.493  47.162 0.0000000000
93680  44.298  32.604  47.926 0.0000000000
93069  43.115  31.413  47.629 0.0000000000
128156  44.261  31.163  47.923 0.0000000000
91769  47.613  29.989  50.310 0.0000000000
92421  47.044  30.423  49.772 0.0000000000
91778  47.243  29.340  48.596 0.0000000000
124718  40.882  37.419  42.309 0.0000000000
96349  40.713  36.692  43.848 0.0000000000
96372  41.865  36.779  42.929 0.0000000000
95690  42.286  35.958  44.084 0.0000000000
120031  43.120  35.580  44.385 0.0000000000
97129  45.063  37.542  35.728 0.0000000000
97093  40.745  37.708  40.732 0.0000000000
92360  52.050  29.836  55.031 0.0000000000
91753  52.255  28.996  53.654 0.0000000000
91033  52.097  28.047  53.671 0.0000000000
89557  51.217  26.717  51.232 0.0000000000
95734  50.684  34.884  36.631 0.0000000000
95045  52.225  33.189  37.465 0.0000000000
116898  51.313  34.740  38.549 0.0000000000
125300  52.185  34.557  39.966 0.0000000000
95694  52.286  35.338  41.685 0.0000000000
98978  50.281  40.816  45.633 0.0000000000
98316  50.757  39.708  45.353 0.0000000000
98313  49.874  40.379  47.117 0.0000000000
128202  49.631  38.314  48.995 0.0000000000
96309  49.897  37.440  49.537 0.0000000000
95613  50.761  36.090  51.283 0.0000000000
96287  49.785  37.347  51.374 0.0000000000
96280  49.784  37.114  51.868 0.0000000000
94908  49.045  35.334  51.957 0.0000000000
103792  41.706  48.244  33.979 0.0000000000
100970  44.706  43.140  40.299 0.0000000000
118382  45.341  44.704  39.917 0.0000000000
100372  46.338  42.668  39.839 0.0000000000
119609  47.970  42.132  39.337 0.0000000000
99727  50.325  41.992  38.767 0.0000000000
99064  50.886  40.658  37.519 0.0000000000
99054  50.790  40.483  37.894 0.0000000000
97121  50.756  37.697  36.592 0.0000000000
116447  48.904  34.646  44.872 0.0000000000
135133  48.033  34.793  44.821 0.0000000000
140212  48.373  34.809  46.192 0.0000000000
94935  47.027  34.097  48.344 0.0000000000
125848  46.155  33.044  48.879 0.0000000000
91126  49.182  28.249  45.842 0.0000000000
91105  47.726  28.655  47.172 0.0000000000
117981  38.650  33.740  46.773 0.0000000000
95660  40.567  35.477  45.261 0.0000000000
94987  39.766  34.566  46.161 0.0000000000
94303  39.200  32.998  46.916 0.0000000000
93077  39.233  31.281  46.977 0.0000000000
93076  40.153  31.151  47.149 0.0000000000
137507  40.769  29.719  46.779 0.0000000000
101651  47.100  44.492  35.450 0.0000000000
101043  45.606  43.493  35.410 0.0000000000
97743  46.626  38.602  40.639 0.0000000000
97076  47.608  37.510  41.420 0.0000000000
97077  46.902  38.042  41.668 0.0000000000
97705  47.314  38.232  43.800 0.0000000000
98333  47.613  39.153  44.954 0.0000000000
98980  48.218  40.593  45.705 0.0000000000
99651  49.682  42.448  46.413 0.0000000000
102775  37.809  46.830  35.975 0.0000000000
122470  40.163  45.631  37.551 0.0000000000
102208  42.136  45.113  39.421 0.0000000000
137899  43.386  43.882  40.608 0.0000000000
99714  44.489  41.625  40.564 0.0000000000
98391  45.677  39.731  40.650 0.0000000000
94253  51.330  33.119  50.234 0.0000000000
94254  50.034  33.096  50.321 0.0000000000
93652  50.504  32.314  51.350 0.0000000000
92414  48.670  30.353  51.403 0.0000000000
91088  49.035  28.575  50.488 0.0000000000
91058  50.930  28.804  52.461 0.0000000000
91092  50.227  28.008  49.903 0.0000000000
91097  49.828  28.124  48.395 0.0000000000
96389  46.030  36.164  38.851 0.0000000000
134934  46.060  35.940  40.136 0.0000000000
95718  47.253  35.363  39.299 0.0000000000
95032  48.094  34.737  40.350 0.0000000000
95025  49.444  34.266  41.792 0.0000000000
94346  52.542  32.956  38.966 0.0000000000
95024  50.692  33.717  41.324 0.0000000000
116268  50.764  34.122  43.203 0.0000000000
94996  51.283  34.194  44.211 0.0000000000
126813  52.449  33.867  45.907 0.0000000000
94940  52.019  33.737  47.684 0.0000000000
96368  49.116  36.615  41.670 0.0000000000
96361  50.750  36.929  42.880 0.0000000000
96360  52.082  36.661  43.523 0.0000000000
97013  51.291  38.159  44.799 0.0000000000
96347  51.831  36.934  44.652 0.0000000000
135575  52.699  35.596  44.834 0.0000000000
95647  53.293  34.238  46.364 0.0000000000
94939  53.402  33.917  47.459 0.0000000000
94271  53.122  33.665  48.446 0.0000000000
94251  53.139  33.548  49.948 0.0000000000
93649  52.931  33.190  52.057 0.0000000000
93621  52.525  32.608  53.300 0.0000000000
95588  51.386  35.264  52.611 0.0000000000
94215  51.840  33.591  53.797 0.0000000000
127408  51.725  32.258  54.731 0.0000000000
140507  51.153  31.082  56.522 0.0000000000
103284  45.483  47.826  31.742 0.0000000000
103828  47.195  49.093  32.697 0.0000000000
103266  49.127  48.538  34.755 0.0000000000
102217  45.800  45.612  38.881 0.0000000000
102768  45.190  46.846  35.685 0.0000000000
103252  46.930  47.966  35.478 0.0000000000
103250  49.163  48.012  36.547 0.0000000000
102248  49.420  46.910  36.375 0.0000000000
101637  48.192  45.201  37.029 0.0000000000
100395  47.962  42.515  37.433 0.0000000000
99072  47.769  40.737  36.679 0.0000000000
98423  50.396  39.964  36.526 0.0000000000
126017  48.995  39.544  36.194 0.0000000000
97790  47.292  37.786  35.544 0.0000000000
96431  46.126  35.713  34.978 0.0000000000
95737  45.916  35.611  36.656 0.0000000000
95707  45.248  35.914  42.016 0.0000000000
95672  44.601  35.429  44.216 0.0000000000
95002  43.929  34.838  45.596 0.0000000000
94980  46.447  35.076  45.491 0.0000000000
115785  44.425  34.503  46.398 0.0000000000
94300  43.231  33.669  46.920 0.0000000000
93684  42.524  32.184  47.535 0.0000000000
92433  41.728  30.711  47.342 0.0000000000
93673  47.901  32.581  49.947 0.0000000000
93674  47.100  32.167  49.725 0.0000000000
93064  45.814  31.193  48.928 0.0000000000
91106  46.887  28.851  46.888 0.0000000000
92429  45.074  30.157  47.742 0.0000000000
89559  48.086  26.335  51.043 0.0000000000
89594  48.784  26.262  49.538 0.0000000000
125458  44.396  36.899  39.940 0.0000000000
96377  43.690  36.881  41.294 0.0000000000
96384  44.584  36.649  40.744 0.0000000000
96399  44.587  36.579  37.920 0.0000000000
115940  43.886  36.916  38.375 0.0000000000
96392  43.864  37.141  39.375 0.0000000000
91035  49.368  28.084  54.373 0.0000000000
96388  49.075  36.385  39.616 0.0000000000
97087  48.305  36.991  40.039 0.0000000000
130836  47.559  38.603  39.326 0.0000000000
98398  47.446  39.417  39.193 0.0000000000
97751  48.138  38.376  38.830 0.0000000000
97110  48.611  37.794  38.593 0.0000000000
94932  50.739  34.029  47.998 0.0000000000
94933  49.565  34.154  48.422 0.0000000000
94984  42.425  34.900  45.423 0.0000000000
94985  41.680  34.629  45.747 0.0000000000
122635  41.998  34.017  46.331 0.0000000000
94302  41.504  33.306  46.806 0.0000000000
99073  46.767  40.687  36.422 0.0000000000
99758  46.250  41.176  36.289 0.0000000000
118044  46.086  40.413  36.320 0.0000000000
115891  40.058  37.635  42.318 0.0000000000
97070  39.273  37.889  42.199 0.0000000000
124799  39.515  37.591  43.021 0.0000000000
97053  38.900  37.507  43.664 0.0000000000
98367  43.686  39.680  42.736 0.0000000000
134794  44.178  39.372  43.080 0.0000000000
98348  43.677  39.557  43.499 0.0000000000
99004  42.419  40.441  42.553 0.0000000000
99684  42.067  41.120  42.025 0.0000000000
99003  43.212  40.180  42.302 0.0000000000
98383  43.943  39.920  41.978 0.0000000000
93023  52.109  31.089  53.351 0.0000000000
89591  52.462  26.980  49.195 0.0000000000
95060  49.741  34.173  35.692 0.0000000000
95054  49.866  33.919  36.682 0.0000000000
116371  50.620  33.778  36.011 0.0000000000
95692  53.402  34.377  42.490 0.0000000000
95014  53.375  33.801  41.807 0.0000000000
94994  53.550  34.032  44.238 0.0000000000
95685  53.452  34.454  43.416 0.0000000000
98332  48.889  39.314  44.841 0.0000000000
97688  49.244  38.718  44.386 0.0000000000
98331  50.203  39.601  44.764 0.0000000000
96992  50.587  36.371  48.483 0.0000000000
138299  51.765  35.411  48.087 0.0000000000
95628  50.949  35.853  50.125 0.0000000000
123232  42.001  48.395  33.296 0.0000000000
103832  42.113  48.251  32.345 0.0000000000
103790  43.692  48.449  33.753 0.0000000000
103812  44.467  48.599  33.447 0.0000000000
137600  43.001  45.461  37.930 0.0000000000
102218  43.365  45.388  38.440 0.0000000000
102202  49.483  45.639  39.471 0.0000000000
101609  49.999  45.083  39.409 0.0000000000
102214  49.836  45.728  39.075 0.0000000000
101620  50.348  44.765  38.968 0.0000000000
101012  50.292  43.561  38.675 0.0000000000
117891  50.274  35.398  35.116 0.0000000000
95747  49.981  34.622  35.063 0.0000000000
95064  49.639  34.492  35.133 0.0000000000
95017  48.684  34.454  42.438 0.0000000000
95009  47.619  34.715  43.461 0.0000000000
94276  45.556  33.109  48.498 0.0000000000
132448  44.941  33.147  48.124 0.0000000000
93068  43.904  31.725  47.871 0.0000000000
93066  44.559  31.723  48.171 0.0000000000
91094  47.940  28.865  49.065 0.0000000000
91774  47.393  29.591  49.485 0.0000000000
91099  47.864  28.746  48.111 0.0000000000
97068  41.691  37.178  42.342 0.0000000000
96373  41.199  37.011  43.019 0.0000000000
96369  43.849  36.496  42.218 0.0000000000
96370  43.159  36.492  42.803 0.0000000000
95689  43.149  36.061  43.611 0.0000000000
120033  43.879  35.680  43.934 0.0000000000
96432  44.998  35.827  35.288 0.0000000000
97143  44.498  36.399  35.442 0.0000000000
96433  43.993  35.844  35.521 0.0000000000
116790  42.196  36.431  37.189 0.0000000000
118488  42.537  35.641  35.915 0.0000000000
133458  42.369  37.453  40.251 0.0000000000
97092  41.573  37.567  40.353 0.0000000000
97080  41.437  37.517  41.461 0.0000000000
91713  51.492  29.810  56.138 0.0000000000
91723  51.960  29.134  55.093 0.0000000000
91012  51.647  28.638  54.715 0.0000000000
90305  50.409  27.102  52.651 0.0000000000
90293  51.258  27.552  53.171 0.0000000000
89541  50.888  26.787  51.948 0.0000000000
89576  50.177  26.502  50.716 0.0000000000
103290  46.216  47.497  30.500 0.0000000000
103299  46.231  47.525  28.903 0.0000000000
95723  51.772  34.102  37.363 0.0000000000
95724  50.543  35.295  37.904 0.0000000000
95711  49.832  35.773  40.180 0.0000000000
120493  50.985  35.165  39.611 0.0000000000
95710  50.979  35.423  40.566 0.0000000000
116852  52.255  34.896  40.902 0.0000000000
95703  51.119  35.714  41.468 0.0000000000
123633  50.176  41.269  46.296 0.0000000000
98317  50.429  40.398  45.823 0.0000000000
97664  49.382  39.522  49.647 0.0000000000
97670  49.626  39.178  47.903 0.0000000000
96303  49.808  37.548  50.667 0.0000000000
95614  48.923  36.657  51.290 0.0000000000
95600  49.515  36.431  52.018 0.0000000000
100373  45.614  42.271  40.019 0.0000000000
100983  45.574  43.203  40.101 0.0000000000
99731  46.102  41.796  39.796 0.0000000000
99056  48.552  40.840  38.750 0.0000000000
99728  49.140  41.775  39.019 0.0000000000
138449  49.209  42.408  39.262 0.0000000000
133613  49.742  41.361  38.663 0.0000000000
126206  49.844  36.872  37.460 0.0000000000
96407  50.537  36.376  36.455 0.0000000000
94977  49.312  34.642  45.830 0.0000000000
122722  48.895  34.681  46.746 0.0000000000
94934  47.931  34.325  48.222 0.0000000000
94275  46.819  33.404  48.935 0.0000000000
94969  38.151  34.484  46.606 0.0000000000
94968  38.973  34.499  46.389 0.0000000000
95675  41.398  36.110  44.297 0.0000000000
95676  40.626  36.090  44.643 0.0000000000
94967  40.340  33.989  46.401 0.0000000000
116262  39.502  33.842  46.584 0.0000000000
93699  38.805  32.152  47.007 0.0000000000
93698  39.861  32.204  47.107 0.0000000000
93072  40.880  31.861  47.303 0.0000000000
92442  40.449  30.301  47.020 0.0000000000
92434  40.969  30.907  47.280 0.0000000000
101650  47.967  45.159  36.036 0.0000000000
100406  45.630  42.702  35.742 0.0000000000
136782  44.963  43.038  35.639 0.0000000000
100407  43.812  42.259  36.197 0.0000000000
97744  45.974  39.059  40.967 0.0000000000
137933  46.720  38.276  41.129 0.0000000000
135213  46.359  38.540  41.361 0.0000000000
97706  46.485  38.476  43.652 0.0000000000
97690  46.945  38.658  44.412 0.0000000000
98971  49.252  41.626  45.938 0.0000000000
120227  37.264  47.322  35.426 0.0000000000
116670  39.318  45.719  37.697 0.0000000000
102210  40.702  45.239  39.290 0.0000000000
102220  41.459  45.300  38.847 0.0000000000
100346  42.520  42.777  41.237 0.0000000000
100973  42.751  43.725  40.892 0.0000000000
100972  43.351  43.139  40.774 0.0000000000
100357  44.089  42.527  40.569 0.0000000000
99715  43.865  41.736  40.857 0.0000000000
98381  45.335  39.420  41.308 0.0000000000
98392  45.011  40.055  40.967 0.0000000000
98390  46.322  39.358  40.307 0.0000000000
93666  52.387  32.829  50.860 0.0000000000
93667  50.946  32.737  50.877 0.0000000000
92413  49.449  30.218  52.024 0.0000000000
133386  49.146  30.967  51.637 0.0000000000
132131  49.006  29.597  51.571 0.0000000000
91768  48.381  29.530  50.926 0.0000000000
91078  49.318  28.832  51.385 0.0000000000
91057  52.189  28.398  52.814 0.0000000000
91076  51.824  28.023  52.076 0.0000000000
90355  52.371  27.251  48.997 0.0000000000
91091  51.711  27.500  49.713 0.0000000000
91096  50.847  27.817  49.096 0.0000000000
118585  49.567  28.154  49.113 0.0000000000
91103  50.295  28.096  47.594 0.0000000000
91102  51.117  28.070  46.880 0.0000000000
95736  46.744  35.528  37.501 0.0000000000
95726  46.630  35.721  38.594 0.0000000000
95725  47.398  35.321  38.195 0.0000000000
95038  48.914  34.433  39.720 0.0000000000
95039  48.073  34.824  39.521 0.0000000000
95031  48.868  34.408  40.524 0.0000000000
117916  48.863  34.386  41.180 0.0000000000
95030  49.866  33.966  40.719 0.0000000000
94349  52.381  33.070  38.016 0.0000000000
94350  52.301  32.974  37.940 0.0000000000
94345  52.495  32.970  39.505 0.0000000000
94328  52.735  33.407  41.653 0.0000000000
94334  52.157  33.333  40.808 0.0000000000
94329  51.548  33.598  41.724 0.0000000000
115876  50.532  33.972  42.247 0.0000000000
94975  53.271  33.809  45.435 0.0000000000
94976  51.895  34.016  45.182 0.0000000000
94960  51.955  33.892  46.562 0.0000000000
118506  52.813  33.746  47.237 0.0000000000
97065  48.312  37.105  42.053 0.0000000000
97049  50.174  37.543  43.446 0.0000000000
135823  51.661  36.750  43.094 0.0000000000
97673  50.651  38.862  45.809 0.0000000000
97678  51.091  39.055  45.042 0.0000000000
96323  51.290  36.380  46.473 0.0000000000
95658  53.388  34.486  45.319 0.0000000000
95630  53.420  34.077  47.980 0.0000000000
94270  53.500  33.897  48.142 0.0000000000
94261  53.420  33.845  48.933 0.0000000000
94262  53.014  33.568  49.265 0.0000000000
137583  53.287  33.722  49.420 0.0000000000
94906  52.399  34.363  51.500 0.0000000000
94921  53.086  33.723  50.617 0.0000000000
93631  52.676  32.572  52.520 0.0000000000
94223  52.596  33.087  52.906 0.0000000000
95598  50.588  36.171  52.279 0.0000000000
94208  50.825  33.514  54.629 0.0000000000
94885  51.314  34.671  53.863 0.0000000000
93612  51.238  33.342  54.632 0.0000000000
135912  51.956  32.802  54.056 0.0000000000
93002  51.223  31.767  55.976 0.0000000000
103848  42.825  47.825  31.364 0.0000000000
103862  42.627  48.751  29.692 0.0000000000
103293  43.531  47.961  30.073 0.0000000000
103285  44.399  47.652  31.604 0.0000000000
103811  46.282  49.102  33.413 0.0000000000
103829  45.936  48.714  32.712 0.0000000000
103810  47.108  49.264  33.711 0.0000000000
103809  48.202  49.326  33.198 0.0000000000
103786  48.140  49.105  34.302 0.0000000000
101612  46.638  44.919  39.913 0.0000000000
124480  45.065  45.198  39.421 0.0000000000
102205  46.216  45.257  39.579 0.0000000000
102737  47.800  46.450  38.697 0.0000000000
102744  46.529  46.127  38.341 0.0000000000
116689  46.127  46.320  37.387 0.0000000000
102767  46.288  47.216  35.946 0.0000000000
102754  47.059  47.091  36.889 0.0000000000
102742  49.241  47.309  37.522 0.0000000000
103239  49.130  47.575  37.305 0.0000000000
102752  49.333  47.496  36.931 0.0000000000
102766  49.470  47.702  36.102 0.0000000000
102240  48.849  46.071  36.651 0.0000000000
102228  48.981  46.121  37.529 0.0000000000
99748  48.770  42.001  37.568 0.0000000000
99757  47.559  41.646  36.912 0.0000000000
98424  48.141  40.054  36.436 0.0000000000
99063  51.381  40.132  37.096 0.0000000000
99070  51.078  40.452  37.069 0.0000000000
98422  51.287  39.799  36.710 0.0000000000
97139  49.324  36.971  35.075 0.0000000000
126850  49.109  38.711  35.754 0.0000000000
97789  48.526  37.875  35.457 0.0000000000
97775  47.996  38.732  35.857 0.0000000000
97141  46.678  36.601  35.162 0.0000000000
96430  47.409  35.646  34.783 0.0000000000
125095  47.770  34.769  36.043 0.0000000000
95741  46.313  35.348  35.523 0.0000000000
121339  46.931  35.193  36.293 0.0000000000
95727  46.049  36.094  37.941 0.0000000000
95705  46.499  35.496  41.149 0.0000000000
95706  45.761  35.839  41.271 0.0000000000
115970  46.120  35.543  41.894 0.0000000000
95011  46.035  35.184  44.103 0.0000000000
95671  45.350  35.441  43.589 0.0000000000
95000  45.307  35.289  44.513 0.0000000000
95001  44.633  35.196  45.019 0.0000000000
117639  47.645  34.917  46.069 0.0000000000
94979  47.321  34.962  45.256 0.0000000000
117616  46.939  34.999  45.975 0.0000000000
94946  44.904  34.242  47.139 0.0000000000
94964  45.304  34.705  46.459 0.0000000000
94299  44.053  33.948  47.022 0.0000000000
94284  42.873  32.977  47.369 0.0000000000
92432  42.557  30.619  47.428 0.0000000000
91789  42.041  29.943  47.187 0.0000000000
94255  48.889  32.781  50.236 0.0000000000
132668  48.216  32.171  50.374 0.0000000000
91775  46.740  30.016  49.051 0.0000000000
93060  46.949  31.285  49.837 0.0000000000
92422  46.434  30.806  49.336 0.0000000000
93061  46.393  31.699  49.386 0.0000000000
91116  47.465  28.512  46.321 0.0000000000
91117  46.659  28.483  46.208 0.0000000000
97090  43.012  37.307  40.665 0.0000000000
97078  42.881  37.166  41.352 0.0000000000
136280  44.532  36.161  42.390 0.0000000000
96420  44.286  35.612  35.925 0.0000000000
95743  43.626  35.675  35.706 0.0000000000
117580  43.680  36.379  37.231 0.0000000000
96400  43.030  36.752  37.754 0.0000000000
97112  42.340  37.166  38.362 0.0000000000
97100  42.964  37.360  39.617 0.0000000000
91000  49.843  28.859  56.252 0.0000000000
91013  50.737  28.661  55.305 0.0000000000
129491  49.916  28.476  55.058 0.0000000000
89542  49.625  26.736  52.145 0.0000000000
117124  49.464  36.366  38.451 0.0000000000
99046  46.720  40.578  39.522 0.0000000000
99730  46.814  41.431  39.501 0.0000000000
99045  47.474  40.264  39.128 0.0000000000
98409  48.317  39.956  38.659 0.0000000000
98408  49.368  39.674  38.219 0.0000000000
97759  48.952  38.654  38.266 0.0000000000
132030  49.076  37.173  38.240 0.0000000000
94941  49.570  34.446  47.541 0.0000000000
94273  48.599  33.998  48.748 0.0000000000
135058  41.841  35.642  44.642 0.0000000000
126081  41.206  35.137  45.387 0.0000000000
118863  40.779  33.461  46.636 0.0000000000
94286  41.363  32.547  47.204 0.0000000000
100404  47.001  42.453  36.534 0.0000000000
101030  46.782  43.181  36.125 0.0000000000
127671  46.599  41.819  36.305 0.0000000000
99759  45.706  41.861  36.020 0.0000000000
131314  38.443  38.122  42.009 0.0000000000
129279  38.082  37.796  43.574 0.0000000000
116167  38.321  37.345  44.266 0.0000000000
98365  45.088  39.175  42.096 0.0000000000
97708  44.885  39.028  43.020 0.0000000000
99685  41.286  41.439  42.314 0.0000000000
100339  40.993  42.390  41.905 0.0000000000
99697  41.848  42.029  41.691 0.0000000000
99696  42.664  41.706  41.493 0.0000000000
99695  43.404  41.347  41.300 0.0000000000
99039  44.074  41.060  41.031 0.0000000000
99022  43.620  40.578  41.601 0.0000000000
98382  44.658  39.696  41.649 0.0000000000
93045  50.816  31.852  51.952 0.0000000000
93024  51.122  31.218  52.601 0.0000000000
92396  50.311  30.561  52.495 0.0000000000
91755  50.406  29.705  52.534 0.0000000000
89556  52.088  26.895  50.973 0.0000000000
90341  52.248  27.058  50.712 0.0000000000
121057  52.740  27.016  48.108 0.0000000000
90361  52.481  27.372  47.920 0.0000000000
134573  48.064  34.878  37.715 0.0000000000
121475  48.893  34.450  37.752 0.0000000000
95037  50.080  33.775  38.967 0.0000000000
95023  52.919  34.147  40.319 0.0000000000
94339  53.091  33.341  40.214 0.0000000000
95022  53.203  33.594  40.873 0.0000000000
94323  53.302  33.692  42.221 0.0000000000
94324  52.842  33.563  42.638 0.0000000000
95008  52.313  33.747  43.417 0.0000000000
95007  53.304  33.788  43.317 0.0000000000
94974  53.563  33.893  45.050 0.0000000000
94958  53.542  33.947  45.470 0.0000000000
97029  49.717  38.173  43.898 0.0000000000
97028  50.894  38.333  43.970 0.0000000000
96997  49.856  37.912  47.593 0.0000000000
97001  50.460  37.656  46.390 0.0000000000
96322  52.420  35.264  46.678 0.0000000000
95631  52.506  34.705  48.320 0.0000000000
94929  52.961  34.275  49.519 0.0000000000
94897  50.492  35.364  53.272 0.0000000000
94217  50.557  34.145  54.154 0.0000000000
117159  41.942  48.126  31.358 0.0000000000
103831  43.541  47.843  31.972 0.0000000000
138397  44.070  48.047  32.386 0.0000000000
103788  45.965  48.986  34.074 0.0000000000
102245  40.533  45.836  36.820 0.0000000000
102758  40.903  46.241  36.189 0.0000000000
102233  41.896  45.533  37.375 0.0000000000
102232  42.730  45.567  37.401 0.0000000000
101611  47.829  45.082  39.896 0.0000000000
102204  47.478  45.501  39.647 0.0000000000
102203  48.691  45.712  39.601 0.0000000000
102215  48.326  46.178  39.331 0.0000000000
140439  48.503  46.962  38.282 0.0000000000
102753  48.413  47.318  37.592 0.0000000000
134585  48.979  46.719  38.813 0.0000000000
102736  49.169  46.591  38.624 0.0000000000
102227  49.266  46.325  38.307 0.0000000000
101627  48.858  45.318  38.049 0.0000000000
124370  49.363  44.415  38.412 0.0000000000
100394  49.590  42.678  38.063 0.0000000000
99747  50.243  41.996  37.860 0.0000000000
97127  51.330  38.215  35.966 0.0000000000
97787  50.891  38.189  35.691 0.0000000000
96418  50.818  37.285  35.564 0.0000000000
96428  50.168  36.260  34.906 0.0000000000
96429  48.812  35.693  34.625 0.0000000000
120124  48.210  35.046  34.574 0.0000000000
95749  48.070  34.879  34.801 0.0000000000
95061  48.609  34.576  35.266 0.0000000000
125389  47.572  34.799  41.717 0.0000000000
95695  46.881  35.195  41.741 0.0000000000
133396  47.143  34.923  42.263 0.0000000000
94999  46.641  35.061  44.636 0.0000000000
94944  46.367  34.308  47.776 0.0000000000
94282  45.443  33.859  47.873 0.0000000000
94283  44.555  33.529  47.608 0.0000000000
93683  43.405  32.380  47.660 0.0000000000
127226  43.805  31.044  47.734 0.0000000000
92431  43.423  30.507  47.505 0.0000000000
92417  48.073  30.588  50.817 0.0000000000
93056  48.096  31.474  50.611 0.0000000000
93057  47.483  30.918  50.318 0.0000000000
97069  40.362  37.297  43.083 0.0000000000
96348  41.646  36.510  43.579 0.0000000000
96371  42.410  36.827  42.515 0.0000000000
96362  42.423  36.460  43.269 0.0000000000
95674  42.443  35.401  44.810 0.0000000000
94983  43.137  35.101  45.120 0.0000000000
97777  45.605  38.612  36.073 0.0000000000
124781  45.166  39.266  36.319 0.0000000000
97130  44.047  37.303  35.776 0.0000000000
133436  43.045  35.620  35.801 0.0000000000
97102  41.229  37.514  39.436 0.0000000000
119438  40.815  37.614  39.902 0.0000000000
97081  40.481  37.677  41.579 0.0000000000
99686  40.423  41.690  42.606 0.0000000000
99678  40.875  40.897  43.044 0.0000000000
98995  42.045  40.283  43.398 0.0000000000
119027  52.214  30.591  54.631 0.0000000000
92394  51.847  29.990  53.713 0.0000000000
135227  52.256  29.206  54.353 0.0000000000
91056  52.339  28.169  53.218 0.0000000000
133625  52.088  27.664  52.753 0.0000000000
90304  51.413  27.148  52.349 0.0000000000
134172  51.992  27.368  52.118 0.0000000000
89592  51.807  26.750  49.655 0.0000000000
95739  50.608  34.336  35.770 0.0000000000
95058  51.103  33.705  36.376 0.0000000000
95733  51.421  33.460  36.823 0.0000000000
117992  52.730  33.457  38.048 0.0000000000
137937  52.031  34.664  39.181 0.0000000000
95693  52.794  35.297  42.309 0.0000000000
98322  49.890  40.206  45.136 0.0000000000
98321  50.614  40.169  45.180 0.0000000000
97674  50.254  39.552  46.412 0.0000000000
96993  49.987  37.328  48.392 0.0000000000
96302  50.359  36.621  49.843 0.0000000000
96286  50.245  36.939  51.075 0.0000000000
96279  50.184  37.011  51.943 0.0000000000
95599  50.100  36.633  52.388 0.0000000000
94907  49.946  35.983  52.659 0.0000000000
94226  49.127  33.906  52.757 0.0000000000
103791  42.608  48.328  33.862 0.0000000000
132232  44.423  44.342  40.156 0.0000000000
102206  44.154  44.844  39.845 0.0000000000
100984  44.980  43.950  40.193 0.0000000000
127966  45.996  44.221  40.055 0.0000000000
126398  46.696  43.649  39.962 0.0000000000
129424  46.867  42.176  39.590 0.0000000000
100371  47.460  42.974  39.661 0.0000000000
100982  48.103  44.165  39.805 0.0000000000
100370  49.123  43.170  39.456 0.0000000000
100369  50.263  42.633  39.151 0.0000000000
100386  50.492  42.285  38.582 0.0000000000
99739  50.680  41.462  38.283 0.0000000000
98416  51.318  40.002  37.269 0.0000000000
98407  50.373  39.356  37.610 0.0000000000
97767  51.298  38.960  36.942 0.0000000000
97120  51.278  38.344  36.256 0.0000000000
97128  51.011  37.259  35.825 0.0000000000
96419  50.473  35.837  35.636 0.0000000000
94997  49.577  34.428  43.929 0.0000000000
118201  48.327  34.655  44.107 0.0000000000
94978  48.241  34.820  45.515 0.0000000000
124726  47.929  34.771  46.778 0.0000000000
94943  47.306  34.556  47.503 0.0000000000
93678  45.774  32.239  48.904 0.0000000000
91104  48.826  28.343  47.589 0.0000000000
91115  48.426  28.398  46.543 0.0000000000
116968  37.780  33.694  46.952 0.0000000000
120240  40.038  36.529  44.417 0.0000000000
95677  39.792  36.002  45.079 0.0000000000
132621  39.857  35.236  45.657 0.0000000000
94304  38.291  32.928  46.990 0.0000000000
93700  37.907  32.186  46.904 0.0000000000
92443  39.627  30.404  46.805 0.0000000000
101042  46.566  43.729  35.639 0.0000000000
101652  46.133  44.209  35.098 0.0000000000
117635  45.127  40.070  36.420 0.0000000000
117634  44.180  40.032  36.494 0.0000000000
97742  47.240  38.201  40.077 0.0000000000
97088  47.681  37.532  40.479 0.0000000000
97089  47.088  37.990  40.884 0.0000000000
97066  47.547  37.619  42.300 0.0000000000
97733  46.280  38.433  42.111 0.0000000000
97067  46.872  38.081  42.537 0.0000000000
97051  47.486  37.830  43.120 0.0000000000
97689  47.997  38.609  44.409 0.0000000000
98323  48.538  39.900  45.301 0.0000000000
98979  49.608  40.849  45.611 0.0000000000
98970  50.083  41.730  46.053 0.0000000000
120748  49.931  42.087  46.697 0.0000000000
102760  39.180  46.341  36.427 0.0000000000
102746  38.818  46.005  37.102 0.0000000000
102246  39.663  45.907  36.957 0.0000000000
118224  41.482  45.423  38.050 0.0000000000
101613  43.331  44.726  40.064 0.0000000000
100964  41.033  43.390  41.471 0.0000000000
101615  41.777  44.827  40.109 0.0000000000
101601  43.006  44.345  40.481 0.0000000000
101600  43.724  44.346  40.290 0.0000000000
100971  44.079  43.653  40.410 0.0000000000
100356  44.929  42.338  40.249 0.0000000000
99713  45.319  41.442  40.222 0.0000000000
99038  44.754  40.806  40.698 0.0000000000
99037  45.471  40.500  40.412 0.0000000000
98400  46.119  40.121  40.062 0.0000000000
97752  46.909  38.939  39.834 0.0000000000
94263  51.717  33.398  49.488 0.0000000000
94264  50.366  33.450  49.676 0.0000000000
93668  49.739  32.509  50.819 0.0000000000
93046  49.573  31.775  51.405 0.0000000000
93047  48.627  31.235  51.157 0.0000000000
91773  48.079  29.083  50.000 0.0000000000
91093  48.808  28.450  49.542 0.0000000000
91754  51.636  29.328  53.057 0.0000000000
91077  50.589  28.424  51.760 0.0000000000
91086  51.729  27.656  51.225 0.0000000000
91087  50.377  28.168  50.895 0.0000000000
91114  49.628  28.219  46.735 0.0000000000
96398  45.384  36.425  38.513 0.0000000000
96390  45.592  36.348  39.560 0.0000000000
95719  46.375  35.836  39.489 0.0000000000
95713  46.738  35.523  40.283 0.0000000000
95712  47.509  35.152  40.115 0.0000000000
95048  48.055  34.888  38.605 0.0000000000
95027  48.141  34.652  41.089 0.0000000000
95026  48.358  34.541  41.779 0.0000000000
94359  52.097  33.042  37.390 0.0000000000
126483  51.489  33.287  38.676 0.0000000000
94342  50.983  33.380  39.659 0.0000000000
94340  52.930  32.964  40.024 0.0000000000
136332  51.140  33.479  40.493 0.0000000000
95016  49.532  34.368  42.810 0.0000000000
117078  50.214  34.415  44.983 0.0000000000
117433  50.904  34.323  45.851 0.0000000000
94272  52.056  33.672  48.221 0.0000000000
97075  48.281  36.977  41.085 0.0000000000
97064  49.357  36.995  42.679 0.0000000000
96367  50.219  36.410  42.045 0.0000000000
96366  51.590  36.122  42.356 0.0000000000
96365  52.396  36.070  42.942 0.0000000000
95686  52.872  35.596  43.538 0.0000000000
97679  50.945  39.543  44.879 0.0000000000
97686  51.095  38.790  44.599 0.0000000000
97027  51.409  37.967  44.196 0.0000000000
135463  50.942  38.220  45.425 0.0000000000
97047  51.886  37.230  43.926 0.0000000000
119960  52.418  36.179  44.096 0.0000000000
95670  53.364  34.701  44.408 0.0000000000
94280  53.097  33.718  47.805 0.0000000000
120456  52.214  33.547  48.795 0.0000000000
94252  52.666  33.261  50.107 0.0000000000
94928  53.260  33.841  49.751 0.0000000000
94236  53.143  33.156  50.902 0.0000000000
93650  52.769  32.718  51.689 0.0000000000
93010  52.607  31.881  53.166 0.0000000000
95597  51.538  35.228  51.461 0.0000000000
94896  51.013  35.337  53.566 0.0000000000
132979  51.586  34.791  53.202 0.0000000000
94224  52.140  33.936  53.034 0.0000000000
93622  52.380  32.097  53.755 0.0000000000
93011  52.365  31.332  54.010 0.0000000000
93001  51.914  31.380  55.081 0.0000000000
92995  51.676  30.756  55.871 0.0000000000
92351  51.052  30.482  56.885 0.0000000000
91714  50.057  29.510  57.065 0.0000000000
103847  46.671  48.297  31.762 0.0000000000
103846  47.690  48.730  31.732 0.0000000000
103283  48.374  49.078  32.200 0.0000000000
103785  49.078  48.833  33.748 0.0000000000
131437  49.562  47.722  34.118 0.0000000000
103271  42.189  47.748  34.498 0.0000000000
103270  43.159  47.865  34.433 0.0000000000
132612  44.088  45.288  39.043 0.0000000000
132857  44.792  45.504  38.550 0.0000000000
103254  44.692  47.416  35.040 0.0000000000
103267  46.395  48.405  34.708 0.0000000000
103774  47.570  48.611  34.964 0.0000000000
103244  48.452  47.795  36.776 0.0000000000
103251  48.339  48.257  35.831 0.0000000000
128352  49.146  48.257  35.646 0.0000000000
102776  49.560  47.700  35.135 0.0000000000
102252  49.509  46.776  35.426 0.0000000000
102249  48.846  45.944  35.730 0.0000000000
118461  48.078  44.299  37.506 0.0000000000
101029  47.412  43.307  37.031 0.0000000000
98425  46.988  39.969  36.305 0.0000000000
99746  50.752  41.731  38.090 0.0000000000
99065  50.609  41.183  37.503 0.0000000000
99071  49.520  40.528  36.799 0.0000000000
97774  50.405  39.096  36.024 0.0000000000
137141  47.713  39.442  36.164 0.0000000000
97776  46.774  38.860  35.976 0.0000000000
97791  46.140  37.684  35.643 0.0000000000
97142  45.540  36.516  35.303 0.0000000000
95750  45.650  35.598  35.262 0.0000000000
126504  47.056  35.326  35.010 0.0000000000
95742  45.226  35.562  35.727 0.0000000000
135731  45.008  35.745  36.448 0.0000000000
96408  45.254  36.150  37.416 0.0000000000
96383  45.478  36.234  40.549 0.0000000000
96376  45.146  36.248  41.277 0.0000000000
95697  45.742  35.519  42.680 0.0000000000
95698  44.911  35.779  42.881 0.0000000000
95688  44.558  35.659  43.534 0.0000000000
95673  43.874  35.318  44.728 0.0000000000
124930  43.032  34.616  45.796 0.0000000000
94998  47.433  34.846  44.324 0.0000000000
94963  46.242  34.862  46.386 0.0000000000
94981  45.667  35.035  45.736 0.0000000000
94982  44.870  34.933  45.762 0.0000000000
94965  43.562  34.307  46.370 0.0000000000
126170  42.767  34.110  46.367 0.0000000000
94285  42.043  32.770  47.265 0.0000000000
93685  41.718  32.036  47.447 0.0000000000
93070  42.173  31.395  47.490 0.0000000000
92441  41.222  30.128  47.120 0.0000000000
94265  49.382  33.320  49.789 0.0000000000
119455  48.436  33.352  49.497 0.0000000000
93669  47.569  31.783  50.185 0.0000000000
94266  47.394  33.013  49.445 0.0000000000
93675  46.570  32.613  49.286 0.0000000000
93065  45.204  31.520  48.504 0.0000000000
91783  47.092  29.123  47.704 0.0000000000
91779  46.537  29.671  48.227 0.0000000000
91107  46.147  28.904  46.706 0.0000000000
91784  46.317  29.343  47.408 0.0000000000
91780  45.795  29.900  47.933 0.0000000000
92426  45.433  30.645  48.330 0.0000000000
92427  44.773  30.922  48.110 0.0000000000
92430  44.273  30.446  47.654 0.0000000000
91787  43.810  29.758  47.276 0.0000000000
90306  48.548  26.961  52.267 0.0000000000
120367  49.045  26.324  50.930 0.0000000000
89577  48.320  26.216  50.352 0.0000000000
118465  49.238  26.332  50.294 0.0000000000
89540  52.004  26.963  51.692 0.0000000000
89543  48.829  26.549  51.579 0.0000000000
89575  51.522  26.717  50.455 0.0000000000
89593  50.262  26.552  49.816 0.0000000000
89609  48.846  26.347  48.530 0.0000000000
91034  50.832  28.063  54.252 0.0000000000
91075  52.043  27.731  52.419 0.0000000000
91128  47.164  28.215  45.595 0.0000000000
91737  52.245  28.662  54.080 0.0000000000
92371  52.259  29.801  54.176 0.0000000000
94216  51.071  34.236  54.349 0.0000000000
94327  53.141  33.492  41.152 0.0000000000
94332  53.059  33.249  40.585 0.0000000000
94341  52.389  32.892  39.847 0.0000000000
94351  51.091  33.435  38.045 0.0000000000
94358  52.214  33.152  37.518 0.0000000000
94905  52.937  33.586  51.415 0.0000000000
94942  48.359  34.585  47.491 0.0000000000
95019  46.997  34.888  42.934 0.0000000000
95052  51.882  33.284  37.049 0.0000000000
95053  51.145  33.387  36.830 0.0000000000
95696  46.531  35.219  42.458 0.0000000000
95714  46.101  35.774  40.691 0.0000000000
95744  42.707  35.706  35.775 0.0000000000
95748  49.010  34.769  34.655 0.0000000000
96421  43.379  35.669  36.141 0.0000000000
96434  43.205  35.752  35.655 0.0000000000
97091  42.278  37.445  40.999 0.0000000000
97723  46.273  38.410  42.891 0.0000000000
97773  51.288  38.988  36.336 0.0000000000
97788  49.826  38.069  35.461 0.0000000000
98415  51.431  39.610  36.827 0.0000000000
98427  44.584  39.450  36.401 0.0000000000
100340  40.296  42.429  42.203 0.0000000000
100405  46.366  42.490  35.954 0.0000000000
100980  50.335  44.407  39.210 0.0000000000
100996  50.485  44.108  38.954 0.0000000000
100997  50.468  44.493  38.950 0.0000000000
101602  42.150  44.332  40.697 0.0000000000
101610  49.087  45.148  39.714 0.0000000000
101614  42.607  44.789  40.073 0.0000000000
102221  39.800  45.528  38.207 0.0000000000
102234  41.023  45.546  37.427 0.0000000000
102243  42.352  45.850  36.583 0.0000000000
102244  41.408  45.794  36.700 0.0000000000
102761  38.331  46.415  36.547 0.0000000000
102774  38.685  46.752  35.854 0.0000000000
103245  47.402  47.674  36.177 0.0000000000
103253  45.762  47.630  35.206 0.0000000000
103789  44.801  48.662  33.978 0.0000000000
103813  42.856  48.387  33.165 0.0000000000
103814  41.210  48.345  33.396 0.0000000000
103830  44.749  48.366  32.726 0.0000000000
103849  42.574  48.155  30.523 0.0000000000
117360  42.959  48.137  32.428 0.0000000000
118902  44.831  42.395  35.920 0.0000000000
120554  50.317  43.671  39.234 0.0000000000
123182  51.673  27.533  50.407 0.0000000000
123657  46.542  34.629  47.110 0.0000000000
123979  49.226  27.195  52.823 0.0000000000
124404  44.974  36.634  40.016 0.0000000000
124510  45.276  35.160  45.212 0.0000000000
126065  50.795  29.827  56.955 0.0000000000
130873  49.297  47.016  37.962 0.0000000000
132575  38.598  36.813  44.776 0.0000000000
135855  48.891  34.998  34.444 0.0000000000
136346  46.857  38.188  43.199 0.0000000000
136390  46.019  28.419  46.192 0.0000000000
137526  52.400  33.886  38.609 0.0000000000
139342  48.556  48.635  35.114 0.0000000000
139698  51.606  27.845  47.592 0.0000000000
140371  40.642  45.423  38.319 0.0000000000
