#!ascii label  , from subject sub-v2s10x30156_ses-1 vox2ras=TkReg
387
121542  -23.028  -3.218  -6.540 0.0000000000
69208  -20.337  -7.243  -3.530 0.0000000000
68320  -24.955  -8.380  -5.331 0.0000000000
65643  -21.968  -12.007  -2.917 0.0000000000
84772  -26.462  10.754  -7.775 0.0000000000
81612  -26.193  6.526  -6.594 0.0000000000
128276  -20.367  2.133  -6.536 0.0000000000
62237  -20.754  -14.999  -0.139 0.0000000000
67388  -20.963  -9.530  -3.763 0.0000000000
65634  -19.501  -11.238  -1.850 0.0000000000
120214  -26.586  8.184  -6.757 0.0000000000
81619  -23.773  6.415  -7.407 0.0000000000
124162  -20.341  -2.667  -5.127 0.0000000000
75540  -18.405  -0.356  -4.086 0.0000000000
75567  -21.512  -0.307  -6.790 0.0000000000
126849  -24.553  1.945  -7.510 0.0000000000
130823  -24.435  -0.638  -7.185 0.0000000000
72806  -25.728  -3.210  -6.069 0.0000000000
71918  -19.661  -4.261  -3.566 0.0000000000
71131  -21.808  -5.744  -5.307 0.0000000000
71137  -24.328  -5.595  -6.572 0.0000000000
68318  -23.039  -8.274  -5.280 0.0000000000
66593  -23.039  -10.133  -4.562 0.0000000000
116779  -24.872  -12.472  -3.328 0.0000000000
79871  -20.220  4.559  -6.491 0.0000000000
79888  -23.354  4.362  -8.022 0.0000000000
79874  -26.892  4.436  -6.115 0.0000000000
64733  -18.964  -12.816  -0.112 0.0000000000
63917  -21.161  -13.565  -1.234 0.0000000000
117985  -19.226  -9.964  -2.033 0.0000000000
66559  -18.184  -10.754  -0.969 0.0000000000
82462  -23.712  6.763  -6.856 0.0000000000
81609  -21.862  6.505  -6.805 0.0000000000
73729  -21.163  -2.752  -5.721 0.0000000000
74686  -20.846  -1.313  -6.092 0.0000000000
73741  -22.798  -1.819  -6.896 0.0000000000
75580  -23.041  -0.690  -7.369 0.0000000000
73756  -23.578  -1.989  -6.907 0.0000000000
123081  -25.310  -1.958  -6.542 0.0000000000
73743  -24.461  -3.052  -6.628 0.0000000000
71113  -20.239  -6.315  -3.522 0.0000000000
125549  -20.606  -5.089  -4.342 0.0000000000
70239  -21.171  -6.663  -4.470 0.0000000000
70245  -21.778  -6.554  -5.036 0.0000000000
69215  -21.675  -7.326  -4.750 0.0000000000
66577  -21.313  -10.995  -3.438 0.0000000000
66592  -22.367  -10.099  -4.460 0.0000000000
136199  -22.739  -11.136  -3.869 0.0000000000
65652  -24.119  -11.111  -3.958 0.0000000000
64779  -23.445  -12.210  -3.253 0.0000000000
84771  -24.729  10.357  -6.661 0.0000000000
84757  -24.442  10.584  -6.338 0.0000000000
124868  -25.819  11.607  -7.906 0.0000000000
85474  -26.084  12.479  -8.424 0.0000000000
84773  -27.248  10.846  -7.652 0.0000000000
82455  -26.232  7.317  -6.686 0.0000000000
76489  -19.218  0.461  -5.284 0.0000000000
127059  -19.087  1.761  -5.287 0.0000000000
79037  -19.875  2.992  -6.333 0.0000000000
79880  -21.870  4.505  -7.701 0.0000000000
79047  -21.894  3.301  -7.583 0.0000000000
77351  -25.766  1.368  -6.712 0.0000000000
79039  -25.506  2.899  -6.889 0.0000000000
78172  -27.035  2.870  -5.989 0.0000000000
116639  -24.465  -6.931  -5.992 0.0000000000
71133  -25.364  -5.625  -6.142 0.0000000000
63096  -19.540  -14.325  0.512 0.0000000000
63904  -19.527  -13.610  0.033 0.0000000000
63915  -19.959  -13.199  -0.625 0.0000000000
63110  -21.176  -14.373  -0.730 0.0000000000
117950  -19.437  -7.934  -2.676 0.0000000000
68301  -20.493  -8.715  -3.477 0.0000000000
67381  -20.216  -9.354  -3.070 0.0000000000
66576  -20.528  -10.706  -2.936 0.0000000000
65641  -20.898  -11.422  -2.797 0.0000000000
84046  -24.281  9.369  -6.606 0.0000000000
84048  -26.314  9.842  -7.191 0.0000000000
135184  -25.335  8.295  -6.728 0.0000000000
82454  -25.281  7.222  -6.801 0.0000000000
81620  -24.954  6.556  -6.956 0.0000000000
73711  -19.105  -2.185  -4.117 0.0000000000
74671  -19.345  -1.362  -4.869 0.0000000000
75565  -19.867  -0.167  -5.709 0.0000000000
76504  -21.127  1.084  -6.779 0.0000000000
77362  -22.435  1.867  -7.536 0.0000000000
76517  -23.086  0.627  -7.621 0.0000000000
76507  -24.674  0.385  -7.272 0.0000000000
76500  -26.415  0.764  -6.344 0.0000000000
75555  -26.409  -0.769  -6.185 0.0000000000
61375  -22.345  -17.078  0.128 0.0000000000
61382  -21.929  -15.973  -0.236 0.0000000000
72773  -19.668  -3.550  -4.009 0.0000000000
72789  -20.705  -3.439  -5.110 0.0000000000
121941  -22.129  -4.110  -5.958 0.0000000000
125023  -23.572  -4.035  -6.576 0.0000000000
70253  -23.076  -5.821  -6.177 0.0000000000
70248  -23.846  -6.946  -5.929 0.0000000000
116421  -23.660  -8.261  -5.351 0.0000000000
68309  -21.882  -8.808  -4.637 0.0000000000
68311  -23.231  -8.869  -5.100 0.0000000000
67399  -24.576  -9.558  -4.764 0.0000000000
66595  -25.091  -10.236  -4.516 0.0000000000
65654  -25.434  -12.000  -3.564 0.0000000000
84050  -28.010  10.172  -6.823 0.0000000000
80725  -21.915  5.437  -7.655 0.0000000000
80733  -23.332  5.675  -8.112 0.0000000000
80719  -25.678  5.465  -6.824 0.0000000000
78215  -23.498  2.808  -7.722 0.0000000000
125231  -25.357  3.894  -7.030 0.0000000000
80720  -26.462  5.252  -6.414 0.0000000000
71963  -25.106  -4.873  -6.372 0.0000000000
71954  -26.401  -4.282  -5.616 0.0000000000
65626  -18.149  -11.438  -0.418 0.0000000000
65627  -18.912  -11.527  -1.209 0.0000000000
114100  -20.230  -12.588  -1.348 0.0000000000
64765  -21.444  -12.461  -2.234 0.0000000000
136957  -22.907  -15.420  -1.183 0.0000000000
63933  -22.795  -14.028  -1.851 0.0000000000
63943  -22.856  -13.301  -2.334 0.0000000000
72803  -22.178  -3.196  -6.265 0.0000000000
73740  -21.767  -2.308  -6.360 0.0000000000
120106  -22.569  -2.441  -6.626 0.0000000000
73755  -23.161  -1.762  -6.992 0.0000000000
125891  -23.236  -2.446  -6.743 0.0000000000
73742  -23.818  -2.757  -6.716 0.0000000000
128637  -23.555  -3.205  -6.616 0.0000000000
70233  -19.784  -6.766  -2.980 0.0000000000
71123  -20.680  -5.954  -4.182 0.0000000000
70238  -20.670  -6.724  -3.990 0.0000000000
69214  -21.009  -7.349  -4.167 0.0000000000
65642  -21.491  -11.494  -3.129 0.0000000000
65651  -22.046  -11.236  -3.660 0.0000000000
64778  -22.699  -11.753  -3.405 0.0000000000
64766  -22.780  -12.527  -2.843 0.0000000000
116220  -25.702  10.720  -7.135 0.0000000000
120244  -26.532  11.490  -8.252 0.0000000000
82456  -27.109  7.556  -6.367 0.0000000000
81613  -26.933  6.726  -6.310 0.0000000000
77349  -20.086  1.538  -6.268 0.0000000000
77336  -19.443  1.271  -5.660 0.0000000000
78182  -19.742  2.165  -6.109 0.0000000000
78168  -19.235  2.783  -5.558 0.0000000000
78183  -20.418  2.751  -6.630 0.0000000000
78198  -21.003  3.127  -7.079 0.0000000000
78199  -21.518  2.654  -7.331 0.0000000000
77352  -26.419  1.559  -6.385 0.0000000000
78185  -26.026  2.129  -6.610 0.0000000000
69227  -24.821  -7.655  -5.668 0.0000000000
122920  -25.474  -7.196  -5.554 0.0000000000
69228  -25.449  -7.979  -5.250 0.0000000000
62228  -20.440  -15.442  0.461 0.0000000000
62227  -19.887  -15.039  0.712 0.0000000000
63097  -20.194  -14.790  0.282 0.0000000000
63905  -20.258  -14.152  -0.199 0.0000000000
68294  -19.053  -8.533  -2.249 0.0000000000
68295  -19.810  -8.629  -2.843 0.0000000000
67380  -19.507  -9.273  -2.437 0.0000000000
66570  -19.732  -10.663  -2.248 0.0000000000
66575  -19.973  -10.002  -2.653 0.0000000000
65635  -20.181  -11.340  -2.288 0.0000000000
83283  -23.970  8.258  -6.578 0.0000000000
83284  -24.809  8.607  -6.680 0.0000000000
136507  -24.340  8.005  -6.631 0.0000000000
81618  -23.315  6.512  -7.447 0.0000000000
82463  -24.379  6.837  -6.852 0.0000000000
133925  -24.302  6.320  -7.264 0.0000000000
72788  -19.804  -2.908  -4.503 0.0000000000
73727  -19.652  -2.055  -4.851 0.0000000000
74687  -21.532  -1.090  -6.595 0.0000000000
75554  -20.217  -0.898  -5.730 0.0000000000
75566  -20.767  -0.595  -6.289 0.0000000000
76497  -20.722  0.321  -6.475 0.0000000000
76498  -21.483  0.433  -6.919 0.0000000000
76505  -21.743  1.029  -7.221 0.0000000000
75578  -22.115  0.068  -7.254 0.0000000000
75581  -23.595  -0.694  -7.365 0.0000000000
76499  -25.481  0.570  -6.811 0.0000000000
118825  -25.178  -0.163  -6.897 0.0000000000
75569  -25.968  -0.111  -6.510 0.0000000000
75568  -25.436  -0.980  -6.654 0.0000000000
73744  -25.165  -2.760  -6.468 0.0000000000
73745  -25.957  -2.381  -6.083 0.0000000000
72791  -26.258  -3.621  -5.748 0.0000000000
60514  -21.499  -17.121  0.725 0.0000000000
60515  -22.981  -17.954  0.123 0.0000000000
71130  -21.208  -5.116  -4.945 0.0000000000
71938  -20.679  -4.313  -4.721 0.0000000000
71951  -21.365  -4.228  -5.355 0.0000000000
122389  -21.934  -4.923  -5.596 0.0000000000
71952  -22.681  -4.874  -6.092 0.0000000000
71132  -22.411  -5.530  -5.763 0.0000000000
69223  -22.391  -7.156  -5.276 0.0000000000
70247  -23.137  -6.862  -5.776 0.0000000000
69224  -22.900  -7.632  -5.401 0.0000000000
69225  -23.468  -7.638  -5.572 0.0000000000
68302  -21.184  -8.746  -4.080 0.0000000000
136549  -21.600  -9.336  -4.300 0.0000000000
67397  -22.813  -9.532  -4.824 0.0000000000
67398  -23.641  -9.415  -4.839 0.0000000000
66594  -24.089  -10.257  -4.412 0.0000000000
124995  -24.141  -11.902  -3.547 0.0000000000
65653  -24.873  -11.622  -3.779 0.0000000000
64769  -25.744  -12.589  -3.129 0.0000000000
114197  -26.911  9.034  -6.992 0.0000000000
84049  -27.172  9.924  -7.333 0.0000000000
74656  -18.324  -0.935  -3.785 0.0000000000
79862  -19.494  4.628  -5.716 0.0000000000
80716  -19.978  5.377  -6.055 0.0000000000
80717  -20.753  5.456  -6.747 0.0000000000
80724  -21.278  5.219  -7.267 0.0000000000
79887  -22.734  4.101  -7.955 0.0000000000
122017  -22.963  4.908  -8.163 0.0000000000
80734  -23.735  5.113  -8.005 0.0000000000
80728  -24.795  5.848  -7.229 0.0000000000
79881  -24.366  5.121  -7.669 0.0000000000
77370  -22.902  1.535  -7.643 0.0000000000
78213  -22.722  2.374  -7.629 0.0000000000
77371  -23.865  2.006  -7.726 0.0000000000
79040  -25.982  3.549  -6.615 0.0000000000
79873  -26.041  4.457  -6.634 0.0000000000
80710  -27.161  5.212  -5.935 0.0000000000
71961  -23.938  -4.927  -6.636 0.0000000000
128230  -24.124  -4.321  -6.625 0.0000000000
71962  -24.477  -4.892  -6.565 0.0000000000
71953  -25.848  -4.950  -5.917 0.0000000000
64732  -18.159  -12.091  0.124 0.0000000000
64746  -18.692  -12.070  -0.549 0.0000000000
135339  -20.589  -13.182  -1.116 0.0000000000
63931  -20.954  -12.844  -1.633 0.0000000000
63932  -21.676  -13.183  -1.757 0.0000000000
62239  -22.408  -15.522  -0.811 0.0000000000
67373  -18.689  -9.234  -1.829 0.0000000000
66568  -18.383  -9.998  -1.428 0.0000000000
66569  -18.958  -10.704  -1.662 0.0000000000
83294  -23.625  7.377  -6.570 0.0000000000
82461  -23.255  6.822  -6.834 0.0000000000
81610  -22.612  6.701  -6.896 0.0000000000
81617  -22.834  6.531  -7.409 0.0000000000
73728  -20.441  -2.200  -5.430 0.0000000000
73739  -20.972  -1.979  -5.937 0.0000000000
119067  -21.475  -1.688  -6.382 0.0000000000
137780  -22.561  -1.404  -6.986 0.0000000000
75579  -22.608  -0.572  -7.290 0.0000000000
74701  -22.834  -1.229  -7.154 0.0000000000
74702  -23.332  -1.321  -7.173 0.0000000000
74703  -23.910  -1.444  -7.112 0.0000000000
74689  -24.614  -1.620  -6.871 0.0000000000
73758  -24.686  -2.350  -6.703 0.0000000000
130754  -25.072  -3.466  -6.444 0.0000000000
71112  -19.741  -5.897  -2.968 0.0000000000
71122  -20.097  -5.255  -3.637 0.0000000000
137687  -20.932  -5.541  -4.530 0.0000000000
71124  -21.275  -5.943  -4.711 0.0000000000
69216  -22.302  -8.055  -4.990 0.0000000000
66582  -21.154  -10.340  -3.645 0.0000000000
67389  -21.732  -9.956  -4.186 0.0000000000
66583  -21.874  -10.576  -4.001 0.0000000000
66584  -22.511  -10.628  -4.181 0.0000000000
66585  -23.253  -10.747  -4.162 0.0000000000
130033  -23.383  -11.453  -3.709 0.0000000000
122726  -24.108  -12.569  -3.167 0.0000000000
84770  -23.968  9.877  -6.487 0.0000000000
84758  -25.168  11.318  -6.921 0.0000000000
84774  -28.133  11.059  -7.052 0.0000000000
83286  -27.393  8.354  -6.420 0.0000000000
77320  -18.488  1.472  -4.627 0.0000000000
78167  -18.726  2.181  -4.892 0.0000000000
126832  -19.686  3.716  -6.125 0.0000000000
79872  -20.875  4.550  -7.084 0.0000000000
79045  -21.148  3.861  -7.276 0.0000000000
79046  -21.649  3.921  -7.555 0.0000000000
79060  -23.124  3.493  -7.839 0.0000000000
78184  -25.294  2.005  -7.090 0.0000000000
135809  -24.873  2.584  -7.353 0.0000000000
78186  -26.352  2.866  -6.434 0.0000000000
79041  -26.633  3.636  -6.259 0.0000000000
70255  -24.147  -6.304  -6.386 0.0000000000
70249  -24.807  -6.191  -6.307 0.0000000000
121668  -25.469  -6.405  -5.838 0.0000000000
63903  -18.840  -13.533  0.553 0.0000000000
63916  -20.633  -13.701  -0.767 0.0000000000
69207  -19.787  -7.444  -2.986 0.0000000000
68300  -20.093  -8.005  -3.234 0.0000000000
116589  -20.782  -8.019  -3.801 0.0000000000
117984  -20.539  -10.018  -3.252 0.0000000000
64764  -21.275  -11.887  -2.666 0.0000000000
130042  -23.690  9.404  -6.385 0.0000000000
84047  -25.295  9.662  -6.785 0.0000000000
83285  -25.901  8.802  -6.866 0.0000000000
83295  -24.209  7.358  -6.677 0.0000000000
82453  -24.826  7.748  -6.717 0.0000000000
124417  -25.728  7.956  -6.780 0.0000000000
81611  -25.626  6.807  -6.778 0.0000000000
74670  -18.866  -0.888  -4.523 0.0000000000
74672  -20.116  -1.533  -5.447 0.0000000000
75553  -19.494  -0.873  -5.210 0.0000000000
75552  -19.034  -0.274  -4.860 0.0000000000
76496  -19.934  0.758  -6.002 0.0000000000
77350  -20.723  1.703  -6.681 0.0000000000
77360  -21.333  1.804  -7.091 0.0000000000
123747  -22.428  0.983  -7.483 0.0000000000
77363  -23.513  1.272  -7.683 0.0000000000
120293  -23.227  -0.131  -7.512 0.0000000000
76506  -23.810  0.254  -7.554 0.0000000000
77364  -24.229  1.162  -7.595 0.0000000000
77365  -24.987  1.223  -7.203 0.0000000000
76490  -27.258  0.650  -5.796 0.0000000000
75556  -26.802  -0.053  -6.019 0.0000000000
74690  -26.144  -1.532  -6.172 0.0000000000
68312  -25.431  -8.757  -4.971 0.0000000000
61374  -21.642  -16.445  0.245 0.0000000000
62229  -21.156  -15.747  0.089 0.0000000000
137819  -19.325  -2.826  -3.895 0.0000000000
71937  -20.115  -4.349  -4.110 0.0000000000
72774  -20.183  -3.693  -4.466 0.0000000000
72790  -21.543  -3.520  -5.705 0.0000000000
71959  -22.848  -4.053  -6.388 0.0000000000
71960  -23.344  -4.911  -6.467 0.0000000000
71136  -23.760  -5.688  -6.529 0.0000000000
70246  -22.440  -6.318  -5.602 0.0000000000
70254  -23.625  -6.340  -6.241 0.0000000000
69226  -24.121  -7.656  -5.673 0.0000000000
68319  -24.360  -8.370  -5.335 0.0000000000
68308  -21.458  -8.061  -4.431 0.0000000000
67396  -22.187  -9.507  -4.637 0.0000000000
68310  -22.595  -8.904  -4.968 0.0000000000
131606  -23.804  -8.749  -5.127 0.0000000000
67408  -24.257  -8.976  -5.019 0.0000000000
67409  -24.836  -8.961  -5.072 0.0000000000
67400  -25.463  -9.658  -4.691 0.0000000000
137169  -25.584  -10.292  -4.506 0.0000000000
65662  -24.940  -10.871  -4.173 0.0000000000
132081  -25.575  -11.386  -3.925 0.0000000000
130496  -27.862  9.232  -6.389 0.0000000000
81608  -21.076  6.234  -6.545 0.0000000000
81616  -22.178  6.348  -7.349 0.0000000000
127345  -22.499  6.165  -7.756 0.0000000000
80732  -22.651  5.600  -8.035 0.0000000000
80726  -23.454  6.279  -7.834 0.0000000000
80727  -23.959  5.941  -7.785 0.0000000000
121448  -26.106  5.913  -6.572 0.0000000000
78200  -22.165  2.567  -7.547 0.0000000000
127222  -23.021  2.818  -7.713 0.0000000000
79061  -23.688  3.584  -7.808 0.0000000000
78201  -24.188  2.825  -7.661 0.0000000000
79048  -24.212  3.659  -7.683 0.0000000000
79049  -24.635  4.217  -7.492 0.0000000000
79882  -25.160  4.866  -7.186 0.0000000000
121049  -26.718  5.953  -6.269 0.0000000000
81602  -27.405  6.014  -5.791 0.0000000000
72804  -24.024  -3.589  -6.650 0.0000000000
72805  -24.652  -4.069  -6.533 0.0000000000
71964  -25.557  -4.087  -6.144 0.0000000000
64747  -19.409  -12.371  -0.952 0.0000000000
64754  -19.794  -11.882  -1.662 0.0000000000
64755  -20.655  -12.078  -2.123 0.0000000000
63942  -22.177  -12.808  -2.313 0.0000000000
62238  -21.543  -15.252  -0.468 0.0000000000
63111  -21.934  -14.833  -0.976 0.0000000000
63124  -22.686  -14.847  -1.372 0.0000000000
63123  -21.945  -14.066  -1.422 0.0000000000
119656  -22.298  -13.472  -1.914 0.0000000000
64767  -23.606  -13.044  -2.762 0.0000000000
71138  -24.810  -5.452  -6.452 0.0000000000
73757  -24.133  -2.221  -6.832 0.0000000000
74688  -22.176  -1.671  -6.741 0.0000000000
74700  -22.228  -0.901  -7.028 0.0000000000
77361  -21.933  1.829  -7.404 0.0000000000
78214  -23.249  2.132  -7.700 0.0000000000
79038  -20.493  3.640  -6.745 0.0000000000
79058  -22.150  3.953  -7.763 0.0000000000
79059  -22.542  3.245  -7.702 0.0000000000
79879  -21.448  4.573  -7.453 0.0000000000
79889  -23.971  4.357  -7.854 0.0000000000
80718  -21.484  5.955  -7.122 0.0000000000
80729  -25.516  6.232  -6.799 0.0000000000
81623  -22.991  6.335  -7.942 0.0000000000
120583  -22.742  0.014  -7.474 0.0000000000
122411  -20.502  1.098  -6.463 0.0000000000
123901  -20.909  2.391  -6.899 0.0000000000
124725  -24.997  -6.907  -5.974 0.0000000000
125054  -21.447  3.388  -7.390 0.0000000000
125420  -18.758  0.963  -4.983 0.0000000000
126704  -26.735  2.152  -6.208 0.0000000000
127973  -24.798  3.335  -7.386 0.0000000000
132416  -22.350  4.732  -7.912 0.0000000000
137095  -23.365  5.016  -8.128 0.0000000000
