#!ascii label  , from subject sub-v2s10x30156_ses-1 vox2ras=TkReg
620
64184  19.948  -4.233  -5.331 0.0000000000
71603  24.396  3.599  -7.967 0.0000000000
81568  21.718  14.674  -10.000 0.0000000000
126938  17.430  8.819  -9.427 0.0000000000
60228  23.436  -8.530  -4.177 0.0000000000
63149  25.526  -5.538  -5.331 0.0000000000
66836  22.625  -1.766  -8.692 0.0000000000
71634  20.051  3.491  -10.524 0.0000000000
76877  22.986  9.805  -9.099 0.0000000000
83145  26.972  16.079  -5.691 0.0000000000
126352  20.678  19.535  -10.893 0.0000000000
62119  21.946  -6.289  -4.591 0.0000000000
61118  24.113  -7.178  -5.239 0.0000000000
63162  22.178  -5.042  -6.230 0.0000000000
69700  18.080  1.728  -7.444 0.0000000000
71606  17.141  4.452  -7.747 0.0000000000
78864  18.892  11.209  -11.411 0.0000000000
76894  20.550  9.210  -11.797 0.0000000000
79797  22.450  12.271  -9.327 0.0000000000
120998  24.638  12.642  -7.283 0.0000000000
82404  23.993  15.145  -7.269 0.0000000000
124093  19.252  19.206  -9.379 0.0000000000
84817  18.891  18.205  -11.003 0.0000000000
87051  19.636  21.767  -11.335 0.0000000000
69715  23.796  0.987  -9.278 0.0000000000
66822  24.727  -1.117  -7.299 0.0000000000
119424  26.008  1.138  -6.626 0.0000000000
80739  18.606  13.550  -11.626 0.0000000000
74200  26.119  6.687  -6.596 0.0000000000
66799  19.113  -1.854  -5.844 0.0000000000
65148  21.076  -3.027  -7.348 0.0000000000
67697  20.276  -0.741  -7.858 0.0000000000
68708  21.388  1.419  -10.392 0.0000000000
71644  22.126  3.400  -10.950 0.0000000000
73384  18.197  6.458  -9.475 0.0000000000
74255  21.170  6.801  -11.249 0.0000000000
133462  23.650  6.571  -8.643 0.0000000000
76862  25.293  9.455  -7.278 0.0000000000
132821  18.611  16.101  -11.019 0.0000000000
83994  21.006  17.201  -11.069 0.0000000000
88455  22.344  23.121  -9.070 0.0000000000
86304  22.958  20.740  -7.979 0.0000000000
84789  23.330  18.607  -7.491 0.0000000000
85554  26.303  19.120  -6.600 0.0000000000
65144  23.682  -3.191  -7.059 0.0000000000
65112  18.978  -3.755  -4.001 0.0000000000
63139  19.813  -5.212  -4.174 0.0000000000
63154  20.955  -5.264  -5.399 0.0000000000
62131  22.260  -5.919  -5.214 0.0000000000
64182  21.320  -4.958  -6.117 0.0000000000
129200  20.957  13.276  -10.821 0.0000000000
114997  20.857  11.747  -10.909 0.0000000000
80725  21.859  13.787  -9.817 0.0000000000
80718  23.054  13.703  -8.626 0.0000000000
82412  22.765  15.161  -8.591 0.0000000000
86315  19.440  21.027  -10.570 0.0000000000
116617  19.513  20.385  -11.040 0.0000000000
87052  19.317  22.012  -11.224 0.0000000000
121762  24.115  2.741  -8.467 0.0000000000
69698  24.881  1.152  -7.593 0.0000000000
134944  25.320  2.485  -7.247 0.0000000000
79799  17.685  12.177  -9.828 0.0000000000
80727  17.674  13.515  -9.704 0.0000000000
60221  21.810  -7.917  -3.107 0.0000000000
60204  22.287  -8.581  -2.984 0.0000000000
59352  23.784  -9.431  -3.710 0.0000000000
60219  24.452  -8.942  -4.235 0.0000000000
62118  25.074  -6.853  -5.212 0.0000000000
61117  25.529  -7.445  -4.767 0.0000000000
66813  19.638  -1.535  -6.691 0.0000000000
67685  18.458  -0.342  -6.394 0.0000000000
70690  19.080  2.645  -8.805 0.0000000000
68691  20.212  1.391  -9.044 0.0000000000
69739  20.319  2.606  -10.310 0.0000000000
136939  22.156  2.161  -11.033 0.0000000000
71660  21.167  3.393  -10.893 0.0000000000
129464  16.189  6.314  -7.750 0.0000000000
121591  17.552  7.535  -9.238 0.0000000000
76884  21.744  9.378  -10.571 0.0000000000
75094  20.490  7.793  -11.655 0.0000000000
75986  21.880  8.155  -10.518 0.0000000000
74233  22.224  6.478  -10.079 0.0000000000
75977  23.162  7.971  -9.057 0.0000000000
75960  24.621  8.485  -7.748 0.0000000000
76871  24.416  9.826  -7.897 0.0000000000
81521  25.710  14.336  -5.990 0.0000000000
115291  25.923  12.799  -6.207 0.0000000000
117380  19.445  19.400  -11.814 0.0000000000
83996  18.693  17.563  -11.383 0.0000000000
84001  19.290  17.941  -12.452 0.0000000000
83194  20.061  17.170  -11.976 0.0000000000
84806  21.307  18.760  -10.392 0.0000000000
85571  23.264  19.997  -7.603 0.0000000000
86290  24.706  20.681  -7.132 0.0000000000
84773  24.755  18.475  -6.575 0.0000000000
65990  21.898  -2.193  -8.391 0.0000000000
65146  22.516  -3.400  -7.482 0.0000000000
65988  23.051  -2.313  -8.269 0.0000000000
67669  25.718  -0.992  -6.063 0.0000000000
65964  25.061  -2.289  -6.373 0.0000000000
62109  20.775  -6.507  -3.616 0.0000000000
61120  22.561  -7.034  -4.467 0.0000000000
61119  23.413  -7.624  -4.703 0.0000000000
61133  23.253  -6.886  -5.144 0.0000000000
126256  23.691  -6.496  -5.531 0.0000000000
134028  24.145  -5.703  -5.976 0.0000000000
69701  17.438  2.135  -7.143 0.0000000000
70657  17.748  2.640  -7.635 0.0000000000
71605  17.962  4.073  -8.358 0.0000000000
119079  18.180  10.068  -10.415 0.0000000000
127291  18.383  9.242  -10.472 0.0000000000
77876  19.626  10.489  -11.582 0.0000000000
77874  21.021  10.299  -10.951 0.0000000000
114998  22.282  10.853  -9.734 0.0000000000
77841  24.043  11.003  -7.966 0.0000000000
79785  23.748  12.252  -8.055 0.0000000000
80704  24.106  13.777  -7.557 0.0000000000
119067  25.131  15.938  -6.274 0.0000000000
83978  19.139  17.902  -7.860 0.0000000000
84807  19.001  19.000  -10.590 0.0000000000
85597  19.291  19.625  -11.440 0.0000000000
85595  20.163  20.279  -11.384 0.0000000000
67722  23.327  -0.340  -9.716 0.0000000000
66834  24.065  -1.197  -8.306 0.0000000000
67705  23.968  -0.288  -8.728 0.0000000000
68663  25.010  0.433  -7.416 0.0000000000
76873  16.797  9.390  -8.736 0.0000000000
77865  18.206  10.852  -10.583 0.0000000000
123771  18.826  12.922  -11.679 0.0000000000
81580  19.702  14.178  -11.940 0.0000000000
60226  25.046  -8.166  -4.575 0.0000000000
135095  25.502  5.438  -6.965 0.0000000000
72503  25.913  4.097  -6.711 0.0000000000
65954  19.272  -2.835  -5.411 0.0000000000
115509  20.332  -3.966  -6.077 0.0000000000
65967  19.801  -2.400  -6.335 0.0000000000
66825  20.446  -1.595  -7.537 0.0000000000
66838  21.045  -1.206  -8.311 0.0000000000
68665  19.254  0.500  -7.615 0.0000000000
68673  20.489  0.501  -8.812 0.0000000000
67724  22.387  -0.126  -9.788 0.0000000000
68706  22.818  0.700  -10.511 0.0000000000
69723  23.468  1.852  -10.194 0.0000000000
71617  23.371  3.633  -9.575 0.0000000000
73385  17.498  5.973  -8.661 0.0000000000
72550  19.111  5.227  -9.916 0.0000000000
75083  18.602  8.040  -10.470 0.0000000000
74256  19.969  6.710  -11.168 0.0000000000
72564  20.438  4.806  -10.898 0.0000000000
73405  21.390  5.245  -10.931 0.0000000000
73382  23.149  5.453  -9.276 0.0000000000
73361  24.351  5.338  -7.971 0.0000000000
74212  24.623  6.967  -7.742 0.0000000000
75948  26.168  8.473  -6.651 0.0000000000
78816  25.151  11.170  -7.101 0.0000000000
82433  18.377  15.021  -11.870 0.0000000000
126305  19.499  15.113  -12.088 0.0000000000
83188  21.543  16.313  -10.269 0.0000000000
87738  21.005  22.106  -10.565 0.0000000000
87040  21.259  21.362  -10.235 0.0000000000
87725  22.620  22.458  -8.674 0.0000000000
85585  21.914  19.983  -9.296 0.0000000000
119742  22.292  19.229  -8.822 0.0000000000
83988  22.243  17.737  -9.094 0.0000000000
127347  22.595  16.041  -8.682 0.0000000000
127825  23.529  16.899  -7.442 0.0000000000
83961  25.243  17.628  -6.295 0.0000000000
83959  26.990  17.520  -6.307 0.0000000000
65134  21.472  -4.000  -6.921 0.0000000000
131237  23.318  -4.521  -6.567 0.0000000000
64181  24.598  -4.588  -6.028 0.0000000000
65977  24.011  -2.459  -7.461 0.0000000000
65953  24.943  -3.067  -6.251 0.0000000000
118336  19.394  -3.671  -4.892 0.0000000000
64170  19.545  -4.421  -4.471 0.0000000000
64169  20.232  -4.904  -4.967 0.0000000000
64183  20.590  -4.670  -5.787 0.0000000000
80731  21.175  13.935  -10.628 0.0000000000
81562  22.665  14.359  -8.890 0.0000000000
127349  22.279  14.920  -9.289 0.0000000000
87041  19.223  21.781  -10.909 0.0000000000
71593  24.761  2.827  -7.687 0.0000000000
128870  24.951  3.643  -7.482 0.0000000000
60220  22.560  -8.267  -3.644 0.0000000000
59353  22.964  -9.024  -3.387 0.0000000000
59351  24.456  -9.623  -3.691 0.0000000000
62128  25.071  -6.106  -5.448 0.0000000000
127670  25.876  -6.885  -4.945 0.0000000000
117735  25.735  -6.273  -5.139 0.0000000000
63137  26.310  -5.683  -4.923 0.0000000000
67670  18.096  -0.726  -5.918 0.0000000000
67686  17.881  -0.092  -6.182 0.0000000000
70689  19.600  3.035  -9.665 0.0000000000
70700  20.763  2.949  -10.806 0.0000000000
71646  20.656  3.562  -10.834 0.0000000000
75074  16.687  7.490  -8.451 0.0000000000
75073  17.325  8.016  -9.144 0.0000000000
76878  22.364  9.400  -9.756 0.0000000000
127853  21.689  8.748  -10.789 0.0000000000
124561  22.146  8.786  -10.083 0.0000000000
75978  22.475  8.076  -9.748 0.0000000000
116988  22.903  8.851  -9.273 0.0000000000
75969  24.156  9.093  -8.196 0.0000000000
76872  23.773  9.824  -8.406 0.0000000000
82367  26.049  15.032  -5.735 0.0000000000
81520  26.459  14.490  -5.612 0.0000000000
125937  19.909  19.788  -11.775 0.0000000000
84815  19.269  18.731  -12.274 0.0000000000
84814  20.204  19.043  -11.714 0.0000000000
83995  20.178  18.122  -12.001 0.0000000000
87010  24.373  21.453  -7.429 0.0000000000
87009  25.349  21.374  -7.404 0.0000000000
86289  25.661  20.604  -7.136 0.0000000000
65989  22.341  -2.542  -8.209 0.0000000000
120054  26.197  -1.328  -5.433 0.0000000000
62120  21.044  -6.153  -4.302 0.0000000000
129146  20.259  -5.896  -3.913 0.0000000000
61121  21.624  -6.746  -3.979 0.0000000000
63152  22.660  -5.578  -5.814 0.0000000000
62130  23.030  -6.213  -5.482 0.0000000000
63151  23.582  -5.794  -5.906 0.0000000000
63161  23.062  -5.119  -6.305 0.0000000000
71594  16.696  3.923  -7.413 0.0000000000
70658  17.128  3.032  -7.382 0.0000000000
70673  17.434  3.552  -7.793 0.0000000000
77864  18.608  10.553  -11.013 0.0000000000
117597  18.812  10.034  -11.185 0.0000000000
78863  19.240  11.026  -11.544 0.0000000000
79798  21.854  12.393  -9.879 0.0000000000
78851  21.286  11.213  -10.673 0.0000000000
78840  21.983  11.545  -9.960 0.0000000000
78850  21.717  10.667  -10.375 0.0000000000
78839  22.784  11.366  -9.097 0.0000000000
79786  23.129  12.239  -8.663 0.0000000000
81551  23.762  14.405  -7.698 0.0000000000
80717  23.592  13.705  -8.024 0.0000000000
82391  24.659  15.107  -6.655 0.0000000000
126941  24.316  15.948  -6.787 0.0000000000
85580  19.512  19.869  -9.043 0.0000000000
84791  19.407  18.918  -8.091 0.0000000000
84800  19.153  18.453  -8.988 0.0000000000
86325  19.668  21.289  -11.178 0.0000000000
85596  19.762  20.163  -11.381 0.0000000000
86324  19.847  21.018  -11.311 0.0000000000
68688  23.330  0.222  -9.921 0.0000000000
67721  23.542  -0.118  -9.482 0.0000000000
68672  23.858  0.451  -9.000 0.0000000000
125646  25.420  0.999  -7.089 0.0000000000
68646  25.607  0.443  -6.792 0.0000000000
123327  16.187  9.737  -8.054 0.0000000000
77843  16.718  10.290  -8.635 0.0000000000
77853  17.298  9.869  -9.341 0.0000000000
78842  17.231  10.778  -9.327 0.0000000000
79810  18.047  12.690  -10.303 0.0000000000
79809  18.592  12.531  -11.112 0.0000000000
80738  18.749  13.535  -12.028 0.0000000000
80737  19.351  13.473  -11.930 0.0000000000
81581  18.940  14.298  -12.184 0.0000000000
60227  24.205  -8.044  -4.693 0.0000000000
61108  25.876  -7.976  -4.303 0.0000000000
74201  25.777  5.991  -6.756 0.0000000000
65941  18.708  -2.650  -4.624 0.0000000000
65136  20.058  -3.212  -6.214 0.0000000000
66826  19.822  -0.980  -7.253 0.0000000000
68666  18.461  0.874  -7.205 0.0000000000
68675  18.910  1.341  -7.842 0.0000000000
68690  20.953  0.967  -9.612 0.0000000000
67725  21.335  0.122  -9.328 0.0000000000
68689  21.809  0.679  -10.075 0.0000000000
67735  22.879  0.096  -10.170 0.0000000000
68707  21.900  1.087  -10.589 0.0000000000
70699  22.416  2.679  -11.110 0.0000000000
118789  22.652  2.095  -11.010 0.0000000000
71633  22.825  3.308  -10.558 0.0000000000
71632  23.335  2.769  -10.149 0.0000000000
71618  22.854  4.120  -9.983 0.0000000000
74234  17.508  6.825  -8.920 0.0000000000
74222  16.743  6.226  -8.180 0.0000000000
72536  18.344  5.571  -9.289 0.0000000000
73395  18.907  6.002  -10.062 0.0000000000
130717  18.877  9.295  -11.072 0.0000000000
76000  18.910  8.553  -10.876 0.0000000000
75999  19.376  8.575  -11.387 0.0000000000
75106  20.794  7.118  -11.415 0.0000000000
75107  20.212  7.103  -11.386 0.0000000000
74267  20.272  6.483  -11.117 0.0000000000
73423  20.093  6.106  -10.936 0.0000000000
73421  20.824  5.794  -11.116 0.0000000000
72577  21.083  5.022  -11.120 0.0000000000
73406  21.075  5.914  -11.170 0.0000000000
74232  23.091  6.380  -9.272 0.0000000000
73383  22.585  5.758  -9.743 0.0000000000
74221  23.617  5.910  -8.716 0.0000000000
73371  23.694  5.091  -8.652 0.0000000000
74220  24.124  6.249  -8.147 0.0000000000
125249  24.806  6.118  -7.572 0.0000000000
131371  24.797  9.240  -7.633 0.0000000000
75949  25.360  8.638  -7.246 0.0000000000
131437  26.164  9.832  -6.566 0.0000000000
78829  24.037  11.657  -7.872 0.0000000000
78817  24.536  11.411  -7.550 0.0000000000
79771  24.916  11.979  -7.172 0.0000000000
84808  18.881  18.044  -9.713 0.0000000000
83990  18.757  17.402  -10.143 0.0000000000
125454  18.641  16.875  -11.698 0.0000000000
83195  18.673  16.725  -10.592 0.0000000000
82428  18.370  15.297  -10.869 0.0000000000
81569  18.000  14.767  -10.266 0.0000000000
83202  18.659  15.892  -11.836 0.0000000000
126353  19.830  16.190  -11.941 0.0000000000
83193  20.822  16.278  -11.207 0.0000000000
82427  20.604  15.379  -11.351 0.0000000000
125862  20.716  22.924  -10.765 0.0000000000
87737  21.671  22.679  -9.581 0.0000000000
131738  23.243  22.073  -8.083 0.0000000000
87724  23.618  22.726  -8.158 0.0000000000
87030  22.601  21.506  -8.483 0.0000000000
136311  21.883  21.214  -9.252 0.0000000000
86313  22.250  20.676  -8.802 0.0000000000
85579  22.597  19.972  -8.381 0.0000000000
120439  23.496  19.344  -7.353 0.0000000000
84799  22.654  18.344  -8.351 0.0000000000
83983  22.696  17.444  -8.387 0.0000000000
127099  22.379  16.877  -8.877 0.0000000000
84798  23.241  17.634  -7.658 0.0000000000
83181  23.009  16.670  -8.086 0.0000000000
125387  23.899  18.108  -7.025 0.0000000000
85555  25.428  19.221  -6.563 0.0000000000
84772  25.751  18.427  -6.328 0.0000000000
83960  26.127  17.613  -6.111 0.0000000000
84771  26.636  18.314  -6.460 0.0000000000
65135  20.830  -3.581  -6.815 0.0000000000
65147  21.703  -3.409  -7.380 0.0000000000
65145  23.044  -3.239  -7.500 0.0000000000
64194  23.046  -3.852  -6.996 0.0000000000
65132  23.939  -4.082  -6.571 0.0000000000
66823  24.246  -1.796  -7.683 0.0000000000
66811  24.604  -1.980  -7.021 0.0000000000
65952  25.484  -2.639  -5.689 0.0000000000
65122  25.345  -3.473  -5.666 0.0000000000
118619  25.140  -4.144  -5.736 0.0000000000
63138  20.579  -5.566  -4.639 0.0000000000
62132  21.430  -5.738  -4.938 0.0000000000
63153  21.770  -5.437  -5.662 0.0000000000
130328  19.533  12.021  -11.539 0.0000000000
121954  20.248  11.881  -11.349 0.0000000000
79808  20.747  12.603  -11.000 0.0000000000
119443  21.405  13.021  -10.240 0.0000000000
119018  22.119  13.039  -9.526 0.0000000000
79787  22.758  13.002  -8.901 0.0000000000
80724  22.469  13.707  -9.194 0.0000000000
81561  23.222  14.405  -8.306 0.0000000000
82405  23.390  15.141  -7.911 0.0000000000
86305  19.524  20.727  -9.381 0.0000000000
126286  19.372  20.370  -10.167 0.0000000000
85587  19.262  19.775  -10.394 0.0000000000
70688  23.858  1.773  -9.137 0.0000000000
69699  24.249  1.261  -8.428 0.0000000000
128877  24.318  2.098  -8.225 0.0000000000
125802  24.820  1.933  -7.653 0.0000000000
69680  25.526  1.758  -7.031 0.0000000000
131716  17.634  12.829  -9.724 0.0000000000
80733  18.310  13.465  -10.697 0.0000000000
61111  20.581  -6.837  -2.939 0.0000000000
61091  21.041  -7.561  -2.621 0.0000000000
60205  21.586  -8.428  -2.335 0.0000000000
58388  24.104  -10.241  -3.244 0.0000000000
59340  25.009  -10.015  -3.302 0.0000000000
115479  24.988  -9.365  -3.809 0.0000000000
118529  24.795  -7.554  -4.918 0.0000000000
66800  18.427  -1.378  -5.563 0.0000000000
66814  18.821  -1.065  -6.149 0.0000000000
67684  19.193  -0.685  -6.788 0.0000000000
67698  19.575  -0.290  -7.407 0.0000000000
69717  18.537  2.199  -8.087 0.0000000000
69716  19.383  1.780  -8.560 0.0000000000
69725  19.872  2.209  -9.394 0.0000000000
69724  20.627  1.804  -9.948 0.0000000000
69738  20.776  2.053  -10.664 0.0000000000
69737  21.820  1.779  -10.883 0.0000000000
69752  21.237  2.507  -10.816 0.0000000000
70723  21.442  2.881  -10.873 0.0000000000
124004  21.998  3.070  -10.943 0.0000000000
74235  16.865  7.077  -8.492 0.0000000000
76893  21.099  9.220  -11.625 0.0000000000
75998  20.118  8.538  -11.768 0.0000000000
76885  21.385  8.998  -11.358 0.0000000000
75987  21.443  8.302  -11.264 0.0000000000
75082  21.521  7.536  -10.971 0.0000000000
74244  21.684  6.864  -10.722 0.0000000000
75081  22.078  7.394  -10.249 0.0000000000
75072  22.751  7.251  -9.527 0.0000000000
75064  23.421  7.188  -8.870 0.0000000000
125246  24.334  7.759  -7.932 0.0000000000
134456  24.099  8.364  -8.176 0.0000000000
76863  24.954  9.867  -7.513 0.0000000000
80687  25.425  13.525  -6.414 0.0000000000
80703  25.175  12.691  -6.788 0.0000000000
80674  26.162  13.651  -5.804 0.0000000000
84816  18.880  18.931  -11.997 0.0000000000
84822  18.642  18.228  -12.045 0.0000000000
84003  18.670  17.705  -12.194 0.0000000000
84002  18.859  17.705  -12.416 0.0000000000
83200  19.191  17.082  -12.295 0.0000000000
129935  21.106  18.086  -10.874 0.0000000000
87011  23.465  21.461  -7.765 0.0000000000
86291  23.766  20.728  -7.381 0.0000000000
85570  24.096  19.876  -7.027 0.0000000000
84788  24.008  18.968  -6.947 0.0000000000
86276  25.084  19.947  -6.836 0.0000000000
85569  25.982  19.879  -6.812 0.0000000000
65980  21.591  -2.730  -7.916 0.0000000000
135256  22.199  -3.037  -7.840 0.0000000000
65979  22.756  -2.932  -7.900 0.0000000000
65978  23.342  -2.727  -7.758 0.0000000000
126310  25.314  -0.807  -6.668 0.0000000000
66810  25.176  -1.493  -6.542 0.0000000000
66798  25.581  -1.792  -5.843 0.0000000000
65951  26.059  -2.145  -5.211 0.0000000000
61110  21.294  -7.180  -3.334 0.0000000000
61109  22.109  -7.488  -3.774 0.0000000000
60229  22.795  -7.848  -4.214 0.0000000000
62129  24.336  -6.278  -5.659 0.0000000000
63150  24.692  -5.472  -5.781 0.0000000000
70672  18.240  3.119  -8.255 0.0000000000
117853  18.826  3.535  -9.015 0.0000000000
129223  19.390  3.815  -9.765 0.0000000000
76887  18.048  9.392  -10.162 0.0000000000
75989  17.926  8.761  -9.959 0.0000000000
119288  19.299  9.918  -11.487 0.0000000000
117688  20.105  9.843  -11.665 0.0000000000
77863  20.649  11.099  -11.195 0.0000000000
77875  20.419  10.426  -11.452 0.0000000000
119660  20.837  9.708  -11.469 0.0000000000
77862  21.513  9.979  -10.625 0.0000000000
77851  22.143  10.098  -9.896 0.0000000000
77850  22.724  10.548  -9.261 0.0000000000
77842  23.438  10.627  -8.597 0.0000000000
78830  23.546  11.520  -8.364 0.0000000000
125101  23.408  12.989  -8.328 0.0000000000
80716  24.062  12.986  -7.692 0.0000000000
80688  24.692  13.459  -7.097 0.0000000000
81536  25.031  14.301  -6.581 0.0000000000
82390  25.406  15.095  -6.125 0.0000000000
83146  26.048  15.893  -5.760 0.0000000000
66850  23.207  -1.049  -9.409 0.0000000000
66835  23.408  -1.557  -8.691 0.0000000000
67706  23.540  -0.807  -9.181 0.0000000000
67696  24.563  -0.323  -7.842 0.0000000000
68664  24.420  0.453  -8.172 0.0000000000
67695  25.166  -0.249  -7.066 0.0000000000
67683  25.754  -0.243  -6.404 0.0000000000
130712  16.852  8.719  -8.758 0.0000000000
76879  17.697  9.586  -9.818 0.0000000000
77852  17.747  10.340  -9.996 0.0000000000
78841  17.706  11.224  -10.013 0.0000000000
78852  18.603  11.453  -11.087 0.0000000000
79816  18.889  12.072  -11.490 0.0000000000
79815  19.079  12.657  -11.747 0.0000000000
80732  20.360  13.513  -11.409 0.0000000000
81573  21.167  14.784  -10.799 0.0000000000
60218  25.371  -8.719  -4.045 0.0000000000
72513  24.789  4.450  -7.587 0.0000000000
72512  25.313  4.047  -7.163 0.0000000000
128959  25.433  4.753  -7.054 0.0000000000
132943  19.780  -3.597  -5.610 0.0000000000
65966  20.484  -2.802  -6.866 0.0000000000
66812  20.274  -2.141  -6.960 0.0000000000
65981  20.847  -2.417  -7.489 0.0000000000
65991  21.252  -2.025  -8.132 0.0000000000
66837  21.852  -1.569  -8.684 0.0000000000
68647  18.102  0.383  -6.630 0.0000000000
67699  18.860  0.096  -6.951 0.0000000000
68674  19.730  0.937  -8.289 0.0000000000
67709  20.004  0.071  -8.094 0.0000000000
67708  20.791  -0.357  -8.565 0.0000000000
67707  21.704  -0.731  -8.992 0.0000000000
66851  22.606  -1.040  -9.318 0.0000000000
67723  23.077  -0.447  -9.862 0.0000000000
67734  23.164  0.145  -10.087 0.0000000000
68704  23.425  0.777  -10.048 0.0000000000
68719  22.711  1.266  -10.750 0.0000000000
69749  23.002  1.456  -10.760 0.0000000000
69722  23.624  1.139  -9.805 0.0000000000
70671  23.679  2.701  -9.378 0.0000000000
71604  23.854  3.553  -8.703 0.0000000000
72524  16.248  4.689  -7.798 0.0000000000
134980  16.951  5.029  -7.675 0.0000000000
72537  17.569  5.046  -8.396 0.0000000000
71619  18.698  4.551  -9.287 0.0000000000
71635  19.572  4.454  -10.259 0.0000000000
75988  18.455  8.733  -10.455 0.0000000000
75084  17.965  8.123  -9.898 0.0000000000
74245  18.189  7.343  -9.836 0.0000000000
75095  19.806  7.850  -11.511 0.0000000000
119939  18.935  7.289  -10.546 0.0000000000
135751  18.694  6.749  -10.160 0.0000000000
73408  19.323  6.483  -10.585 0.0000000000
72549  19.747  5.388  -10.639 0.0000000000
114210  20.223  4.202  -10.755 0.0000000000
71645  20.826  3.975  -10.913 0.0000000000
124470  21.194  3.900  -10.935 0.0000000000
72563  21.554  4.147  -10.915 0.0000000000
73394  21.998  5.548  -10.352 0.0000000000
121797  21.896  4.775  -10.540 0.0000000000
72548  22.292  4.106  -10.537 0.0000000000
72534  23.223  4.592  -9.370 0.0000000000
72523  23.622  4.258  -8.867 0.0000000000
72522  24.102  4.387  -8.258 0.0000000000
73360  25.038  5.349  -7.385 0.0000000000
124283  25.304  5.948  -7.154 0.0000000000
74211  25.429  6.804  -7.149 0.0000000000
75058  25.026  7.739  -7.466 0.0000000000
75049  25.711  7.732  -6.965 0.0000000000
133947  25.905  7.189  -6.791 0.0000000000
130359  24.072  10.353  -8.065 0.0000000000
77836  24.671  10.546  -7.588 0.0000000000
79756  25.656  11.873  -6.603 0.0000000000
77825  26.274  10.532  -6.424 0.0000000000
81575  18.368  14.385  -11.137 0.0000000000
81582  18.542  14.331  -12.003 0.0000000000
127042  19.027  16.084  -12.146 0.0000000000
82432  18.675  15.130  -12.141 0.0000000000
82420  21.381  15.483  -10.558 0.0000000000
82419  21.910  15.524  -9.747 0.0000000000
87746  19.317  22.413  -11.292 0.0000000000
87745  20.024  22.270  -11.341 0.0000000000
87050  20.282  21.541  -11.131 0.0000000000
86323  20.646  20.815  -10.818 0.0000000000
85586  21.160  20.103  -10.429 0.0000000000
125071  21.820  21.888  -9.364 0.0000000000
86314  21.568  20.675  -9.795 0.0000000000
125647  21.635  19.343  -9.842 0.0000000000
84805  22.013  18.561  -9.350 0.0000000000
131986  21.706  18.051  -9.845 0.0000000000
84790  22.883  19.247  -7.931 0.0000000000
83989  21.735  17.204  -9.854 0.0000000000
83187  22.090  16.243  -9.394 0.0000000000
82413  22.314  15.563  -9.111 0.0000000000
127350  23.078  15.802  -8.153 0.0000000000
127345  23.595  16.040  -7.485 0.0000000000
83976  24.392  17.535  -6.667 0.0000000000
83177  24.032  16.765  -6.936 0.0000000000
83161  25.636  16.805  -6.022 0.0000000000
83160  26.532  16.798  -5.928 0.0000000000
84787  27.100  18.940  -6.973 0.0000000000
84770  27.487  18.112  -6.909 0.0000000000
83958  27.631  17.390  -6.650 0.0000000000
83159  27.446  16.738  -6.196 0.0000000000
64197  21.006  -4.334  -6.456 0.0000000000
64196  21.771  -4.501  -6.618 0.0000000000
65133  22.196  -3.947  -7.020 0.0000000000
64195  22.596  -4.515  -6.654 0.0000000000
63160  23.926  -5.086  -6.247 0.0000000000
64180  25.292  -4.782  -5.558 0.0000000000
66824  23.713  -2.056  -8.091 0.0000000000
65965  24.450  -2.740  -6.811 0.0000000000
126487  24.354  -3.390  -6.592 0.0000000000
65123  24.731  -3.802  -6.159 0.0000000000
128880  25.488  3.286  -7.100 0.0000000000
70647  25.916  2.601  -6.780 0.0000000000
61134  22.629  -6.464  -4.977 0.0000000000
67736  22.531  0.608  -10.424 0.0000000000
68687  23.603  0.524  -9.563 0.0000000000
68705  23.195  0.611  -10.315 0.0000000000
68718  23.020  0.944  -10.664 0.0000000000
68720  22.282  1.748  -10.887 0.0000000000
69736  23.261  1.227  -10.497 0.0000000000
69750  22.479  1.818  -10.933 0.0000000000
69751  21.850  2.302  -10.943 0.0000000000
70698  22.998  2.339  -10.765 0.0000000000
70710  23.075  1.657  -10.788 0.0000000000
70711  22.227  2.350  -11.098 0.0000000000
70712  20.921  3.253  -10.876 0.0000000000
70722  22.104  2.755  -11.057 0.0000000000
71659  21.467  3.138  -10.906 0.0000000000
72535  22.553  4.909  -9.943 0.0000000000
73407  19.929  6.243  -10.935 0.0000000000
73422  20.518  5.917  -11.013 0.0000000000
74254  21.517  6.137  -10.841 0.0000000000
74257  19.549  7.011  -10.947 0.0000000000
74265  21.036  6.489  -11.198 0.0000000000
74266  20.580  6.482  -11.184 0.0000000000
75093  21.093  7.679  -11.527 0.0000000000
75096  19.278  7.844  -11.001 0.0000000000
75970  23.760  7.836  -8.456 0.0000000000
75997  20.983  8.546  -11.748 0.0000000000
76852  26.442  9.202  -6.402 0.0000000000
76853  25.801  9.301  -6.865 0.0000000000
76880  17.259  9.228  -9.250 0.0000000000
76886  18.505  9.787  -10.721 0.0000000000
76895  19.675  9.247  -11.639 0.0000000000
77877  19.005  10.537  -11.444 0.0000000000
78853  18.217  11.761  -10.544 0.0000000000
78862  19.812  11.218  -11.542 0.0000000000
79772  24.334  12.146  -7.603 0.0000000000
79807  21.373  12.081  -10.454 0.0000000000
79814  19.834  12.682  -11.575 0.0000000000
81550  24.379  14.356  -7.168 0.0000000000
81567  22.231  14.292  -9.444 0.0000000000
81574  20.488  14.481  -11.410 0.0000000000
83162  24.760  16.781  -6.415 0.0000000000
83201  18.815  17.003  -12.139 0.0000000000
83977  23.804  17.391  -7.120 0.0000000000
84821  18.837  18.255  -12.355 0.0000000000
85556  24.664  19.308  -6.740 0.0000000000
85567  27.491  19.464  -7.790 0.0000000000
85568  26.757  19.689  -7.126 0.0000000000
87028  25.947  21.967  -7.891 0.0000000000
87029  24.049  22.139  -7.781 0.0000000000
118581  22.431  1.070  -10.719 0.0000000000
118858  19.169  11.703  -11.559 0.0000000000
121596  23.497  9.241  -8.699 0.0000000000
122631  19.739  7.305  -11.252 0.0000000000
123109  20.315  5.590  -10.920 0.0000000000
126724  23.974  7.102  -8.265 0.0000000000
129106  21.217  9.545  -11.200 0.0000000000
133097  20.771  4.975  -11.054 0.0000000000
133784  23.607  8.574  -8.625 0.0000000000
134275  23.942  5.659  -8.351 0.0000000000
