#!ascii label  , from subject sub-v2s10x28945_ses-1 vox2ras=TkReg
1076
125652  9.738  0.647  96.984 0.0000000000
52600  5.695  -11.711  83.098 0.0000000000
116037  2.233  -5.583  96.892 0.0000000000
64345  4.827  -0.106  92.836 0.0000000000
66533  3.023  0.754  84.753 0.0000000000
63265  6.184  -1.515  100.249 0.0000000000
66406  3.391  1.589  98.230 0.0000000000
63283  13.641  -1.450  97.726 0.0000000000
61345  8.767  -3.377  97.663 0.0000000000
58076  4.366  -6.635  97.384 0.0000000000
71907  3.559  6.113  92.504 0.0000000000
65458  3.759  0.789  88.490 0.0000000000
70847  6.458  5.675  88.808 0.0000000000
54537  1.099  -9.706  92.619 0.0000000000
56876  3.053  -7.644  90.026 0.0000000000
62384  2.926  -2.255  94.932 0.0000000000
69714  2.250  4.534  95.795 0.0000000000
59264  5.800  -6.118  87.765 0.0000000000
60430  8.382  -4.042  83.958 0.0000000000
61500  6.238  -2.742  78.664 0.0000000000
66571  4.391  1.513  80.140 0.0000000000
64296  8.150  -0.543  99.223 0.0000000000
65315  6.612  0.769  97.942 0.0000000000
64312  11.758  -0.388  97.664 0.0000000000
62366  11.639  -2.345  97.918 0.0000000000
62352  9.903  -1.760  98.958 0.0000000000
62354  7.785  -2.404  99.769 0.0000000000
71931  4.672  6.157  90.252 0.0000000000
56816  1.579  -7.482  94.883 0.0000000000
59178  2.190  -5.760  93.661 0.0000000000
60271  2.317  -4.058  95.511 0.0000000000
68507  4.265  3.144  97.241 0.0000000000
67444  2.701  2.720  97.190 0.0000000000
58063  3.152  -6.245  97.750 0.0000000000
54483  2.868  -8.606  96.525 0.0000000000
55667  1.870  -8.545  95.996 0.0000000000
117669  0.663  -10.477  94.398 0.0000000000
61399  3.782  -4.406  91.436 0.0000000000
58160  4.539  -6.599  88.695 0.0000000000
137703  6.216  -2.455  90.186 0.0000000000
64402  3.422  0.308  86.387 0.0000000000
63360  6.491  -1.605  85.891 0.0000000000
63393  5.010  -1.339  84.320 0.0000000000
61470  8.106  -3.167  81.429 0.0000000000
63410  3.954  -1.364  82.697 0.0000000000
61328  3.818  -3.329  99.179 0.0000000000
63274  2.769  -1.596  98.132 0.0000000000
65296  4.606  0.489  99.243 0.0000000000
66410  4.917  1.768  97.826 0.0000000000
61347  14.917  -2.628  96.385 0.0000000000
126682  13.467  -3.504  93.209 0.0000000000
61359  12.652  -3.399  95.916 0.0000000000
60262  10.057  -3.675  95.945 0.0000000000
115781  6.312  -4.933  97.386 0.0000000000
59147  4.856  -4.678  98.645 0.0000000000
68540  3.032  3.815  92.345 0.0000000000
65420  4.108  1.243  90.219 0.0000000000
69763  2.934  4.583  90.344 0.0000000000
69801  3.309  4.293  88.350 0.0000000000
68608  4.899  3.705  86.450 0.0000000000
122107  11.183  -0.038  95.670 0.0000000000
61375  18.321  -2.824  93.570 0.0000000000
64326  19.306  -0.533  96.036 0.0000000000
63280  15.735  -1.094  97.283 0.0000000000
65326  13.359  -0.109  96.696 0.0000000000
52507  1.251  -12.199  90.835 0.0000000000
53549  2.238  -10.480  89.891 0.0000000000
130854  2.344  -8.173  91.354 0.0000000000
60317  3.062  -4.976  92.266 0.0000000000
63306  3.765  -1.414  94.140 0.0000000000
64322  2.367  -0.387  96.673 0.0000000000
65349  2.461  0.668  95.945 0.0000000000
66448  3.050  2.315  94.156 0.0000000000
71889  2.794  5.914  94.749 0.0000000000
53576  3.673  -10.227  88.012 0.0000000000
54653  5.381  -9.397  86.771 0.0000000000
54668  7.119  -9.577  85.231 0.0000000000
129526  6.816  -2.086  88.053 0.0000000000
59299  7.884  -5.583  85.721 0.0000000000
55833  7.638  -8.825  82.909 0.0000000000
56983  6.298  -7.446  81.335 0.0000000000
59369  5.780  -5.716  78.977 0.0000000000
125710  8.817  5.252  86.905 0.0000000000
67544  6.875  2.610  84.696 0.0000000000
67578  7.728  2.437  82.376 0.0000000000
66555  3.490  0.672  82.647 0.0000000000
124524  2.726  -0.853  80.254 0.0000000000
65300  9.192  0.156  98.330 0.0000000000
65313  8.277  0.583  97.523 0.0000000000
65330  9.153  0.726  96.502 0.0000000000
65310  11.336  0.054  97.373 0.0000000000
118401  10.946  -0.933  98.353 0.0000000000
65299  10.018  0.044  98.166 0.0000000000
117938  8.918  -0.816  99.027 0.0000000000
51507  3.087  -12.643  82.717 0.0000000000
127559  3.597  -11.200  82.373 0.0000000000
58087  1.849  -6.502  95.914 0.0000000000
59169  1.832  -5.802  95.516 0.0000000000
60266  2.270  -4.801  96.737 0.0000000000
60293  14.789  -3.494  92.485 0.0000000000
59154  2.797  -5.741  97.720 0.0000000000
56764  2.594  -6.969  97.050 0.0000000000
58077  2.203  -6.871  96.582 0.0000000000
56807  1.737  -7.734  95.646 0.0000000000
62395  4.909  -1.963  92.319 0.0000000000
62406  5.172  -2.827  91.194 0.0000000000
63317  5.482  -1.047  91.977 0.0000000000
66521  3.002  1.180  85.601 0.0000000000
63363  3.942  -0.581  85.322 0.0000000000
63380  3.615  -0.716  84.553 0.0000000000
63409  4.756  -1.405  83.389 0.0000000000
63396  2.817  -0.682  83.444 0.0000000000
62350  4.855  -2.730  99.738 0.0000000000
63268  3.761  -1.636  99.249 0.0000000000
64294  4.860  -0.761  99.782 0.0000000000
66409  5.722  1.258  97.618 0.0000000000
67458  5.389  2.400  96.440 0.0000000000
62371  14.390  -2.272  97.163 0.0000000000
61358  13.487  -3.345  95.796 0.0000000000
62373  12.893  -2.551  97.351 0.0000000000
61336  10.111  -2.689  98.082 0.0000000000
61352  10.667  -3.356  96.725 0.0000000000
60257  9.092  -3.554  96.848 0.0000000000
60252  7.819  -3.700  97.778 0.0000000000
62348  6.888  -1.942  100.336 0.0000000000
61332  6.283  -3.419  99.392 0.0000000000
127003  5.591  -2.913  99.826 0.0000000000
60243  4.577  -3.983  99.062 0.0000000000
69744  3.046  5.105  92.620 0.0000000000
68548  3.033  3.416  91.325 0.0000000000
70831  3.416  5.551  91.214 0.0000000000
71954  5.846  5.916  89.400 0.0000000000
70838  3.891  5.543  89.447 0.0000000000
70860  4.177  5.062  88.368 0.0000000000
69813  3.675  4.044  87.408 0.0000000000
69797  5.641  4.820  87.720 0.0000000000
63287  16.413  -1.252  96.883 0.0000000000
54553  1.201  -10.171  91.859 0.0000000000
114823  1.761  -10.073  91.032 0.0000000000
54536  1.590  -9.051  92.272 0.0000000000
60285  2.487  -4.342  93.977 0.0000000000
59185  2.555  -5.535  92.810 0.0000000000
61379  3.120  -3.513  93.794 0.0000000000
62397  3.326  -3.181  93.669 0.0000000000
63307  3.292  -2.075  94.515 0.0000000000
65306  2.851  0.548  98.141 0.0000000000
127568  2.411  -1.112  97.129 0.0000000000
65307  2.629  0.516  97.471 0.0000000000
68510  2.393  3.376  96.735 0.0000000000
67460  2.316  1.949  96.233 0.0000000000
67466  2.266  2.543  95.663 0.0000000000
66439  2.647  1.987  95.134 0.0000000000
127525  2.311  3.391  95.127 0.0000000000
122102  2.452  4.082  94.553 0.0000000000
70796  2.477  5.388  95.041 0.0000000000
60282  11.990  -3.616  93.594 0.0000000000
114904  12.162  -3.601  92.149 0.0000000000
56792  5.061  -7.154  96.209 0.0000000000
55683  4.892  -8.178  95.190 0.0000000000
55665  4.081  -8.123  96.370 0.0000000000
53478  2.664  -9.603  95.871 0.0000000000
53477  3.074  -9.793  95.585 0.0000000000
54525  0.786  -9.920  93.638 0.0000000000
53528  0.786  -10.529  92.786 0.0000000000
54594  2.776  -9.115  89.601 0.0000000000
53559  2.813  -10.427  88.975 0.0000000000
55791  3.161  -8.776  89.171 0.0000000000
59265  5.122  -6.416  88.207 0.0000000000
56895  4.563  -7.605  87.891 0.0000000000
56909  5.510  -7.920  87.015 0.0000000000
121733  6.288  -9.642  85.993 0.0000000000
58219  6.553  -7.204  86.271 0.0000000000
65440  3.946  1.114  89.294 0.0000000000
64367  5.598  -0.464  89.343 0.0000000000
63328  5.557  -0.648  88.436 0.0000000000
62433  7.945  -2.848  85.256 0.0000000000
62421  7.787  -2.907  86.079 0.0000000000
128191  8.260  -5.024  85.238 0.0000000000
58236  8.251  -6.561  84.591 0.0000000000
58256  8.465  -6.502  82.799 0.0000000000
56965  6.962  -7.791  81.848 0.0000000000
59338  8.387  -5.882  82.158 0.0000000000
62499  7.182  -2.552  80.183 0.0000000000
59358  7.106  -5.510  80.024 0.0000000000
60476  6.532  -4.656  78.690 0.0000000000
69807  9.252  4.812  86.066 0.0000000000
69822  7.938  3.911  85.882 0.0000000000
68621  8.351  3.547  85.002 0.0000000000
67598  5.895  2.515  80.333 0.0000000000
66552  6.156  1.547  81.648 0.0000000000
66543  6.227  1.563  82.702 0.0000000000
66564  3.683  0.684  81.590 0.0000000000
65514  2.644  0.136  81.552 0.0000000000
125189  2.859  0.214  80.843 0.0000000000
64292  7.204  -0.686  100.003 0.0000000000
65294  6.210  0.221  99.473 0.0000000000
65302  7.339  0.320  98.660 0.0000000000
63275  12.890  -1.250  97.821 0.0000000000
62365  12.501  -2.113  97.947 0.0000000000
63276  12.295  -1.508  98.145 0.0000000000
62359  10.553  -1.907  98.675 0.0000000000
62360  9.805  -2.288  98.700 0.0000000000
61330  8.057  -2.815  99.136 0.0000000000
128479  8.446  -2.305  99.384 0.0000000000
63263  8.125  -1.410  99.725 0.0000000000
72918  5.183  7.100  92.551 0.0000000000
71919  3.965  6.239  91.237 0.0000000000
121719  6.172  6.639  91.292 0.0000000000
71929  7.040  6.434  90.201 0.0000000000
71940  7.339  6.216  89.471 0.0000000000
55712  1.458  -8.343  93.552 0.0000000000
56845  1.894  -7.673  92.991 0.0000000000
126081  1.695  -6.962  94.345 0.0000000000
116034  2.224  -4.950  94.182 0.0000000000
119733  2.488  -3.588  94.897 0.0000000000
67442  3.744  2.640  97.723 0.0000000000
66411  2.798  2.183  97.391 0.0000000000
68508  3.519  3.391  97.162 0.0000000000
69704  3.226  3.984  96.807 0.0000000000
69708  2.877  4.562  96.562 0.0000000000
71878  3.722  6.497  96.086 0.0000000000
56761  3.743  -6.693  97.615 0.0000000000
55652  3.851  -7.758  96.875 0.0000000000
56778  3.101  -7.250  97.289 0.0000000000
54484  2.465  -8.454  96.444 0.0000000000
53480  1.572  -9.758  95.662 0.0000000000
53502  1.246  -10.301  95.428 0.0000000000
54510  1.138  -9.777  95.342 0.0000000000
55685  1.259  -8.977  95.074 0.0000000000
60359  3.788  -5.475  90.532 0.0000000000
58145  3.845  -6.545  89.618 0.0000000000
60358  4.300  -5.161  90.062 0.0000000000
60357  5.056  -4.792  89.569 0.0000000000
61411  5.941  -4.366  89.169 0.0000000000
65472  3.345  0.808  87.602 0.0000000000
63338  4.692  -0.511  86.853 0.0000000000
63350  4.289  -0.504  86.054 0.0000000000
63377  6.343  -1.636  85.125 0.0000000000
134110  7.328  -2.218  83.761 0.0000000000
61456  8.175  -3.026  82.432 0.0000000000
62462  6.635  -1.836  83.376 0.0000000000
62488  5.957  -1.724  81.815 0.0000000000
63438  5.176  -1.552  81.234 0.0000000000
67600  4.483  2.204  79.707 0.0000000000
66578  3.650  0.976  79.552 0.0000000000
67613  4.073  2.227  78.769 0.0000000000
60256  2.691  -4.862  97.812 0.0000000000
120182  2.636  -4.012  97.524 0.0000000000
62357  3.046  -2.457  98.436 0.0000000000
64302  3.457  -0.308  99.027 0.0000000000
65297  3.462  0.981  98.631 0.0000000000
65304  5.448  0.621  98.917 0.0000000000
66404  4.725  1.329  98.472 0.0000000000
67438  4.139  2.061  98.140 0.0000000000
67441  4.291  2.440  97.732 0.0000000000
61366  15.578  -3.319  94.562 0.0000000000
61378  14.952  -3.469  93.831 0.0000000000
61368  13.727  -3.483  94.793 0.0000000000
61351  11.521  -3.219  96.731 0.0000000000
61361  10.869  -3.561  95.885 0.0000000000
60274  10.308  -3.930  94.318 0.0000000000
58074  5.858  -5.714  96.849 0.0000000000
59156  5.479  -5.463  97.638 0.0000000000
60245  6.677  -3.747  98.776 0.0000000000
60255  5.511  -4.431  98.612 0.0000000000
59153  4.433  -5.469  98.256 0.0000000000
58048  3.948  -5.741  98.222 0.0000000000
58049  3.262  -5.531  98.091 0.0000000000
66458  3.809  1.930  92.296 0.0000000000
65403  4.816  0.558  91.802 0.0000000000
66469  3.425  2.398  91.551 0.0000000000
66479  3.222  2.083  90.491 0.0000000000
66485  3.126  1.927  89.587 0.0000000000
70839  3.753  5.700  90.171 0.0000000000
68575  2.932  3.831  89.020 0.0000000000
66493  2.964  1.814  88.210 0.0000000000
118391  2.986  2.230  87.286 0.0000000000
67524  3.118  2.536  86.424 0.0000000000
67534  3.846  2.527  85.480 0.0000000000
65345  10.585  0.358  96.264 0.0000000000
135225  16.998  -3.052  93.896 0.0000000000
64332  21.387  -0.768  95.145 0.0000000000
64325  20.323  -0.477  96.040 0.0000000000
63299  20.024  -1.298  95.178 0.0000000000
62380  19.210  -1.672  94.823 0.0000000000
62382  17.564  -2.254  95.090 0.0000000000
62383  16.859  -2.561  95.112 0.0000000000
62370  15.073  -2.058  97.170 0.0000000000
63282  14.453  -1.459  97.611 0.0000000000
64320  14.729  -0.350  97.180 0.0000000000
64321  13.860  -0.416  97.164 0.0000000000
65308  12.977  -0.421  97.201 0.0000000000
65328  11.689  0.075  96.898 0.0000000000
54573  2.169  -9.885  90.336 0.0000000000
56867  2.676  -7.749  90.779 0.0000000000
56859  2.238  -7.421  92.269 0.0000000000
58132  2.568  -6.826  91.923 0.0000000000
58139  3.192  -6.435  90.842 0.0000000000
137535  3.477  -4.494  91.943 0.0000000000
62396  3.728  -2.752  93.275 0.0000000000
63305  4.361  -0.756  93.558 0.0000000000
62374  2.444  -2.584  96.678 0.0000000000
126854  2.417  -2.370  96.047 0.0000000000
63295  2.469  -1.565  95.946 0.0000000000
127583  2.532  1.710  96.733 0.0000000000
64328  2.374  0.049  96.242 0.0000000000
63300  2.962  -1.415  95.183 0.0000000000
64339  3.353  -0.946  94.808 0.0000000000
64338  3.896  -0.298  94.240 0.0000000000
66447  3.582  1.778  93.518 0.0000000000
67480  3.028  3.335  93.131 0.0000000000
137406  2.852  4.898  93.243 0.0000000000
71897  3.399  6.307  93.464 0.0000000000
72888  3.805  6.957  95.698 0.0000000000
72897  4.361  7.390  94.850 0.0000000000
72907  4.538  7.329  93.914 0.0000000000
54516  5.024  -9.416  94.225 0.0000000000
54492  3.734  -8.750  95.961 0.0000000000
56896  3.987  -8.028  88.360 0.0000000000
54632  4.237  -9.761  87.608 0.0000000000
138841  7.093  -10.719  83.986 0.0000000000
64357  5.586  -0.308  90.294 0.0000000000
62409  6.651  -2.288  88.959 0.0000000000
60392  7.054  -4.762  87.657 0.0000000000
63336  6.446  -1.415  87.390 0.0000000000
60391  7.718  -4.155  87.100 0.0000000000
59284  6.859  -5.898  86.735 0.0000000000
58218  7.136  -6.843  85.858 0.0000000000
55823  7.923  -8.880  83.890 0.0000000000
53628  5.933  -10.766  82.762 0.0000000000
54716  5.819  -9.194  82.129 0.0000000000
60445  8.224  -4.809  81.135 0.0000000000
58299  6.183  -6.590  80.435 0.0000000000
71951  8.143  6.127  88.930 0.0000000000
70856  9.147  5.842  87.401 0.0000000000
70857  7.596  5.413  87.931 0.0000000000
69810  6.443  4.413  86.986 0.0000000000
68624  5.393  3.172  85.765 0.0000000000
67546  4.168  2.094  84.732 0.0000000000
67543  7.495  2.453  83.781 0.0000000000
67564  5.809  1.761  83.733 0.0000000000
66546  3.335  0.801  83.621 0.0000000000
64447  2.388  -0.705  82.195 0.0000000000
63425  3.159  -1.305  81.334 0.0000000000
63455  4.653  -1.532  79.523 0.0000000000
63468  3.845  -1.181  78.453 0.0000000000
65312  9.605  0.464  97.747 0.0000000000
120671  9.049  0.653  97.225 0.0000000000
65311  10.438  0.362  97.441 0.0000000000
64305  9.452  -0.390  98.619 0.0000000000
130890  5.054  -12.413  83.076 0.0000000000
52601  4.355  -11.865  82.645 0.0000000000
52602  3.300  -11.990  82.547 0.0000000000
53629  4.722  -11.011  82.535 0.0000000000
59163  1.954  -5.912  96.282 0.0000000000
60278  15.918  -3.440  93.110 0.0000000000
60292  15.634  -3.493  92.517 0.0000000000
59157  2.479  -6.112  97.242 0.0000000000
133077  2.477  -6.628  97.047 0.0000000000
115774  2.176  -6.451  96.675 0.0000000000
123680  1.980  -7.139  96.163 0.0000000000
63311  4.852  -1.162  92.833 0.0000000000
124881  5.191  -0.348  92.215 0.0000000000
65492  3.113  0.395  85.147 0.0000000000
123692  3.144  -0.038  84.782 0.0000000000
64427  3.003  -0.368  84.165 0.0000000000
63381  3.153  -0.565  84.156 0.0000000000
65499  2.886  0.019  84.246 0.0000000000
62349  5.522  -2.177  100.128 0.0000000000
63266  4.836  -1.765  99.897 0.0000000000
64293  5.720  -0.680  99.990 0.0000000000
62364  14.046  -1.881  97.625 0.0000000000
62372  13.650  -2.402  97.240 0.0000000000
118402  13.331  -1.999  97.781 0.0000000000
61344  9.611  -3.179  97.549 0.0000000000
127221  8.695  -3.929  96.290 0.0000000000
60258  8.330  -3.829  96.948 0.0000000000
60265  7.591  -4.256  96.958 0.0000000000
129326  6.217  -2.414  100.165 0.0000000000
70821  3.169  5.107  91.630 0.0000000000
71920  3.669  5.962  91.627 0.0000000000
121988  5.377  5.618  88.894 0.0000000000
70859  4.990  5.237  88.326 0.0000000000
70858  5.953  5.296  88.313 0.0000000000
133364  1.350  -9.601  92.059 0.0000000000
61371  2.658  -3.751  94.306 0.0000000000
61380  2.852  -4.039  93.652 0.0000000000
130404  2.950  -3.443  94.133 0.0000000000
62390  3.112  -2.919  94.265 0.0000000000
65305  3.049  1.155  98.239 0.0000000000
66408  2.809  1.204  97.687 0.0000000000
124924  2.124  3.799  96.168 0.0000000000
129350  2.192  3.219  96.396 0.0000000000
126747  2.082  3.314  95.893 0.0000000000
123220  2.178  4.131  95.428 0.0000000000
134574  2.298  4.854  95.312 0.0000000000
70785  2.465  5.279  95.464 0.0000000000
118635  4.856  -6.775  96.804 0.0000000000
56776  4.378  -7.396  96.738 0.0000000000
123755  2.083  -10.591  95.493 0.0000000000
53500  2.568  -10.252  95.510 0.0000000000
55713  1.198  -9.063  93.139 0.0000000000
114471  0.872  -11.110  92.011 0.0000000000
55778  2.879  -8.475  89.742 0.0000000000
56885  3.283  -7.975  89.380 0.0000000000
58200  5.199  -7.373  87.483 0.0000000000
58179  5.490  -6.740  87.580 0.0000000000
58199  5.987  -7.164  86.947 0.0000000000
59285  6.200  -6.391  87.134 0.0000000000
115375  4.845  0.048  88.606 0.0000000000
64378  4.118  0.262  88.089 0.0000000000
61431  8.157  -3.199  84.497 0.0000000000
60424  8.260  -4.051  85.044 0.0000000000
116794  8.426  -5.003  84.408 0.0000000000
58235  8.544  -5.977  83.946 0.0000000000
114767  8.576  -5.214  83.166 0.0000000000
61499  6.954  -2.990  79.130 0.0000000000
133670  7.042  -3.865  78.986 0.0000000000
61513  6.588  -3.582  78.474 0.0000000000
70876  9.953  5.154  85.577 0.0000000000
69820  9.557  4.527  85.115 0.0000000000
69821  8.786  4.200  85.522 0.0000000000
69829  9.160  3.896  84.607 0.0000000000
66570  5.079  1.760  80.321 0.0000000000
67590  5.904  1.656  80.861 0.0000000000
66562  5.294  1.293  81.298 0.0000000000
66563  4.512  1.029  80.914 0.0000000000
66565  3.175  0.409  81.176 0.0000000000
138486  3.943  0.938  80.430 0.0000000000
64297  7.483  -0.308  99.582 0.0000000000
65292  7.852  -0.094  99.079 0.0000000000
65331  8.317  0.739  96.491 0.0000000000
64311  12.507  -0.716  97.670 0.0000000000
64303  11.787  -0.883  98.103 0.0000000000
63269  10.331  -1.301  98.727 0.0000000000
63277  11.307  -1.541  98.417 0.0000000000
117937  9.135  -1.932  99.254 0.0000000000
63270  9.473  -1.329  99.070 0.0000000000
64306  8.643  -0.268  98.791 0.0000000000
135111  8.343  -0.975  99.381 0.0000000000
64291  7.811  -0.856  99.657 0.0000000000
72928  5.747  6.884  91.877 0.0000000000
71916  6.911  6.508  91.049 0.0000000000
119881  7.750  6.485  90.768 0.0000000000
115927  7.928  6.417  89.978 0.0000000000
55697  1.402  -8.271  94.473 0.0000000000
56829  1.619  -7.574  93.970 0.0000000000
116035  2.054  -4.970  95.072 0.0000000000
59175  1.905  -5.735  94.610 0.0000000000
60277  2.339  -4.241  94.608 0.0000000000
67443  3.173  2.718  97.530 0.0000000000
69703  4.003  4.571  96.706 0.0000000000
70766  3.622  5.015  96.622 0.0000000000
70765  4.333  5.524  96.541 0.0000000000
71869  4.096  6.027  96.489 0.0000000000
56762  3.305  -6.724  97.564 0.0000000000
126221  3.464  -7.082  97.402 0.0000000000
56780  2.407  -7.520  96.632 0.0000000000
55654  2.535  -7.882  96.658 0.0000000000
55655  2.208  -8.206  96.304 0.0000000000
54495  1.982  -9.025  96.074 0.0000000000
54496  1.558  -9.116  95.687 0.0000000000
132878  1.502  -8.204  95.184 0.0000000000
60336  3.673  -4.996  91.099 0.0000000000
60335  4.058  -4.757  90.698 0.0000000000
61398  5.631  -3.187  90.417 0.0000000000
61404  4.843  -4.321  90.244 0.0000000000
61403  5.775  -3.887  89.750 0.0000000000
60379  5.486  -5.224  88.837 0.0000000000
65482  3.290  0.719  86.892 0.0000000000
119807  3.630  0.132  86.833 0.0000000000
63379  4.383  -1.034  84.848 0.0000000000
63362  4.706  -0.923  85.520 0.0000000000
62447  5.823  -1.523  84.540 0.0000000000
62446  6.687  -1.851  84.316 0.0000000000
62463  5.782  -1.568  83.833 0.0000000000
62475  5.812  -1.589  82.873 0.0000000000
63423  4.969  -1.490  82.307 0.0000000000
62500  6.213  -1.858  80.676 0.0000000000
67599  4.902  2.851  79.731 0.0000000000
67606  4.298  3.053  79.276 0.0000000000
67607  4.119  2.491  79.132 0.0000000000
133672  4.059  2.890  78.876 0.0000000000
123870  3.195  -3.973  98.383 0.0000000000
61335  2.868  -3.505  98.094 0.0000000000
61329  3.293  -3.298  98.681 0.0000000000
64301  4.081  -0.444  99.429 0.0000000000
63272  3.718  -0.980  99.226 0.0000000000
65298  3.227  0.483  98.669 0.0000000000
124561  3.862  0.392  99.129 0.0000000000
65303  6.383  0.462  98.844 0.0000000000
66405  4.038  1.586  98.474 0.0000000000
67448  4.884  2.463  97.216 0.0000000000
61356  15.277  -3.095  95.436 0.0000000000
61367  14.671  -3.437  94.676 0.0000000000
61357  14.377  -3.229  95.642 0.0000000000
61369  12.813  -3.477  94.970 0.0000000000
61341  12.072  -2.671  97.377 0.0000000000
61342  11.222  -2.849  97.391 0.0000000000
60268  10.169  -3.801  95.120 0.0000000000
60269  9.457  -4.015  95.324 0.0000000000
59173  8.309  -4.753  94.874 0.0000000000
59155  6.946  -4.663  96.911 0.0000000000
61339  7.571  -3.412  98.684 0.0000000000
61331  7.232  -3.105  99.371 0.0000000000
60247  5.503  -3.966  99.055 0.0000000000
60246  5.989  -3.946  98.917 0.0000000000
59152  5.108  -5.136  98.238 0.0000000000
59148  4.293  -5.174  98.432 0.0000000000
60244  4.124  -3.841  99.056 0.0000000000
60249  4.032  -4.411  98.724 0.0000000000
60250  3.382  -4.683  98.372 0.0000000000
59150  2.939  -5.082  98.094 0.0000000000
66459  3.359  2.614  92.916 0.0000000000
67487  3.171  3.047  92.008 0.0000000000
68557  2.889  3.914  90.768 0.0000000000
67494  3.090  2.709  90.981 0.0000000000
128221  2.844  3.104  90.494 0.0000000000
67501  2.832  2.688  89.773 0.0000000000
71918  4.572  6.413  90.974 0.0000000000
71933  3.689  5.873  90.848 0.0000000000
71932  4.077  6.089  90.556 0.0000000000
70849  3.740  5.191  88.789 0.0000000000
70850  3.300  5.119  89.097 0.0000000000
69787  3.141  4.514  88.795 0.0000000000
67516  2.865  2.884  88.411 0.0000000000
68611  2.962  3.191  87.764 0.0000000000
69812  4.359  4.231  87.159 0.0000000000
68610  3.379  3.349  86.920 0.0000000000
68609  3.964  3.626  86.640 0.0000000000
130957  3.259  2.367  85.745 0.0000000000
68625  4.367  3.137  85.935 0.0000000000
65359  11.521  -0.275  94.713 0.0000000000
61385  18.682  -3.126  92.710 0.0000000000
60290  18.190  -3.464  92.192 0.0000000000
61386  17.907  -3.250  93.008 0.0000000000
61376  17.600  -2.965  93.784 0.0000000000
129935  19.672  -0.070  96.340 0.0000000000
63291  19.906  -0.872  95.714 0.0000000000
63292  19.185  -1.070  95.600 0.0000000000
61364  17.232  -2.713  94.447 0.0000000000
63288  15.677  -1.649  97.028 0.0000000000
63281  15.097  -1.529  97.440 0.0000000000
64309  15.002  -0.960  97.482 0.0000000000
130114  15.011  0.316  96.066 0.0000000000
65325  14.319  0.079  96.593 0.0000000000
117056  14.208  -0.909  97.510 0.0000000000
64310  13.383  -0.875  97.525 0.0000000000
123883  12.168  -0.197  95.545 0.0000000000
65344  11.940  -0.033  96.337 0.0000000000
138587  11.265  0.165  96.496 0.0000000000
52506  1.530  -11.552  90.618 0.0000000000
123408  2.113  -9.323  90.857 0.0000000000
55766  2.419  -8.580  90.767 0.0000000000
58113  1.983  -6.791  93.572 0.0000000000
58123  2.286  -6.849  92.654 0.0000000000
130398  2.782  -5.042  92.655 0.0000000000
114641  2.593  -6.142  92.324 0.0000000000
59197  2.851  -5.509  92.205 0.0000000000
59196  2.942  -6.145  91.609 0.0000000000
119595  3.200  -5.435  91.691 0.0000000000
61393  3.283  -4.413  92.470 0.0000000000
63313  3.536  -2.399  93.895 0.0000000000
62402  3.486  -3.610  92.916 0.0000000000
63312  4.094  -1.802  93.494 0.0000000000
62362  2.692  -2.382  97.837 0.0000000000
61346  2.506  -3.400  96.934 0.0000000000
62368  2.477  -2.027  97.171 0.0000000000
63289  2.384  -1.507  96.529 0.0000000000
130435  2.380  -0.713  96.290 0.0000000000
66412  2.727  1.767  97.268 0.0000000000
67445  2.596  2.294  96.959 0.0000000000
65350  2.352  1.054  96.338 0.0000000000
64327  2.581  -0.076  95.827 0.0000000000
64334  2.932  -0.477  95.429 0.0000000000
120364  2.787  0.293  95.578 0.0000000000
65379  3.203  1.408  94.616 0.0000000000
65378  3.797  0.789  94.011 0.0000000000
129709  2.925  2.936  93.827 0.0000000000
70805  2.677  5.328  94.385 0.0000000000
69735  2.667  4.689  93.886 0.0000000000
70812  2.876  5.288  93.516 0.0000000000
71898  2.988  5.857  93.943 0.0000000000
71882  3.235  6.478  95.433 0.0000000000
60280  14.035  -3.503  93.885 0.0000000000
114660  14.383  -3.513  93.144 0.0000000000
54491  4.290  -8.499  95.634 0.0000000000
55666  3.445  -8.285  96.614 0.0000000000
54493  3.117  -9.094  96.129 0.0000000000
134066  0.931  -12.356  91.335 0.0000000000
51422  1.080  -13.043  90.840 0.0000000000
53577  3.246  -9.940  88.567 0.0000000000
52538  2.734  -11.222  88.943 0.0000000000
52553  3.215  -10.734  88.474 0.0000000000
52552  3.746  -11.049  87.968 0.0000000000
58161  4.080  -6.870  89.152 0.0000000000
56884  3.795  -7.576  88.985 0.0000000000
58181  4.304  -7.250  88.527 0.0000000000
55805  4.996  -8.640  87.212 0.0000000000
120855  4.306  -9.007  87.653 0.0000000000
54654  4.751  -9.363  87.273 0.0000000000
53575  4.290  -10.566  87.557 0.0000000000
52565  5.751  -11.029  86.493 0.0000000000
55813  6.677  -8.696  85.795 0.0000000000
53604  6.337  -10.662  85.839 0.0000000000
53603  6.853  -10.405  85.308 0.0000000000
53617  6.985  -11.063  84.586 0.0000000000
115502  7.256  -10.297  84.494 0.0000000000
65419  4.697  0.745  90.701 0.0000000000
126581  5.390  -0.087  91.253 0.0000000000
64358  4.995  0.319  90.282 0.0000000000
63322  6.248  -1.292  89.193 0.0000000000
61410  6.520  -3.446  89.095 0.0000000000
121283  7.071  -3.017  88.319 0.0000000000
63349  5.689  -0.975  86.739 0.0000000000
63348  6.535  -1.540  86.609 0.0000000000
60414  8.088  -4.726  85.855 0.0000000000
61421  7.905  -3.675  86.490 0.0000000000
60403  7.877  -4.496  86.493 0.0000000000
60404  7.315  -5.112  86.993 0.0000000000
59283  7.579  -5.376  86.378 0.0000000000
59300  7.243  -6.111  86.122 0.0000000000
56940  8.340  -7.393  84.088 0.0000000000
56941  7.990  -8.067  84.575 0.0000000000
127917  8.188  -8.175  83.468 0.0000000000
54685  7.516  -9.438  83.331 0.0000000000
55834  6.882  -9.407  82.651 0.0000000000
53638  5.970  -9.911  82.527 0.0000000000
124060  6.673  -8.565  82.180 0.0000000000
58271  7.177  -7.195  81.601 0.0000000000
56984  5.247  -7.744  81.025 0.0000000000
123403  8.424  -3.988  81.788 0.0000000000
128166  8.265  -3.953  80.976 0.0000000000
115073  6.316  -6.029  79.786 0.0000000000
137436  6.657  -6.110  80.246 0.0000000000
58312  5.465  -6.563  79.739 0.0000000000
71961  9.813  6.100  87.219 0.0000000000
118922  8.364  5.584  87.678 0.0000000000
70868  8.013  4.990  87.243 0.0000000000
69796  7.177  4.882  87.517 0.0000000000
69809  7.513  4.420  86.676 0.0000000000
68622  7.438  3.277  85.324 0.0000000000
68623  6.434  3.154  85.591 0.0000000000
67533  4.811  2.622  85.269 0.0000000000
67532  5.827  2.618  85.087 0.0000000000
68676  8.213  3.069  82.031 0.0000000000
68675  8.839  3.626  82.473 0.0000000000
67561  8.392  2.888  82.731 0.0000000000
68656  8.285  2.815  83.538 0.0000000000
67562  7.875  2.452  83.076 0.0000000000
66544  5.117  1.316  83.027 0.0000000000
66545  4.073  1.095  83.295 0.0000000000
66530  4.662  1.602  83.958 0.0000000000
66556  2.858  0.302  83.034 0.0000000000
65507  2.511  -0.260  82.449 0.0000000000
64456  2.264  -0.811  81.136 0.0000000000
63427  2.259  -1.101  81.249 0.0000000000
63441  2.573  -1.087  80.773 0.0000000000
63440  3.535  -1.260  80.252 0.0000000000
119186  3.057  -1.037  79.980 0.0000000000
65529  2.992  0.023  79.328 0.0000000000
65301  8.305  0.260  98.382 0.0000000000
129371  8.949  0.484  97.915 0.0000000000
64313  10.937  -0.315  97.921 0.0000000000
64304  10.250  -0.603  98.486 0.0000000000
64295  9.696  -0.890  98.824 0.0000000000
52608  2.873  -11.399  82.306 0.0000000000
52607  3.850  -10.340  82.121 0.0000000000
58096  1.746  -7.097  95.548 0.0000000000
116039  1.690  -6.564  95.005 0.0000000000
116036  2.079  -5.070  96.081 0.0000000000
119620  2.322  -4.277  96.298 0.0000000000
58064  2.733  -6.452  97.372 0.0000000000
56763  2.915  -6.842  97.379 0.0000000000
56793  1.890  -7.795  95.961 0.0000000000
62407  4.256  -3.506  91.668 0.0000000000
120807  4.538  -3.854  90.919 0.0000000000
135908  4.798  -2.633  91.865 0.0000000000
62400  5.504  -1.874  91.550 0.0000000000
62405  6.084  -2.038  90.698 0.0000000000
65486  3.210  0.592  86.029 0.0000000000
64401  3.647  -0.123  85.950 0.0000000000
64415  3.310  0.130  85.531 0.0000000000
64414  3.390  -0.279  84.904 0.0000000000
63394  4.065  -1.145  84.108 0.0000000000
122952  3.722  -1.212  83.443 0.0000000000
63411  2.985  -1.115  82.955 0.0000000000
62351  4.148  -2.854  99.489 0.0000000000
62356  3.581  -2.457  99.101 0.0000000000
127874  4.214  -2.136  99.549 0.0000000000
63267  4.233  -1.279  99.544 0.0000000000
64300  4.519  0.002  99.519 0.0000000000
66403  5.580  0.968  98.280 0.0000000000
66421  5.492  1.802  97.019 0.0000000000
61348  14.003  -2.852  96.514 0.0000000000
61349  13.203  -3.009  96.665 0.0000000000
62367  10.856  -2.503  97.933 0.0000000000
61343  10.418  -3.024  97.454 0.0000000000
61353  9.869  -3.438  96.759 0.0000000000
60263  9.320  -3.809  96.068 0.0000000000
60259  7.031  -4.259  97.545 0.0000000000
130061  7.439  -2.111  100.179 0.0000000000
62355  6.871  -2.652  99.948 0.0000000000
61325  6.120  -2.995  99.818 0.0000000000
61333  5.599  -3.470  99.467 0.0000000000
60242  5.023  -4.041  99.098 0.0000000000
61326  5.056  -3.475  99.482 0.0000000000
61327  4.455  -3.416  99.389 0.0000000000
69753  3.070  4.522  92.031 0.0000000000
123329  3.010  4.582  91.153 0.0000000000
70832  3.133  5.127  90.791 0.0000000000
116729  5.459  6.198  89.984 0.0000000000
71943  4.198  5.881  89.993 0.0000000000
71942  4.802  5.855  89.547 0.0000000000
70848  4.431  5.469  88.887 0.0000000000
70861  3.715  4.837  88.402 0.0000000000
69800  3.541  4.404  88.124 0.0000000000
69799  3.970  4.586  87.896 0.0000000000
69798  4.699  4.735  87.764 0.0000000000
69811  5.319  4.298  87.031 0.0000000000
61374  19.091  -2.606  93.266 0.0000000000
63284  18.473  -0.571  96.301 0.0000000000
136517  16.822  -2.048  96.107 0.0000000000
64318  16.377  -0.605  97.082 0.0000000000
65342  13.642  0.058  96.024 0.0000000000
52494  1.085  -11.678  91.316 0.0000000000
53536  1.408  -10.875  91.198 0.0000000000
54552  1.666  -9.502  91.567 0.0000000000
117107  2.056  -8.816  91.497 0.0000000000
138110  2.360  -6.208  92.975 0.0000000000
117745  2.543  -4.842  93.351 0.0000000000
60298  2.949  -4.556  92.920 0.0000000000
61388  3.179  -3.938  93.261 0.0000000000
63278  2.793  -0.845  98.245 0.0000000000
122488  2.562  -1.612  97.602 0.0000000000
64308  2.656  -0.185  97.940 0.0000000000
64314  2.485  -0.260  97.269 0.0000000000
65316  2.449  0.441  96.834 0.0000000000
67449  2.382  2.800  96.698 0.0000000000
67459  2.209  2.691  96.264 0.0000000000
66432  2.383  1.577  95.867 0.0000000000
65364  2.794  1.066  95.452 0.0000000000
67473  2.586  2.791  94.724 0.0000000000
125884  2.653  3.431  94.179 0.0000000000
69725  2.398  4.785  94.861 0.0000000000
60281  12.683  -3.535  93.265 0.0000000000
60295  12.883  -3.511  92.656 0.0000000000
60296  12.048  -3.641  92.892 0.0000000000
126339  4.681  -7.841  95.994 0.0000000000
53521  0.598  -10.925  93.752 0.0000000000
115916  0.623  -12.062  92.105 0.0000000000
54595  2.502  -9.714  89.751 0.0000000000
53560  2.562  -10.222  89.437 0.0000000000
54612  2.893  -9.631  89.170 0.0000000000
54634  3.301  -9.291  88.725 0.0000000000
58180  4.809  -6.956  88.022 0.0000000000
56910  4.912  -7.947  87.448 0.0000000000
55814  5.823  -8.664  86.554 0.0000000000
56926  6.227  -7.856  86.370 0.0000000000
65439  4.438  0.754  89.754 0.0000000000
64368  4.948  0.239  89.481 0.0000000000
63327  6.344  -1.340  88.257 0.0000000000
62434  7.290  -2.116  85.602 0.0000000000
62422  7.262  -2.193  86.374 0.0000000000
61425  8.048  -3.756  85.884 0.0000000000
58217  7.751  -6.337  85.440 0.0000000000
59318  8.236  -5.752  84.946 0.0000000000
117366  8.485  -6.783  83.700 0.0000000000
56953  8.353  -7.417  83.092 0.0000000000
55846  7.719  -8.055  82.562 0.0000000000
56964  7.850  -7.301  82.202 0.0000000000
58270  7.836  -6.614  81.792 0.0000000000
61485  7.904  -3.335  80.525 0.0000000000
60459  7.857  -4.489  80.260 0.0000000000
61486  7.529  -3.595  79.633 0.0000000000
60460  7.193  -4.605  79.433 0.0000000000
59368  6.600  -5.338  79.369 0.0000000000
70867  9.684  5.595  86.549 0.0000000000
69808  8.414  4.567  86.400 0.0000000000
68642  7.910  2.921  84.441 0.0000000000
67588  7.416  2.657  81.479 0.0000000000
67579  6.997  1.867  82.000 0.0000000000
67563  7.146  2.003  83.020 0.0000000000
66553  5.457  1.318  82.161 0.0000000000
66554  4.469  1.038  82.131 0.0000000000
65506  2.913  0.320  82.109 0.0000000000
65522  2.534  -0.306  80.870 0.0000000000
64464  2.572  -0.734  80.544 0.0000000000
129072  6.496  -0.643  100.096 0.0000000000
64298  6.794  -0.091  99.877 0.0000000000
65293  7.052  0.107  99.387 0.0000000000
131712  12.974  -1.668  97.935 0.0000000000
62358  11.825  -1.937  98.225 0.0000000000
117936  11.155  -2.089  98.324 0.0000000000
128591  10.527  -2.284  98.397 0.0000000000
61337  9.285  -2.862  98.261 0.0000000000
61338  8.414  -3.139  98.457 0.0000000000
62361  8.858  -2.545  98.873 0.0000000000
62353  8.379  -1.895  99.690 0.0000000000
63271  8.738  -1.375  99.379 0.0000000000
62347  7.907  -1.889  100.043 0.0000000000
63264  7.501  -1.453  100.101 0.0000000000
130183  6.883  -1.244  100.235 0.0000000000
72919  4.363  6.819  92.449 0.0000000000
71906  3.929  6.351  92.047 0.0000000000
72929  4.882  6.741  91.736 0.0000000000
71917  5.405  6.574  91.129 0.0000000000
72927  6.810  6.756  91.989 0.0000000000
71930  6.053  6.430  90.528 0.0000000000
71941  6.382  6.224  89.785 0.0000000000
71953  6.658  5.986  89.273 0.0000000000
55730  1.605  -8.452  92.815 0.0000000000
62391  2.741  -3.024  94.749 0.0000000000
67439  3.554  2.175  97.996 0.0000000000
66407  2.919  1.722  97.792 0.0000000000
67440  3.044  2.214  97.705 0.0000000000
68509  2.858  3.265  97.095 0.0000000000
69705  2.671  3.773  96.759 0.0000000000
69709  2.376  4.154  96.398 0.0000000000
70776  2.562  5.018  96.062 0.0000000000
70775  3.226  5.541  96.308 0.0000000000
56777  3.856  -7.218  97.237 0.0000000000
114450  3.441  -7.590  97.105 0.0000000000
55653  3.127  -8.031  96.877 0.0000000000
56779  2.729  -7.377  97.022 0.0000000000
54494  2.499  -9.095  96.170 0.0000000000
53479  2.105  -9.840  95.823 0.0000000000
53501  1.632  -10.443  95.521 0.0000000000
55684  1.641  -8.437  95.680 0.0000000000
54517  0.845  -9.802  94.664 0.0000000000
55698  1.150  -9.068  94.087 0.0000000000
59224  3.558  -6.054  90.493 0.0000000000
58146  3.453  -6.690  90.133 0.0000000000
59223  3.830  -6.050  89.971 0.0000000000
60381  4.086  -5.695  89.878 0.0000000000
59244  4.223  -6.174  89.375 0.0000000000
60380  4.548  -5.546  89.428 0.0000000000
59243  4.797  -5.985  88.798 0.0000000000
138005  5.444  -5.878  88.335 0.0000000000
59242  6.176  -5.392  88.081 0.0000000000
64379  3.637  0.478  87.655 0.0000000000
122729  4.018  -0.060  87.301 0.0000000000
122296  5.079  -0.877  86.148 0.0000000000
63361  5.585  -1.262  85.643 0.0000000000
124592  7.266  -2.090  84.964 0.0000000000
62445  7.627  -2.461  84.424 0.0000000000
61441  8.080  -2.929  83.591 0.0000000000
60435  8.476  -3.993  82.857 0.0000000000
62461  7.480  -2.302  82.928 0.0000000000
62473  7.527  -2.463  81.912 0.0000000000
62474  6.722  -1.935  82.382 0.0000000000
62487  6.903  -2.111  81.322 0.0000000000
62512  6.344  -2.229  79.556 0.0000000000
66577  4.005  1.408  79.674 0.0000000000
67628  4.329  2.113  78.304 0.0000000000
51494  5.940  -12.513  83.763 0.0000000000
130698  2.516  -5.497  97.438 0.0000000000
60261  2.430  -4.853  97.286 0.0000000000
138567  2.797  -4.219  97.965 0.0000000000
63273  3.231  -1.310  98.750 0.0000000000
64307  2.991  -0.227  98.496 0.0000000000
64299  6.016  -0.020  99.861 0.0000000000
65291  5.204  -0.006  99.718 0.0000000000
66401  4.672  0.900  98.870 0.0000000000
66402  3.976  1.054  98.810 0.0000000000
134067  4.932  3.029  96.706 0.0000000000
60279  15.234  -3.495  93.129 0.0000000000
60272  12.962  -3.538  93.956 0.0000000000
124403  11.119  -3.711  93.969 0.0000000000
61350  12.393  -3.088  96.727 0.0000000000
61360  11.778  -3.443  95.904 0.0000000000
60267  11.137  -3.636  94.928 0.0000000000
60276  8.998  -4.369  94.946 0.0000000000
59168  6.299  -6.000  95.964 0.0000000000
58086  5.472  -6.450  96.456 0.0000000000
58075  5.132  -6.189  97.208 0.0000000000
60253  7.105  -3.848  98.189 0.0000000000
60260  6.492  -4.287  98.094 0.0000000000
60254  6.080  -4.232  98.531 0.0000000000
59151  5.803  -4.747  98.093 0.0000000000
58060  4.739  -5.867  97.834 0.0000000000
58061  4.090  -6.146  97.945 0.0000000000
58062  3.612  -6.260  97.875 0.0000000000
132177  3.575  -5.854  98.068 0.0000000000
60248  4.472  -4.602  98.678 0.0000000000
59149  3.855  -5.213  98.401 0.0000000000
134869  4.566  0.693  92.628 0.0000000000
65404  4.308  1.306  91.952 0.0000000000
130215  4.353  1.208  91.080 0.0000000000
66468  3.771  1.719  91.003 0.0000000000
66478  3.580  1.586  89.870 0.0000000000
65441  3.526  1.344  88.983 0.0000000000
124912  3.220  1.550  88.692 0.0000000000
116698  3.421  5.462  90.463 0.0000000000
126179  3.133  5.099  90.140 0.0000000000
70840  3.369  5.324  89.773 0.0000000000
69776  2.985  4.702  89.527 0.0000000000
68564  2.769  3.724  89.874 0.0000000000
67509  2.829  3.067  89.235 0.0000000000
127271  2.968  2.262  89.017 0.0000000000
65459  3.400  0.978  88.257 0.0000000000
125331  3.183  1.200  88.090 0.0000000000
66502  3.121  1.261  87.493 0.0000000000
66512  3.077  1.274  86.590 0.0000000000
138897  3.067  3.058  87.190 0.0000000000
67535  2.982  1.922  85.635 0.0000000000
67548  3.018  1.420  85.084 0.0000000000
65329  10.301  0.544  96.765 0.0000000000
65346  9.724  0.597  96.102 0.0000000000
122106  10.158  0.227  95.340 0.0000000000
128821  16.476  -3.298  93.515 0.0000000000
127080  21.080  -0.594  95.779 0.0000000000
62389  18.720  -2.262  94.152 0.0000000000
62375  18.585  -1.465  95.441 0.0000000000
61363  17.941  -2.500  94.355 0.0000000000
61365  16.465  -3.077  94.386 0.0000000000
61355  16.127  -2.911  95.239 0.0000000000
114656  16.303  -1.972  96.443 0.0000000000
128771  15.565  -2.184  96.654 0.0000000000
62363  14.622  -1.837  97.503 0.0000000000
65323  16.205  0.121  96.746 0.0000000000
64319  15.587  -0.427  97.128 0.0000000000
65324  15.275  0.141  96.744 0.0000000000
65309  12.146  -0.199  97.294 0.0000000000
65327  12.491  -0.109  96.791 0.0000000000
129068  10.949  0.354  96.921 0.0000000000
53542  1.872  -10.722  90.480 0.0000000000
55779  2.500  -9.050  90.156 0.0000000000
55765  2.694  -8.303  90.236 0.0000000000
117909  3.014  -7.086  90.569 0.0000000000
55751  2.001  -8.157  92.137 0.0000000000
56868  2.437  -7.532  91.596 0.0000000000
58140  2.766  -6.934  91.175 0.0000000000
59209  3.388  -5.795  91.060 0.0000000000
136699  3.503  -5.320  91.210 0.0000000000
61392  3.646  -3.969  92.146 0.0000000000
62401  4.124  -2.994  92.485 0.0000000000
137386  4.321  -2.167  92.937 0.0000000000
119621  2.444  -4.118  96.861 0.0000000000
61354  2.424  -3.374  96.240 0.0000000000
61362  2.482  -3.084  95.482 0.0000000000
62385  2.626  -2.321  95.447 0.0000000000
63301  2.708  -1.688  95.469 0.0000000000
127214  2.573  1.155  97.052 0.0000000000
65333  2.356  0.366  96.512 0.0000000000
134664  2.421  1.603  96.453 0.0000000000
66422  2.443  1.068  96.580 0.0000000000
135929  2.310  -0.141  96.455 0.0000000000
63294  2.598  -0.852  95.802 0.0000000000
64333  3.293  0.273  94.966 0.0000000000
64337  4.368  0.278  93.444 0.0000000000
65391  4.214  1.235  93.026 0.0000000000
68533  2.751  3.963  93.517 0.0000000000
120554  2.898  4.489  92.942 0.0000000000
71908  3.173  5.747  92.998 0.0000000000
72920  3.797  6.647  92.939 0.0000000000
70784  2.894  5.855  95.728 0.0000000000
71883  2.729  5.929  95.217 0.0000000000
134104  3.043  6.365  95.029 0.0000000000
72898  3.601  6.920  95.043 0.0000000000
71888  3.256  6.387  94.417 0.0000000000
72908  3.852  6.858  94.023 0.0000000000
135417  4.155  7.019  93.286 0.0000000000
117810  4.685  7.196  93.127 0.0000000000
60313  14.442  -3.481  91.814 0.0000000000
54509  3.942  -9.295  95.233 0.0000000000
58162  3.582  -7.200  89.545 0.0000000000
55790  3.529  -8.211  88.890 0.0000000000
54633  3.707  -9.374  88.142 0.0000000000
55797  4.421  -8.298  87.744 0.0000000000
122216  3.965  -8.680  88.072 0.0000000000
52551  4.469  -11.376  87.534 0.0000000000
52599  6.625  -11.084  83.619 0.0000000000
63316  5.936  -1.036  91.082 0.0000000000
63320  6.170  -1.153  90.137 0.0000000000
126166  6.320  -2.884  89.748 0.0000000000
60378  6.649  -4.276  88.453 0.0000000000
59263  6.533  -5.656  87.368 0.0000000000
64377  4.730  -0.273  87.782 0.0000000000
63337  5.566  -0.791  87.532 0.0000000000
62415  7.183  -2.365  87.336 0.0000000000
61415  7.403  -3.625  87.686 0.0000000000
58198  6.607  -6.600  86.512 0.0000000000
56925  7.132  -7.778  85.605 0.0000000000
56924  7.837  -7.167  85.084 0.0000000000
55824  7.527  -8.786  84.973 0.0000000000
54686  7.604  -9.610  84.251 0.0000000000
53627  7.039  -10.253  83.316 0.0000000000
53639  4.953  -10.232  82.370 0.0000000000
54717  4.934  -9.643  82.079 0.0000000000
117265  8.512  -4.991  82.037 0.0000000000
59346  7.857  -5.829  81.329 0.0000000000
58287  6.847  -6.695  81.151 0.0000000000
59357  7.652  -5.390  80.672 0.0000000000
59347  7.048  -6.085  80.655 0.0000000000
58288  5.935  -7.168  80.861 0.0000000000
58300  5.298  -7.191  80.399 0.0000000000
71939  8.731  6.403  89.604 0.0000000000
71952  7.285  5.885  88.892 0.0000000000
71962  8.678  6.068  88.138 0.0000000000
71963  7.882  5.786  88.351 0.0000000000
70846  7.228  5.627  88.472 0.0000000000
131809  6.436  4.941  87.772 0.0000000000
68606  6.988  3.737  86.181 0.0000000000
68607  5.950  3.696  86.352 0.0000000000
67547  3.301  1.892  85.030 0.0000000000
66532  3.185  1.117  84.471 0.0000000000
137767  6.500  1.823  83.346 0.0000000000
125309  6.673  2.135  83.852 0.0000000000
125407  6.088  2.246  84.410 0.0000000000
67545  5.207  2.157  84.548 0.0000000000
66531  3.724  1.413  84.207 0.0000000000
66547  2.976  0.434  83.923 0.0000000000
121702  2.669  -0.161  83.357 0.0000000000
64438  2.565  -0.585  82.920 0.0000000000
63412  2.506  -0.829  82.583 0.0000000000
65508  2.350  -0.534  81.852 0.0000000000
63413  2.339  -1.026  81.897 0.0000000000
118991  3.296  -1.309  82.185 0.0000000000
63439  4.333  -1.450  80.705 0.0000000000
63454  5.426  -1.677  80.095 0.0000000000
62513  5.631  -1.980  79.019 0.0000000000
66572  3.432  0.672  80.320 0.0000000000
65530  2.796  -0.313  80.126 0.0000000000
63457  3.164  -0.951  79.354 0.0000000000
63456  3.852  -1.315  79.241 0.0000000000
51461  4.714  -12.095  87.458 0.0000000000
51506  4.026  -12.605  82.821 0.0000000000
52539  2.429  -10.926  89.440 0.0000000000
53588  5.703  -10.148  86.412 0.0000000000
55798  3.578  -8.725  88.557 0.0000000000
60251  2.938  -4.403  98.134 0.0000000000
61334  3.635  -3.934  98.728 0.0000000000
61340  2.607  -2.991  97.386 0.0000000000
61422  7.666  -3.127  86.855 0.0000000000
62410  6.462  -1.999  89.885 0.0000000000
62486  7.580  -2.652  81.052 0.0000000000
63279  2.568  -0.932  97.735 0.0000000000
63290  20.641  -0.933  95.503 0.0000000000
63378  5.285  -1.288  85.010 0.0000000000
63395  3.248  -0.889  83.820 0.0000000000
63424  4.124  -1.433  81.760 0.0000000000
63426  2.400  -1.101  81.476 0.0000000000
63442  2.377  -0.933  80.857 0.0000000000
64389  3.469  0.481  87.081 0.0000000000
64400  3.979  -0.210  86.593 0.0000000000
64448  2.248  -0.790  81.624 0.0000000000
65295  5.375  0.349  99.358 0.0000000000
65457  4.303  0.606  88.881 0.0000000000
65515  2.308  -0.547  81.445 0.0000000000
65521  3.011  0.271  80.056 0.0000000000
67450  2.413  2.201  96.529 0.0000000000
67589  6.633  1.984  81.095 0.0000000000
67601  4.232  1.896  79.621 0.0000000000
68590  3.262  3.772  87.742 0.0000000000
68591  3.074  3.802  88.340 0.0000000000
68626  3.561  2.946  86.174 0.0000000000
69786  3.423  4.778  88.608 0.0000000000
72930  4.295  6.490  91.657 0.0000000000
116038  1.848  -6.381  94.248 0.0000000000
117876  2.606  -1.116  82.092 0.0000000000
119378  3.398  -4.889  91.723 0.0000000000
119955  2.944  1.853  86.246 0.0000000000
120600  6.829  5.335  88.173 0.0000000000
128885  5.189  6.374  90.536 0.0000000000
130072  2.953  2.430  90.264 0.0000000000
130908  3.022  4.042  91.511 0.0000000000
132299  3.397  5.584  92.089 0.0000000000
134214  5.431  -1.383  100.059 0.0000000000
135333  2.777  -0.438  83.590 0.0000000000
136068  4.533  -1.565  78.918 0.0000000000
136212  8.034  6.292  89.475 0.0000000000
136711  4.340  -9.933  82.082 0.0000000000
137619  12.412  -1.070  97.993 0.0000000000
138519  5.840  -1.237  86.181 0.0000000000
138690  3.300  -2.721  94.103 0.0000000000
