#!ascii label  , from subject sub-v2s10x28927_ses-1 vox2ras=TkReg
867
150941  -47.259  -66.921  -12.231 0.5000000000
20911  -44.932  -66.638  -11.978 0.8000000119
136823  -43.010  -66.104  -12.067 0.8000000119
20910  -43.879  -66.319  -11.984 0.8000000119
20919  -44.648  -66.090  -12.859 0.8000000119
20009  -48.435  -66.785  -11.171 0.5000000000
147347  -45.964  -66.815  -12.266 0.5000000000
139567  -45.709  -66.380  -12.969 0.6000000238
21842  -40.873  -65.497  -12.213 0.6999999881
20909  -42.447  -65.808  -12.290 0.6999999881
21851  -45.364  -65.740  -13.557 0.6999999881
20899  -48.321  -66.286  -10.451 0.6000000238
21845  -48.090  -65.804  -11.943 0.5000000000
128612  -47.577  -65.520  -12.621 0.6000000238
21840  -39.390  -65.268  -11.859 0.6999999881
20921  -47.314  -66.054  -13.005 0.6000000238
21852  -46.956  -65.166  -13.431 0.6000000238
21846  -39.674  -65.097  -12.386 0.6999999881
143956  -40.588  -65.645  -11.582 0.6999999881
21849  -43.330  -65.434  -13.175 0.6999999881
20920  -46.431  -65.941  -13.491 0.6000000238
22813  -46.796  -64.182  -13.243 0.6000000238
21850  -44.302  -65.517  -13.365 0.8000000119
21855  -44.851  -65.083  -13.818 0.8000000119
21856  -45.982  -65.211  -13.813 0.6999999881
20898  -47.443  -65.875  -9.668 0.4000000060
21844  -47.649  -65.193  -11.886 0.6000000238
22805  -38.206  -64.440  -12.082 0.6999999881
22808  -46.508  -63.968  -12.514 0.6000000238
22810  -39.026  -64.222  -12.662 0.6999999881
22814  -40.601  -64.727  -13.096 0.6999999881
22812  -41.318  -65.214  -12.959 0.6999999881
22815  -42.160  -65.003  -13.418 0.6999999881
21854  -43.745  -65.092  -13.564 0.6000000238
22818  -45.603  -64.441  -13.770 0.6999999881
25861  -45.446  -61.906  -13.294 0.5000000000
134369  -42.130  -64.314  -13.558 0.6000000238
23830  -43.274  -64.042  -13.664 0.6000000238
23831  -44.330  -63.758  -13.722 0.6000000238
24880  -44.867  -62.653  -13.627 0.6000000238
134806  -43.681  -63.077  -13.726 0.6000000238
24879  -44.059  -62.204  -13.627 0.5000000000
21830  -46.772  -65.405  -10.083 0.4000000060
21837  -47.316  -65.167  -10.993 0.5000000000
23819  -37.705  -63.711  -11.828 0.6999999881
21836  -46.298  -64.883  -10.678 0.6000000238
130164  -45.865  -64.322  -11.370 0.6000000238
23824  -39.998  -63.974  -13.074 0.6999999881
23825  -46.108  -63.127  -12.782 0.6000000238
23828  -41.057  -64.155  -13.374 0.6999999881
24875  -45.876  -62.420  -13.112 0.5000000000
23829  -41.642  -63.559  -13.469 0.6999999881
141607  -42.568  -63.365  -13.598 0.6000000238
25860  -44.867  -61.556  -13.500 0.5000000000
25857  -45.546  -61.453  -13.082 0.5000000000
24878  -43.022  -62.404  -13.536 0.5000000000
24862  -36.354  -62.938  -10.092 0.6000000238
25843  -36.789  -62.271  -10.007 0.6000000238
21816  -45.504  -65.532  -8.683 0.5000000000
21829  -45.620  -65.178  -9.675 0.5000000000
23818  -37.008  -63.788  -11.124 0.6999999881
22796  -45.369  -64.645  -10.477 0.5000000000
22801  -43.946  -64.116  -10.325 0.4000000060
23822  -38.435  -63.619  -12.365 0.6999999881
22802  -44.768  -64.105  -10.979 0.5000000000
23823  -39.200  -63.383  -12.714 0.6999999881
24873  -40.000  -62.888  -12.887 0.6999999881
23817  -44.821  -63.286  -11.617 0.5000000000
24876  -40.844  -63.260  -13.246 0.6999999881
24871  -45.501  -61.662  -12.718 0.5000000000
24877  -41.832  -62.603  -13.339 0.6000000238
24870  -44.901  -61.176  -12.045 0.5000000000
25855  -41.702  -61.583  -12.998 0.5000000000
25856  -42.693  -60.990  -13.119 0.5000000000
25859  -43.676  -61.402  -13.456 0.5000000000
26806  -45.062  -60.228  -12.890 0.5000000000
26808  -44.723  -60.675  -13.319 0.5000000000
27758  -44.340  -58.925  -11.509 0.3000000119
152752  -42.748  -64.389  -8.688 0.3000000119
24858  -35.974  -62.374  -9.541 0.6000000238
22784  -43.999  -64.831  -9.099 0.4000000060
22794  -43.615  -64.382  -9.599 0.4000000060
25844  -37.558  -62.040  -10.644 0.6000000238
23816  -43.994  -63.465  -10.973 0.5000000000
24868  -38.159  -62.933  -11.995 0.6999999881
24869  -38.742  -62.260  -12.053 0.6999999881
23820  -44.556  -62.416  -11.659 0.5000000000
25854  -40.012  -61.923  -12.598 0.5000000000
24866  -43.745  -61.793  -11.188 0.5000000000
24874  -40.826  -62.251  -12.976 0.5000000000
145813  -44.167  -60.649  -11.378 0.4000000060
25852  -45.002  -60.311  -12.265 0.3000000119
26797  -43.986  -59.819  -11.199 0.4000000060
145287  -44.618  -59.971  -13.058 0.5000000000
131282  -44.701  -59.461  -12.612 0.4000000060
25838  -35.454  -61.639  -9.116 0.6000000238
25839  -36.515  -61.508  -9.320 0.6000000238
25840  -37.244  -61.596  -9.865 0.6000000238
26792  -37.785  -61.128  -10.136 0.6000000238
152375  -42.625  -63.037  -10.309 0.3000000119
23815  -43.361  -62.791  -10.848 0.4000000060
25848  -38.191  -62.135  -11.460 0.6000000238
24865  -42.664  -62.182  -10.520 0.3000000119
25849  -38.816  -61.464  -11.634 0.6000000238
24872  -39.310  -62.501  -12.504 0.6999999881
25846  -42.340  -61.382  -10.356 0.3000000119
25850  -39.363  -61.669  -12.153 0.6000000238
26791  -42.319  -60.019  -10.092 0.3000000119
26796  -43.037  -60.511  -10.597 0.3000000119
26799  -39.917  -60.224  -11.871 0.5000000000
144370  -39.975  -61.037  -12.272 0.5000000000
25851  -40.787  -61.284  -12.633 0.5000000000
28775  -42.922  -58.204  -10.179 0.3000000119
139604  -43.328  -59.479  -10.623 0.3000000119
26803  -41.740  -60.545  -12.697 0.5000000000
133351  -42.411  -59.606  -12.665 0.5000000000
27763  -41.314  -59.697  -12.345 0.5000000000
28785  -44.554  -58.819  -12.286 0.4000000060
28784  -44.514  -58.404  -12.033 0.3000000119
26786  -34.912  -60.882  -8.918 0.5000000000
25832  -35.908  -60.877  -8.819 0.6000000238
148386  -36.683  -60.736  -8.921 0.5000000000
25845  -38.347  -61.164  -10.908 0.6000000238
27755  -38.652  -59.564  -10.156 0.5000000000
27753  -41.609  -59.066  -9.297 0.3000000119
151753  -38.930  -60.767  -11.324 0.6000000238
29780  -41.803  -57.631  -9.218 0.3000000119
27754  -42.511  -59.056  -9.981 0.3000000119
135959  -39.390  -60.884  -11.773 0.6000000238
26802  -40.663  -60.380  -12.304 0.5000000000
27764  -41.798  -58.875  -12.327 0.5000000000
27766  -44.218  -58.757  -12.546 0.4000000060
29791  -43.364  -57.412  -12.353 0.4000000060
26778  -36.338  -60.175  -8.567 0.5000000000
27744  -36.786  -59.458  -8.417 0.5000000000
27751  -37.558  -59.453  -8.813 0.5000000000
26787  -37.323  -60.866  -9.413 0.5000000000
27752  -38.180  -59.428  -9.432 0.5000000000
135733  -40.537  -57.914  -8.142 0.3000000119
135732  -41.085  -57.780  -8.612 0.3000000119
26794  -38.805  -60.248  -10.819 0.6000000238
26798  -39.344  -60.165  -11.354 0.6000000238
27759  -39.851  -59.417  -11.422 0.5000000000
151521  -41.065  -59.224  -12.121 0.5000000000
29786  -43.790  -57.232  -11.519 0.4000000060
30806  -43.487  -56.210  -12.056 0.4000000060
28765  -37.193  -58.661  -8.431 0.5000000000
28772  -37.940  -58.705  -8.958 0.5000000000
130613  -39.630  -58.251  -7.336 0.4000000060
29762  -40.058  -57.596  -7.640 0.4000000060
28773  -38.539  -58.744  -9.626 0.5000000000
28776  -39.077  -58.750  -10.288 0.5000000000
30782  -40.281  -56.739  -7.770 0.4000000060
29771  -41.398  -57.045  -8.775 0.3000000119
29778  -38.869  -57.998  -9.808 0.4000000060
27756  -39.226  -59.478  -10.838 0.5000000000
28777  -39.638  -58.715  -10.867 0.4000000060
28781  -40.211  -58.656  -11.368 0.4000000060
29789  -43.143  -56.682  -12.319 0.4000000060
29768  -36.701  -57.691  -8.281 0.5000000000
129965  -37.444  -57.103  -8.587 0.5000000000
29769  -37.623  -57.924  -8.654 0.5000000000
29755  -39.357  -57.644  -7.014 0.4000000060
29777  -38.291  -58.009  -9.207 0.5000000000
149906  -38.025  -57.403  -8.959 0.4000000060
152598  -39.953  -56.405  -7.463 0.4000000060
30781  -40.313  -55.939  -7.737 0.4000000060
30797  -38.766  -56.544  -9.562 0.4000000060
29782  -39.432  -57.968  -10.387 0.4000000060
31799  -40.917  -55.502  -8.329 0.4000000060
29783  -39.715  -57.171  -10.576 0.4000000060
29784  -40.459  -57.133  -11.187 0.4000000060
28783  -41.604  -58.032  -11.982 0.4000000060
29787  -41.401  -57.189  -11.756 0.4000000060
145371  -42.998  -56.015  -12.313 0.4000000060
31813  -43.492  -55.806  -11.846 0.4000000060
32862  -43.383  -54.747  -11.837 0.4000000060
135402  -36.381  -56.092  -8.359 0.5000000000
30787  -36.758  -56.781  -8.350 0.4000000060
30773  -39.000  -56.812  -6.633 0.4000000060
151736  -39.416  -56.589  -6.994 0.4000000060
30788  -37.407  -56.157  -8.599 0.5000000000
30796  -38.289  -55.923  -9.145 0.4000000060
29779  -39.155  -57.233  -9.956 0.4000000060
32830  -40.352  -54.554  -7.739 0.4000000060
30802  -40.047  -56.354  -10.834 0.4000000060
31812  -43.469  -55.517  -11.265 0.3000000119
139099  -42.261  -56.475  -12.180 0.4000000060
31797  -36.879  -55.305  -8.482 0.4000000060
32842  -37.387  -54.521  -8.679 0.5000000000
31798  -37.810  -55.270  -8.846 0.4000000060
31781  -39.331  -55.181  -6.833 0.4000000060
31805  -38.463  -55.244  -9.318 0.4000000060
32848  -38.971  -54.807  -9.719 0.4000000060
31806  -38.979  -55.695  -9.738 0.4000000060
31810  -39.590  -55.684  -10.361 0.4000000060
30803  -41.155  -56.209  -11.562 0.4000000060
32858  -43.310  -53.845  -11.581 0.4000000060
31816  -42.597  -54.718  -12.222 0.4000000060
133631  -43.159  -54.463  -12.106 0.4000000060
138872  -37.929  -53.843  -8.955 0.4000000060
150855  -38.222  -54.593  -9.154 0.4000000060
139538  -38.652  -53.965  -9.513 0.4000000060
32854  -39.358  -54.052  -10.091 0.4000000060
32855  -39.699  -54.865  -10.417 0.4000000060
32857  -43.133  -53.632  -10.724 0.4000000060
129242  -39.992  -54.121  -10.670 0.4000000060
31815  -41.421  -55.157  -11.723 0.4000000060
33843  -40.688  -53.763  -11.268 0.4000000060
32859  -41.626  -54.226  -11.838 0.4000000060
32860  -42.738  -53.764  -12.120 0.4000000060
33835  -37.760  -53.092  -8.835 0.4000000060
144470  -38.242  -52.697  -9.156 0.4000000060
33836  -38.403  -53.251  -9.311 0.4000000060
33841  -39.060  -53.273  -9.836 0.4000000060
34827  -39.363  -52.469  -10.148 0.4000000060
33842  -39.852  -53.275  -10.583 0.4000000060
140067  -40.790  -52.904  -11.291 0.4000000060
33844  -43.248  -53.111  -11.436 0.3000000119
33847  -42.526  -52.857  -11.963 0.4000000060
33848  -43.037  -53.139  -11.955 0.4000000060
35857  -37.618  -51.470  -8.493 0.4000000060
34820  -37.830  -52.294  -8.784 0.4000000060
36888  -37.752  -50.579  -8.439 0.4000000060
34821  -38.419  -52.198  -9.269 0.4000000060
35862  -38.934  -51.743  -9.712 0.4000000060
35868  -39.642  -51.592  -10.443 0.4000000060
35869  -40.451  -51.436  -11.073 0.4000000060
142738  -42.660  -53.083  -10.115 0.4000000060
34823  -43.142  -52.708  -10.834 0.3000000119
34834  -41.086  -52.080  -11.429 0.4000000060
34836  -42.819  -52.478  -11.797 0.5000000000
34829  -43.137  -52.504  -11.391 0.4000000060
34835  -42.123  -52.088  -11.825 0.5000000000
37815  -37.805  -49.730  -8.319 0.4000000060
37816  -38.316  -49.052  -8.820 0.4000000060
36895  -38.210  -50.927  -8.910 0.4000000060
36889  -38.396  -50.048  -9.084 0.4000000060
36896  -38.704  -50.867  -9.468 0.4000000060
35875  -41.478  -51.220  -11.493 0.4000000060
145368  -42.613  -51.845  -11.625 0.5000000000
38772  -37.727  -48.885  -8.075 0.4000000060
36908  -42.293  -50.117  -11.387 0.5000000000
141819  -37.584  -48.118  -7.741 0.4000000060
39761  -37.937  -47.410  -8.072 0.4000000060
38773  -38.208  -48.152  -8.548 0.4000000060
37835  -42.021  -49.218  -11.461 0.5000000000
41742  -36.987  -45.195  -7.158 0.4000000060
39750  -37.312  -47.430  -7.343 0.4000000060
142122  -37.301  -45.932  -7.381 0.4000000060
40717  -37.620  -46.684  -7.672 0.4000000060
148554  -37.858  -45.952  -8.072 0.4000000060
149281  -38.055  -45.296  -8.370 0.5000000000
150775  -36.719  -45.855  -6.861 0.4000000060
28786  -42.663  -58.061  -12.394 0.5000000000
132831  -43.995  -57.619  -12.197 0.4000000060
20007  -47.659  -67.177  -11.806 0.5000000000
20903  -43.035  -66.613  -11.157 0.8000000119
127117  -42.163  -66.187  -11.559 0.8000000119
20908  -41.268  -65.883  -11.527 0.6999999881
20888  -48.580  -67.020  -9.709 0.5000000000
21835  -39.976  -65.571  -11.317 0.6999999881
19978  -48.478  -67.008  -8.951 0.5000000000
21839  -38.599  -65.071  -11.662 0.6999999881
21817  -46.418  -65.660  -9.165 0.4000000060
20887  -48.041  -66.491  -9.332 0.4000000060
22800  -37.921  -64.811  -11.428 0.6999999881
24863  -36.897  -62.972  -10.679 0.6999999881
20885  -46.141  -65.934  -8.342 0.4000000060
136754  -45.436  -65.765  -8.025 0.4000000060
149899  -35.738  -63.199  -9.743 0.6000000238
21815  -43.912  -65.090  -8.292 0.4000000060
25837  -34.422  -61.608  -9.253 0.6000000238
26777  -35.409  -60.178  -8.645 0.5000000000
27743  -35.850  -59.469  -8.412 0.5000000000
29767  -35.614  -57.849  -8.360 0.4000000060
31796  -35.782  -55.333  -8.375 0.4000000060
32841  -36.384  -54.521  -8.396 0.4000000060
33829  -36.155  -53.051  -8.183 0.4000000060
34815  -37.144  -52.126  -8.333 0.4000000060
36887  -37.048  -50.974  -7.938 0.4000000060
36877  -37.222  -50.241  -7.834 0.4000000060
38764  -37.077  -48.764  -7.309 0.4000000060
141354  -37.001  -48.080  -7.120 0.4000000060
41732  -36.264  -45.280  -6.667 0.4000000060
20904  -44.052  -66.776  -11.129 0.8000000119
20918  -43.687  -65.839  -12.711 0.8000000119
21838  -48.072  -65.618  -11.210 0.5000000000
21843  -41.739  -65.657  -12.256 0.6999999881
147177  -41.418  -64.762  -13.355 0.6999999881
22803  -46.856  -64.695  -11.697 0.6000000238
23833  -46.056  -63.639  -13.470 0.6999999881
145608  -44.828  -64.369  -13.769 0.6999999881
22807  -45.615  -63.595  -11.991 0.6000000238
24881  -45.680  -62.815  -13.350 0.6000000238
23832  -45.290  -63.617  -13.634 0.6000000238
24867  -37.522  -62.946  -11.378 0.6999999881
23821  -45.516  -62.689  -12.440 0.5000000000
21828  -44.704  -65.165  -8.940 0.5000000000
22795  -44.534  -64.665  -9.852 0.5000000000
23812  -43.170  -63.713  -10.198 0.3000000119
26804  -42.874  -60.216  -12.939 0.5000000000
151607  -38.281  -59.900  -9.779 0.6000000238
148150  -40.335  -59.104  -11.639 0.5000000000
27765  -43.129  -58.793  -12.604 0.5000000000
29788  -42.399  -57.296  -12.247 0.4000000060
28782  -40.720  -57.958  -11.487 0.4000000060
30807  -43.727  -56.726  -11.873 0.4000000060
30805  -42.367  -55.623  -12.199 0.4000000060
31811  -40.356  -55.491  -11.018 0.4000000060
33830  -37.055  -52.772  -8.412 0.4000000060
33846  -41.682  -53.346  -11.787 0.4000000060
40725  -38.197  -46.663  -8.400 0.4000000060
14596  -36.080  -73.191  -15.030 0.4000000060
14597  -37.346  -72.585  -14.571 0.4000000060
15532  -38.023  -72.424  -13.995 0.4000000060
15533  -38.810  -71.980  -13.757 0.4000000060
14580  -36.853  -73.580  -13.191 0.4000000060
151606  -38.286  -72.519  -13.180 0.4000000060
15518  -38.839  -72.282  -12.833 0.4000000060
15496  -38.813  -72.483  -11.802 0.4000000060
15498  -40.817  -72.034  -12.034 0.5000000000
14564  -37.169  -73.475  -12.238 0.4000000060
15517  -38.058  -72.764  -12.363 0.4000000060
140024  -39.318  -72.439  -11.127 0.5000000000
15477  -40.134  -72.318  -11.129 0.5000000000
142503  -41.478  -72.310  -10.432 0.6000000238
14546  -36.887  -73.774  -11.321 0.4000000060
14547  -37.812  -73.104  -11.293 0.4000000060
129097  -38.617  -72.696  -10.746 0.4000000060
15478  -41.152  -72.236  -11.227 0.5000000000
20886  -47.084  -66.172  -8.790 0.3000000119
20874  -46.688  -66.456  -7.960 0.4000000060
21779  -44.537  -65.784  -6.847 0.3000000119
142759  -42.451  -72.214  -10.525 0.5000000000
19093  -48.758  -68.363  -9.577 0.5000000000
19965  -48.347  -67.519  -8.230 0.4000000060
149264  -37.538  -73.327  -9.049 0.4000000060
15476  -39.394  -72.547  -10.153 0.5000000000
138763  -40.483  -72.393  -10.331 0.5000000000
131034  -37.446  -73.443  -9.608 0.4000000060
14531  -37.988  -73.118  -10.208 0.4000000060
15461  -42.798  -72.018  -9.704 0.6000000238
16401  -43.513  -71.684  -9.434 0.6000000238
130918  -44.797  -71.108  -9.202 0.6999999881
19992  -48.678  -67.638  -9.882 0.5000000000
16402  -44.373  -71.609  -9.779 0.6999999881
17305  -46.395  -70.973  -9.591 0.6999999881
19092  -48.263  -68.736  -9.782 0.6999999881
146828  -45.991  -70.533  -9.322 0.6999999881
19085  -46.567  -69.274  -9.268 0.6999999881
149393  -40.053  -72.451  -9.502 0.6000000238
15441  -42.058  -71.905  -8.691 0.6000000238
16365  -42.814  -71.098  -8.038 0.6000000238
15456  -38.075  -72.966  -9.176 0.4000000060
15438  -39.465  -72.355  -8.225 0.5000000000
15439  -40.222  -72.338  -8.579 0.6000000238
16383  -42.863  -71.599  -8.692 0.6000000238
17284  -43.416  -70.560  -8.031 0.6000000238
17294  -44.311  -70.542  -8.481 0.6000000238
21797  -44.247  -65.456  -7.486 0.3000000119
16384  -43.729  -71.211  -8.698 0.6000000238
18184  -45.815  -69.905  -8.925 0.6999999881
19101  -47.898  -68.101  -10.488 0.6000000238
20001  -48.425  -67.304  -10.728 0.5000000000
15420  -38.279  -72.368  -7.746 0.6000000238
16362  -39.459  -71.351  -7.392 0.6000000238
17281  -40.326  -70.749  -7.287 0.6999999881
16381  -40.667  -71.995  -7.945 0.6000000238
16364  -42.050  -71.060  -7.641 0.6000000238
18182  -43.935  -69.878  -8.053 0.6000000238
15436  -38.052  -72.748  -8.303 0.5000000000
15458  -39.432  -72.540  -9.016 0.6000000238
19083  -44.346  -68.942  -8.289 0.6000000238
19084  -45.507  -69.065  -8.697 0.6999999881
19090  -46.144  -68.429  -9.380 0.6999999881
20000  -48.139  -67.474  -11.139 0.6000000238
19991  -46.810  -67.955  -10.147 0.6999999881
17280  -39.394  -70.378  -7.216 0.6000000238
142217  -40.874  -69.493  -7.435 0.6999999881
132222  -41.013  -70.213  -7.314 0.6999999881
129174  -41.223  -70.965  -7.414 0.6999999881
19071  -42.836  -69.206  -7.736 0.6000000238
20006  -46.748  -67.137  -11.850 0.5000000000
19089  -45.080  -68.206  -8.981 0.6999999881
19999  -47.371  -67.538  -11.093 0.6000000238
19974  -41.067  -67.935  -8.547 0.6999999881
19995  -42.631  -67.018  -10.227 0.6999999881
19079  -40.896  -68.425  -8.007 0.6999999881
19976  -42.842  -67.958  -8.746 0.6000000238
19988  -43.159  -67.463  -9.527 0.5000000000
19070  -42.023  -69.083  -7.663 0.6999999881
19081  -42.428  -68.520  -8.127 0.6000000238
19977  -43.943  -67.938  -8.858 0.6999999881
20905  -45.631  -67.077  -11.414 0.5000000000
148134  -43.535  -69.325  -7.907 0.6000000238
140924  -45.219  -67.325  -10.433 0.6999999881
19998  -46.243  -67.474  -10.748 0.6000000238
20897  -41.797  -66.895  -10.106 0.6999999881
139384  -42.212  -66.634  -10.770 0.6999999881
20902  -41.520  -66.373  -10.802 0.6999999881
147520  -44.803  -66.971  -11.048 0.6000000238
19996  -43.493  -67.086  -10.336 0.6999999881
19979  -48.789  -67.588  -9.122 0.5000000000
136006  -43.913  -67.436  -9.685 0.6000000238
144252  -37.305  -73.115  -13.822 0.4000000060
15497  -39.791  -72.212  -11.845 0.4000000060
14530  -37.237  -73.601  -10.475 0.4000000060
15475  -38.562  -72.811  -9.942 0.4000000060
18194  -47.559  -69.447  -9.521 0.6999999881
19091  -47.277  -68.657  -9.773 0.6999999881
139592  -42.252  -71.465  -8.062 0.6000000238
18176  -43.153  -69.916  -7.690 0.6000000238
15437  -38.718  -72.555  -8.466 0.6999999881
15422  -39.916  -72.014  -7.737 0.6000000238
17282  -41.829  -70.417  -7.445 0.6000000238
19080  -41.589  -68.459  -8.071 0.6999999881
19082  -43.332  -68.621  -8.203 0.6000000238
19987  -42.244  -67.448  -9.445 0.6000000238
19068  -40.370  -68.831  -7.625 0.5000000000
15419  -37.714  -72.729  -7.739 0.4000000060
16361  -38.314  -71.645  -7.313 0.5000000000
19963  -40.281  -67.968  -8.228 0.6000000238
14487  -37.249  -73.268  -7.645 0.4000000060
16360  -37.667  -71.786  -6.827 0.5000000000
147706  -37.838  -72.228  -7.307 0.5000000000
18172  -38.690  -69.840  -7.024 0.5000000000
146411  -39.562  -69.022  -7.432 0.5000000000
19962  -39.653  -67.577  -8.004 0.5000000000
18173  -39.307  -69.626  -7.253 0.5000000000
146761  -40.590  -67.406  -8.816 0.5000000000
19973  -39.971  -67.147  -8.567 0.5000000000
20884  -40.380  -66.728  -9.348 0.6999999881
20895  -39.826  -65.962  -9.646 0.6000000238
15381  -37.274  -72.138  -6.103 0.5000000000
16347  -37.540  -71.238  -6.281 0.5000000000
141927  -38.368  -69.162  -6.592 0.5000000000
19066  -38.689  -68.347  -6.979 0.5000000000
19067  -38.876  -69.068  -7.155 0.5000000000
20896  -41.003  -66.619  -10.085 0.6000000238
20872  -39.339  -66.730  -7.931 0.6000000238
20883  -39.658  -66.317  -8.826 0.5000000000
21834  -39.194  -65.415  -11.065 0.6000000238
16334  -37.290  -71.451  -5.634 0.5000000000
134679  -37.861  -69.677  -6.132 0.5000000000
18164  -37.939  -68.795  -5.858 0.5000000000
19950  -38.544  -67.454  -6.752 0.5000000000
140628  -38.833  -66.841  -7.216 0.5000000000
148178  -40.698  -65.949  -10.801 0.6000000238
20882  -39.026  -65.813  -8.361 0.5000000000
21814  -39.156  -65.651  -9.242 0.6000000238
16333  -36.889  -72.039  -5.082 0.5000000000
150671  -37.618  -70.102  -5.704 0.5000000000
18154  -37.601  -69.368  -5.208 0.5000000000
19940  -37.332  -67.472  -5.236 0.5000000000
20830  -37.078  -66.553  -5.475 0.6000000238
19949  -37.931  -67.160  -5.969 0.4000000060
21776  -36.147  -65.378  -6.793 0.4000000060
20850  -37.575  -66.131  -6.165 0.5000000000
20870  -37.942  -65.827  -6.792 0.5000000000
20851  -38.291  -66.517  -6.669 0.4000000060
21793  -35.700  -65.123  -7.696 0.4000000060
21811  -36.243  -64.823  -8.528 0.5000000000
21795  -37.675  -65.440  -7.463 0.5000000000
21810  -35.331  -64.885  -8.356 0.4000000060
21796  -38.167  -65.403  -8.263 0.6000000238
21813  -38.517  -65.413  -8.952 0.6000000238
21833  -38.266  -65.170  -10.788 0.6000000238
22799  -37.480  -64.725  -10.884 0.6000000238
21777  -37.148  -65.521  -6.718 0.5000000000
22782  -35.606  -64.536  -8.939 0.5000000000
21824  -36.376  -64.540  -9.397 0.5000000000
147879  -36.867  -64.795  -9.104 0.5000000000
21809  -34.457  -64.818  -8.531 0.4000000060
131363  -35.160  -64.342  -9.050 0.5000000000
22791  -36.622  -64.405  -10.083 0.6000000238
21825  -36.986  -64.711  -9.805 0.6000000238
22792  -37.084  -64.604  -10.402 0.6000000238
22790  -35.944  -64.225  -9.571 0.5000000000
143063  -33.897  -62.210  -9.467 0.3000000119
24856  -33.961  -62.975  -9.396 0.4000000060
23808  -34.173  -63.743  -9.200 0.4000000060
134328  -35.001  -63.463  -9.402 0.5000000000
22797  -36.407  -64.139  -10.268 0.5000000000
152779  -36.664  -64.051  -10.700 0.6000000238
129338  -35.853  -56.896  -8.304 0.3000000119
28763  -35.148  -58.725  -8.557 0.3000000119
26776  -34.340  -60.053  -8.984 0.4000000060
32840  -35.394  -54.521  -8.393 0.3000000119
34814  -36.387  -52.346  -8.046 0.3000000119
137093  -35.836  -53.803  -8.290 0.3000000119
35843  -36.141  -51.147  -7.623 0.3000000119
35856  -36.713  -51.680  -7.982 0.3000000119
139951  -36.675  -49.955  -7.466 0.3000000119
37808  -36.302  -49.411  -7.158 0.3000000119
38763  -36.154  -48.453  -6.812 0.3000000119
39749  -36.548  -47.567  -6.789 0.3000000119
24857  -34.939  -62.518  -9.331 0.5000000000
144820  -35.568  -56.111  -8.416 0.3000000119
19986  -41.267  -67.320  -9.318 0.5000000000
16348  -37.884  -70.972  -6.825 0.5000000000
20871  -38.601  -65.977  -7.430 0.5000000000
21832  -37.578  -64.955  -10.211 0.6000000238
19966  -48.935  -68.220  -8.574 0.3000000119
129350  -47.545  -70.145  -9.398 0.6000000238
18195  -48.244  -69.635  -9.389 0.6000000238
19048  -45.898  -68.247  -5.386 0.3000000119
19943  -46.383  -67.894  -6.077 0.3000000119
19952  -46.851  -67.496  -6.789 0.3000000119
19964  -47.285  -67.107  -7.607 0.3000000119
19058  -47.371  -68.238  -6.458 0.3000000119
19953  -47.859  -67.868  -7.265 0.3000000119
20875  -47.713  -66.752  -8.455 0.3000000119
17307  -47.825  -70.423  -9.275 0.6000000238
18186  -48.883  -69.523  -8.917 0.5000000000
19039  -45.400  -68.625  -4.781 0.3000000119
19942  -45.458  -67.472  -5.697 0.3000000119
19951  -46.034  -67.262  -6.381 0.3000000119
20854  -46.183  -66.734  -7.061 0.3000000119
19059  -48.386  -68.635  -6.889 0.3000000119
19072  -48.727  -68.350  -7.739 0.3000000119
18177  -49.224  -69.463  -8.143 0.4000000060
14502  -37.551  -73.208  -8.436 0.4000000060
18144  -44.895  -69.116  -4.230 0.3000000119
19927  -45.184  -67.982  -5.069 0.3000000119
19941  -44.749  -66.797  -5.639 0.3000000119
20853  -45.385  -66.765  -6.310 0.3000000119
16449  -41.672  -71.957  -13.930 0.5000000000
152627  -41.786  -72.290  -13.744 0.5000000000
144498  -37.973  -71.855  -14.874 0.4000000060
16447  -39.500  -71.549  -14.508 0.4000000060
140008  -40.352  -71.585  -14.149 0.4000000060
15547  -41.502  -72.125  -14.272 0.5000000000
15502  -44.260  -72.956  -11.280 0.5000000000
15522  -43.098  -72.855  -12.121 0.5000000000
16448  -41.137  -71.666  -13.748 0.5000000000
15535  -41.989  -72.268  -13.313 0.5000000000
16435  -40.297  -71.694  -13.207 0.4000000060
15463  -45.707  -72.590  -10.103 0.6000000238
15482  -44.645  -72.726  -10.916 0.6000000238
15481  -44.098  -72.512  -11.101 0.5000000000
15500  -42.718  -72.435  -12.072 0.5000000000
15520  -40.263  -71.898  -12.483 0.3000000119
16436  -41.000  -71.708  -12.908 0.4000000060
16426  -42.160  -72.188  -12.771 0.5000000000
15464  -46.301  -72.312  -9.662 0.6000000238
16416  -44.749  -72.207  -10.605 0.6000000238
15499  -41.840  -72.092  -12.049 0.4000000060
15480  -43.229  -72.337  -11.237 0.5000000000
16405  -47.418  -71.189  -9.254 0.6000000238
18165  -48.927  -69.489  -6.533 0.3000000119
17285  -49.199  -70.187  -7.616 0.4000000060
16404  -46.101  -71.661  -9.826 0.6000000238
15462  -43.770  -72.033  -10.464 0.4000000060
19050  -47.899  -68.946  -6.067 0.3000000119
19049  -46.829  -68.591  -5.719 0.3000000119
19060  -49.065  -69.032  -7.381 0.3000000119
17297  -48.879  -70.132  -8.475 0.5000000000
16403  -45.295  -71.677  -10.047 0.6000000238
15465  -46.616  -71.749  -9.600 0.6000000238
15484  -45.940  -72.197  -10.026 0.6000000238
134445  -49.277  -69.620  -7.348 0.3000000119
14506  -45.910  -72.878  -9.566 0.5000000000
15442  -46.305  -72.746  -8.618 0.5000000000
15443  -47.070  -71.945  -9.256 0.5000000000
15424  -46.576  -72.531  -7.534 0.4000000060
16366  -48.218  -71.531  -7.674 0.5000000000
15423  -45.680  -72.885  -7.825 0.5000000000
14505  -45.518  -73.182  -8.831 0.5000000000
15425  -47.645  -72.084  -7.048 0.4000000060
16349  -48.568  -71.553  -6.801 0.4000000060
16386  -47.806  -71.386  -8.643 0.5000000000
14533  -44.821  -73.129  -10.693 0.5000000000
14520  -45.112  -73.365  -9.818 0.5000000000
11951  -36.353  -76.719  -15.346 0.3000000119
11950  -35.703  -77.097  -15.636 0.3000000119
11939  -36.502  -77.042  -14.811 0.3000000119
11932  -36.960  -76.786  -13.868 0.3000000119
11913  -37.218  -76.532  -12.057 0.4000000060
11952  -36.925  -76.245  -15.064 0.3000000119
12770  -37.473  -75.750  -14.719 0.3000000119
11900  -37.486  -76.656  -10.536 0.4000000060
12744  -37.705  -75.795  -12.314 0.4000000060
12758  -37.377  -76.017  -13.990 0.3000000119
12785  -38.188  -75.028  -15.031 0.3000000119
11901  -37.903  -76.416  -9.921 0.4000000060
12705  -38.366  -75.889  -9.638 0.4000000060
141837  -37.915  -75.493  -13.310 0.4000000060
12759  -38.133  -75.255  -14.248 0.4000000060
13662  -38.026  -74.687  -15.694 0.4000000060
13621  -38.949  -74.691  -13.557 0.4000000060
11867  -40.191  -76.134  -7.142 0.3000000119
12696  -39.056  -75.781  -8.445 0.4000000060
13560  -39.599  -75.179  -8.698 0.4000000060
136618  -38.754  -75.386  -10.118 0.4000000060
12732  -39.069  -74.887  -11.899 0.4000000060
12746  -39.485  -74.580  -12.611 0.4000000060
13634  -38.927  -74.497  -14.566 0.4000000060
13520  -41.593  -74.815  -6.048 0.3000000119
13561  -39.952  -75.049  -8.127 0.4000000060
13574  -41.045  -74.524  -9.604 0.4000000060
133176  -40.356  -74.761  -8.790 0.4000000060
13590  -40.038  -74.670  -10.751 0.4000000060
131894  -40.910  -74.457  -11.366 0.4000000060
13607  -39.976  -74.544  -11.758 0.4000000060
13608  -41.006  -74.253  -12.202 0.4000000060
13622  -40.072  -74.186  -13.310 0.4000000060
13650  -39.653  -73.771  -14.891 0.4000000060
13549  -42.022  -74.084  -7.359 0.4000000060
132916  -41.709  -74.266  -8.343 0.4000000060
13592  -41.788  -74.383  -11.170 0.4000000060
127955  -41.958  -73.845  -12.499 0.4000000060
13651  -40.445  -73.391  -14.555 0.4000000060
13636  -40.675  -73.639  -13.855 0.4000000060
13664  -39.558  -73.426  -15.422 0.4000000060
137754  -42.518  -74.124  -9.169 0.4000000060
140483  -41.901  -74.390  -10.348 0.4000000060
13609  -42.372  -74.073  -11.768 0.4000000060
14599  -40.880  -72.633  -14.792 0.4000000060
14582  -41.672  -72.656  -13.888 0.4000000060
13563  -43.329  -73.903  -9.365 0.4000000060
13577  -43.858  -73.840  -10.339 0.4000000060
14549  -43.655  -73.203  -11.628 0.4000000060
146409  -45.009  -73.165  -8.039 0.4000000060
140125  -44.239  -73.682  -9.564 0.4000000060
15405  -46.695  -72.434  -6.448 0.3000000119
15406  -48.423  -71.868  -6.199 0.3000000119
139160  -42.409  -73.276  -12.797 0.4000000060
14504  -44.670  -73.441  -8.742 0.4000000060
16350  -49.197  -71.303  -6.085 0.3000000119
14532  -44.199  -73.449  -11.006 0.4000000060
12716  -37.561  -76.142  -11.353 0.4000000060
12731  -38.313  -75.438  -11.591 0.4000000060
12718  -39.068  -75.028  -10.980 0.4000000060
12745  -38.553  -75.136  -12.550 0.4000000060
12670  -40.574  -75.444  -6.804 0.4000000060
12682  -40.039  -75.407  -7.469 0.4000000060
12671  -41.176  -75.434  -6.277 0.3000000119
138747  -39.354  -75.001  -10.168 0.4000000060
14455  -42.618  -73.983  -5.832 0.3000000119
13548  -41.183  -74.491  -7.236 0.4000000060
127684  -40.623  -74.694  -7.932 0.4000000060
14488  -42.821  -73.692  -7.328 0.4000000060
13576  -42.859  -74.159  -10.152 0.4000000060
13637  -41.371  -73.321  -13.725 0.4000000060
13610  -43.068  -73.685  -11.658 0.4000000060
14503  -43.654  -73.628  -8.335 0.4000000060
11090  -40.141  -77.736  -7.935 0.3000000119
10313  -38.229  -78.934  -10.624 0.3000000119
10312  -37.424  -78.486  -10.909 0.3000000119
10300  -37.727  -78.059  -10.058 0.3000000119
11088  -38.598  -77.492  -8.863 0.3000000119
140076  -37.256  -77.575  -10.589 0.3000000119
11886  -37.629  -77.176  -9.853 0.3000000119
11074  -39.984  -76.960  -7.491 0.3000000119
11878  -38.798  -76.557  -8.501 0.3000000119
11866  -39.475  -76.242  -7.794 0.3000000119
14474  -43.040  -73.580  -6.405 0.3000000119
14475  -43.968  -73.209  -6.389 0.3000000119
14490  -44.270  -73.288  -7.637 0.3000000119
15404  -45.711  -72.668  -6.711 0.3000000119
11854  -40.558  -76.754  -7.029 0.3000000119
13562  -42.678  -73.925  -8.349 0.3000000119
11089  -39.351  -77.399  -8.164 0.3000000119
11102  -38.089  -77.576  -9.463 0.3000000119
11118  -36.932  -77.947  -11.431 0.3000000119
11171  -35.920  -77.484  -15.106 0.3000000119
11887  -38.215  -76.688  -9.252 0.4000000060
11922  -37.199  -76.489  -13.056 0.3000000119
11940  -36.955  -76.526  -14.472 0.3000000119
12659  -41.827  -75.400  -5.738 0.3000000119
12695  -38.565  -75.989  -8.931 0.4000000060
12697  -39.547  -75.520  -8.028 0.4000000060
12717  -38.133  -75.782  -10.560 0.4000000060
12784  -37.456  -75.475  -15.357 0.3000000119
13534  -41.015  -74.873  -6.572 0.4000000060
13547  -40.563  -74.899  -7.102 0.4000000060
13573  -40.018  -74.788  -9.684 0.4000000060
13575  -41.887  -74.328  -9.431 0.4000000060
13591  -40.962  -74.526  -10.491 0.4000000060
13593  -42.662  -74.218  -11.073 0.4000000060
13594  -43.495  -73.870  -11.059 0.4000000060
13623  -41.076  -73.820  -13.072 0.4000000060
13624  -41.906  -73.298  -13.272 0.4000000060
13625  -42.696  -73.499  -12.243 0.4000000060
13635  -39.798  -74.054  -14.144 0.4000000060
14489  -43.515  -73.443  -7.186 0.3000000119
14519  -44.509  -73.534  -10.374 0.4000000060
14534  -45.430  -73.002  -10.242 0.6000000238
14548  -43.172  -73.180  -12.086 0.4000000060
14565  -42.196  -72.711  -13.193 0.5000000000
14566  -42.782  -72.962  -12.556 0.4000000060
14581  -41.172  -73.029  -14.289 0.4000000060
14598  -40.237  -73.013  -15.193 0.4000000060
14600  -41.327  -72.421  -14.432 0.5000000000
14613  -39.162  -73.376  -15.853 0.4000000060
15402  -37.372  -72.619  -7.015 0.5000000000
15403  -44.874  -72.940  -7.059 0.3000000119
15421  -39.029  -72.105  -7.708 0.6000000238
15440  -41.179  -72.165  -8.627 0.6000000238
15457  -38.806  -72.704  -9.351 0.4000000060
15459  -40.854  -72.370  -9.492 0.6000000238
15460  -41.793  -72.225  -9.583 0.6000000238
15479  -42.186  -72.249  -11.312 0.4000000060
15483  -45.196  -72.653  -10.505 0.6000000238
15501  -43.526  -72.757  -11.580 0.5000000000
15519  -39.566  -72.059  -12.573 0.3000000119
15521  -42.464  -72.608  -12.659 0.5000000000
15534  -39.541  -71.780  -13.475 0.4000000060
15546  -41.082  -72.079  -14.783 0.5000000000
16363  -40.520  -71.464  -7.556 0.6000000238
16382  -41.433  -71.598  -7.864 0.6000000238
16385  -45.695  -71.107  -9.545 0.6000000238
16387  -48.649  -70.816  -8.069 0.5000000000
16417  -45.472  -72.202  -10.292 0.6000000238
16425  -41.583  -71.903  -12.642 0.4000000060
16437  -41.720  -71.884  -13.301 0.5000000000
16461  -38.689  -71.590  -14.731 0.4000000060
17266  -37.721  -70.473  -6.287 0.5000000000
17272  -38.126  -70.153  -6.677 0.5000000000
17279  -38.529  -70.720  -7.095 0.5000000000
17283  -42.620  -70.520  -7.664 0.6000000238
17295  -45.237  -70.521  -8.893 0.6999999881
17296  -48.221  -70.686  -8.873 0.5000000000
17306  -47.007  -70.961  -9.551 0.6000000238
17308  -48.464  -70.092  -9.051 0.6000000238
18174  -41.573  -69.667  -7.445 0.6999999881
18175  -42.368  -69.823  -7.512 0.6000000238
18183  -44.863  -69.831  -8.435 0.6000000238
18185  -46.778  -70.219  -9.419 0.6999999881
19056  -37.861  -67.994  -5.666 0.5000000000
19057  -38.277  -68.160  -6.298 0.5000000000
19069  -41.231  -68.968  -7.644 0.6999999881
19073  -49.190  -68.853  -8.085 0.4000000060
19086  -49.037  -68.778  -8.846 0.3000000119
19102  -48.413  -67.932  -10.318 0.5000000000
19926  -44.687  -67.412  -5.048 0.3000000119
19961  -39.096  -67.689  -7.444 0.5000000000
19975  -41.900  -67.927  -8.685 0.6999999881
19989  -44.704  -67.610  -9.588 0.6999999881
19990  -45.702  -67.766  -9.770 0.6999999881
19997  -44.336  -67.191  -10.346 0.6000000238
20008  -48.201  -66.999  -11.671 0.5000000000
20849  -36.628  -65.768  -5.981 0.4000000060
20900  -48.549  -67.024  -10.424 0.5000000000
20901  -39.901  -65.734  -10.484 0.6000000238
20906  -48.325  -66.171  -11.375 0.5000000000
20912  -46.791  -66.607  -12.721 0.5000000000
20913  -47.676  -66.643  -12.287 0.5000000000
20914  -48.218  -66.427  -11.863 0.5000000000
20917  -42.961  -65.721  -12.658 0.6999999881
20922  -47.869  -66.107  -12.411 0.5000000000
21794  -36.688  -65.162  -7.586 0.5000000000
21798  -45.014  -65.781  -7.479 0.3000000119
21812  -37.217  -65.066  -8.361 0.5000000000
21826  -38.382  -65.283  -9.774 0.6000000238
21827  -39.152  -65.490  -10.145 0.6000000238
21831  -47.679  -65.612  -10.467 0.4000000060
21841  -40.105  -65.392  -12.059 0.6999999881
21847  -40.336  -65.133  -12.652 0.6999999881
21848  -42.392  -65.416  -12.946 0.6999999881
21853  -42.912  -65.129  -13.408 0.6999999881
21857  -46.368  -64.434  -13.577 0.6000000238
22789  -34.387  -64.274  -8.962 0.4000000060
22798  -36.916  -64.327  -10.760 0.6000000238
22804  -37.459  -64.343  -11.424 0.6000000238
22806  -39.052  -64.843  -12.292 0.6999999881
22809  -47.182  -64.730  -12.647 0.6000000238
22811  -39.736  -64.713  -12.741 0.6999999881
22816  -43.019  -64.770  -13.594 0.6000000238
22817  -44.007  -64.603  -13.705 0.6999999881
23809  -35.134  -64.024  -9.338 0.5000000000
23813  -35.805  -63.863  -9.816 0.6000000238
23814  -36.424  -63.659  -10.372 0.5000000000
23826  -46.347  -63.402  -13.165 0.6999999881
23827  -46.450  -63.901  -13.356 0.6999999881
25847  -43.149  -61.325  -10.762 0.3000000119
25853  -45.332  -60.692  -12.825 0.5000000000
25858  -42.542  -61.793  -13.306 0.5000000000
26779  -37.159  -60.186  -8.791 0.5000000000
26788  -37.844  -60.150  -9.403 0.5000000000
26793  -38.263  -60.409  -10.145 0.5000000000
26795  -42.079  -60.777  -10.151 0.3000000119
26800  -44.772  -59.687  -11.904 0.3000000119
26801  -44.975  -59.884  -12.562 0.5000000000
26805  -43.808  -59.526  -12.917 0.5000000000
26807  -43.787  -60.411  -13.243 0.5000000000
26809  -45.315  -61.004  -13.158 0.5000000000
27742  -35.022  -59.527  -8.655 0.4000000060
27757  -43.550  -58.542  -10.726 0.3000000119
27760  -40.525  -59.542  -11.947 0.5000000000
27761  -40.845  -58.773  -11.840 0.5000000000
27762  -44.725  -59.146  -12.248 0.4000000060
28759  -40.138  -58.512  -7.858 0.4000000060
28764  -36.254  -58.650  -8.272 0.5000000000
28766  -40.737  -58.436  -8.431 0.3000000119
28767  -41.374  -58.381  -8.967 0.3000000119
28774  -42.162  -58.308  -9.570 0.3000000119
28778  -40.006  -57.931  -10.984 0.4000000060
28780  -44.078  -58.031  -11.535 0.3000000119
28787  -43.732  -58.082  -12.447 0.4000000060
28788  -44.309  -58.206  -12.200 0.4000000060
29761  -39.662  -56.849  -7.247 0.4000000060
29770  -38.111  -56.726  -9.020 0.4000000060
29790  -44.164  -57.573  -11.982 0.4000000060
29792  -43.761  -57.015  -12.070 0.4000000060
30774  -39.554  -56.104  -7.099 0.4000000060
30789  -40.957  -56.374  -8.383 0.4000000060
30790  -41.662  -56.393  -8.965 0.3000000119
30798  -39.367  -56.442  -10.161 0.4000000060
30804  -43.596  -56.420  -11.388 0.4000000060
31788  -40.470  -55.197  -7.898 0.4000000060
31817  -43.238  -55.314  -12.155 0.4000000060
32856  -40.571  -54.619  -11.179 0.4000000060
32861  -43.173  -53.856  -11.924 0.4000000060
33849  -43.170  -53.322  -11.789 0.3000000119
34828  -40.115  -52.295  -10.855 0.4000000060
34830  -43.066  -52.779  -11.732 0.4000000060
35861  -38.315  -51.597  -9.105 0.4000000060
35871  -42.915  -52.056  -11.510 0.4000000060
35876  -42.234  -51.063  -11.598 0.5000000000
36876  -36.474  -50.504  -7.550 0.3000000119
37809  -37.200  -49.522  -7.607 0.4000000060
40716  -36.857  -46.676  -6.908 0.4000000060
41743  -37.573  -45.217  -7.793 0.4000000060
127802  -43.052  -64.715  -8.163 0.4000000060
127824  -36.171  -76.417  -15.840 0.3000000119
130387  -36.952  -53.662  -8.465 0.4000000060
131115  -40.131  -69.777  -7.301 0.5000000000
131960  -43.358  -64.613  -8.851 0.3000000119
132709  -37.634  -73.016  -13.106 0.4000000060
132918  -40.402  -66.177  -10.046 0.6000000238
132938  -37.649  -65.064  -9.241 0.6000000238
133543  -40.691  -57.242  -8.237 0.4000000060
133551  -38.775  -55.806  -6.411 0.4000000060
134573  -43.363  -54.574  -11.054 0.4000000060
135071  -37.070  -77.006  -11.319 0.4000000060
135662  -48.721  -68.996  -9.325 0.5000000000
135942  -39.022  -75.363  -9.338 0.4000000060
137439  -40.337  -74.306  -12.598 0.4000000060
137937  -41.642  -74.421  -6.553 0.4000000060
138230  -42.309  -73.971  -6.512 0.3000000119
138326  -47.259  -72.193  -8.366 0.5000000000
138390  -48.915  -68.122  -9.222 0.5000000000
138652  -39.653  -68.292  -7.728 0.5000000000
140792  -40.795  -76.132  -6.585 0.3000000119
140869  -37.457  -70.755  -5.679 0.5000000000
140931  -38.560  -57.310  -9.417 0.4000000060
141849  -44.789  -65.485  -8.137 0.4000000060
141995  -38.734  -52.609  -9.566 0.4000000060
144634  -46.611  -72.467  -9.174 0.5000000000
144872  -41.670  -52.630  -11.731 0.4000000060
145151  -48.338  -67.141  -11.233 0.5000000000
146759  -45.560  -72.447  -10.279 0.6000000238
147851  -41.651  -74.280  -11.824 0.4000000060
147933  -43.119  -72.130  -10.574 0.4000000060
147997  -36.754  -72.685  -15.019 0.4000000060
148138  -38.725  -62.935  -12.386 0.6999999881
148366  -41.056  -71.788  -14.551 0.5000000000
148655  -47.561  -72.219  -6.170 0.3000000119
148715  -49.256  -69.252  -7.734 0.3000000119
149630  -39.307  -55.264  -10.032 0.4000000060
150006  -41.120  -74.489  -8.826 0.4000000060
151865  -37.833  -60.648  -9.767 0.6000000238
152242  -42.033  -74.332  -6.023 0.3000000119
152312  -46.046  -63.017  -13.221 0.6000000238
152802  -39.118  -68.480  -7.381 0.5000000000
