#!ascii label  , from subject sub-v2s10x28927_ses-1 vox2ras=TkReg
1463
10336  -28.168  -78.964  -13.954 0.5000000000
9582  -28.483  -79.865  -14.057 0.6000000238
11865  -31.138  -76.961  -8.101 0.3000000119
8816  -28.107  -80.938  -13.384 0.5000000000
152804  -29.858  -75.533  -10.464 0.4000000060
11884  -30.913  -76.146  -10.080 0.4000000060
11885  -31.394  -76.709  -9.701 0.4000000060
11877  -31.245  -76.863  -8.886 0.3000000119
11898  -30.969  -76.015  -10.828 0.4000000060
11185  -27.738  -77.972  -17.638 0.5000000000
10361  -27.717  -78.169  -16.811 0.5000000000
10345  -28.014  -78.341  -14.755 0.5000000000
10367  -27.512  -79.090  -19.131 0.6000000238
10364  -27.739  -79.025  -17.408 0.5000000000
9596  -28.448  -79.514  -14.747 0.6000000238
11071  -31.190  -77.547  -6.526 0.3000000119
8836  -28.609  -80.339  -15.605 0.5000000000
151941  -29.426  -75.365  -12.352 0.5000000000
12729  -29.390  -75.381  -11.759 0.5000000000
11072  -31.460  -77.456  -7.522 0.3000000119
132761  -28.102  -80.315  -17.442 0.6000000238
8817  -28.649  -80.791  -14.208 0.5000000000
11911  -30.970  -75.865  -11.659 0.5000000000
12730  -30.169  -75.542  -11.169 0.4000000060
11116  -31.979  -77.162  -10.133 0.4000000060
11087  -32.256  -77.997  -8.828 0.3000000119
11073  -32.119  -78.081  -7.897 0.3000000119
12743  -31.071  -75.817  -12.575 0.4000000060
11912  -31.572  -76.422  -11.240 0.4000000060
11128  -32.086  -76.976  -10.924 0.4000000060
132239  -31.676  -76.366  -12.048 0.4000000060
11988  -29.415  -76.722  -20.862 0.6999999881
11196  -28.833  -77.616  -20.024 0.6999999881
11191  -28.444  -77.690  -19.196 0.6999999881
134528  -27.844  -77.989  -13.811 0.5000000000
12813  -28.415  -75.483  -20.381 0.6999999881
11986  -27.567  -76.883  -20.914 0.6999999881
10373  -27.986  -77.830  -20.318 0.8000000119
11190  -27.871  -78.248  -18.772 0.5000000000
10372  -27.434  -78.659  -19.851 0.6999999881
139881  -27.666  -76.909  -13.698 0.5000000000
142298  -26.883  -77.273  -20.814 0.6999999881
151313  -27.835  -76.240  -13.889 0.4000000060
12755  -28.503  -75.545  -13.203 0.5000000000
10260  -31.736  -78.285  -6.012 0.3000000119
9622  -26.932  -78.977  -20.047 0.6000000238
141422  -28.893  -75.411  -13.798 0.5000000000
12741  -29.403  -75.337  -13.037 0.5000000000
10261  -32.470  -78.792  -6.444 0.3000000119
9621  -27.169  -79.470  -19.464 0.5000000000
142050  -30.701  -75.484  -14.002 0.5000000000
11948  -32.135  -76.600  -14.865 0.4000000060
12757  -31.241  -75.833  -13.506 0.4000000060
11129  -32.594  -77.418  -11.537 0.4000000060
131167  -32.933  -78.348  -10.155 0.4000000060
11101  -32.382  -77.836  -9.735 0.4000000060
11930  -32.489  -76.987  -13.409 0.3000000119
11921  -31.807  -76.399  -12.965 0.4000000060
14627  -29.206  -73.114  -17.984 0.5000000000
14635  -28.724  -73.667  -18.527 0.6000000238
146983  -29.709  -74.143  -19.271 0.6000000238
12814  -29.343  -75.424  -20.422 0.6000000238
12821  -28.962  -76.102  -20.906 0.6000000238
15560  -29.148  -72.013  -16.888 0.5000000000
15566  -28.725  -72.619  -17.340 0.5000000000
14626  -28.264  -73.177  -17.842 0.6000000238
13682  -28.263  -74.237  -19.068 0.6000000238
13690  -27.847  -74.885  -19.654 0.6999999881
11177  -27.812  -77.441  -16.634 0.6000000238
8668  -31.010  -79.832  -2.066 0.3000000119
16468  -28.386  -71.108  -15.762 0.6999999881
15559  -28.287  -72.165  -16.727 0.6000000238
15565  -27.840  -72.723  -17.181 0.6000000238
14634  -27.788  -73.745  -18.356 0.6000000238
13681  -27.329  -74.371  -18.884 0.6999999881
131182  -27.464  -75.607  -20.218 0.6999999881
11968  -28.807  -76.615  -17.628 0.6000000238
11958  -28.052  -76.715  -16.311 0.6000000238
11936  -27.845  -76.524  -14.514 0.5000000000
17346  -28.177  -70.492  -15.163 0.6999999881
16476  -27.922  -71.719  -16.079 0.6000000238
15558  -27.509  -72.359  -16.439 0.6000000238
14625  -27.374  -73.301  -17.661 0.6000000238
13680  -26.389  -74.541  -18.686 0.6999999881
12811  -25.350  -75.991  -19.633 0.6999999881
11937  -28.293  -75.932  -14.989 0.5000000000
10247  -31.420  -78.478  -5.129 0.3000000119
17340  -27.895  -69.701  -14.615 0.6999999881
16467  -27.725  -71.269  -15.330 0.6000000238
15550  -27.313  -72.010  -15.591 0.6999999881
13675  -26.061  -74.142  -17.912 0.6000000238
13679  -25.486  -74.775  -18.452 0.6000000238
10374  -25.948  -78.072  -20.379 0.6999999881
12794  -28.927  -75.774  -16.175 0.5000000000
12780  -29.616  -75.512  -16.005 0.5000000000
15557  -26.844  -72.673  -16.052 0.6000000238
14623  -25.865  -73.860  -17.087 0.6000000238
12810  -24.705  -76.153  -19.239 0.6000000238
10370  -25.252  -78.337  -19.842 0.6000000238
9619  -25.730  -79.265  -19.631 0.6000000238
12796  -30.331  -75.846  -16.607 0.5000000000
10274  -32.575  -78.719  -7.337 0.3000000119
16466  -27.174  -71.536  -14.708 0.6999999881
14591  -26.347  -73.101  -14.724 0.6000000238
14618  -26.406  -73.304  -16.565 0.6000000238
13674  -25.283  -74.465  -17.614 0.6000000238
12801  -24.675  -75.127  -18.138 0.5000000000
136133  -24.203  -75.971  -18.578 0.5000000000
10366  -25.027  -78.789  -19.261 0.5000000000
9617  -26.368  -79.962  -19.228 0.5000000000
12782  -31.464  -76.044  -15.542 0.5000000000
10337  -34.129  -78.615  -14.145 0.3000000119
11148  -33.583  -78.148  -13.613 0.3000000119
11147  -32.992  -77.568  -13.041 0.3000000119
10320  -33.649  -78.771  -11.452 0.4000000060
10310  -33.108  -78.253  -10.967 0.4000000060
9616  -25.585  -79.539  -18.989 0.5000000000
136256  -33.473  -78.052  -15.211 0.3000000119
11156  -33.136  -77.677  -14.625 0.3000000119
11137  -32.933  -77.622  -12.281 0.4000000060
16479  -30.756  -71.303  -16.681 0.5000000000
15561  -29.973  -71.901  -16.960 0.5000000000
15568  -30.689  -72.212  -17.464 0.5000000000
14628  -30.167  -72.969  -18.134 0.5000000000
18236  -31.301  -68.779  -15.228 0.5000000000
17349  -30.624  -69.691  -15.690 0.5000000000
17352  -30.375  -70.640  -16.186 0.5000000000
15567  -29.647  -72.484  -17.454 0.5000000000
14636  -29.693  -73.650  -18.772 0.5000000000
13693  -30.661  -74.852  -19.855 0.6000000238
12823  -30.547  -76.079  -20.517 0.6000000238
18234  -29.606  -69.593  -15.424 0.5000000000
11989  -30.221  -76.695  -20.588 0.6000000238
127794  -29.577  -77.390  -19.370 0.8000000119
7915  -31.782  -80.736  -1.436 0.3000000119
18229  -29.496  -68.636  -14.888 0.6000000238
17341  -28.755  -69.583  -15.019 0.6000000238
17347  -28.899  -70.398  -15.587 0.6000000238
11193  -30.949  -77.199  -19.514 0.4000000060
8654  -31.604  -79.903  -1.625 0.3000000119
11970  -30.618  -76.853  -18.076 0.5000000000
11975  -28.707  -77.143  -18.347 0.6000000238
129860  -32.170  -78.881  -3.797 0.3000000119
9457  -32.478  -78.904  -4.603 0.3000000119
18227  -27.456  -68.852  -14.247 0.6999999881
11971  -31.444  -77.082  -18.209 0.4000000060
9477  -33.090  -79.186  -5.243 0.3000000119
17339  -27.070  -69.998  -14.110 0.6000000238
16456  -26.882  -70.994  -13.946 0.6999999881
11961  -31.072  -76.580  -17.276 0.4000000060
10286  -32.776  -78.754  -8.272 0.3000000119
149542  -26.176  -70.372  -13.541 0.6000000238
16444  -26.330  -71.516  -13.415 0.6999999881
14607  -25.885  -73.669  -15.137 0.6000000238
13669  -24.616  -74.843  -16.231 0.5000000000
12793  -23.984  -75.459  -16.757 0.5000000000
10369  -24.612  -78.016  -19.199 0.6000000238
11963  -32.009  -77.181  -17.395 0.4000000060
11962  -31.774  -76.744  -16.558 0.4000000060
10355  -34.531  -78.416  -15.205 0.3000000119
10346  -34.047  -78.533  -14.952 0.3000000119
9585  -35.070  -79.163  -13.816 0.3000000119
9584  -34.544  -79.014  -13.704 0.3000000119
10329  -33.830  -78.730  -12.374 0.4000000060
13646  -25.287  -74.148  -14.480 0.6000000238
13660  -24.603  -74.791  -15.178 0.5000000000
12778  -23.952  -75.419  -15.761 0.5000000000
12792  -23.577  -76.107  -17.195 0.5000000000
11184  -24.170  -77.665  -18.424 0.5000000000
10363  -24.461  -78.302  -18.017 0.6000000238
9613  -25.545  -79.637  -18.128 0.5000000000
11949  -32.343  -77.053  -15.850 0.3000000119
11168  -33.872  -78.177  -15.615 0.3000000119
12777  -23.451  -76.052  -16.279 0.5000000000
152847  -23.902  -77.581  -16.821 0.5000000000
11165  -23.445  -77.270  -16.184 0.5000000000
18237  -32.108  -68.904  -15.183 0.5000000000
17350  -31.733  -69.382  -15.612 0.5000000000
16488  -31.464  -71.630  -17.113 0.5000000000
15570  -32.598  -72.043  -17.773 0.5000000000
15576  -32.067  -72.751  -18.312 0.5000000000
15575  -31.132  -72.823  -18.266 0.5000000000
19130  -30.851  -68.283  -14.697 0.5000000000
17353  -31.311  -70.280  -16.109 0.5000000000
13686  -32.070  -74.408  -19.287 0.4000000060
18235  -30.359  -68.758  -15.162 0.5000000000
13694  -31.496  -75.082  -19.790 0.4000000060
7914  -31.294  -81.445  -1.765 0.3000000119
7896  -32.602  -81.051  -1.049 0.3000000119
19125  -29.540  -67.518  -14.388 0.6000000238
12817  -31.571  -75.979  -19.906 0.4000000060
148829  -31.080  -76.223  -20.229 0.4000000060
134942  -28.695  -67.202  -14.246 0.6000000238
18228  -28.517  -68.405  -14.578 0.6000000238
9429  -31.624  -79.240  -2.164 0.3000000119
126654  -32.722  -78.395  -2.714 0.3000000119
19124  -27.846  -67.562  -14.205 0.6000000238
11977  -31.574  -77.084  -18.953 0.4000000060
19123  -26.917  -68.074  -13.892 0.6000000238
11972  -32.771  -76.985  -17.701 0.4000000060
11179  -32.634  -77.293  -17.224 0.4000000060
9487  -33.060  -79.290  -6.026 0.3000000119
18221  -26.609  -69.210  -13.876 0.6999999881
148234  -33.047  -77.599  -16.683 0.3000000119
11169  -34.415  -77.967  -15.823 0.3000000119
17354  -32.344  -69.854  -15.933 0.5000000000
16480  -31.883  -70.799  -16.625 0.5000000000
16489  -32.322  -71.417  -17.157 0.5000000000
15571  -33.481  -72.045  -17.754 0.4000000060
19131  -31.549  -68.553  -14.928 0.5000000000
15577  -32.846  -72.647  -18.196 0.4000000060
14639  -32.665  -73.542  -18.650 0.4000000060
18231  -31.777  -68.741  -14.676 0.6000000238
140319  -32.968  -74.715  -18.930 0.4000000060
12818  -32.219  -75.449  -19.479 0.4000000060
9412  -32.340  -79.285  -1.493 0.3000000119
138319  -32.398  -80.149  -1.164 0.3000000119
20024  -28.193  -66.777  -13.884 0.6000000238
12809  -32.737  -75.867  -18.900 0.4000000060
11978  -32.390  -76.748  -18.547 0.4000000060
11979  -33.112  -76.268  -18.155 0.4000000060
11187  -33.931  -77.155  -16.799 0.4000000060
11186  -33.211  -77.376  -17.036 0.3000000119
11181  -34.334  -77.499  -16.308 0.3000000119
18220  -25.859  -69.225  -13.640 0.6000000238
17355  -33.005  -69.843  -15.654 0.5000000000
16481  -32.999  -70.492  -16.448 0.5000000000
138035  -34.534  -70.941  -16.707 0.4000000060
16491  -34.188  -71.279  -17.212 0.4000000060
18232  -32.411  -69.016  -14.972 0.5000000000
17344  -33.069  -69.844  -15.178 0.5000000000
133891  -34.451  -72.186  -17.731 0.4000000060
19122  -31.061  -68.193  -14.193 0.6000000238
18224  -31.367  -69.060  -13.944 0.6000000238
16458  -32.184  -70.217  -14.408 0.6000000238
15578  -34.147  -73.174  -18.014 0.4000000060
20023  -30.369  -67.540  -14.090 0.6000000238
13688  -34.269  -74.745  -17.963 0.4000000060
149376  -29.046  -66.793  -13.746 0.6000000238
12803  -33.868  -75.795  -17.788 0.4000000060
12804  -34.618  -75.438  -17.415 0.4000000060
11973  -34.271  -76.330  -17.129 0.4000000060
11965  -35.533  -76.477  -16.245 0.4000000060
9441  -32.762  -78.610  -3.630 0.3000000119
10216  -33.328  -78.079  -3.084 0.3000000119
20021  -28.395  -66.686  -13.522 0.6000000238
11964  -34.679  -76.830  -16.533 0.4000000060
9478  -34.287  -79.620  -5.744 0.3000000119
151816  -33.677  -78.836  -4.535 0.3000000119
19120  -27.232  -66.991  -13.686 0.6000000238
19119  -26.143  -67.386  -13.586 0.6000000238
20915  -26.110  -66.309  -12.898 0.6999999881
151503  -27.087  -67.580  -11.704 0.6999999881
20019  -26.566  -66.546  -13.239 0.6000000238
20005  -26.883  -66.842  -12.125 0.6999999881
19108  -26.453  -67.384  -11.608 0.6999999881
20011  -25.345  -66.518  -12.776 0.6000000238
139168  -27.562  -68.497  -11.659 0.6999999881
17319  -27.770  -69.712  -11.363 0.6000000238
20003  -25.230  -66.765  -12.225 0.6999999881
18209  -26.766  -68.281  -11.285 0.6999999881
141996  -33.523  -70.286  -16.028 0.5000000000
17356  -34.026  -70.777  -16.250 0.5000000000
16459  -32.873  -70.356  -14.752 0.5000000000
15543  -33.633  -71.582  -15.236 0.5000000000
16470  -33.909  -70.726  -15.798 0.5000000000
16483  -35.069  -70.956  -16.665 0.5000000000
16492  -35.145  -71.147  -17.241 0.4000000060
17333  -31.493  -70.003  -13.951 0.6000000238
15541  -32.158  -71.309  -14.318 0.6000000238
15542  -32.903  -71.471  -14.715 0.6000000238
14609  -33.960  -72.722  -15.147 0.6000000238
143789  -35.553  -72.769  -17.755 0.4000000060
19121  -30.285  -67.663  -13.696 0.6000000238
15531  -31.561  -72.123  -13.644 0.6000000238
145783  -32.219  -72.407  -14.159 0.6000000238
14630  -35.059  -73.749  -17.755 0.4000000060
19115  -29.470  -67.421  -13.261 0.6000000238
18222  -29.841  -68.445  -13.039 0.6000000238
16433  -30.221  -70.853  -12.841 0.6000000238
16434  -30.923  -71.840  -13.097 0.6000000238
14561  -31.866  -73.091  -13.144 0.6000000238
13676  -34.976  -74.665  -17.536 0.4000000060
149599  -36.862  -75.418  -16.106 0.4000000060
18214  -29.001  -68.288  -12.557 0.6000000238
17326  -30.012  -69.663  -12.967 0.6000000238
15515  -30.454  -71.771  -12.411 0.6000000238
15516  -30.911  -72.479  -12.161 0.6000000238
14545  -32.218  -73.718  -11.559 0.6000000238
11966  -36.323  -75.710  -16.277 0.4000000060
12783  -36.779  -75.883  -15.679 0.4000000060
19114  -28.639  -67.289  -12.790 0.6000000238
17325  -29.150  -69.586  -12.368 0.5000000000
16432  -29.541  -70.616  -12.289 0.6000000238
15494  -30.472  -72.220  -11.496 0.6000000238
137272  -31.761  -73.302  -10.974 0.6000000238
14529  -32.343  -73.755  -10.767 0.6999999881
20916  -27.466  -66.433  -13.065 0.6999999881
19110  -28.260  -68.099  -12.231 0.6000000238
17321  -29.016  -70.512  -11.842 0.6000000238
16424  -29.917  -71.516  -11.927 0.6000000238
132082  -31.987  -73.443  -10.038 0.6000000238
13569  -32.929  -74.169  -10.108 0.6000000238
13570  -34.340  -74.614  -9.339 0.6000000238
15474  -30.670  -72.503  -10.433 0.6000000238
14528  -31.377  -72.979  -10.434 0.6000000238
14517  -32.453  -73.676  -9.363 0.6000000238
130184  -33.724  -74.358  -8.806 0.6000000238
17320  -28.488  -70.114  -11.688 0.6000000238
16423  -29.294  -71.226  -11.394 0.6000000238
15455  -31.293  -72.925  -9.693 0.5000000000
14516  -31.857  -73.294  -9.103 0.6000000238
147115  -33.176  -73.989  -8.477 0.6000000238
16414  -29.349  -71.660  -10.595 0.5000000000
19107  -25.731  -67.331  -11.585 0.6999999881
17314  -27.364  -70.222  -10.578 0.6999999881
16399  -28.001  -71.076  -10.038 0.5000000000
126162  -28.912  -71.666  -9.970 0.6000000238
15454  -30.567  -72.558  -9.430 0.5000000000
15435  -31.190  -72.872  -8.808 0.5000000000
16400  -29.227  -72.037  -9.241 0.6000000238
13528  -19.529  -74.538  -6.602 0.6000000238
14464  -19.962  -73.987  -6.986 0.6000000238
14480  -19.738  -73.719  -7.736 0.6000000238
16471  -34.691  -71.011  -16.297 0.5000000000
15551  -34.414  -71.549  -15.639 0.5000000000
16472  -35.623  -70.965  -16.619 0.5000000000
16493  -36.468  -71.267  -17.371 0.5000000000
139421  -35.576  -71.911  -17.671 0.4000000060
144486  -32.448  -73.260  -13.815 0.5000000000
14592  -33.052  -72.780  -14.606 0.5000000000
13648  -34.363  -74.219  -14.028 0.5000000000
14631  -36.737  -72.822  -17.465 0.4000000060
13678  -37.225  -73.576  -16.939 0.4000000060
14578  -33.038  -73.804  -13.815 0.5000000000
13631  -34.269  -74.478  -13.112 0.5000000000
126193  -35.630  -74.299  -17.367 0.4000000060
13677  -36.424  -73.974  -17.174 0.4000000060
13662  -38.026  -74.687  -15.694 0.4000000060
13602  -32.750  -74.144  -12.163 0.5000000000
13603  -33.604  -74.546  -11.962 0.5000000000
13618  -33.379  -74.325  -12.893 0.5000000000
12798  -36.870  -74.769  -16.508 0.4000000060
13585  -32.874  -74.214  -11.241 0.6000000238
13586  -33.696  -74.559  -10.972 0.6000000238
129690  -33.990  -74.618  -10.124 0.6000000238
130068  -34.935  -74.730  -10.044 0.5000000000
13557  -34.620  -74.630  -8.403 0.4000000060
13558  -35.655  -74.587  -8.391 0.4000000060
13572  -36.183  -74.360  -9.099 0.4000000060
13543  -33.637  -74.027  -7.263 0.6000000238
13556  -33.740  -74.248  -8.047 0.6000000238
13533  -35.889  -74.370  -6.921 0.5000000000
13546  -36.035  -74.461  -7.721 0.4000000060
13559  -36.457  -74.211  -8.295 0.4000000060
14473  -36.952  -73.323  -7.025 0.4000000060
20002  -24.260  -67.204  -12.108 0.6999999881
14499  -32.516  -73.607  -8.543 0.6000000238
13532  -35.275  -74.209  -6.277 0.5000000000
14472  -36.489  -73.754  -6.581 0.4000000060
17293  -27.032  -70.579  -9.679 0.6000000238
15434  -30.390  -72.587  -8.510 0.5000000000
14498  -31.776  -73.213  -8.225 0.5000000000
13531  -34.322  -74.155  -6.575 0.5000000000
14453  -35.576  -73.803  -5.594 0.5000000000
14471  -35.997  -74.040  -6.157 0.4000000060
15380  -36.826  -72.740  -5.603 0.4000000060
142145  -28.421  -71.651  -9.202 0.6000000238
14470  -32.291  -73.412  -6.824 0.5000000000
13517  -19.719  -74.531  -5.042 0.6999999881
13518  -20.310  -74.143  -5.468 0.6000000238
14421  -20.841  -73.964  -4.649 0.6999999881
14465  -20.605  -73.652  -6.438 0.6000000238
14402  -21.316  -73.821  -3.811 0.6000000238
14482  -21.082  -73.122  -7.099 0.6000000238
129023  -21.763  -73.376  -5.660 0.6000000238
14422  -21.754  -73.619  -4.799 0.6000000238
142635  -22.519  -73.654  -3.138 0.6000000238
14374  -23.850  -73.589  -2.233 0.6000000238
15411  -20.728  -72.894  -7.836 0.5000000000
14467  -22.158  -73.024  -6.165 0.6000000238
14446  -22.426  -73.288  -5.404 0.6000000238
14423  -22.697  -73.453  -4.561 0.6000000238
14404  -23.692  -73.524  -3.536 0.6000000238
16485  -36.760  -70.700  -17.057 0.5000000000
131875  -21.043  -72.460  -8.425 0.5000000000
15412  -21.482  -72.620  -7.670 0.5000000000
129687  -23.222  -73.152  -5.189 0.5000000000
142177  -24.480  -73.351  -3.781 0.5000000000
14611  -35.657  -72.423  -15.494 0.5000000000
16494  -37.431  -70.909  -17.212 0.5000000000
15573  -37.080  -71.750  -17.549 0.4000000060
15413  -22.293  -72.402  -7.482 0.5000000000
15392  -22.624  -72.598  -6.726 0.5000000000
14448  -24.449  -72.969  -4.669 0.5000000000
14405  -25.347  -73.291  -3.503 0.5000000000
14595  -35.287  -73.425  -14.961 0.5000000000
14632  -37.560  -72.400  -17.318 0.4000000060
13672  -38.503  -73.782  -16.107 0.4000000060
13663  -38.877  -74.139  -15.377 0.4000000060
15432  -21.934  -72.116  -8.340 0.5000000000
15393  -23.555  -72.326  -6.566 0.5000000000
15374  -23.731  -72.670  -5.676 0.6000000238
15359  -25.141  -72.473  -5.139 0.6000000238
13671  -37.700  -74.254  -16.337 0.4000000060
16355  -23.735  -71.776  -7.471 0.6000000238
16342  -24.308  -71.885  -6.787 0.6000000238
15394  -24.509  -72.197  -5.991 0.6999999881
132302  -34.501  -74.621  -12.348 0.4000000060
13604  -34.332  -74.675  -11.572 0.5000000000
18199  -22.769  -69.484  -11.011 0.6000000238
13588  -35.536  -74.549  -10.774 0.5000000000
135592  -36.715  -73.973  -9.787 0.4000000060
18208  -23.170  -68.631  -11.388 0.6000000238
133250  -35.859  -74.460  -9.927 0.4000000060
19097  -24.005  -68.559  -11.142 0.6000000238
18202  -25.257  -69.033  -10.491 0.6000000238
14501  -37.012  -73.685  -8.166 0.4000000060
17304  -26.176  -70.245  -9.396 0.6000000238
18203  -25.925  -68.934  -10.571 0.6999999881
16380  -28.829  -72.017  -8.608 0.6000000238
15416  -28.935  -72.271  -7.787 0.6000000238
150005  -30.454  -72.684  -7.902 0.5000000000
15418  -31.017  -72.885  -7.877 0.5000000000
13508  -20.087  -74.295  -4.495 0.6999999881
132168  -20.963  -73.772  -2.874 0.6000000238
14372  -21.803  -73.711  -3.001 0.6000000238
14373  -22.405  -73.612  -2.340 0.6000000238
14352  -23.154  -73.513  -1.713 0.6000000238
14353  -24.075  -73.494  -1.498 0.6999999881
14354  -25.737  -73.420  -1.337 0.6000000238
14375  -24.680  -73.553  -2.238 0.6000000238
14612  -36.451  -72.075  -15.550 0.5000000000
15553  -36.047  -71.280  -16.162 0.5000000000
16473  -36.463  -70.760  -16.774 0.5000000000
128071  -37.250  -70.626  -16.841 0.5000000000
14376  -25.542  -73.447  -2.695 0.6000000238
141371  -26.094  -73.458  -2.068 0.5000000000
16474  -37.777  -70.744  -16.352 0.5000000000
15562  -38.309  -71.908  -17.116 0.5000000000
14621  -38.906  -72.577  -16.423 0.4000000060
14426  -26.548  -72.951  -4.163 0.6000000238
14425  -25.937  -73.065  -3.887 0.6000000238
144014  -26.871  -73.408  -2.225 0.5000000000
13649  -34.992  -74.040  -14.351 0.5000000000
17311  -22.350  -70.255  -10.649 0.6000000238
17300  -22.784  -70.780  -9.993 0.4000000060
16374  -23.456  -71.465  -8.404 0.6000000238
15395  -25.472  -71.937  -5.904 0.6000000238
15375  -26.066  -72.233  -5.289 0.6000000238
136063  -27.156  -73.383  -3.000 0.6000000238
13619  -35.269  -74.497  -12.664 0.4000000060
13633  -36.015  -74.170  -13.264 0.4000000060
17301  -23.659  -70.500  -9.776 0.5000000000
17289  -24.006  -70.900  -8.926 0.5000000000
16375  -24.351  -71.231  -8.097 0.6000000238
16356  -24.689  -71.483  -7.304 0.6999999881
130724  -25.799  -71.587  -6.578 0.6000000238
15376  -26.903  -72.310  -5.475 0.6000000238
15362  -27.404  -72.739  -4.889 0.6000000238
13606  -36.095  -74.295  -11.445 0.5000000000
127603  -23.690  -70.048  -10.275 0.6000000238
16376  -25.349  -71.055  -7.834 0.6000000238
16357  -26.038  -71.288  -7.256 0.6000000238
15377  -27.845  -72.557  -5.696 0.6000000238
15363  -28.260  -73.058  -4.846 0.6000000238
14408  -28.622  -73.413  -3.830 0.6000000238
13589  -36.426  -74.150  -10.619 0.4000000060
18191  -24.202  -69.912  -10.134 0.5000000000
17290  -24.889  -70.690  -8.669 0.6000000238
16358  -26.814  -71.433  -7.467 0.6000000238
127032  -28.465  -72.562  -6.217 0.6000000238
14428  -29.198  -73.288  -4.748 0.6000000238
18201  -24.503  -69.177  -10.544 0.6000000238
18193  -25.694  -69.646  -9.952 0.6000000238
17303  -25.348  -70.209  -9.316 0.6000000238
16359  -27.499  -71.631  -7.649 0.6000000238
16345  -27.344  -71.791  -6.984 0.6000000238
16379  -28.070  -71.727  -8.263 0.6000000238
16398  -27.557  -71.212  -9.038 0.6000000238
129044  -30.396  -72.793  -7.363 0.5000000000
14469  -31.677  -73.307  -6.404 0.5000000000
13506  -18.750  -74.938  -4.114 0.6999999881
13496  -19.717  -74.326  -3.771 0.6999999881
13493  -17.387  -74.767  -3.258 0.6999999881
13482  -18.595  -74.045  -2.770 0.6999999881
14400  -19.525  -74.011  -2.886 0.6999999881
144829  -20.224  -73.787  -2.696 0.6999999881
134934  -21.485  -73.564  -2.002 0.6000000238
146620  -22.823  -73.283  -0.989 0.6000000238
15309  -24.798  -72.748  -0.165 0.5000000000
142806  -23.523  -73.264  -0.880 0.6999999881
15310  -25.712  -72.791  -0.095 0.5000000000
14331  -26.157  -73.198  -0.687 0.5000000000
14332  -27.038  -73.153  -0.801 0.5000000000
15544  -37.379  -71.656  -15.480 0.4000000060
129596  -38.547  -70.862  -16.362 0.5000000000
16475  -39.503  -71.457  -15.748 0.5000000000
14622  -39.376  -71.819  -16.234 0.5000000000
14614  -39.716  -72.578  -15.772 0.4000000060
140074  -36.603  -73.468  -14.224 0.4000000060
15545  -38.345  -71.149  -15.639 0.4000000060
14378  -27.610  -73.401  -2.388 0.6000000238
14407  -27.784  -73.365  -3.404 0.6000000238
14379  -28.338  -73.454  -2.747 0.6000000238
129266  -29.742  -73.484  -3.901 0.6000000238
134818  -29.363  -73.555  -2.923 0.6000000238
126729  -29.027  -72.729  -6.366 0.6000000238
14449  -29.634  -73.177  -5.408 0.6000000238
134817  -30.380  -73.580  -3.028 0.6000000238
15415  -28.078  -71.992  -7.344 0.6000000238
130498  -30.089  -73.372  -4.802 0.5000000000
15398  -29.550  -72.684  -6.990 0.6000000238
14450  -30.378  -73.249  -5.690 0.5000000000
14468  -30.928  -73.232  -6.267 0.5000000000
14399  -16.813  -73.934  -2.783 0.6999999881
130734  -18.067  -73.315  -2.318 0.6999999881
15331  -19.070  -72.876  -1.706 0.6999999881
14370  -19.702  -73.424  -2.018 0.6999999881
131297  -20.304  -72.504  -1.055 0.6000000238
131972  -20.846  -73.177  -1.373 0.6999999881
14327  -22.289  -73.017  -0.757 0.4000000060
15328  -16.367  -73.049  -2.698 0.6999999881
15329  -17.644  -72.461  -2.115 0.6999999881
15330  -18.911  -72.030  -1.468 0.6000000238
15321  -19.616  -72.622  -1.426 0.6000000238
15295  -24.376  -72.178  0.217 0.5000000000
16309  -15.368  -72.080  -3.391 0.6999999881
144847  -16.017  -72.223  -2.925 0.6999999881
16249  -25.764  -71.586  0.785 0.5000000000
16319  -15.178  -71.174  -4.040 0.6999999881
15297  -26.191  -72.295  0.411 0.5000000000
17246  -15.392  -70.379  -4.641 0.6000000238
17264  -15.062  -70.195  -5.503 0.6000000238
17271  -14.803  -70.097  -6.354 0.6000000238
18170  -15.063  -69.704  -7.774 0.5000000000
129112  -16.323  -68.581  -8.161 0.5000000000
126858  -39.172  -71.246  -15.631 0.4000000060
14615  -40.475  -72.220  -15.283 0.4000000060
14409  -31.354  -73.561  -3.085 0.6000000238
16265  -21.597  -72.006  -0.503 0.5000000000
15306  -21.787  -72.640  -0.675 0.5000000000
16293  -17.442  -71.625  -2.146 0.6000000238
127930  -18.118  -71.845  -1.768 0.6000000238
150626  -19.119  -71.410  -1.352 0.6000000238
16264  -20.719  -71.598  -0.719 0.6000000238
16266  -22.211  -71.461  -0.321 0.5000000000
139815  -23.181  -72.339  -0.151 0.5000000000
16248  -24.839  -71.568  0.554 0.5000000000
135228  -16.374  -70.885  -3.197 0.6999999881
17210  -16.868  -71.245  -2.609 0.6000000238
16294  -17.898  -71.169  -1.885 0.6000000238
17200  -19.309  -70.827  -1.321 0.6000000238
18096  -20.449  -69.883  -1.323 0.6000000238
17166  -25.813  -70.838  1.177 0.5000000000
16320  -15.864  -70.628  -3.862 0.6999999881
17211  -16.994  -70.421  -2.948 0.6000000238
18128  -18.121  -69.250  -3.308 0.6000000238
18110  -18.505  -69.690  -2.400 0.6000000238
18112  -20.773  -69.251  -1.951 0.6000000238
17247  -16.096  -69.923  -4.361 0.6000000238
18140  -16.837  -69.496  -4.127 0.6000000238
133289  -17.501  -69.186  -3.922 0.6000000238
18129  -19.080  -69.034  -2.903 0.6000000238
17265  -15.698  -69.757  -5.149 0.6000000238
18153  -16.747  -68.842  -5.313 0.6000000238
152656  -17.904  -68.385  -4.797 0.6000000238
19015  -18.823  -68.619  -3.757 0.6000000238
18163  -15.877  -69.139  -6.500 0.5000000000
18171  -15.695  -69.117  -7.457 0.5000000000
19054  -16.588  -68.646  -6.069 0.5000000000
19045  -18.278  -67.908  -5.271 0.6000000238
19029  -19.410  -68.139  -4.300 0.6000000238
15556  -40.379  -71.810  -15.190 0.4000000060
18190  -14.977  -69.379  -10.049 0.5000000000
19055  -17.117  -67.996  -6.581 0.5000000000
19930  -17.942  -67.612  -6.155 0.6000000238
19932  -19.560  -67.369  -5.508 0.6000000238
129236  -16.113  -68.519  -9.265 0.5000000000
19958  -17.682  -67.489  -8.401 0.5000000000
19065  -17.020  -67.969  -7.718 0.4000000060
19947  -18.578  -67.128  -6.793 0.5000000000
19931  -18.815  -67.412  -5.817 0.6000000238
17192  -22.760  -70.756  -0.148 0.6000000238
17180  -23.576  -70.831  0.261 0.5000000000
17181  -24.462  -70.760  0.635 0.5000000000
18084  -21.972  -70.625  -0.538 0.6000000238
136564  -23.323  -70.047  -0.056 0.5000000000
17182  -25.169  -70.360  1.096 0.5000000000
18113  -21.680  -68.959  -1.960 0.6999999881
18098  -22.767  -69.122  -1.057 0.6999999881
18999  -20.090  -68.954  -2.597 0.6000000238
19017  -20.643  -68.388  -3.376 0.6000000238
19001  -22.049  -68.394  -2.640 0.6999999881
19030  -20.261  -68.034  -4.118 0.6000000238
19018  -21.538  -68.155  -3.329 0.6999999881
19917  -20.733  -67.525  -4.674 0.6000000238
19908  -21.871  -67.602  -3.936 0.6999999881
19983  -16.482  -67.232  -9.671 0.5000000000
19971  -17.548  -67.312  -9.176 0.5000000000
19960  -19.193  -66.723  -7.379 0.4000000060
19948  -19.520  -66.932  -6.342 0.6000000238
19933  -20.394  -67.116  -5.580 0.6000000238
19984  -17.411  -66.998  -9.551 0.5000000000
19959  -18.482  -67.060  -8.055 0.4000000060
146311  -19.829  -66.523  -7.060 0.5000000000
18080  -24.513  -69.836  0.787 0.5000000000
18086  -23.225  -69.296  -0.507 0.6000000238
133969  -23.533  -68.736  -0.398 0.5000000000
135502  -24.301  -68.055  0.641 0.5000000000
18988  -22.646  -68.549  -1.817 0.6999999881
19003  -23.116  -67.863  -2.226 0.6999999881
19002  -22.705  -68.013  -2.623 0.6000000238
19919  -22.109  -67.024  -4.682 0.6999999881
19909  -23.043  -67.363  -3.052 0.6000000238
20820  -21.233  -66.561  -6.060 0.6000000238
134380  -21.879  -66.615  -5.461 0.6000000238
20894  -19.238  -66.102  -9.321 0.5000000000
132804  -19.763  -66.402  -7.914 0.4000000060
138871  -20.936  -66.273  -6.838 0.6000000238
21802  -20.691  -65.385  -9.015 0.4000000060
20863  -20.375  -65.917  -8.421 0.4000000060
21785  -21.719  -65.304  -8.155 0.5000000000
20841  -21.486  -66.068  -6.752 0.5000000000
18977  -23.530  -67.939  -0.733 0.6000000238
19862  -23.906  -67.606  0.180 0.5000000000
18989  -23.256  -68.135  -1.545 0.6000000238
142361  -23.679  -67.137  -0.329 0.5000000000
20788  -23.422  -66.808  -1.874 0.6000000238
138804  -23.371  -66.657  -2.748 0.6000000238
20779  -23.400  -66.178  -1.213 0.5000000000
150010  -23.233  -66.812  -3.276 0.6000000238
20808  -22.830  -66.586  -4.506 0.6999999881
20797  -23.285  -66.292  -3.496 0.5000000000
20842  -22.122  -66.042  -6.193 0.6000000238
21804  -22.101  -64.720  -8.633 0.4000000060
21772  -22.659  -65.286  -6.796 0.5000000000
150499  -21.205  -60.654  -1.600 0.4000000060
28713  -20.882  -58.902  -2.037 0.3000000119
26714  -22.059  -59.720  -1.699 0.4000000060
21719  -24.217  -65.852  0.751 0.5000000000
25794  -22.405  -61.638  -3.122 0.3000000119
25785  -22.611  -60.834  -2.718 0.4000000060
137886  -23.330  -65.197  -1.318 0.5000000000
22668  -23.977  -65.073  0.501 0.5000000000
24816  -22.187  -62.287  -4.964 0.3000000119
25795  -22.777  -61.230  -3.796 0.4000000060
137727  -23.317  -65.088  -2.343 0.5000000000
24823  -21.687  -62.508  -5.873 0.3000000119
21748  -23.402  -65.394  -3.910 0.6000000238
21762  -23.316  -65.289  -5.572 0.6999999881
22734  -23.644  -64.583  -4.645 0.6000000238
21786  -22.416  -64.983  -7.782 0.5000000000
21773  -23.378  -64.900  -6.426 0.5000000000
139308  -23.850  -64.312  -6.475 0.4000000060
22747  -24.165  -63.909  -6.154 0.4000000060
28711  -19.279  -58.289  -3.212 0.3000000119
28712  -19.977  -58.609  -2.582 0.3000000119
29711  -20.936  -57.510  -2.130 0.3000000119
28700  -22.193  -58.392  -1.818 0.3000000119
27680  -22.421  -59.145  -1.943 0.4000000060
22681  -23.560  -64.875  -0.311 0.5000000000
25804  -22.761  -61.459  -5.003 0.4000000060
26738  -23.076  -59.994  -3.045 0.4000000060
139525  -23.430  -64.344  -1.004 0.5000000000
24824  -22.380  -61.924  -5.777 0.4000000060
137893  -23.277  -60.632  -5.610 0.4000000060
22708  -23.472  -64.337  -2.798 0.5000000000
23741  -23.591  -63.587  -1.349 0.5000000000
25812  -22.279  -61.973  -6.691 0.4000000060
22723  -23.563  -64.453  -3.709 0.5000000000
22746  -23.699  -64.624  -5.636 0.5000000000
23767  -23.889  -63.778  -4.319 0.5000000000
22778  -23.013  -63.631  -8.718 0.3000000119
22769  -24.092  -63.612  -7.704 0.4000000060
23775  -24.529  -63.272  -5.809 0.4000000060
23768  -24.402  -63.170  -4.878 0.4000000060
29721  -18.176  -57.418  -3.348 0.3000000119
29710  -19.818  -57.660  -2.683 0.3000000119
29701  -21.961  -57.516  -1.839 0.4000000060
29712  -22.541  -57.904  -2.128 0.4000000060
22659  -25.550  -64.465  1.465 0.4000000060
28724  -23.238  -58.450  -3.123 0.4000000060
23694  -24.938  -63.836  1.179 0.4000000060
143882  -23.383  -59.968  -4.046 0.4000000060
27705  -23.332  -59.222  -3.570 0.4000000060
23728  -23.731  -63.800  -0.347 0.4000000060
27712  -23.462  -59.170  -4.707 0.4000000060
23750  -23.641  -63.560  -2.373 0.5000000000
26754  -23.419  -60.458  -6.532 0.4000000060
26768  -23.619  -61.283  -7.949 0.3000000119
23751  -24.019  -62.864  -2.979 0.5000000000
24832  -25.368  -61.998  -7.137 0.3000000119
30730  -19.187  -56.805  -3.075 0.3000000119
126471  -19.561  -55.986  -2.682 0.3000000119
30731  -20.262  -56.752  -2.437 0.3000000119
30732  -21.797  -55.866  -2.116 0.4000000060
30733  -22.294  -56.647  -2.162 0.4000000060
30746  -22.577  -55.798  -2.711 0.3000000119
30734  -23.006  -56.738  -3.038 0.4000000060
23696  -26.905  -63.546  1.519 0.4000000060
23698  -28.424  -63.180  1.323 0.4000000060
29723  -23.286  -57.534  -3.731 0.4000000060
23712  -24.751  -63.042  0.708 0.4000000060
24780  -23.901  -62.917  -0.811 0.4000000060
27720  -23.564  -59.115  -5.841 0.3000000119
24794  -24.283  -62.221  -1.107 0.4000000060
26761  -23.467  -60.761  -7.279 0.3000000119
26762  -23.923  -59.884  -7.115 0.3000000119
26770  -24.743  -60.553  -7.908 0.3000000119
32772  -17.708  -54.538  -1.992 0.3000000119
31740  -20.044  -55.154  -2.477 0.4000000060
31741  -21.198  -55.120  -2.254 0.4000000060
31742  -22.111  -55.062  -2.467 0.4000000060
24770  -29.688  -62.634  0.995 0.4000000060
24750  -28.595  -62.457  1.402 0.4000000060
30747  -23.154  -55.594  -4.067 0.4000000060
24747  -26.150  -62.732  1.363 0.4000000060
28730  -23.396  -58.355  -4.249 0.4000000060
24767  -24.729  -62.359  0.192 0.4000000060
24769  -25.995  -61.856  1.002 0.4000000060
28738  -23.541  -58.323  -5.494 0.3000000119
145082  -24.336  -62.456  -0.416 0.4000000060
27728  -24.425  -59.114  -7.012 0.3000000119
24803  -24.434  -62.029  -1.835 0.5000000000
26769  -24.120  -60.538  -7.759 0.3000000119
27738  -25.033  -59.991  -7.547 0.3000000119
140523  -24.444  -62.165  -2.625 0.5000000000
24826  -25.380  -61.769  -6.092 0.3000000119
24817  -24.712  -62.405  -4.512 0.4000000060
138335  -24.493  -63.326  -7.369 0.4000000060
32784  -17.969  -54.110  -2.148 0.3000000119
32788  -22.317  -54.350  -2.986 0.3000000119
31751  -22.745  -54.883  -3.408 0.3000000119
24752  -30.008  -62.009  1.153 0.4000000060
129769  -23.385  -56.476  -4.510 0.3000000119
25729  -28.359  -61.812  1.469 0.4000000060
25730  -29.925  -61.241  1.392 0.3000000119
29732  -23.536  -57.329  -5.219 0.3000000119
25749  -26.094  -61.080  0.665 0.4000000060
25728  -27.380  -61.563  1.353 0.4000000060
148913  -24.913  -57.770  -6.671 0.3000000119
28749  -25.084  -58.513  -6.798 0.3000000119
25779  -24.735  -61.546  -1.324 0.4000000060
26763  -25.395  -60.445  -7.182 0.3000000119
26748  -25.724  -60.432  -5.356 0.3000000119
25805  -25.552  -61.194  -5.480 0.3000000119
25797  -25.443  -61.035  -3.793 0.3000000119
31752  -23.386  -54.622  -4.578 0.3000000119
32796  -23.701  -53.991  -4.861 0.3000000119
150371  -23.610  -55.696  -5.103 0.3000000119
138979  -28.925  -61.187  1.537 0.3000000119
149936  -26.573  -61.484  1.115 0.4000000060
141730  -28.446  -60.433  1.487 0.4000000060
29743  -25.114  -56.961  -6.165 0.3000000119
25748  -25.337  -61.573  0.257 0.4000000060
26660  -26.766  -60.944  1.011 0.4000000060
27721  -25.491  -59.114  -6.332 0.3000000119
26756  -25.637  -59.949  -6.372 0.3000000119
25780  -25.325  -60.825  -1.751 0.3000000119
26739  -25.741  -60.429  -4.339 0.3000000119
30756  -25.250  -56.328  -5.224 0.3000000119
28739  -25.481  -57.869  -5.714 0.3000000119
129413  -26.511  -60.227  0.511 0.3000000119
27638  -27.964  -59.679  1.320 0.3000000119
27722  -25.676  -58.822  -5.563 0.3000000119
26700  -25.698  -60.361  -0.937 0.3000000119
26715  -25.850  -60.348  -2.549 0.3000000119
128284  -25.200  -55.746  -3.802 0.3000000119
128887  -25.099  -54.787  -2.270 0.3000000119
29733  -25.638  -57.750  -4.858 0.3000000119
27657  -26.694  -59.322  0.086 0.3000000119
30735  -25.568  -56.395  -2.945 0.3000000119
31743  -25.624  -55.759  -2.134 0.3000000119
24825  -24.885  -62.521  -5.448 0.4000000060
24841  -25.014  -62.074  -7.972 0.3000000119
152570  -25.509  -61.250  -6.904 0.3000000119
130812  -28.126  -77.602  -18.245 0.6000000238
147670  -27.764  -77.137  -15.885 0.5000000000
10354  -28.229  -79.134  -15.637 0.5000000000
9612  -28.254  -79.775  -16.538 0.5000000000
11166  -27.764  -77.301  -15.134 0.5000000000
12739  -28.159  -75.662  -12.021 0.5000000000
148934  -28.113  -77.296  -20.809 0.6999999881
11197  -29.805  -77.301  -20.284 0.6999999881
12819  -27.231  -76.271  -20.582 0.6999999881
10376  -27.254  -78.312  -20.377 0.6999999881
134446  -27.828  -76.034  -13.281 0.4000000060
11982  -25.758  -76.662  -20.202 0.6999999881
12767  -29.683  -75.358  -15.124 0.5000000000
9504  -33.085  -79.267  -6.858 0.3000000119
12768  -30.622  -75.449  -14.825 0.5000000000
13685  -31.130  -74.236  -19.350 0.6000000238
13692  -29.739  -74.695  -19.759 0.6000000238
14637  -30.653  -73.527  -18.815 0.5000000000
16477  -28.694  -71.543  -16.364 0.6000000238
13689  -26.868  -75.062  -19.464 0.6999999881
9440  -31.455  -79.085  -3.109 0.3000000119
14624  -26.579  -73.529  -17.411 0.6000000238
14633  -26.881  -73.869  -18.177 0.6000000238
12808  -25.871  -75.264  -19.221 0.6999999881
11960  -29.300  -76.287  -17.389 0.5000000000
12779  -28.881  -75.598  -15.459 0.6000000238
11946  -27.949  -76.558  -15.451 0.5000000000
12807  -24.961  -75.499  -18.939 0.6000000238
11981  -25.006  -76.714  -19.674 0.6999999881
13661  -25.265  -74.250  -15.665 0.5000000000
11980  -24.443  -76.723  -19.087 0.5000000000
9505  -33.609  -79.608  -7.316 0.3000000119
15530  -26.385  -72.544  -13.822 0.6000000238
11967  -23.580  -76.724  -17.569 0.5000000000
9568  -34.390  -79.216  -12.917 0.3000000119
11976  -30.699  -77.274  -18.951 0.5000000000
10275  -33.457  -79.426  -8.092 0.3000000119
11957  -23.367  -76.693  -16.715 0.5000000000
14640  -33.556  -73.816  -18.411 0.4000000060
10208  -33.203  -78.146  -2.187 0.3000000119
17332  -30.769  -69.823  -13.465 0.6000000238
20013  -27.350  -66.589  -12.666 0.6999999881
18210  -28.339  -69.118  -12.004 0.6000000238
16413  -28.735  -71.205  -10.711 0.6000000238
16445  -30.829  -70.884  -13.438 0.6000000238
14594  -34.484  -73.523  -14.792 0.5000000000
139424  -35.935  -73.268  -17.609 0.4000000060
134991  -32.159  -73.623  -12.352 0.6000000238
14562  -32.550  -73.788  -13.027 0.5000000000
15495  -31.140  -72.765  -11.213 0.6000000238
13571  -35.264  -74.663  -9.206 0.4000000060
140678  -24.304  -67.862  -11.517 0.6000000238
17313  -26.481  -69.704  -10.256 0.6999999881
14466  -21.423  -73.282  -6.319 0.6000000238
15552  -35.229  -71.446  -15.937 0.4000000060
13632  -35.083  -74.391  -13.516 0.4000000060
14518  -37.012  -73.748  -8.930 0.4000000060
127868  -32.929  -73.651  -7.068 0.4000000060
19105  -23.572  -67.772  -11.806 0.6000000238
15373  -22.956  -72.875  -5.973 0.6000000238
16487  -38.628  -70.936  -16.591 0.5000000000
16354  -22.846  -71.958  -7.951 0.5000000000
143426  -25.964  -73.298  -3.278 0.6000000238
16373  -22.614  -71.631  -8.734 0.4000000060
17292  -26.683  -70.812  -8.804 0.5000000000
14563  -36.461  -73.933  -12.571 0.5000000000
16344  -26.569  -71.647  -6.743 0.6000000238
17291  -25.797  -70.610  -8.618 0.5000000000
16332  -14.781  -70.640  -4.953 0.6000000238
17201  -20.099  -70.711  -1.021 0.5000000000
18109  -17.687  -69.982  -2.677 0.6000000238
17213  -18.861  -70.212  -1.706 0.6000000238
143503  -21.780  -69.949  -0.845 0.6000000238
127059  -16.447  -69.333  -4.857 0.6000000238
19088  -15.976  -68.014  -9.913 0.5000000000
131461  -23.832  -69.331  0.196 0.5000000000
20796  -23.052  -66.746  -3.747 0.6000000238
20879  -18.716  -66.626  -8.981 0.5000000000
20822  -23.123  -65.937  -5.079 0.6000000238
26729  -21.984  -60.591  -1.759 0.3000000119
20770  -23.565  -66.404  -0.434 0.5000000000
22767  -22.780  -64.348  -8.334 0.3000000119
22669  -24.376  -64.456  0.857 0.4000000060
146107  -23.901  -64.372  0.278 0.4000000060
22756  -23.734  -64.226  -7.179 0.4000000060
23800  -24.121  -62.733  -8.481 0.3000000119
24809  -24.543  -62.281  -3.579 0.5000000000
136431  -27.076  -62.675  1.456 0.4000000060
31738  -18.182  -55.172  -2.469 0.3000000119
28747  -24.004  -58.416  -6.515 0.3000000119
25764  -24.699  -61.832  -0.472 0.4000000060
24818  -25.236  -61.795  -5.052 0.3000000119
29741  -24.128  -56.941  -6.171 0.3000000119
25796  -24.933  -61.594  -3.223 0.4000000060
33770  -17.639  -53.171  -1.668 0.3000000119
30764  -24.869  -56.302  -6.129 0.3000000119
26685  -25.714  -60.623  -0.015 0.4000000060
138148  -25.359  -57.044  -5.477 0.3000000119
9565  -22.857  -79.349  -12.066 0.5000000000
10326  -23.093  -78.506  -12.419 0.5000000000
10327  -23.586  -78.364  -13.221 0.5000000000
10343  -23.648  -77.648  -15.190 0.4000000060
10315  -21.928  -78.334  -10.988 0.5000000000
10316  -22.562  -78.467  -11.725 0.5000000000
11135  -22.853  -77.707  -12.924 0.5000000000
11145  -22.939  -77.477  -13.792 0.5000000000
11154  -23.034  -77.275  -14.606 0.5000000000
152314  -23.145  -77.128  -15.344 0.4000000060
11125  -22.051  -77.454  -11.641 0.5000000000
11144  -22.471  -77.040  -13.439 0.5000000000
132811  -23.342  -76.020  -15.310 0.4000000060
11909  -21.953  -76.521  -12.002 0.5000000000
11919  -22.372  -76.496  -12.839 0.5000000000
11134  -22.264  -77.144  -12.600 0.5000000000
12737  -22.365  -75.669  -12.085 0.5000000000
12751  -22.644  -75.904  -12.919 0.5000000000
12753  -23.856  -75.180  -13.743 0.5000000000
12765  -23.906  -75.347  -14.744 0.4000000060
12726  -21.728  -75.745  -11.332 0.5000000000
13616  -23.378  -74.477  -12.057 0.5000000000
13629  -24.397  -74.509  -13.209 0.5000000000
13645  -24.535  -74.721  -14.143 0.5000000000
14557  -20.909  -73.312  -12.245 0.5000000000
133583  -22.179  -74.945  -11.412 0.5000000000
13600  -21.763  -74.285  -11.260 0.5000000000
13601  -22.757  -74.127  -11.533 0.5000000000
14542  -23.126  -73.319  -11.629 0.5000000000
13617  -24.125  -74.128  -12.399 0.5000000000
15493  -23.811  -72.964  -11.832 0.5000000000
14575  -24.890  -73.757  -12.826 0.5000000000
14576  -25.405  -73.697  -13.498 0.5000000000
147619  -22.422  -72.348  -12.420 0.5000000000
15528  -22.662  -71.741  -13.095 0.5000000000
17338  -23.010  -70.340  -14.445 0.5000000000
15492  -23.305  -72.712  -11.805 0.5000000000
16442  -23.557  -70.643  -13.679 0.5000000000
139882  -23.893  -69.951  -13.912 0.5000000000
15513  -24.463  -72.460  -12.209 0.5000000000
16430  -24.391  -71.626  -12.487 0.5000000000
17329  -24.275  -70.784  -13.120 0.5000000000
15514  -25.101  -71.853  -12.517 0.5000000000
16431  -24.989  -71.032  -12.841 0.5000000000
14560  -25.175  -72.818  -12.563 0.5000000000
135698  -25.782  -73.025  -13.214 0.5000000000
14577  -25.973  -73.451  -14.100 0.5000000000
19112  -22.499  -67.854  -12.759 0.5000000000
19113  -23.393  -67.390  -12.574 0.6000000238
18218  -23.388  -69.299  -14.298 0.5000000000
129767  -24.222  -69.069  -14.077 0.5000000000
20016  -23.821  -67.312  -13.170 0.5000000000
18219  -25.060  -69.060  -13.770 0.5000000000
137478  -25.451  -68.214  -13.713 0.5000000000
16443  -25.610  -71.266  -13.006 0.5000000000
15529  -25.789  -72.144  -12.930 0.5000000000
18206  -21.567  -68.959  -12.236 0.5000000000
19104  -22.772  -67.952  -12.147 0.5000000000
20010  -24.456  -66.907  -12.687 0.6000000238
11871  -17.396  -75.769  -8.365 0.5000000000
12679  -18.462  -75.402  -7.322 0.6000000238
11860  -17.285  -76.238  -7.620 0.5000000000
12668  -18.002  -76.029  -7.044 0.5000000000
13527  -19.102  -75.106  -6.093 0.6000000238
12658  -18.520  -75.670  -5.540 0.6000000238
11847  -17.334  -76.451  -6.670 0.5000000000
12646  -17.742  -76.210  -4.986 0.6000000238
11825  -16.786  -76.458  -4.884 0.5000000000
13516  -19.128  -75.045  -5.080 0.6000000238
12647  -18.358  -75.516  -4.603 0.6000000238
12645  -16.359  -75.976  -4.206 0.5000000000
152429  -17.510  -75.288  -3.710 0.6000000238
13494  -18.263  -74.601  -3.328 0.6000000238
12631  -15.986  -75.344  -3.656 0.5000000000
13492  -16.447  -74.676  -3.226 0.5000000000
14397  -15.284  -73.663  -3.289 0.5000000000
15343  -15.019  -72.813  -3.428 0.6000000238
16330  -13.721  -70.812  -5.073 0.6000000238
148738  -14.107  -71.268  -4.540 0.5000000000
14398  -15.994  -73.813  -3.008 0.6000000238
132645  -14.528  -71.224  -4.387 0.5000000000
16341  -14.304  -70.371  -6.562 0.6000000238
17263  -14.599  -70.385  -5.781 0.6000000238
18162  -15.198  -69.647  -6.885 0.6000000238
9516  -33.957  -79.740  -8.672 0.3000000119
129894  -35.236  -80.633  -9.097 0.3000000119
10311  -33.489  -78.868  -10.572 0.3000000119
8025  -37.273  -81.587  -10.173 0.3000000119
9542  -34.099  -79.386  -11.041 0.3000000119
10299  -33.366  -78.978  -9.718 0.3000000119
10298  -32.825  -78.513  -9.265 0.3000000119
136760  -25.497  -69.856  -13.491 0.5000000000
129961  -25.208  -67.302  -13.431 0.5000000000
13542  -19.374  -74.346  -7.437 0.5000000000
142459  -22.959  -76.671  -14.782 0.4000000060
12764  -23.201  -75.877  -14.319 0.5000000000
13615  -22.738  -74.846  -11.845 0.5000000000
14540  -21.498  -73.553  -11.595 0.5000000000
14541  -22.304  -73.506  -11.525 0.5000000000
15527  -22.010  -72.233  -13.263 0.5000000000
16441  -22.922  -71.101  -13.996 0.5000000000
16429  -23.521  -71.384  -12.816 0.5000000000
152746  -33.798  -79.488  -9.360 0.3000000119
8773  -35.375  -80.463  -11.134 0.3000000119
8757  -35.752  -80.930  -9.635 0.3000000119
9528  -34.458  -80.058  -9.459 0.3000000119
9543  -34.606  -80.011  -10.558 0.3000000119
8774  -35.924  -80.929  -10.444 0.3000000119
26661  -27.450  -60.499  1.186 0.3000000119
8756  -35.186  -80.565  -10.049 0.3000000119
8758  -36.416  -81.288  -9.834 0.3000000119
8828  -28.674  -80.349  -14.716 0.5000000000
8856  -27.034  -80.167  -19.174 0.5000000000
9428  -30.865  -79.553  -2.662 0.3000000119
9442  -33.514  -78.492  -3.983 0.3000000119
9456  -31.639  -78.972  -4.010 0.3000000119
9458  -33.148  -78.912  -4.522 0.3000000119
9475  -31.843  -78.790  -4.689 0.3000000119
9476  -32.348  -78.861  -5.451 0.3000000119
9506  -34.109  -79.929  -7.844 0.3000000119
9527  -33.939  -79.483  -10.109 0.3000000119
9558  -34.733  -79.883  -11.567 0.3000000119
9581  -28.049  -79.434  -13.355 0.5000000000
9583  -33.998  -78.722  -13.295 0.3000000119
9597  -34.667  -78.745  -14.460 0.3000000119
9615  -24.987  -78.924  -18.522 0.5000000000
9618  -27.481  -80.075  -18.831 0.5000000000
9620  -26.588  -79.505  -19.649 0.5000000000
10194  -33.219  -78.675  -1.428 0.3000000119
10206  -32.113  -78.747  -2.846 0.3000000119
10207  -32.474  -78.662  -2.054 0.3000000119
10273  -31.936  -78.149  -6.962 0.3000000119
10287  -33.353  -79.151  -8.890 0.3000000119
10319  -33.221  -78.086  -11.781 0.4000000060
10353  -27.801  -78.004  -15.879 0.5000000000
10359  -24.015  -77.656  -17.576 0.5000000000
10362  -27.911  -78.790  -16.441 0.5000000000
10365  -24.596  -78.344  -18.740 0.6000000238
10368  -27.929  -78.150  -19.669 0.8000000119
10371  -26.116  -78.850  -20.089 0.6000000238
10375  -26.588  -78.461  -20.367 0.6999999881
10986  -33.786  -78.050  -1.742 0.3000000119
11000  -34.032  -77.687  -2.461 0.3000000119
11086  -31.664  -77.457  -8.443 0.3000000119
11100  -31.807  -77.347  -9.313 0.4000000060
11117  -32.557  -77.682  -10.662 0.4000000060
11138  -33.458  -78.133  -12.726 0.3000000119
11153  -22.662  -76.993  -14.140 0.4000000060
11155  -27.773  -77.418  -14.368 0.5000000000
11157  -33.618  -78.176  -14.466 0.3000000119
11167  -33.100  -77.845  -16.030 0.3000000119
11176  -23.606  -77.185  -17.147 0.5000000000
11178  -28.180  -77.043  -17.351 0.6000000238
11180  -33.658  -77.728  -16.305 0.3000000119
11182  -34.988  -77.360  -15.993 0.3000000119
11183  -23.759  -77.210  -17.858 0.5000000000
11188  -23.900  -76.829  -18.393 0.5000000000
11189  -24.350  -77.326  -18.945 0.6000000238
11192  -30.407  -77.311  -19.680 0.6999999881
11194  -24.781  -77.436  -19.529 0.6000000238
11195  -25.404  -77.434  -20.110 0.6999999881
11198  -30.644  -77.129  -20.073 0.4000000060
11199  -26.696  -77.860  -20.654 0.6999999881
11200  -27.438  -77.598  -20.729 0.6999999881
11201  -28.842  -77.251  -20.604 0.6999999881
11859  -16.444  -76.389  -7.666 0.5000000000
11876  -30.641  -76.453  -8.402 0.3000000119
11899  -31.513  -76.555  -10.476 0.4000000060
11908  -21.610  -76.583  -11.183 0.5000000000
11927  -22.687  -76.412  -13.742 0.5000000000
11928  -28.223  -75.799  -14.045 0.4000000060
11929  -31.964  -76.435  -13.902 0.4000000060
11938  -32.605  -77.107  -14.308 0.3000000119
11945  -23.186  -76.681  -15.794 0.4000000060
11947  -28.399  -76.094  -15.851 0.6000000238
11959  -28.636  -76.266  -16.782 0.5000000000
11969  -29.625  -76.798  -18.208 0.5000000000
11974  -35.001  -75.980  -16.799 0.4000000060
11983  -31.262  -76.783  -19.794 0.4000000060
11984  -32.028  -76.441  -19.359 0.4000000060
11985  -26.642  -76.720  -20.636 0.6999999881
11987  -28.525  -76.754  -20.990 0.6999999881
11990  -30.803  -76.621  -20.309 0.6000000238
12632  -16.934  -75.456  -3.714 0.5000000000
12633  -17.653  -75.674  -4.166 0.6000000238
12634  -18.032  -75.201  -3.798 0.6000000238
12657  -17.947  -76.196  -6.066 0.6000000238
12669  -18.539  -75.589  -6.517 0.6000000238
12678  -17.991  -75.609  -7.885 0.5000000000
12714  -29.244  -75.408  -10.917 0.5000000000
12715  -30.435  -75.774  -10.451 0.4000000060
12728  -28.639  -75.481  -11.503 0.5000000000
12738  -22.996  -75.215  -12.465 0.5000000000
12740  -28.794  -75.437  -12.364 0.5000000000
12742  -30.135  -75.425  -12.245 0.5000000000
12752  -23.138  -75.592  -13.343 0.5000000000
12754  -28.157  -75.687  -12.655 0.5000000000
12756  -30.397  -75.447  -13.230 0.5000000000
12766  -28.868  -75.471  -14.590 0.5000000000
12769  -31.390  -75.882  -14.432 0.5000000000
12781  -30.513  -75.520  -15.776 0.5000000000
12795  -29.466  -75.881  -16.753 0.5000000000
12797  -31.059  -76.012  -16.360 0.4000000060
12799  -37.330  -75.150  -15.964 0.4000000060
12800  -23.731  -76.230  -17.939 0.5000000000
12802  -30.070  -76.293  -17.412 0.5000000000
12805  -35.326  -75.178  -17.100 0.4000000060
12806  -36.035  -74.942  -16.806 0.4000000060
12812  -26.411  -75.902  -20.067 0.6999999881
12815  -30.212  -75.444  -20.364 0.6000000238
12816  -30.964  -75.600  -20.192 0.4000000060
12820  -28.055  -76.189  -20.793 0.6999999881
12822  -29.819  -76.065  -20.795 0.6000000238
13481  -17.708  -74.011  -2.726 0.6999999881
13495  -19.058  -74.451  -3.532 0.6999999881
13507  -19.424  -74.610  -4.352 0.6999999881
13529  -20.025  -74.184  -6.258 0.6000000238
13530  -33.493  -73.803  -6.603 0.5000000000
13541  -18.971  -74.966  -7.021 0.6000000238
13544  -34.449  -74.431  -7.464 0.6000000238
13545  -35.302  -74.606  -7.620 0.5000000000
13555  -19.238  -74.035  -8.092 0.5000000000
13587  -34.623  -74.695  -10.868 0.6000000238
13599  -20.822  -73.983  -11.490 0.5000000000
13605  -35.209  -74.619  -11.713 0.5000000000
13620  -35.919  -74.314  -12.270 0.4000000060
13628  -23.691  -74.851  -12.828 0.5000000000
13630  -24.945  -74.210  -13.603 0.5000000000
13647  -33.726  -74.214  -13.666 0.5000000000
13670  -25.234  -74.312  -16.687 0.5000000000
13673  -24.589  -74.906  -17.220 0.5000000000
13683  -29.149  -74.160  -19.208 0.6000000238
13684  -30.263  -74.162  -19.320 0.6000000238
13687  -33.692  -74.505  -18.392 0.4000000060
13691  -28.791  -74.791  -19.762 0.6000000238
14328  -22.998  -72.841  -0.547 0.4000000060
14329  -24.389  -73.222  -0.746 0.6999999881
14330  -25.277  -73.210  -0.675 0.5000000000
14349  -20.187  -73.117  -1.565 0.6000000238
14350  -21.596  -73.167  -1.074 0.6999999881
14351  -22.273  -73.412  -1.432 0.6000000238
14355  -26.554  -73.368  -1.442 0.5000000000
14356  -27.371  -73.325  -1.609 0.5000000000
14368  -17.194  -73.163  -2.426 0.6999999881
14369  -18.881  -73.444  -2.200 0.6999999881
14371  -20.561  -73.542  -2.084 0.6999999881
14377  -26.375  -73.395  -2.796 0.6000000238
14396  -14.609  -73.517  -3.454 0.5000000000
14401  -20.399  -74.060  -3.599 0.6999999881
14403  -22.176  -73.662  -3.849 0.6000000238
14406  -26.530  -73.245  -3.491 0.6000000238
14424  -23.628  -73.319  -4.368 0.6000000238
14427  -27.708  -73.155  -4.195 0.6000000238
14445  -21.097  -73.648  -5.562 0.6000000238
14447  -23.864  -72.944  -5.042 0.5000000000
14454  -36.363  -73.446  -5.687 0.4000000060
14481  -20.380  -73.426  -7.376 0.6000000238
14483  -31.686  -73.222  -7.336 0.5000000000
14484  -32.363  -73.468  -7.654 0.4000000060
14485  -33.040  -73.806  -7.853 0.6000000238
14486  -36.633  -73.943  -7.472 0.4000000060
14496  -19.475  -73.478  -8.433 0.6000000238
14497  -20.084  -73.194  -8.113 0.5000000000
14500  -33.036  -74.013  -9.117 0.6000000238
14543  -23.603  -73.674  -11.857 0.5000000000
14544  -31.568  -73.150  -12.001 0.6000000238
14558  -21.785  -72.830  -12.132 0.5000000000
14559  -24.373  -73.293  -12.194 0.5000000000
14574  -21.270  -72.791  -13.287 0.5000000000
14579  -35.686  -73.913  -14.263 0.5000000000
14593  -33.710  -73.633  -14.435 0.5000000000
14608  -26.363  -73.169  -15.623 0.6000000238
14610  -34.810  -72.606  -15.379 0.4000000060
14617  -25.819  -73.729  -16.158 0.6000000238
14619  -27.052  -72.946  -16.914 0.6000000238
14620  -38.054  -73.110  -16.749 0.4000000060
14629  -34.866  -72.920  -17.896 0.4000000060
14638  -31.608  -73.524  -18.820 0.5000000000
15296  -25.272  -72.227  0.326 0.5000000000
15307  -22.431  -72.314  -0.370 0.5000000000
15308  -23.831  -72.684  -0.279 0.5000000000
15322  -21.099  -72.576  -0.783 0.6000000238
15342  -14.366  -72.732  -3.561 0.6000000238
15344  -15.629  -72.943  -3.063 0.6000000238
15358  -14.761  -71.954  -3.713 0.6000000238
15360  -25.931  -72.658  -4.579 0.6000000238
15361  -26.655  -72.586  -4.785 0.6000000238
15378  -28.863  -72.918  -5.630 0.6000000238
15379  -29.633  -72.963  -6.110 0.6000000238
15391  -21.832  -72.818  -6.906 0.6000000238
15396  -26.321  -71.894  -6.009 0.6000000238
15397  -28.656  -72.430  -6.878 0.6000000238
15399  -30.322  -73.003  -6.572 0.6000000238
15400  -31.013  -73.076  -6.984 0.5000000000
15401  -36.943  -73.035  -6.327 0.4000000060
15414  -23.013  -72.230  -7.253 0.5000000000
15417  -29.895  -72.540  -7.847 0.5000000000
15431  -20.394  -72.749  -8.459 0.5000000000
15433  -29.526  -72.311  -8.529 0.5000000000
15453  -29.898  -72.353  -9.143 0.5000000000
15473  -29.822  -72.094  -9.962 0.5000000000
15510  -22.660  -72.783  -11.789 0.5000000000
15511  -23.037  -72.152  -12.220 0.5000000000
15512  -23.778  -72.222  -12.112 0.5000000000
15540  -26.785  -72.426  -14.948 0.6000000238
15554  -36.890  -70.985  -16.294 0.5000000000
15555  -39.783  -71.779  -15.757 0.4000000060
15563  -38.838  -71.447  -16.693 0.5000000000
15564  -39.192  -71.265  -16.218 0.5000000000
15569  -31.697  -72.148  -17.719 0.5000000000
15572  -36.253  -72.226  -17.705 0.4000000060
15574  -38.259  -71.010  -17.139 0.5000000000
16247  -23.988  -71.534  0.336 0.5000000000
16280  -18.583  -71.124  -1.571 0.6000000238
16281  -19.688  -71.660  -1.110 0.6000000238
16292  -16.800  -72.197  -2.460 0.6999999881
16310  -15.822  -71.423  -3.370 0.6999999881
16331  -14.305  -70.717  -5.369 0.6000000238
16343  -25.024  -71.687  -6.588 0.6000000238
16346  -27.924  -72.220  -6.553 0.6000000238
16377  -26.315  -71.007  -7.991 0.5000000000
16378  -27.165  -71.294  -8.201 0.6000000238
16397  -23.165  -71.169  -9.237 0.6000000238
16415  -29.916  -71.923  -10.952 0.6000000238
16446  -31.448  -71.100  -13.896 0.6000000238
16457  -27.500  -70.685  -14.607 0.6999999881
16460  -33.353  -70.487  -15.222 0.5000000000
16462  -40.081  -71.532  -15.060 0.4000000060
16469  -29.011  -70.971  -16.068 0.6000000238
16478  -29.636  -71.290  -16.455 0.5000000000
16482  -33.864  -70.764  -16.541 0.4000000060
16484  -35.992  -70.803  -17.014 0.5000000000
16486  -38.037  -70.605  -16.855 0.5000000000
16490  -33.282  -71.286  -17.179 0.4000000060
17191  -21.498  -71.244  -0.546 0.6000000238
17202  -21.080  -70.487  -0.816 0.5000000000
17212  -18.114  -70.455  -2.022 0.6000000238
17278  -14.641  -70.100  -7.246 0.6000000238
17302  -24.522  -70.334  -9.450 0.5000000000
17312  -23.170  -70.139  -10.423 0.6000000238
17315  -28.152  -70.583  -10.970 0.6000000238
17330  -24.852  -70.045  -13.504 0.5000000000
17331  -25.456  -70.530  -13.207 0.5000000000
17342  -32.081  -69.302  -14.557 0.6000000238
17343  -32.725  -69.553  -14.884 0.5000000000
17348  -29.657  -70.461  -15.932 0.6000000238
17351  -33.299  -70.119  -15.635 0.5000000000
18079  -23.939  -70.154  0.391 0.5000000000
18085  -22.553  -69.864  -0.595 0.6000000238
18095  -19.635  -70.053  -1.461 0.6000000238
18097  -21.305  -69.616  -1.336 0.6000000238
18099  -23.202  -68.635  -1.045 0.6999999881
18111  -19.345  -69.539  -2.106 0.6000000238
18127  -17.266  -69.709  -3.422 0.6000000238
18141  -17.248  -68.854  -4.638 0.6000000238
18142  -18.029  -68.729  -4.144 0.6000000238
18151  -15.422  -69.684  -6.001 0.6000000238
18152  -16.136  -69.243  -5.641 0.6000000238
18192  -24.956  -69.711  -9.941 0.5000000000
18198  -21.924  -69.630  -11.343 0.6000000238
18200  -23.652  -69.432  -10.676 0.6000000238
18204  -27.013  -69.260  -11.002 0.6999999881
18207  -22.364  -68.778  -11.708 0.5000000000
18223  -30.673  -68.630  -13.542 0.6000000238
18230  -30.166  -68.089  -14.656 0.5000000000
18233  -32.801  -69.476  -15.253 0.5000000000
18238  -32.441  -69.071  -15.113 0.5000000000
18239  -32.547  -69.328  -15.312 0.5000000000
18966  -23.880  -68.431  0.160 0.5000000000
19000  -21.119  -68.656  -2.632 0.6000000238
19016  -19.720  -68.521  -3.503 0.6000000238
19019  -22.340  -67.810  -3.257 0.6999999881
19031  -21.078  -67.858  -3.978 0.6000000238
19044  -17.379  -68.279  -5.506 0.6000000238
19046  -19.094  -67.749  -5.021 0.6000000238
19064  -16.393  -68.527  -7.054 0.5000000000
19078  -16.933  -67.909  -8.791 0.5000000000
19098  -24.776  -68.424  -11.050 0.6000000238
19099  -25.485  -68.263  -11.105 0.6999999881
19100  -26.132  -68.169  -11.176 0.6999999881
19103  -22.181  -68.315  -12.386 0.5000000000
19106  -24.954  -67.550  -11.564 0.6999999881
19109  -27.701  -67.289  -12.306 0.6999999881
19117  -22.926  -67.723  -13.226 0.6000000238
19118  -24.508  -67.918  -13.702 0.5000000000
19126  -30.341  -67.679  -14.311 0.6000000238
19127  -30.953  -68.159  -14.434 0.5000000000
19128  -31.472  -68.548  -14.682 0.6000000238
19129  -32.045  -68.752  -14.959 0.5000000000
19888  -23.354  -67.552  -1.671 0.6000000238
19916  -19.911  -67.624  -4.834 0.6000000238
19918  -21.434  -67.444  -4.485 0.6999999881
19934  -21.319  -67.087  -5.168 0.6000000238
19946  -17.765  -67.480  -7.258 0.5000000000
19970  -16.759  -67.611  -9.459 0.5000000000
19972  -18.120  -67.085  -8.880 0.5000000000
19985  -18.033  -66.820  -9.330 0.5000000000
20004  -26.118  -66.649  -12.065 0.6999999881
20012  -26.623  -66.422  -12.664 0.6999999881
20014  -28.141  -66.621  -12.988 0.6000000238
20015  -28.920  -66.855  -13.454 0.6000000238
20017  -24.750  -66.885  -13.148 0.6000000238
20018  -25.637  -66.651  -13.166 0.5000000000
20020  -27.475  -66.558  -13.351 0.6000000238
20022  -29.587  -67.063  -13.848 0.6000000238
20025  -29.115  -66.829  -13.971 0.6000000238
20026  -29.835  -67.193  -14.073 0.6000000238
20759  -23.945  -66.666  0.336 0.5000000000
20809  -23.231  -66.097  -4.297 0.6999999881
20821  -22.526  -66.316  -5.280 0.6000000238
20840  -20.378  -66.586  -6.511 0.6000000238
20862  -19.139  -66.625  -8.282 0.4000000060
20864  -21.137  -65.838  -7.596 0.5000000000
20880  -19.541  -66.263  -8.802 0.5000000000
20881  -19.961  -65.779  -9.135 0.4000000060
20893  -18.442  -66.304  -9.381 0.5000000000
20907  -25.866  -66.429  -12.549 0.6999999881
20923  -26.817  -66.326  -13.030 0.6999999881
21718  -23.698  -65.751  0.085 0.5000000000
21725  -23.462  -65.672  -0.612 0.5000000000
21734  -23.393  -65.956  -2.072 0.5000000000
21741  -23.371  -65.762  -2.959 0.5000000000
21752  -23.418  -65.352  -4.890 0.6000000238
21761  -22.875  -65.626  -5.873 0.6999999881
21771  -21.919  -65.554  -7.178 0.5000000000
21784  -21.088  -65.516  -8.479 0.4000000060
21787  -23.112  -64.627  -7.428 0.5000000000
21803  -21.441  -65.067  -8.917 0.4000000060
21822  -20.251  -65.262  -9.305 0.4000000060
22658  -24.880  -64.614  1.291 0.4000000060
22694  -23.392  -64.341  -1.845 0.5000000000
22735  -24.035  -63.894  -5.254 0.4000000060
22757  -24.206  -63.836  -6.950 0.4000000060
22768  -23.491  -63.974  -8.038 0.3000000119
23695  -25.860  -63.659  1.453 0.4000000060
23699  -29.066  -62.770  1.270 0.4000000060
23711  -24.251  -63.725  0.502 0.4000000060
23713  -25.365  -63.110  1.176 0.4000000060
23729  -24.216  -63.015  0.006 0.4000000060
23758  -23.747  -63.649  -3.366 0.5000000000
23759  -24.191  -63.012  -3.953 0.5000000000
23782  -24.580  -63.333  -6.687 0.4000000060
23789  -23.831  -63.270  -8.374 0.4000000060
23790  -24.465  -62.887  -8.014 0.4000000060
23799  -23.578  -62.906  -8.671 0.3000000119
24748  -26.731  -62.074  1.316 0.4000000060
24749  -27.823  -62.431  1.461 0.4000000060
24751  -29.241  -62.032  1.383 0.4000000060
24768  -25.331  -62.405  0.845 0.4000000060
24771  -30.387  -62.371  0.661 0.4000000060
24793  -23.960  -62.725  -1.866 0.5000000000
24810  -25.041  -61.679  -4.154 0.3000000119
24831  -24.991  -62.644  -6.415 0.4000000060
24840  -24.898  -62.753  -7.315 0.3000000119
24848  -24.472  -62.362  -8.335 0.3000000119
25765  -25.181  -61.086  -0.664 0.4000000060
25778  -21.474  -61.228  -1.708 0.3000000119
25786  -24.848  -61.506  -2.263 0.5000000000
25787  -25.390  -60.957  -2.838 0.3000000119
25813  -22.925  -61.253  -6.333 0.4000000060
25814  -25.628  -60.818  -6.271 0.3000000119
25821  -25.300  -61.267  -7.601 0.3000000119
25826  -24.313  -61.239  -8.263 0.3000000119
25827  -24.983  -61.239  -8.142 0.3000000119
25830  -24.555  -61.825  -8.357 0.3000000119
26662  -28.117  -61.112  1.444 0.4000000060
26701  -26.180  -59.866  -0.377 0.3000000119
26730  -22.564  -59.935  -2.191 0.4000000060
26746  -23.190  -60.669  -4.519 0.4000000060
26747  -23.471  -59.935  -5.131 0.4000000060
26755  -23.583  -59.851  -6.191 0.3000000119
26771  -25.139  -60.673  -7.770 0.3000000119
27678  -21.235  -59.814  -1.679 0.3000000119
27679  -21.765  -59.046  -1.726 0.3000000119
27693  -22.983  -59.228  -2.617 0.4000000060
27729  -24.909  -59.188  -7.210 0.3000000119
27730  -25.247  -59.497  -7.025 0.3000000119
27737  -24.600  -59.863  -7.461 0.3000000119
28699  -21.446  -58.257  -1.871 0.3000000119
28714  -22.776  -58.493  -2.333 0.4000000060
28748  -24.742  -58.392  -6.821 0.3000000119
29713  -23.002  -57.757  -2.706 0.4000000060
29722  -18.877  -57.550  -3.364 0.3000000119
29724  -25.555  -57.166  -4.496 0.3000000119
29742  -24.806  -57.005  -6.393 0.3000000119
29750  -24.514  -57.636  -6.521 0.3000000119
29751  -25.111  -57.684  -6.491 0.3000000119
30745  -18.590  -56.138  -2.963 0.3000000119
30748  -25.390  -56.423  -4.118 0.3000000119
30755  -23.821  -56.184  -5.731 0.3000000119
31762  -24.087  -55.431  -5.602 0.3000000119
32786  -20.410  -54.312  -2.480 0.4000000060
33769  -17.675  -53.709  -1.834 0.3000000119
33771  -18.083  -52.652  -1.439 0.3000000119
126316  -20.754  -55.932  -2.271 0.4000000060
126660  -23.585  -77.864  -14.189 0.5000000000
128348  -25.141  -55.440  -3.034 0.3000000119
128796  -22.621  -57.321  -2.296 0.4000000060
129201  -20.405  -66.255  -7.379 0.5000000000
130172  -29.773  -75.303  -14.081 0.5000000000
130537  -23.872  -59.211  -6.629 0.3000000119
130565  -33.074  -77.595  -13.911 0.3000000119
130665  -23.489  -67.031  -1.051 0.5000000000
131106  -20.032  -69.502  -1.843 0.6000000238
131270  -33.075  -79.190  -7.577 0.3000000119
131563  -34.265  -73.828  -18.076 0.4000000060
131589  -32.804  -77.434  -15.177 0.3000000119
131651  -36.700  -81.245  -10.760 0.3000000119
131771  -26.198  -68.456  -13.747 0.6000000238
132041  -22.992  -73.575  -3.720 0.6000000238
132077  -28.480  -80.847  -16.597 0.6000000238
132225  -32.132  -77.120  -18.010 0.4000000060
132448  -34.843  -79.378  -13.278 0.3000000119
133102  -23.085  -71.653  0.052 0.5000000000
133451  -22.629  -77.841  -12.223 0.5000000000
133674  -27.143  -72.064  -6.241 0.6000000238
133893  -31.317  -72.600  -12.796 0.6000000238
134647  -24.031  -75.594  -17.689 0.5000000000
134690  -23.239  -73.629  -2.799 0.6000000238
135507  -27.138  -73.195  -3.773 0.6000000238
135907  -24.334  -72.627  -5.305 0.6000000238
136019  -26.761  -71.811  -14.098 0.6999999881
136381  -27.587  -76.728  -12.958 0.4000000060
136481  -25.226  -72.982  -4.274 0.6000000238
136535  -23.841  -57.676  -6.125 0.3000000119
136593  -25.518  -61.113  -4.689 0.3000000119
136758  -33.512  -76.706  -17.452 0.4000000060
136937  -22.136  -69.333  -1.275 0.6999999881
137226  -27.089  -72.907  -4.362 0.6000000238
137446  -23.547  -68.194  -13.898 0.5000000000
137625  -27.624  -63.136  1.443 0.4000000060
137780  -21.550  -75.019  -11.075 0.5000000000
138004  -20.614  -58.197  -2.265 0.3000000119
138833  -25.197  -71.034  0.879 0.5000000000
139228  -19.638  -74.581  -5.762 0.6000000238
139677  -17.849  -66.553  -9.445 0.5000000000
139889  -28.802  -81.107  -15.116 0.5000000000
140175  -23.381  -64.999  -3.152 0.5000000000
140266  -18.414  -72.669  -1.870 0.6000000238
140723  -17.132  -76.051  -4.335 0.5000000000
140961  -17.471  -70.803  -2.349 0.6000000238
141855  -16.543  -70.138  -3.633 0.6999999881
141875  -32.543  -77.400  -16.685 0.4000000060
142576  -18.576  -56.902  -3.258 0.3000000119
142644  -33.511  -72.929  -18.132 0.4000000060
142671  -22.592  -67.210  -3.872 0.6000000238
142672  -18.601  -68.255  -4.545 0.6000000238
142836  -24.920  -73.458  -1.372 0.6999999881
143662  -25.400  -73.514  -1.930 0.6000000238
144057  -24.131  -73.576  -2.948 0.6000000238
144325  -26.429  -68.883  -10.848 0.6999999881
144536  -37.777  -71.486  -17.379 0.5000000000
144695  -39.051  -71.015  -16.213 0.5000000000
144986  -28.739  -70.760  -11.314 0.6000000238
145037  -23.676  -55.110  -5.050 0.3000000119
145075  -21.376  -56.702  -2.053 0.4000000060
145076  -33.446  -75.321  -18.440 0.4000000060
145254  -35.664  -75.686  -16.640 0.4000000060
145410  -25.112  -56.399  -5.910 0.3000000119
145923  -25.363  -73.330  -12.953 0.5000000000
145961  -24.841  -73.462  -3.040 0.6000000238
146099  -36.487  -73.971  -11.957 0.5000000000
146195  -15.527  -68.735  -10.002 0.5000000000
146336  -26.171  -77.332  -20.580 0.6999999881
146659  -27.661  -78.788  -18.329 0.6000000238
146780  -23.658  -72.109  0.130 0.5000000000
146977  -21.930  -61.628  -2.276 0.3000000119
147225  -17.774  -54.514  -1.726 0.3000000119
147501  -24.850  -54.710  -3.335 0.3000000119
147503  -32.403  -76.988  -12.389 0.4000000060
147956  -32.650  -78.845  -4.203 0.3000000119
148355  -35.062  -74.479  -6.937 0.5000000000
148379  -33.601  -79.448  -5.712 0.3000000119
148927  -25.383  -71.405  -7.107 0.6999999881
149128  -23.302  -67.291  -2.351 0.6000000238
149509  -34.800  -74.537  -12.893 0.5000000000
149566  -35.845  -71.207  -17.301 0.5000000000
149701  -30.563  -71.379  -12.963 0.6000000238
149775  -16.341  -71.593  -2.863 0.6999999881
149898  -27.724  -73.426  -2.887 0.6000000238
150040  -33.939  -74.550  -12.565 0.5000000000
150073  -33.581  -74.388  -9.483 0.6000000238
150152  -25.375  -58.375  -6.272 0.3000000119
150445  -27.247  -62.177  1.426 0.4000000060
150770  -32.100  -76.806  -11.603 0.4000000060
150910  -32.254  -69.318  -15.484 0.5000000000
151939  -23.046  -60.566  -3.587 0.4000000060
152123  -32.862  -77.847  -11.226 0.4000000060
