#!ascii label  , from subject sub-v2s10x28927_ses-1 vox2ras=TkReg
1212
17275  31.701  -71.608  -4.279 0.3000000119
22535  29.055  -65.917  -5.165 0.6000000238
24604  34.777  -64.618  -7.683 0.6999999881
25606  35.465  -63.342  -6.971 0.6999999881
17262  31.132  -71.189  -3.399 0.4000000060
20374  26.272  -68.412  1.767 0.4000000060
18301  31.583  -70.600  -3.379 0.5000000000
18300  32.354  -70.181  -3.708 0.5000000000
23573  29.457  -65.178  -4.774 0.6999999881
143423  31.766  -65.760  -6.455 0.6999999881
23582  30.916  -65.523  -5.928 0.5000000000
141573  34.049  -64.682  -6.652 0.6000000238
24599  34.359  -65.106  -7.404 0.6000000238
25589  36.052  -63.071  -6.322 0.6999999881
27501  36.781  -62.431  -6.368 0.6999999881
17248  30.216  -70.890  -2.070 0.5000000000
20373  27.605  -69.094  1.895 0.4000000060
18302  30.858  -70.832  -2.813 0.6000000238
21466  25.861  -66.915  -0.119 0.4000000060
22514  26.773  -65.984  -1.207 0.5000000000
18285  30.877  -70.158  -2.109 0.6000000238
22522  27.162  -65.861  -2.248 0.6000000238
23556  27.824  -65.485  -2.980 0.6000000238
19347  31.553  -69.650  -2.347 0.6000000238
23563  28.437  -65.128  -3.517 0.6000000238
24591  32.538  -64.754  -5.972 0.6000000238
24590  33.345  -64.432  -5.953 0.6000000238
25579  36.223  -63.050  -5.870 0.6999999881
25590  35.564  -63.441  -6.416 0.6999999881
26555  36.936  -62.879  -6.049 0.6999999881
26562  37.418  -62.839  -6.083 0.6999999881
28532  37.909  -61.429  -6.145 0.6999999881
150741  38.966  -63.009  -5.996 0.6999999881
27491  39.330  -62.747  -6.108 0.6999999881
28531  38.782  -61.307  -6.140 0.6999999881
27490  40.225  -62.554  -6.058 0.6999999881
17236  29.531  -71.317  -1.571 0.5000000000
18261  28.714  -70.697  0.164 0.5000000000
18246  28.035  -70.530  0.963 0.5000000000
21443  26.035  -67.138  0.964 0.4000000060
18260  30.018  -70.128  -0.855 0.5000000000
22498  26.478  -66.211  -0.279 0.5000000000
23555  27.850  -65.141  -2.207 0.6000000238
135995  31.223  -69.559  -1.757 0.6000000238
19322  30.530  -69.452  -0.607 0.5000000000
20392  30.612  -68.536  0.631 0.5000000000
24584  29.897  -64.500  -4.380 0.6999999881
24582  31.692  -64.256  -5.236 0.6000000238
23572  30.269  -64.905  -5.174 0.6999999881
25581  34.337  -63.325  -5.224 0.6000000238
145898  32.579  -64.106  -5.387 0.6000000238
132152  36.245  -62.638  -5.128 0.6000000238
25580  35.355  -63.273  -5.692 0.6000000238
26530  38.440  -62.372  -4.954 0.6000000238
26542  38.887  -62.898  -5.792 0.6999999881
28523  39.474  -60.933  -6.086 0.6999999881
27474  39.506  -62.403  -5.298 0.6000000238
27497  40.798  -62.049  -6.224 0.6999999881
28522  40.429  -61.276  -6.235 0.6999999881
27483  40.395  -62.542  -5.866 0.6999999881
148702  26.796  -67.868  2.156 0.4000000060
18245  29.429  -70.175  -0.052 0.5000000000
19281  28.255  -69.637  1.422 0.4000000060
22467  26.655  -66.617  1.468 0.5000000000
23548  27.445  -65.365  -1.386 0.6000000238
19280  29.074  -69.273  1.264 0.4000000060
147212  28.292  -64.951  -2.810 0.6000000238
19323  29.978  -69.700  -0.169 0.4000000060
20372  28.465  -68.843  1.883 0.4000000060
20393  29.855  -68.887  1.016 0.4000000060
20371  29.451  -67.907  2.236 0.4000000060
153225  29.603  -64.260  -3.662 0.6999999881
24583  30.729  -64.271  -4.750 0.6000000238
25582  32.202  -63.636  -4.750 0.6000000238
26545  34.981  -62.736  -4.826 0.6000000238
26532  36.526  -62.192  -4.575 0.6000000238
29593  39.906  -60.325  -5.727 0.6999999881
135577  41.786  -60.788  -5.981 0.6999999881
27488  41.532  -61.838  -5.882 0.6000000238
27496  41.384  -61.900  -6.060 0.6000000238
20356  27.876  -68.314  2.308 0.4000000060
22448  26.966  -67.192  2.235 0.4000000060
131935  28.471  -64.562  -2.249 0.6999999881
21409  28.159  -67.558  2.563 0.4000000060
24567  28.942  -64.468  -3.083 0.8000000119
20370  30.172  -68.109  1.606 0.5000000000
24575  30.370  -63.830  -3.874 0.6999999881
26547  32.646  -63.184  -4.390 0.6000000238
26534  34.741  -62.155  -4.089 0.5000000000
26546  33.389  -62.932  -4.415 0.6000000238
31658  40.240  -58.728  -4.858 0.6999999881
28506  39.582  -61.234  -4.334 0.6000000238
143385  38.766  -61.659  -4.475 0.6000000238
30646  41.719  -59.747  -5.577 0.8000000119
136749  41.116  -58.725  -4.991 0.8000000119
28505  40.624  -61.133  -4.438 0.6000000238
27472  40.944  -61.742  -4.990 0.6000000238
22481  27.243  -65.798  1.496 0.5000000000
23523  27.112  -65.576  -0.425 0.6000000238
23489  27.918  -66.330  2.618 0.5000000000
22445  29.302  -66.531  2.988 0.6999999881
22446  28.412  -66.743  2.758 0.4000000060
147978  30.459  -63.405  -3.192 0.6999999881
25574  31.092  -63.290  -3.607 0.6999999881
140071  34.098  -62.069  -3.772 0.6000000238
26536  32.585  -62.650  -3.687 0.6000000238
130203  35.202  -61.720  -3.866 0.6000000238
148839  40.527  -58.048  -4.386 0.6000000238
27475  37.823  -61.375  -4.149 0.6000000238
132672  42.578  -59.521  -5.530 0.6999999881
30633  42.053  -58.625  -5.162 0.6999999881
132603  41.456  -61.066  -4.594 0.6999999881
135039  42.260  -60.942  -4.840 0.6999999881
28520  42.663  -60.437  -5.456 0.6999999881
23521  27.810  -65.141  1.587 0.5000000000
24548  28.163  -64.506  -0.011 0.6000000238
23547  28.087  -64.751  -1.495 0.6000000238
24507  28.658  -64.780  2.647 0.6999999881
23506  28.151  -65.155  2.341 0.6000000238
24566  29.116  -63.991  -2.284 0.6999999881
23487  29.608  -65.554  3.246 0.6999999881
22444  30.288  -66.341  2.970 0.6999999881
25567  30.230  -63.230  -2.562 0.6999999881
26538  30.912  -62.971  -2.891 0.6999999881
27478  33.686  -61.718  -3.323 0.5000000000
27479  32.956  -61.998  -3.121 0.6000000238
32669  40.400  -56.909  -3.387 0.5000000000
28509  36.193  -60.829  -3.571 0.6000000238
28510  35.318  -61.068  -3.482 0.6000000238
31649  41.784  -57.304  -4.012 0.6000000238
32668  41.318  -56.811  -3.421 0.5000000000
144610  39.116  -60.199  -3.570 0.6000000238
28508  37.072  -60.662  -3.622 0.6000000238
136565  43.278  -59.233  -5.434 0.6000000238
31648  42.603  -57.087  -4.344 0.5000000000
32667  43.050  -56.374  -4.161 0.5000000000
29570  40.341  -59.482  -3.130 0.6999999881
28494  40.953  -60.277  -3.793 0.6999999881
28492  42.586  -60.209  -4.125 0.6999999881
29582  43.759  -59.835  -5.061 0.6999999881
30644  43.977  -58.645  -5.250 0.5000000000
130407  42.332  -59.486  -3.257 0.6999999881
30628  44.485  -58.713  -4.221 0.6000000238
134195  28.384  -64.382  -0.840 0.6000000238
150247  28.545  -64.114  0.443 0.6999999881
25553  28.700  -63.973  -0.272 0.6000000238
143327  29.261  -64.333  2.917 0.6999999881
25562  29.329  -63.582  -1.507 0.6999999881
26524  32.171  -62.258  -2.848 0.6999999881
26526  30.673  -62.744  -2.154 0.6999999881
130220  33.287  -61.341  -2.722 0.6000000238
32663  40.822  -56.428  -2.947 0.4000000060
28500  34.567  -60.550  -2.969 0.5000000000
33738  42.697  -55.742  -3.502 0.4000000060
154135  38.920  -59.582  -3.278 0.6000000238
28497  37.378  -59.840  -3.326 0.6000000238
31655  43.872  -57.759  -5.138 0.5000000000
32677  43.471  -56.987  -4.756 0.5000000000
30631  44.521  -58.697  -4.779 0.5000000000
130645  45.017  -56.981  -5.038 0.4000000060
29569  41.284  -59.398  -3.026 0.6000000238
151213  42.926  -59.197  -3.131 0.6999999881
29567  43.943  -59.249  -3.990 0.6000000238
139588  44.689  -58.088  -3.669 0.5000000000
25531  29.163  -63.418  1.634 0.6000000238
25543  29.051  -63.516  0.465 0.6999999881
25552  29.229  -63.479  -0.578 0.6999999881
26474  29.707  -62.769  2.076 0.6999999881
26503  29.538  -62.799  1.008 0.6999999881
25561  29.990  -63.068  -1.827 0.6000000238
27468  31.807  -61.903  -2.124 0.6000000238
29575  35.004  -59.597  -2.669 0.6000000238
28501  33.642  -60.604  -2.528 0.5000000000
28499  35.574  -60.216  -3.166 0.6000000238
29572  37.810  -59.072  -3.012 0.6000000238
29573  36.872  -59.167  -3.012 0.6000000238
32675  44.862  -56.352  -5.001 0.4000000060
32676  44.002  -56.193  -4.674 0.5000000000
130503  43.360  -55.134  -3.723 0.4000000060
29559  40.564  -58.919  -2.519 0.6000000238
33748  44.746  -55.559  -4.824 0.4000000060
136867  41.801  -58.854  -2.538 0.6000000238
130211  44.063  -58.124  -2.956 0.5000000000
26510  29.598  -62.880  -0.066 0.6999999881
26521  29.783  -62.987  -1.001 0.6000000238
26491  29.999  -62.135  1.456 0.6999999881
27463  30.772  -61.965  -0.973 0.6000000238
26519  31.118  -62.242  -1.736 0.6000000238
26473  30.362  -62.113  2.265 0.6999999881
27461  32.134  -61.211  -1.788 0.5000000000
30626  35.413  -58.749  -2.392 0.6000000238
29576  34.084  -59.792  -2.380 0.6000000238
29574  35.946  -59.367  -2.867 0.6000000238
30624  37.330  -58.468  -2.547 0.5000000000
29560  39.737  -58.827  -2.525 0.6000000238
30622  41.098  -58.635  -2.171 0.6000000238
31644  43.250  -58.075  -2.421 0.5000000000
27440  30.697  -60.984  0.340 0.6999999881
27450  31.055  -61.251  -0.583 0.6999999881
28488  32.384  -60.439  -1.537 0.6000000238
29562  33.709  -59.164  -1.841 0.5000000000
30607  35.867  -57.957  -2.019 0.6000000238
30608  34.512  -58.962  -2.170 0.6000000238
30605  37.843  -57.840  -1.984 0.6000000238
30603  39.565  -58.198  -1.769 0.6000000238
30601  41.775  -58.206  -1.834 0.5000000000
21484  33.027  -67.967  -1.235 0.5000000000
21422  31.598  -67.288  1.374 0.5000000000
21463  33.481  -67.493  -0.689 0.5000000000
21440  32.658  -67.349  0.263 0.5000000000
22465  31.012  -66.856  2.305 0.6999999881
22463  32.997  -66.135  1.398 0.6999999881
21421  32.464  -66.929  1.048 0.5000000000
22480  33.277  -66.757  0.530 0.5000000000
23486  30.454  -65.514  3.223 0.6999999881
22442  31.810  -65.497  2.633 0.6999999881
136924  29.991  -64.003  3.147 0.6999999881
17274  32.443  -71.422  -4.781 0.3000000119
25597  35.899  -63.006  -6.574 0.6999999881
23581  32.518  -65.586  -6.602 0.6000000238
27500  37.708  -62.284  -6.303 0.6999999881
29584  39.275  -59.511  -5.303 0.6999999881
21408  30.037  -67.290  2.477 0.6000000238
27476  36.822  -61.479  -4.057 0.6000000238
28514  42.606  -60.686  -5.297 0.6999999881
132264  42.232  -57.772  -4.656 0.6000000238
29589  43.651  -59.596  -5.259 0.6999999881
31656  42.993  -57.642  -4.920 0.6000000238
28504  43.035  -60.384  -4.675 0.6999999881
33739  42.212  -56.587  -3.664 0.5000000000
154522  41.690  -56.017  -2.922 0.5000000000
31647  44.964  -58.060  -4.398 0.5000000000
27467  32.546  -61.607  -2.445 0.5000000000
27451  30.456  -61.720  -0.107 0.6999999881
28502  32.879  -60.879  -2.130 0.5000000000
30623  38.257  -58.448  -2.456 0.6000000238
30602  40.333  -58.421  -1.906 0.6000000238
28489  31.678  -60.805  -1.100 0.6000000238
30625  36.372  -58.570  -2.531 0.6000000238
28476  31.902  -59.978  -0.903 0.5000000000
23519  34.734  -65.219  1.009 0.6000000238
23463  36.706  -64.523  3.075 0.6000000238
23457  35.400  -64.821  4.185 0.4000000060
24522  35.589  -63.659  1.510 0.5000000000
23505  33.082  -65.361  1.859 0.6000000238
22537  27.561  -66.339  -4.018 0.5000000000
23458  34.659  -65.357  4.567 0.4000000060
22529  27.947  -65.752  -3.830 0.5000000000
22549  28.810  -66.727  -5.548 0.5000000000
25527  36.977  -63.436  1.864 0.5000000000
134082  33.207  -65.961  5.665 0.4000000060
22536  28.190  -66.285  -4.691 0.5000000000
22547  30.491  -66.397  -6.323 0.5000000000
24486  36.695  -63.684  2.862 0.6000000238
22548  29.609  -66.505  -5.886 0.5000000000
25529  34.758  -63.276  1.871 0.5000000000
23484  32.497  -64.785  2.477 0.6000000238
22403  32.350  -66.515  6.703 0.4000000060
21343  32.316  -67.288  7.142 0.4000000060
24479  35.412  -64.013  4.198 0.4000000060
21550  31.289  -67.138  -8.208 0.5000000000
25505  36.328  -63.157  2.429 0.5000000000
22558  30.990  -67.019  -7.249 0.5000000000
22571  32.088  -66.367  -8.350 0.5000000000
25530  33.981  -63.757  1.995 0.6000000238
24503  33.083  -63.757  2.424 0.6000000238
24504  31.469  -64.659  3.026 0.6000000238
23580  33.473  -65.275  -6.820 0.5000000000
144998  33.686  -65.470  -8.303 0.5000000000
24614  32.757  -65.610  -8.438 0.4000000060
25507  33.953  -62.813  2.340 0.5000000000
147196  35.414  -62.965  1.944 0.5000000000
25508  32.667  -62.773  2.687 0.6000000238
140080  31.959  -63.782  2.834 0.6000000238
26472  31.033  -62.054  2.654 0.6000000238
25510  30.352  -63.023  2.774 0.6000000238
23450  33.506  -65.165  5.678 0.4000000060
23436  32.274  -65.686  6.906 0.4000000060
26572  35.041  -63.521  -7.433 0.5000000000
25608  33.754  -64.125  -8.066 0.5000000000
26575  32.036  -63.225  -7.258 0.4000000060
24612  34.639  -65.030  -8.101 0.6000000238
24607  32.140  -64.780  -8.194 0.4000000060
26453  35.028  -62.233  3.032 0.6000000238
27409  33.867  -61.617  2.807 0.6000000238
26471  32.197  -61.775  2.704 0.6000000238
150629  31.532  -61.315  2.573 0.6000000238
22376  32.184  -66.694  8.593 0.4000000060
26573  34.206  -63.381  -7.655 0.5000000000
26567  33.333  -62.305  -6.981 0.4000000060
139961  32.349  -61.657  -6.387 0.4000000060
25472  33.881  -63.357  5.179 0.6000000238
24473  34.105  -64.326  5.214 0.4000000060
26442  33.916  -61.834  4.149 0.6000000238
25480  35.381  -63.266  3.886 0.6000000238
27392  34.396  -61.850  2.978 0.5000000000
27410  32.817  -60.644  2.949 0.6000000238
27382  33.301  -61.104  3.855 0.5000000000
27412  30.903  -61.269  2.319 0.6000000238
21330  33.257  -67.771  8.769 0.4000000060
23435  32.757  -64.984  6.377 0.4000000060
144433  35.543  -62.185  -6.774 0.6000000238
28535  34.512  -61.083  -6.535 0.5000000000
29606  33.816  -59.895  -5.913 0.5000000000
28537  32.521  -60.777  -5.976 0.5000000000
25460  32.500  -63.555  6.364 0.4000000060
24459  32.503  -64.310  6.523 0.4000000060
25473  33.083  -63.065  5.705 0.5000000000
27367  33.134  -61.625  4.731 0.5000000000
28402  32.617  -60.299  4.056 0.5000000000
130557  32.246  -60.390  2.736 0.6000000238
28434  31.202  -60.583  2.188 0.6000000238
28464  30.566  -60.961  1.177 0.6000000238
23399  31.597  -65.123  9.648 0.4000000060
22388  31.742  -65.854  8.347 0.4000000060
22361  32.444  -66.443  9.518 0.4000000060
22360  33.228  -66.711  9.789 0.4000000060
144230  38.087  -60.712  -5.843 0.6000000238
24440  31.285  -64.483  8.923 0.4000000060
23419  31.845  -65.466  7.597 0.4000000060
29604  35.453  -60.021  -5.982 0.6000000238
29598  35.015  -59.250  -5.671 0.5000000000
29607  32.974  -59.986  -5.802 0.4000000060
24460  31.914  -64.035  7.098 0.4000000060
26426  32.774  -62.191  5.479 0.5000000000
29505  32.402  -59.630  3.530 0.5000000000
29514  32.245  -59.391  2.759 0.6000000238
29526  31.432  -59.453  1.355 0.6000000238
154757  31.273  -59.864  0.256 0.6000000238
23388  32.520  -65.374  10.501 0.4000000060
29595  37.821  -59.833  -5.510 0.6000000238
29596  36.858  -59.604  -5.515 0.6000000238
29597  35.910  -59.285  -5.568 0.5000000000
31673  33.520  -57.581  -5.150 0.5000000000
25437  31.108  -63.576  8.458 0.4000000060
25461  31.870  -63.086  6.869 0.4000000060
26409  31.733  -62.206  6.683 0.5000000000
143482  32.202  -60.688  5.238 0.5000000000
30566  31.846  -58.785  1.642 0.5000000000
22347  32.831  -66.070  10.211 0.4000000060
30648  37.327  -59.007  -5.118 0.6000000238
30638  37.006  -58.251  -4.765 0.5000000000
146708  35.310  -57.843  -5.153 0.5000000000
27369  31.893  -60.968  5.814 0.5000000000
29491  32.265  -59.651  4.292 0.4000000060
30554  32.336  -58.104  2.737 0.4000000060
30578  31.651  -58.877  0.929 0.4000000060
29536  31.901  -58.735  0.142 0.6000000238
29563  33.002  -59.190  -1.402 0.4000000060
129935  33.778  -64.861  11.122 0.4000000060
24420  31.668  -64.554  10.317 0.4000000060
30636  38.602  -58.950  -4.896 0.6000000238
25416  31.386  -63.779  10.314 0.4000000060
31659  39.617  -58.075  -4.340 0.5000000000
30637  37.837  -58.531  -4.732 0.5000000000
31662  36.705  -57.406  -4.609 0.5000000000
32687  35.434  -56.560  -4.819 0.4000000060
31661  37.572  -57.700  -4.432 0.4000000060
28371  31.544  -60.444  6.344 0.5000000000
29470  31.626  -59.562  6.180 0.5000000000
145725  32.012  -59.253  5.037 0.6000000238
30565  32.251  -58.085  1.977 0.4000000060
149169  32.546  -57.552  0.761 0.4000000060
30609  33.551  -58.064  -1.148 0.4000000060
134683  32.575  -57.329  2.506 0.5000000000
31651  39.994  -57.480  -3.826 0.5000000000
31652  39.048  -57.379  -3.904 0.6000000238
32670  39.478  -56.831  -3.436 0.4000000060
31615  33.534  -57.182  -0.288 0.5000000000
132886  34.067  -58.425  -1.644 0.5000000000
143522  32.582  -57.470  4.061 0.5000000000
31569  32.449  -57.773  3.390 0.5000000000
31587  32.535  -57.452  1.500 0.5000000000
31598  32.926  -57.321  0.208 0.5000000000
25398  31.635  -63.194  10.861 0.4000000060
31625  39.309  -57.647  -1.031 0.5000000000
31629  35.341  -57.357  -1.426 0.4000000060
31630  34.337  -57.602  -1.232 0.5000000000
32593  33.555  -56.335  2.059 0.5000000000
130082  33.055  -56.609  2.701 0.5000000000
32664  39.950  -56.362  -2.924 0.4000000060
31626  38.356  -57.415  -1.240 0.4000000060
31612  36.883  -56.700  -0.804 0.4000000060
31627  37.390  -57.250  -1.418 0.5000000000
31628  36.368  -57.245  -1.496 0.5000000000
143315  34.760  -56.441  -0.051 0.5000000000
31614  34.833  -56.821  -0.726 0.5000000000
32625  34.300  -56.372  0.617 0.5000000000
134016  34.901  -56.124  1.126 0.5000000000
143013  35.847  -56.276  0.363 0.4000000060
23590  33.842  -65.677  -7.711 0.5000000000
26565  35.316  -62.794  -7.045 0.6000000238
22545  32.255  -66.272  -7.137 0.6000000238
28533  36.862  -61.395  -6.281 0.6000000238
22530  27.366  -66.133  -3.259 0.5000000000
31650  40.905  -57.450  -3.861 0.5000000000
29545  31.608  -59.548  -0.199 0.6000000238
29544  32.298  -59.137  -0.761 0.4000000060
22565  31.893  -66.842  -7.934 0.5000000000
22556  32.513  -66.506  -7.793 0.5000000000
23598  33.862  -65.697  -8.084 0.5000000000
26574  32.995  -63.206  -7.451 0.4000000060
26568  32.184  -62.505  -6.802 0.4000000060
25482  34.332  -62.631  4.444 0.6000000238
27503  34.899  -61.937  -6.864 0.6000000238
27505  33.142  -61.401  -6.463 0.4000000060
24447  31.725  -64.745  7.557 0.4000000060
28525  37.304  -60.536  -5.865 0.6000000238
28534  35.854  -60.891  -6.380 0.6000000238
29605  34.621  -59.891  -5.951 0.5000000000
28527  32.228  -60.049  -5.553 0.5000000000
132159  31.642  -60.479  -5.570 0.5000000000
30652  33.646  -58.359  -5.380 0.5000000000
30649  36.517  -58.767  -5.177 0.5000000000
30651  34.623  -58.495  -5.415 0.5000000000
144931  35.343  -58.674  -5.400 0.5000000000
30545  32.313  -58.697  3.321 0.5000000000
31672  34.295  -57.694  -5.209 0.5000000000
27354  31.584  -61.314  6.527 0.5000000000
31660  38.589  -58.076  -4.418 0.6000000238
30587  33.008  -57.788  -0.537 0.3000000119
32638  36.330  -56.415  -0.154 0.4000000060
10713  33.646  -78.127  -8.966 0.3000000119
11679  33.484  -77.550  -9.960 0.3000000119
11658  33.940  -77.806  -9.255 0.3000000119
12631  35.692  -76.615  -9.636 0.3000000119
12632  34.866  -76.766  -9.875 0.3000000119
11676  36.166  -77.069  -9.053 0.3000000119
13559  35.530  -75.406  -10.449 0.3000000119
13547  36.079  -75.929  -9.975 0.3000000119
10688  38.796  -78.181  -6.474 0.3000000119
11655  36.639  -77.490  -8.323 0.3000000119
129103  37.310  -76.181  -9.247 0.3000000119
13546  36.937  -75.717  -9.713 0.3000000119
11654  37.671  -77.356  -8.002 0.3000000119
12592  39.619  -76.907  -6.462 0.3000000119
11653  38.756  -77.175  -7.645 0.3000000119
12618  39.311  -76.363  -8.141 0.4000000060
13545  37.847  -75.644  -9.392 0.4000000060
15419  38.511  -74.088  -9.723 0.4000000060
15420  37.728  -73.630  -10.139 0.3000000119
133421  38.816  -75.751  -6.427 0.3000000119
13523  40.206  -75.809  -7.476 0.4000000060
13537  40.334  -75.168  -8.382 0.4000000060
13543  39.513  -75.096  -8.986 0.4000000060
150295  37.919  -76.042  -5.993 0.3000000119
15403  39.335  -73.820  -9.441 0.4000000060
13501  36.827  -75.378  -5.859 0.4000000060
146714  37.761  -75.274  -6.238 0.4000000060
16390  37.504  -72.629  -10.301 0.4000000060
16374  38.045  -72.190  -9.959 0.3000000119
14461  38.231  -74.730  -6.595 0.4000000060
14476  40.240  -75.205  -7.514 0.3000000119
14475  40.579  -74.358  -7.897 0.4000000060
14462  37.219  -74.537  -6.230 0.4000000060
16348  40.187  -73.010  -8.196 0.5000000000
15402  40.023  -73.668  -9.000 0.4000000060
19364  31.940  -69.819  -3.036 0.5000000000
14448  35.775  -74.968  -5.563 0.4000000060
16372  39.486  -72.986  -9.440 0.4000000060
18344  33.726  -70.510  -5.125 0.3000000119
19409  34.037  -70.012  -4.852 0.4000000060
18391  37.019  -70.513  -8.700 0.3000000119
21495  26.060  -67.158  -2.387 0.4000000060
21505  26.407  -67.286  -3.288 0.4000000060
20391  31.344  -68.255  0.225 0.4000000060
21465  32.054  -67.864  -0.067 0.4000000060
20410  31.642  -68.501  -0.571 0.4000000060
15367  37.645  -73.823  -6.530 0.4000000060
14477  39.799  -74.225  -7.416 0.3000000119
15380  40.103  -73.475  -7.740 0.5000000000
148599  31.892  -68.698  -1.252 0.4000000060
19346  32.237  -69.188  -2.504 0.4000000060
15368  36.824  -73.704  -6.091 0.4000000060
18320  33.395  -70.261  -4.631 0.4000000060
144787  39.564  -72.155  -9.087 0.4000000060
19361  34.342  -69.375  -4.359 0.5000000000
17345  39.095  -71.403  -9.265 0.5000000000
19407  35.603  -69.580  -5.367 0.4000000060
131672  34.381  -70.476  -5.516 0.4000000060
133505  38.108  -70.344  -9.198 0.3000000119
18342  35.231  -70.188  -5.756 0.4000000060
21518  27.464  -66.923  -4.540 0.4000000060
132848  30.788  -67.511  1.794 0.4000000060
16336  37.248  -73.098  -6.260 0.4000000060
15381  39.158  -73.234  -7.339 0.4000000060
20419  33.373  -68.236  -1.988 0.4000000060
135173  32.982  -68.721  -2.609 0.5000000000
15366  38.067  -72.900  -6.768 0.4000000060
16350  39.561  -72.653  -7.610 0.4000000060
127923  34.248  -68.419  -3.015 0.5000000000
16319  37.334  -72.210  -6.053 0.4000000060
17304  38.216  -71.787  -6.568 0.4000000060
17314  39.462  -71.694  -7.556 0.4000000060
17313  39.723  -71.260  -7.816 0.5000000000
18388  39.648  -70.106  -8.065 0.5000000000
20428  33.675  -68.434  -2.619 0.4000000060
151805  34.793  -68.462  -3.429 0.5000000000
16304  36.592  -72.101  -5.378 0.4000000060
18389  38.945  -69.995  -8.734 0.5000000000
19382  35.250  -69.227  -4.680 0.4000000060
18390  37.969  -69.957  -8.683 0.4000000060
19429  37.864  -69.225  -6.819 0.4000000060
19430  36.834  -69.570  -6.520 0.4000000060
19406  36.499  -69.285  -5.609 0.4000000060
21483  33.839  -67.710  -1.412 0.4000000060
21462  34.299  -67.240  -0.751 0.3000000119
17303  39.024  -71.205  -6.937 0.4000000060
17302  39.592  -70.609  -7.209 0.4000000060
20427  35.086  -68.003  -2.893 0.4000000060
27506  31.322  -61.910  -6.183 0.4000000060
17272  36.540  -71.363  -4.732 0.4000000060
153540  37.841  -71.409  -5.972 0.4000000060
19450  39.814  -69.500  -7.210 0.5000000000
20498  39.506  -69.230  -7.331 0.5000000000
153267  35.682  -67.868  -3.126 0.5000000000
20435  36.325  -68.119  -3.874 0.4000000060
18318  37.554  -70.587  -4.753 0.4000000060
19428  38.833  -69.069  -7.271 0.4000000060
20469  36.620  -68.710  -4.953 0.4000000060
19405  37.408  -69.098  -6.027 0.4000000060
20449  37.536  -68.229  -4.986 0.4000000060
128984  34.093  -66.404  0.389 0.4000000060
21482  34.738  -67.427  -1.463 0.3000000119
18340  39.133  -70.193  -5.751 0.4000000060
18339  39.901  -69.579  -5.991 0.4000000060
129057  35.285  -67.531  -2.127 0.3000000119
18317  38.676  -70.036  -4.990 0.4000000060
19403  40.297  -69.032  -5.271 0.4000000060
19426  40.289  -68.681  -6.175 0.4000000060
20484  39.678  -68.653  -6.681 0.5000000000
19381  38.215  -69.841  -4.387 0.4000000060
19380  39.319  -69.203  -4.397 0.4000000060
20467  39.861  -67.965  -6.070 0.4000000060
133715  39.086  -67.983  -5.747 0.4000000060
20450  36.868  -68.159  -4.398 0.4000000060
148531  33.702  -66.156  0.907 0.4000000060
20482  40.593  -68.160  -5.614 0.4000000060
15407  31.080  -73.716  -10.394 0.3000000119
11608  39.156  -78.034  -5.686 0.3000000119
12580  38.342  -76.881  -5.590 0.3000000119
13502  35.957  -76.024  -5.373 0.4000000060
142890  35.749  -74.152  -5.480 0.4000000060
15358  36.165  -73.544  -5.606 0.4000000060
15347  34.807  -73.512  -4.650 0.4000000060
17273  35.705  -71.716  -4.347 0.4000000060
134695  35.566  -67.126  -1.495 0.3000000119
18319  36.798  -70.672  -4.222 0.4000000060
133481  35.384  -66.215  -0.198 0.4000000060
129239  36.412  -66.537  -1.202 0.4000000060
21492  37.174  -66.909  -2.509 0.4000000060
19359  38.362  -69.358  -3.730 0.4000000060
19357  40.242  -68.318  -4.186 0.4000000060
21512  40.733  -67.599  -4.848 0.4000000060
21514  40.037  -66.998  -4.640 0.4000000060
21502  38.544  -66.878  -3.589 0.3000000119
136820  37.274  -67.230  -3.173 0.4000000060
19358  39.566  -68.500  -3.596 0.4000000060
19362  33.590  -69.327  -3.829 0.4000000060
22479  34.933  -65.879  0.389 0.4000000060
11691  33.312  -77.189  -10.510 0.3000000119
11678  34.377  -77.316  -9.582 0.3000000119
12646  35.276  -76.174  -10.179 0.3000000119
15426  30.406  -73.613  -11.038 0.3000000119
16377  32.616  -72.711  -10.841 0.3000000119
12630  36.554  -76.414  -9.421 0.3000000119
11635  39.182  -77.575  -6.874 0.3000000119
133991  38.186  -76.799  -8.294 0.4000000060
13557  37.467  -75.047  -9.927 0.4000000060
151845  39.996  -76.252  -7.528 0.3000000119
13500  39.385  -76.581  -6.361 0.3000000119
149792  39.752  -75.631  -8.487 0.4000000060
14496  40.010  -74.465  -8.876 0.4000000060
137052  37.190  -76.424  -5.514 0.3000000119
13486  35.120  -75.383  -5.105 0.4000000060
17329  39.876  -72.064  -8.348 0.4000000060
18404  38.582  -70.722  -9.269 0.5000000000
142908  36.885  -70.339  -7.823 0.3000000119
153067  39.596  -71.433  -8.718 0.5000000000
129762  36.033  -72.767  -5.243 0.4000000060
128866  38.784  -68.573  -6.408 0.4000000060
21527  38.787  -67.554  -5.086 0.4000000060
24519  38.867  -64.526  0.837 0.4000000060
24535  38.234  -64.292  0.720 0.4000000060
22439  36.875  -65.818  2.185 0.4000000060
23464  35.922  -65.132  3.575 0.3000000119
24501  37.765  -63.916  2.004 0.5000000000
23518  36.632  -64.669  0.459 0.4000000060
24538  35.306  -64.508  1.142 0.4000000060
16173  33.833  -72.254  4.159 0.3000000119
17159  32.132  -71.692  3.758 0.3000000119
18155  33.018  -69.859  5.896 0.3000000119
21373  32.564  -68.008  4.825 0.3000000119
20312  32.417  -68.047  6.626 0.3000000119
22413  32.672  -66.520  5.975 0.3000000119
17147  32.528  -71.306  4.380 0.3000000119
18191  32.946  -70.929  4.979 0.3000000119
18154  33.792  -70.150  6.184 0.3000000119
132005  35.682  -72.134  3.919 0.3000000119
146694  36.090  -71.585  4.338 0.3000000119
20311  32.784  -68.841  6.889 0.3000000119
20299  32.548  -68.004  7.567 0.3000000119
17129  34.873  -71.185  5.192 0.3000000119
19214  35.222  -69.706  6.774 0.3000000119
19216  33.319  -69.555  6.562 0.3000000119
18189  37.445  -70.458  4.641 0.3000000119
18169  36.320  -70.390  5.515 0.3000000119
19212  37.084  -69.273  6.467 0.3000000119
19240  37.862  -69.848  4.973 0.3000000119
19211  38.014  -68.950  6.278 0.3000000119
18199  37.774  -70.858  3.952 0.3000000119
19202  34.633  -69.338  7.374 0.3000000119
20281  34.555  -68.417  8.495 0.3000000119
21311  34.538  -67.364  9.484 0.3000000119
19239  38.647  -69.637  4.643 0.3000000119
19201  35.644  -69.236  7.318 0.3000000119
21327  35.963  -67.700  8.926 0.3000000119
19223  39.157  -69.124  5.084 0.3000000119
20293  38.188  -68.374  7.015 0.3000000119
131721  36.891  -68.490  7.698 0.3000000119
21341  38.430  -67.711  7.673 0.3000000119
22345  34.586  -66.203  10.355 0.3000000119
21328  35.017  -67.892  9.032 0.3000000119
22358  34.975  -66.766  9.909 0.3000000119
23386  34.186  -65.541  10.746 0.3000000119
24402  32.555  -64.142  11.195 0.3000000119
132807  34.694  -64.751  11.027 0.3000000119
148851  33.747  -63.563  11.412 0.3000000119
26348  32.793  -62.707  11.445 0.3000000119
22419  35.536  -65.998  3.263 0.3000000119
23482  37.298  -64.883  2.509 0.4000000060
141741  32.596  -67.103  5.679 0.3000000119
20282  33.637  -68.355  8.400 0.3000000119
22460  38.574  -65.388  1.167 0.5000000000
17145  34.335  -71.724  4.691 0.3000000119
19215  34.213  -69.740  6.772 0.3000000119
19227  32.605  -69.349  5.568 0.3000000119
21372  33.113  -67.400  4.318 0.3000000119
22416  33.496  -66.637  4.647 0.3000000119
18170  35.368  -70.601  5.652 0.3000000119
18190  35.973  -71.043  4.969 0.3000000119
20297  34.075  -68.901  7.936 0.3000000119
19226  36.690  -69.801  5.949 0.3000000119
20307  39.266  -68.280  6.228 0.3000000119
21355  38.912  -68.006  6.912 0.3000000119
20295  36.035  -68.694  7.821 0.3000000119
20327  40.019  -68.757  4.682 0.3000000119
20278  37.159  -68.058  8.166 0.3000000119
21491  38.267  -66.610  -2.869 0.3000000119
22528  39.747  -66.218  -2.702 0.4000000060
152308  38.881  -67.695  -1.709 0.4000000060
147301  39.605  -66.896  -1.490 0.4000000060
22512  37.567  -66.337  -1.672 0.3000000119
21460  38.011  -67.422  -0.416 0.4000000060
20407  37.549  -68.054  -0.985 0.3000000119
22520  39.983  -65.793  -1.954 0.4000000060
130101  39.202  -66.560  -0.766 0.4000000060
21437  36.999  -67.562  0.259 0.3000000119
23546  39.156  -65.368  -0.645 0.3000000119
130903  39.531  -65.763  -0.735 0.4000000060
21436  38.117  -66.819  0.174 0.4000000060
23534  38.521  -64.761  -0.053 0.3000000119
23516  39.187  -64.904  0.362 0.4000000060
22461  37.455  -66.216  1.374 0.4000000060
22494  37.810  -65.683  -0.794 0.3000000119
23535  37.162  -65.194  -0.092 0.3000000119
22478  35.958  -65.526  0.095 0.3000000119
22495  36.304  -66.054  -0.493 0.3000000119
22476  38.366  -66.130  0.682 0.4000000060
21478  40.198  -65.953  -1.964 0.4000000060
12566  35.699  -76.699  -4.905 0.3000000119
21500  40.373  -66.857  -3.387 0.3000000119
9769  33.666  -79.168  -1.331 0.3000000119
10599  34.429  -78.697  -2.750 0.3000000119
11579  34.361  -77.401  -3.916 0.3000000119
138918  35.098  -76.215  -4.858 0.3000000119
134639  40.276  -66.274  -2.446 0.3000000119
20434  40.483  -67.554  -3.677 0.3000000119
10569  32.592  -78.639  -0.450 0.3000000119
11580  33.425  -77.290  -3.423 0.3000000119
10579  32.418  -78.110  -1.709 0.3000000119
13488  33.947  -75.912  -4.234 0.3000000119
14436  34.359  -74.301  -4.548 0.3000000119
20416  39.815  -67.298  -2.096 0.3000000119
11512  32.787  -77.086  2.325 0.3000000119
11532  32.114  -78.032  -0.292 0.3000000119
11527  32.257  -77.739  0.584 0.3000000119
150583  33.099  -76.593  -3.455 0.3000000119
11568  32.132  -77.323  -2.064 0.3000000119
142116  33.901  -75.084  -4.341 0.3000000119
12503  32.097  -76.904  0.843 0.3000000119
11533  31.787  -77.156  -0.062 0.3000000119
12553  32.576  -76.157  -3.137 0.3000000119
12537  32.061  -76.479  -2.448 0.3000000119
15348  34.119  -73.574  -4.146 0.3000000119
16306  34.561  -72.779  -4.134 0.3000000119
17259  36.105  -71.012  -3.994 0.3000000119
12488  32.994  -76.490  2.406 0.3000000119
14427  33.219  -74.729  -3.781 0.3000000119
13474  32.615  -75.251  -3.273 0.3000000119
15330  33.970  -72.960  -3.705 0.3000000119
152332  38.715  -68.175  -2.254 0.3000000119
12504  31.777  -76.449  0.386 0.3000000119
13407  33.293  -75.931  2.328 0.3000000119
12509  31.569  -76.331  -0.238 0.3000000119
12538  31.681  -75.915  -2.094 0.3000000119
15331  33.334  -73.659  -3.546 0.3000000119
146087  34.791  -71.586  -3.420 0.3000000119
18298  36.570  -70.332  -3.590 0.3000000119
19343  37.619  -68.883  -2.372 0.3000000119
20417  37.825  -68.343  -1.632 0.3000000119
21501  40.168  -66.628  -3.640 0.3000000119
13440  31.458  -75.622  -0.496 0.3000000119
149616  32.258  -74.139  -2.752 0.3000000119
16288  34.278  -72.192  -3.461 0.3000000119
18299  35.774  -70.674  -3.309 0.3000000119
12567  34.429  -76.471  -4.374 0.3000000119
150535  33.328  -78.516  -2.252 0.3000000119
10620  33.856  -78.068  -3.201 0.3000000119
10578  34.258  -79.135  -2.039 0.3000000119
10600  32.671  -77.818  -2.405 0.3000000119
10666  39.024  -78.306  -5.882 0.3000000119
10725  33.132  -78.048  -9.560 0.3000000119
11523  32.500  -77.419  1.484 0.3000000119
11548  31.866  -77.545  -1.086 0.3000000119
11549  31.608  -76.787  -0.777 0.3000000119
11581  32.666  -77.098  -2.884 0.3000000119
11596  35.125  -77.009  -4.506 0.3000000119
11622  39.335  -77.839  -6.188 0.3000000119
11634  39.546  -77.194  -6.566 0.3000000119
11636  38.280  -77.846  -7.270 0.3000000119
11657  34.763  -77.670  -8.886 0.3000000119
11677  35.251  -77.195  -9.283 0.3000000119
11697  32.846  -77.127  -10.968 0.3000000119
12523  31.662  -76.581  -1.568 0.3000000119
12552  33.719  -76.588  -3.910 0.3000000119
12565  36.564  -76.931  -5.057 0.3000000119
12603  39.619  -76.893  -7.258 0.3000000119
12617  40.267  -75.767  -7.969 0.4000000060
12619  37.195  -76.793  -8.747 0.4000000060
12629  38.096  -76.242  -8.806 0.4000000060
12648  34.028  -76.858  -10.265 0.3000000119
13431  31.636  -75.688  0.340 0.3000000119
13453  31.483  -75.607  -1.390 0.3000000119
13463  32.082  -75.641  -2.666 0.3000000119
13473  33.274  -75.763  -3.766 0.3000000119
13487  34.494  -75.668  -4.633 0.4000000060
13512  39.902  -76.064  -6.861 0.3000000119
13522  40.587  -75.186  -7.871 0.4000000060
13544  38.842  -75.657  -8.913 0.4000000060
13560  34.778  -75.705  -10.631 0.3000000119
13561  34.105  -76.098  -10.773 0.3000000119
14416  32.136  -74.805  -2.732 0.3000000119
14417  31.771  -74.258  -2.128 0.3000000119
14428  32.664  -74.377  -3.237 0.3000000119
14435  35.090  -74.393  -5.084 0.3000000119
14437  33.760  -74.265  -4.125 0.3000000119
14447  36.372  -74.379  -5.848 0.4000000060
14460  39.388  -75.030  -6.990 0.3000000119
14488  40.616  -74.597  -8.185 0.4000000060
14495  40.409  -74.112  -8.504 0.4000000060
14497  38.499  -74.971  -9.556 0.4000000060
14509  37.850  -74.424  -9.921 0.4000000060
15332  32.655  -73.749  -3.008 0.3000000119
15359  35.507  -73.474  -5.145 0.4000000060
15379  40.462  -73.590  -7.984 0.5000000000
15393  40.647  -74.091  -8.061 0.4000000060
15394  40.341  -73.594  -8.365 0.4000000060
15421  36.838  -73.236  -10.553 0.3000000119
16172  34.791  -72.257  4.092 0.3000000119
16287  34.961  -71.980  -4.016 0.3000000119
16289  33.577  -72.672  -3.160 0.3000000119
16305  35.359  -72.602  -4.643 0.3000000119
16320  36.664  -72.890  -5.775 0.4000000060
16335  38.828  -72.209  -7.230 0.4000000060
16349  39.980  -72.627  -7.945 0.4000000060
16357  40.010  -72.917  -8.788 0.5000000000
16373  38.528  -73.085  -9.892 0.4000000060
17130  33.831  -71.171  5.218 0.3000000119
17143  36.874  -71.162  4.349 0.3000000119
17144  35.308  -71.663  4.560 0.3000000119
17146  33.367  -71.607  4.641 0.3000000119
17158  32.900  -72.077  4.081 0.3000000119
17160  31.748  -71.387  3.167 0.3000000119
17223  29.279  -70.876  -0.733 0.5000000000
17260  35.389  -71.329  -3.696 0.3000000119
17261  31.513  -71.220  -3.780 0.3000000119
17276  31.086  -71.784  -3.812 0.4000000060
17288  38.607  -70.920  -6.240 0.4000000060
17289  37.266  -71.392  -5.428 0.4000000060
17346  38.226  -71.466  -9.677 0.5000000000
18152  35.799  -70.076  6.166 0.3000000119
18153  34.790  -70.207  6.261 0.3000000119
18168  37.124  -70.128  5.306 0.3000000119
18171  34.322  -70.682  5.734 0.3000000119
18172  33.351  -70.523  5.575 0.3000000119
18188  38.221  -70.235  4.297 0.3000000119
18271  30.344  -70.327  -1.557 0.5000000000
18272  29.872  -70.690  -1.375 0.5000000000
18281  36.215  -69.985  -2.869 0.3000000119
18284  31.360  -70.205  -2.742 0.6000000238
18297  37.421  -70.050  -3.984 0.4000000060
18321  32.730  -70.568  -4.393 0.3000000119
18322  32.053  -70.927  -4.053 0.3000000119
18341  38.153  -70.761  -5.512 0.4000000060
18345  33.174  -70.871  -5.009 0.3000000119
18355  40.031  -69.311  -6.696 0.5000000000
18356  39.902  -69.750  -6.686 0.4000000060
18357  39.475  -70.341  -6.498 0.4000000060
18369  39.809  -70.132  -7.407 0.5000000000
18370  37.428  -70.049  -8.081 0.3000000119
18371  37.197  -69.816  -7.365 0.3000000119
18403  39.360  -70.706  -8.745 0.5000000000
19203  33.639  -69.251  7.269 0.3000000119
19213  36.192  -69.531  6.647 0.3000000119
19217  32.520  -68.709  6.055 0.3000000119
19224  38.347  -69.340  5.427 0.3000000119
19225  37.524  -69.551  5.719 0.3000000119
19238  39.437  -69.398  4.277 0.3000000119
19303  30.275  -69.182  0.197 0.5000000000
19304  29.587  -69.543  0.499 0.4000000060
19305  28.850  -69.979  0.716 0.5000000000
19333  31.256  -69.139  -1.095 0.6000000238
19334  30.692  -69.770  -1.355 0.5000000000
19360  37.286  -69.541  -3.137 0.4000000060
19363  32.783  -69.371  -3.311 0.5000000000
19378  40.836  -68.099  -4.755 0.4000000060
19379  40.329  -68.656  -4.792 0.4000000060
19383  33.666  -69.749  -4.361 0.4000000060
19384  33.064  -69.881  -4.061 0.4000000060
19402  40.545  -68.372  -5.584 0.4000000060
19404  39.697  -69.458  -5.230 0.4000000060
19408  34.785  -69.782  -5.100 0.4000000060
19427  40.283  -69.055  -6.122 0.4000000060
19431  36.011  -69.909  -6.102 0.4000000060
19451  39.416  -69.669  -7.924 0.5000000000
19452  38.827  -69.517  -8.059 0.4000000060
19453  38.015  -69.552  -7.783 0.4000000060
20279  36.443  -68.168  8.330 0.3000000119
20280  35.523  -68.319  8.451 0.3000000119
20283  32.945  -68.139  8.218 0.3000000119
20294  37.644  -68.188  7.642 0.3000000119
20296  35.079  -68.861  7.934 0.3000000119
20298  33.184  -68.653  7.755 0.3000000119
20308  38.636  -68.475  6.444 0.3000000119
20309  37.401  -68.708  7.030 0.3000000119
20310  36.561  -69.006  7.166 0.3000000119
20320  38.824  -68.781  5.819 0.3000000119
20355  28.703  -68.115  2.331 0.4000000060
20357  27.072  -68.453  2.136 0.4000000060
20409  32.325  -68.226  -0.906 0.4000000060
20411  30.944  -68.835  -0.231 0.4000000060
20420  32.505  -68.585  -1.773 0.4000000060
20421  31.764  -69.115  -1.811 0.6000000238
20425  40.382  -66.892  -2.676 0.3000000119
20426  39.782  -67.824  -2.829 0.3000000119
20433  40.669  -67.421  -4.356 0.4000000060
20436  35.558  -68.259  -3.556 0.5000000000
20437  34.220  -68.839  -3.661 0.5000000000
20438  33.545  -68.805  -3.211 0.5000000000
20447  40.790  -67.779  -4.814 0.4000000060
20448  40.670  -68.012  -4.420 0.4000000060
20451  35.902  -68.632  -4.350 0.4000000060
20452  34.989  -68.805  -3.999 0.5000000000
20466  40.789  -67.921  -5.183 0.4000000060
20468  38.072  -68.451  -5.704 0.4000000060
20470  35.966  -69.115  -4.966 0.4000000060
20483  40.263  -68.084  -6.160 0.4000000060
20497  40.052  -68.898  -6.684 0.4000000060
21310  35.431  -67.250  9.460 0.3000000119
21312  33.641  -67.342  9.393 0.3000000119
21313  32.814  -67.169  9.144 0.4000000060
21329  34.085  -67.923  8.990 0.3000000119
21331  32.622  -67.529  8.374 0.4000000060
21342  37.713  -67.633  8.227 0.3000000119
21354  39.678  -67.769  6.706 0.3000000119
21367  32.802  -67.236  5.059 0.3000000119
21368  32.426  -67.908  5.710 0.3000000119
21386  32.759  -68.171  4.060 0.3000000119
21410  27.398  -67.731  2.389 0.4000000060
21423  26.410  -67.520  1.731 0.4000000060
21439  33.206  -67.285  -0.097 0.5000000000
21441  31.639  -67.764  0.624 0.5000000000
21442  31.036  -67.914  1.027 0.4000000060
21459  39.014  -66.118  0.010 0.4000000060
21461  36.890  -68.146  -0.480 0.3000000119
21464  32.772  -67.678  -0.486 0.5000000000
21479  39.928  -66.059  -1.435 0.4000000060
21480  38.542  -67.566  -1.122 0.4000000060
21481  36.280  -67.051  -1.935 0.3000000119
21490  40.252  -66.423  -2.021 0.4000000060
21493  36.000  -67.511  -2.701 0.5000000000
21494  34.292  -67.961  -2.233 0.4000000060
21503  36.303  -67.708  -3.327 0.5000000000
21504  27.020  -66.785  -3.699 0.5000000000
21513  40.584  -67.144  -4.344 0.3000000119
21515  37.947  -67.527  -4.402 0.4000000060
21516  37.139  -67.586  -3.821 0.4000000060
21524  40.722  -67.910  -5.365 0.4000000060
21525  40.511  -67.700  -5.411 0.4000000060
21526  39.914  -67.465  -5.374 0.4000000060
21551  30.765  -67.503  -8.122 0.5000000000
21558  31.115  -67.110  -8.345 0.5000000000
21559  30.812  -67.295  -8.304 0.5000000000
22346  33.689  -66.191  10.344 0.4000000060
22359  34.103  -66.797  9.915 0.3000000119
22362  31.816  -65.928  9.180 0.4000000060
22387  32.069  -66.423  7.609 0.4000000060
22412  33.092  -66.528  5.341 0.3000000119
22421  33.843  -66.855  3.888 0.3000000119
22443  31.144  -66.016  2.778 0.6999999881
22447  27.663  -67.008  2.553 0.4000000060
22459  39.065  -64.907  0.883 0.4000000060
22464  31.971  -66.383  1.974 0.6999999881
22466  27.312  -66.440  2.226 0.4000000060
22475  39.090  -65.370  0.510 0.4000000060
22477  37.495  -66.832  0.725 0.4000000060
22482  26.319  -66.523  0.528 0.4000000060
22493  39.321  -65.335  -0.099 0.4000000060
22496  34.619  -66.628  -0.175 0.4000000060
22497  33.828  -67.009  -0.117 0.5000000000
22510  39.726  -65.767  -1.263 0.4000000060
22511  39.128  -65.686  -1.378 0.3000000119
22513  35.296  -66.794  -0.811 0.3000000119
22521  38.738  -66.180  -2.183 0.3000000119
22523  26.716  -66.604  -2.785 0.5000000000
22527  40.248  -66.346  -2.683 0.3000000119
22546  31.406  -66.359  -6.750 0.6000000238
22557  31.758  -66.764  -7.574 0.5000000000
22564  32.475  -66.524  -8.112 0.5000000000
22572  31.389  -66.871  -8.351 0.5000000000
23387  33.302  -65.514  10.693 0.4000000060
23389  31.947  -65.161  10.286 0.4000000060
23398  32.117  -65.745  9.943 0.4000000060
23420  31.547  -65.040  8.208 0.4000000060
23449  34.253  -65.067  5.092 0.4000000060
23451  32.775  -65.791  6.204 0.4000000060
23459  33.855  -65.841  5.076 0.4000000060
23465  35.105  -65.657  3.927 0.4000000060
23466  30.059  -65.128  3.328 0.6999999881
23481  37.907  -64.424  1.931 0.4000000060
23483  36.404  -65.462  2.912 0.4000000060
23485  31.104  -65.299  3.102 0.6000000238
23488  28.545  -65.711  2.920 0.6999999881
23502  38.555  -64.709  1.345 0.4000000060
23503  37.865  -65.225  1.813 0.5000000000
23504  33.830  -65.423  1.353 0.4000000060
23507  27.754  -65.738  2.318 0.5000000000
23517  37.627  -64.465  0.368 0.3000000119
23520  34.250  -65.850  0.811 0.4000000060
23522  27.548  -65.180  0.487 0.5000000000
23533  39.237  -64.976  -0.116 0.4000000060
23562  29.114  -64.777  -3.987 0.6000000238
23571  31.022  -64.735  -5.414 0.6000000238
23574  28.660  -65.468  -4.345 0.6999999881
23583  29.922  -65.686  -5.553 0.6000000238
23591  33.078  -66.033  -7.421 0.5000000000
23597  34.279  -65.343  -8.167 0.6000000238
23599  33.271  -66.191  -7.992 0.5000000000
23606  33.130  -66.062  -8.258 0.5000000000
24400  34.216  -64.069  11.321 0.3000000119
24401  33.371  -64.187  11.321 0.3000000119
24418  32.925  -64.844  11.007 0.4000000060
24419  32.208  -64.709  10.731 0.3000000119
24430  31.347  -64.319  9.767 0.4000000060
24446  32.117  -64.880  6.986 0.4000000060
24474  33.217  -64.112  5.875 0.4000000060
24480  34.797  -64.551  4.675 0.4000000060
24487  36.073  -64.105  3.653 0.6000000238
24502  37.361  -64.102  2.473 0.5000000000
24505  30.505  -64.730  3.272 0.6999999881
24506  29.725  -64.770  3.255 0.6999999881
24520  38.192  -64.120  1.431 0.4000000060
24521  36.649  -63.626  1.390 0.5000000000
24523  34.519  -64.360  1.521 0.6000000238
24524  33.502  -64.604  1.952 0.6000000238
24525  28.844  -64.055  2.216 0.6999999881
24526  28.323  -64.584  1.848 0.6999999881
24534  38.954  -64.659  0.324 0.3000000119
24536  37.207  -64.030  0.837 0.4000000060
24537  36.179  -64.215  1.001 0.4000000060
24539  28.164  -64.584  0.912 0.5000000000
24549  27.772  -64.942  -0.633 0.6000000238
24559  28.693  -64.183  -1.567 0.6999999881
24581  33.224  -63.646  -5.143 0.6000000238
24589  34.147  -64.103  -5.994 0.6000000238
24592  31.708  -65.042  -5.944 0.6000000238
24598  34.719  -64.456  -6.936 0.6000000238
24605  34.471  -65.364  -7.964 0.5000000000
24606  32.579  -63.977  -7.794 0.4000000060
24613  33.259  -64.857  -8.339 0.5000000000
25397  33.046  -63.486  11.418 0.3000000119
25414  35.150  -63.737  11.053 0.3000000119
25415  31.845  -64.012  10.898 0.4000000060
25427  31.016  -63.521  9.482 0.4000000060
25445  31.431  -63.407  7.614 0.4000000060
25481  34.728  -63.569  4.563 0.6000000238
25490  35.949  -63.172  3.251 0.6000000238
25504  37.205  -63.611  2.224 0.5000000000
25506  34.881  -62.605  2.250 0.5000000000
25509  31.420  -62.865  2.860 0.6000000238
25511  29.518  -63.578  2.547 0.6999999881
25526  37.599  -63.767  1.792 0.5000000000
25528  36.153  -63.134  1.911 0.5000000000
25542  37.527  -63.850  1.357 0.4000000060
25544  28.646  -64.017  1.258 0.6999999881
25563  28.858  -63.908  -0.969 0.6000000238
25568  29.660  -63.506  -2.248 0.6999999881
25573  31.893  -63.163  -4.025 0.6000000238
25583  31.300  -63.687  -4.388 0.6999999881
25591  34.817  -63.844  -6.234 0.6999999881
25598  35.512  -63.467  -6.818 0.6999999881
25599  35.185  -63.959  -7.041 0.6999999881
25607  34.743  -64.350  -7.944 0.5000000000
25612  34.217  -64.948  -8.300 0.5000000000
26408  32.347  -62.674  6.176 0.5000000000
26425  33.549  -62.437  4.975 0.6000000238
26440  35.300  -62.596  3.382 0.6000000238
26441  34.619  -62.136  3.563 0.6000000238
26452  35.551  -62.632  2.829 0.5000000000
26468  35.554  -62.796  2.348 0.5000000000
26469  34.980  -62.354  2.700 0.5000000000
26470  33.475  -61.906  2.662 0.6000000238
26502  29.990  -62.246  0.419 0.6999999881
26509  30.168  -62.396  -0.542 0.6999999881
26520  30.419  -62.563  -1.382 0.6000000238
26525  31.399  -62.486  -2.498 0.6999999881
26531  37.472  -62.246  -4.728 0.6000000238
26533  35.608  -62.275  -4.472 0.6000000238
26535  33.471  -62.336  -3.753 0.6000000238
26537  31.657  -62.767  -3.278 0.6999999881
26543  38.082  -62.808  -5.631 0.6999999881
26544  35.698  -62.805  -5.225 0.6000000238
26553  38.474  -63.044  -5.998 0.6999999881
26554  37.832  -62.995  -5.986 0.6999999881
26561  38.398  -62.908  -6.091 0.6999999881
26563  36.495  -62.872  -6.259 0.6999999881
26564  35.930  -62.749  -6.618 0.6999999881
26566  34.533  -62.588  -7.217 0.5000000000
27337  31.253  -61.689  7.268 0.5000000000
27353  32.115  -61.808  5.991 0.5000000000
27368  32.462  -61.370  5.320 0.5000000000
27381  34.010  -61.610  3.456 0.5000000000
27383  32.654  -60.875  4.646 0.5000000000
27393  33.503  -61.250  3.104 0.5000000000
27411  31.612  -60.721  2.478 0.6000000238
27429  30.439  -61.450  1.732 0.6000000238
27441  30.298  -61.564  0.851 0.6999999881
27462  31.438  -61.577  -1.392 0.6000000238
27466  33.921  -61.130  -3.007 0.5000000000
27471  41.619  -61.600  -5.365 0.6000000238
27473  40.478  -62.042  -5.161 0.6000000238
27477  35.934  -61.599  -3.957 0.6000000238
27482  41.095  -62.139  -5.690 0.6000000238
27484  39.612  -62.865  -5.977 0.6999999881
27489  40.973  -62.269  -6.027 0.6999999881
27498  39.748  -61.990  -6.329 0.6999999881
27499  38.682  -62.208  -6.295 0.6999999881
27502  36.085  -61.868  -6.606 0.6000000238
27504  33.999  -61.635  -6.758 0.4000000060
28355  31.189  -60.724  7.169 0.5000000000
28388  32.184  -60.139  4.786 0.5000000000
28389  31.838  -60.147  5.564 0.5000000000
28401  32.808  -60.519  3.335 0.6000000238
28432  32.438  -60.037  2.938 0.6000000238
28433  31.806  -60.047  2.427 0.6000000238
28450  31.250  -60.063  1.862 0.6000000238
28451  30.803  -60.739  1.792 0.6000000238
28463  30.935  -60.167  0.938 0.6000000238
28477  31.253  -60.357  -0.210 0.6000000238
28487  33.172  -59.970  -1.895 0.6000000238
28493  41.857  -60.277  -3.944 0.6999999881
28495  40.009  -60.298  -3.699 0.6999999881
28496  38.314  -59.823  -3.372 0.6000000238
28498  36.496  -59.996  -3.269 0.6000000238
28507  38.536  -60.775  -3.877 0.6000000238
28513  43.345  -60.284  -5.022 0.6999999881
28515  42.000  -61.344  -5.551 0.6999999881
28519  43.147  -60.113  -5.401 0.6999999881
28521  42.051  -61.129  -5.904 0.6000000238
28524  38.653  -60.427  -5.736 0.6000000238
28526  36.362  -60.270  -5.959 0.6000000238
28536  33.596  -60.717  -6.258 0.4000000060
29515  31.756  -59.419  2.092 0.5000000000
29561  39.025  -58.476  -2.295 0.6000000238
29568  43.194  -59.677  -3.814 0.6999999881
29571  38.794  -59.036  -2.929 0.6000000238
29578  43.646  -59.861  -4.629 0.6999999881
29581  44.156  -59.332  -4.715 0.6000000238
29583  40.084  -59.498  -5.336 0.6999999881
29588  44.151  -59.311  -5.019 0.5000000000
29590  42.945  -59.960  -5.536 0.6999999881
29591  42.348  -60.414  -5.667 0.6999999881
29592  40.919  -60.432  -5.815 0.8000000119
29594  38.581  -59.622  -5.378 0.6999999881
29599  34.158  -59.176  -5.666 0.5000000000
30539  32.313  -58.315  4.269 0.5000000000
30555  32.171  -58.748  2.422 0.4000000060
30577  32.097  -58.172  1.015 0.4000000060
30600  42.547  -57.942  -1.975 0.5000000000
30604  38.750  -57.981  -1.799 0.6000000238
30606  36.865  -57.841  -2.069 0.6000000238
30610  32.931  -58.514  -0.992 0.4000000060
30620  43.486  -58.840  -3.146 0.6999999881
30621  42.589  -58.665  -2.558 0.6000000238
30632  42.646  -58.183  -5.094 0.6000000238
30634  40.807  -59.402  -5.349 0.8000000119
30635  39.387  -58.796  -4.809 0.6000000238
30643  44.370  -58.718  -5.041 0.5000000000
30645  42.767  -58.753  -5.377 0.6000000238
30647  38.022  -59.164  -5.112 0.6000000238
30650  35.856  -58.501  -5.251 0.5000000000
31613  35.856  -56.707  -0.881 0.5000000000
31631  33.695  -57.543  -0.793 0.4000000060
31642  45.235  -57.401  -3.866 0.5000000000
31657  41.418  -57.959  -4.508 0.6000000238
31663  35.908  -57.222  -4.880 0.5000000000
31668  45.155  -57.112  -4.842 0.4000000060
31669  44.661  -57.792  -5.071 0.5000000000
31670  43.280  -58.365  -5.264 0.6000000238
31671  36.211  -57.994  -4.955 0.5000000000
32582  32.769  -57.007  3.434 0.5000000000
32594  32.894  -56.749  1.812 0.5000000000
32610  33.511  -56.523  1.217 0.5000000000
32611  32.892  -56.989  0.957 0.5000000000
32624  35.160  -56.227  0.465 0.4000000060
32626  33.502  -56.799  0.395 0.5000000000
32639  35.451  -56.409  -0.210 0.4000000060
32640  34.149  -56.725  -0.164 0.5000000000
32686  44.402  -57.035  -5.050 0.4000000060
32688  34.823  -57.036  -5.103 0.4000000060
33737  43.428  -55.743  -4.068 0.5000000000
33749  44.027  -55.294  -4.352 0.4000000060
34739  45.288  -54.846  -5.000 0.4000000060
128220  35.202  -63.953  -7.392 0.6999999881
129512  31.416  -64.237  7.945 0.4000000060
129963  31.470  -76.203  -0.901 0.3000000119
131087  32.812  -78.709  -1.254 0.3000000119
131129  36.759  -70.615  4.950 0.3000000119
131235  41.317  -61.428  -6.157 0.6999999881
132039  39.785  -70.923  -8.164 0.5000000000
132146  33.147  -61.216  2.831 0.6000000238
132267  32.438  -57.955  0.164 0.4000000060
132322  35.598  -65.009  0.672 0.4000000060
132392  32.531  -59.734  -1.331 0.5000000000
132742  32.975  -57.868  -5.186 0.5000000000
133696  29.008  -67.370  2.633 0.4000000060
133908  32.788  -69.279  6.203 0.3000000119
133962  27.444  -69.949  1.554 0.5000000000
134843  35.325  -61.403  -6.628 0.6000000238
134848  34.946  -62.767  4.014 0.6000000238
134860  39.884  -76.486  -6.976 0.3000000119
134879  34.104  -57.146  -0.663 0.5000000000
135333  32.304  -67.205  7.862 0.4000000060
135820  35.691  -66.668  9.804 0.3000000119
135856  32.102  -67.461  0.650 0.5000000000
136103  32.511  -65.680  2.103 0.6999999881
136390  34.902  -58.149  -1.864 0.6000000238
136598  30.892  -63.832  3.119 0.6000000238
136747  32.477  -68.684  5.269 0.3000000119
137011  35.010  -60.585  -6.327 0.5000000000
138729  33.282  -59.202  -5.612 0.4000000060
138911  26.819  -65.927  0.563 0.5000000000
139000  39.485  -59.507  -3.207 0.6000000238
139527  34.336  -62.102  2.587 0.5000000000
139850  30.654  -71.556  -3.192 0.4000000060
140458  32.302  -60.905  2.711 0.6000000238
140460  38.531  -68.756  -2.966 0.4000000060
141091  38.844  -72.208  -9.624 0.3000000119
142214  26.237  -66.547  -0.958 0.4000000060
142225  32.245  -63.380  11.266 0.4000000060
142321  38.669  -74.000  -7.021 0.4000000060
142458  39.148  -67.035  -4.299 0.4000000060
142554  31.324  -60.023  6.822 0.5000000000
143079  43.222  -60.199  -5.271 0.6999999881
143111  34.158  -62.589  -4.326 0.6000000238
143622  31.795  -66.790  -8.207 0.5000000000
143661  34.493  -61.491  -3.482 0.5000000000
143842  32.413  -67.287  6.334 0.3000000119
144394  32.264  -78.286  -0.978 0.3000000119
144578  34.560  -74.966  -4.787 0.3000000119
144580  32.244  -59.075  4.082 0.5000000000
144829  37.803  -60.492  -3.612 0.6000000238
145164  36.031  -72.102  -4.871 0.4000000060
145191  33.448  -58.672  -1.422 0.4000000060
145350  42.798  -54.983  -3.275 0.4000000060
146387  29.303  -68.552  1.780 0.4000000060
146403  35.379  -57.154  -5.022 0.5000000000
146489  37.085  -62.691  -5.527 0.6999999881
146504  32.485  -58.404  -0.425 0.3000000119
146665  44.185  -58.633  -3.565 0.5000000000
146747  32.495  -76.547  1.567 0.3000000119
148367  31.758  -61.176  -5.924 0.5000000000
148789  32.498  -68.665  4.583 0.3000000119
149074  34.302  -60.418  -6.208 0.5000000000
149664  38.810  -76.507  -6.030 0.3000000119
150134  39.202  -74.520  -9.363 0.4000000060
150575  35.738  -63.636  3.781 0.4000000060
150726  39.170  -60.139  -5.640 0.6999999881
151113  36.616  -67.378  -2.934 0.4000000060
151778  40.417  -67.295  -4.944 0.4000000060
152441  40.091  -69.067  -6.687 0.4000000060
152444  29.738  -63.773  -3.005 0.8000000119
152859  33.137  -77.798  -2.882 0.3000000119
152860  38.002  -68.857  -6.248 0.4000000060
153195  31.433  -59.431  0.552 0.6000000238
153231  29.112  -65.004  3.121 0.6999999881
153463  40.248  -66.070  -2.296 0.4000000060
153526  37.181  -68.770  -5.459 0.4000000060
153918  39.300  -65.514  -0.557 0.4000000060
154212  31.532  -65.321  8.868 0.4000000060
154452  38.643  -66.723  -0.250 0.4000000060
