#Insight Transform File V1.0
#Transform 0
Transform: AffineTransform_float_3_3
Parameters: 0.999998 0.000214376 0.00202113 -0.000209806 0.999998 -0.00234633 -0.00202149 0.00234582 0.999996 0.040614 -0.00452584 0.140174
FixedParameters: 0 0 0

#Transform 1
Transform: AffineTransform_float_3_3
Parameters: 0.999998 0.00029947 0.00193901 -0.000294181 0.999996 -0.00283437 -0.0019397 0.00283434 0.999994 0.0338758 -0.059583 0.104176
FixedParameters: 0 0 0

#Transform 2
Transform: AffineTransform_float_3_3
Parameters: 0.999999 0.000661856 0.000992799 -0.000659247 0.999998 -0.00201837 -0.000993822 0.00201835 0.999998 -0.00647251 0.0847837 0.00743245
FixedParameters: 0 0 0

#Transform 3
Transform: AffineTransform_float_3_3
Parameters: 0.999999 -0.000121742 -0.00151079 0.000124503 1 0.00122242 0.00151083 -0.00122221 0.999998 -0.0468339 -0.00362822 0.0196018
FixedParameters: 0 0 0

#Transform 4
Transform: AffineTransform_float_3_3
Parameters: 0.999998 0.000111227 -0.00152231 -0.000107161 0.999998 0.0022954 0.00152276 -0.00229527 0.999997 -0.0345033 0.0227836 0.0177944
FixedParameters: 0 0 0

#Transform 5
Transform: AffineTransform_float_3_3
Parameters: 1 0.000355654 -0.000464769 -0.000356073 0.999999 0.000589768 0.000465459 -0.000590254 1 -0.00839888 0.0928761 -0.0275995
FixedParameters: 0 0 0

#Transform 6
Transform: AffineTransform_float_3_3
Parameters: 1 -0.000264872 -0.000274362 0.000265836 0.999999 0.00154147 0.000273526 -0.00154161 0.999999 -0.00781319 -0.0101636 0.073378
FixedParameters: 0 0 0

#Transform 7
Transform: AffineTransform_float_3_3
Parameters: 1 0.00022645 -0.000520916 -0.000226347 1 0.00119625 0.000520818 -0.00119599 0.999999 -0.0108364 -0.0419655 0.0463992
FixedParameters: 0 0 0

#Transform 8
Transform: AffineTransform_float_3_3
Parameters: 1 -0.000194746 7.90041e-05 0.000194733 1 7.72328e-05 -7.90341e-05 -7.7202e-05 1 -0.00808632 0.0767837 -0.0212825
FixedParameters: 0 0 0

#Transform 9
Transform: AffineTransform_float_3_3
Parameters: 1 -0.000139308 0.000419337 0.00013901 1 0.000320044 -0.000419479 -0.000320716 1 -0.0189966 -0.00176158 0.00893125
FixedParameters: 0 0 0

#Transform 10
Transform: AffineTransform_float_3_3
Parameters: 1 -3.34469e-05 -6.40146e-05 3.35672e-05 0.999999 0.000939821 6.39516e-05 -0.000939825 0.999999 -0.012075 -0.00834789 0.0109949
FixedParameters: 0 0 0

#Transform 11
Transform: AffineTransform_float_3_3
Parameters: 0.999999 0.000115572 -0.000853448 -0.000114576 1 0.0010638 0.000853997 -0.00106363 0.999999 -0.0126629 0.0515812 0.0108529
FixedParameters: 0 0 0

#Transform 12
Transform: AffineTransform_float_3_3
Parameters: 1 -0.000203808 -0.000203528 0.000203924 1 0.000284458 0.000203412 -0.000284541 1 -0.00717574 0.0273419 0.00232539
FixedParameters: 0 0 0

#Transform 13
Transform: AffineTransform_float_3_3
Parameters: 1 -7.75929e-06 0.000179505 7.29638e-06 0.999998 0.00162032 -0.000179548 -0.00162032 0.999998 0.013779 -0.0555793 0.0815627
FixedParameters: 0 0 0

#Transform 14
Transform: AffineTransform_float_3_3
Parameters: 1 -0.000279042 -0.000375404 0.000279712 0.999999 0.0018281 0.000374668 -0.00182833 0.999999 -0.00123321 0.0518733 0.0451597
FixedParameters: 0 0 0

#Transform 15
Transform: AffineTransform_float_3_3
Parameters: 1 -0.000125436 5.33893e-05 0.000125434 1 0.00112902 -5.36908e-05 -0.001129 1 0.0200148 0.0385074 0.123491
FixedParameters: 0 0 0

#Transform 16
Transform: AffineTransform_float_3_3
Parameters: 1 -0.000504162 0.000211484 0.000503827 0.999999 0.00079154 -0.000212282 -0.000791326 0.999999 0.0219133 0.00741338 0.0768726
FixedParameters: 0 0 0

#Transform 17
Transform: AffineTransform_float_3_3
Parameters: 1 -7.39986e-05 -0.000405247 7.46999e-05 0.999999 0.00086535 0.000405118 -0.00086541 0.999999 0.0169158 -0.0245846 -0.00552311
FixedParameters: 0 0 0

#Transform 18
Transform: AffineTransform_float_3_3
Parameters: 1 -0.000486867 -0.000297348 0.000487065 1 0.000332614 0.000297024 -0.000332904 1 0.00957885 -0.0411005 0.0358429
FixedParameters: 0 0 0

#Transform 19
Transform: AffineTransform_float_3_3
Parameters: 1 -0.000405146 0.000302741 0.000405242 1 -0.000157479 -0.000302613 0.000157724 1 0.0112358 -0.0252556 0.0586211
FixedParameters: 0 0 0

#Transform 20
Transform: AffineTransform_float_3_3
Parameters: 1 -0.000305789 0.000202531 0.00030602 1 -0.000572227 -0.000202181 0.000572351 1 0.000165596 0.0283455 -0.00424189
FixedParameters: 0 0 0

#Transform 21
Transform: AffineTransform_float_3_3
Parameters: 1 2.4014e-05 0.000290686 -2.38204e-05 1 -0.000333142 -0.000290702 0.000333128 1 -0.0170109 -0.0240297 -7.46793e-05
FixedParameters: 0 0 0

#Transform 22
Transform: AffineTransform_float_3_3
Parameters: 0.999999 0.000372397 0.000705605 -0.00037247 1 -0.000608507 -0.000705716 0.000608566 1 -0.0235044 -0.0604379 0.00742659
FixedParameters: 0 0 0

#Transform 23
Transform: AffineTransform_float_3_3
Parameters: 1 -3.34045e-05 0.00102681 3.44233e-05 1 -0.000953536 -0.00102642 0.000953577 0.999999 -0.0141207 0.0364228 0.0164402
FixedParameters: 0 0 0

#Transform 24
Transform: AffineTransform_float_3_3
Parameters: 1 8.37196e-05 -0.000132478 -8.35456e-05 1 0.00065633 0.000132588 -0.000656308 1 -0.00732098 -0.00827191 0.0419762
FixedParameters: 0 0 0

#Transform 25
Transform: AffineTransform_float_3_3
Parameters: 1 -0.000564335 8.34708e-05 0.000564563 0.999999 0.000564251 -8.31633e-05 -0.00056421 1 -0.00214688 -0.0191878 0.0620631
FixedParameters: 0 0 0

#Transform 26
Transform: AffineTransform_float_3_3
Parameters: 0.999998 -0.00137346 -0.00132383 0.00137864 0.999989 0.00441745 0.00131733 -0.00442008 0.999989 -0.0219457 0.180737 0.0350513
FixedParameters: 0 0 0

#Transform 27
Transform: AffineTransform_float_3_3
Parameters: 0.999999 -0.000734609 -0.000938573 0.000736783 0.999996 0.00278106 0.000936733 -0.0027812 0.999996 -0.0163495 -0.0272079 0.0939945
FixedParameters: 0 0 0

#Transform 28
Transform: AffineTransform_float_3_3
Parameters: 0.999999 -0.000625421 -0.000517147 0.000627168 0.999997 0.00205786 0.000515799 -0.00205859 0.999998 -0.0170335 -0.0186438 0.104659
FixedParameters: 0 0 0

#Transform 29
Transform: AffineTransform_float_3_3
Parameters: 1 -0.000300019 -0.0002723 0.000300762 1 0.00114595 0.000271594 -0.00114611 1 -0.0125694 -0.00998563 0.0718302
FixedParameters: 0 0 0

#Transform 30
Transform: AffineTransform_float_3_3
Parameters: 0.999999 -0.000398022 -0.00061674 0.000398753 0.999998 0.00192357 0.000615816 -0.00192411 0.999998 -0.0185717 -0.016728 0.0630783
FixedParameters: 0 0 0

#Transform 31
Transform: AffineTransform_float_3_3
Parameters: 0.999999 -0.000409771 -0.000665584 0.000411158 0.999998 0.00165439 0.00066455 -0.00165435 0.999999 -0.0188302 -0.0208122 0.0674401
FixedParameters: 0 0 0

#Transform 32
Transform: AffineTransform_float_3_3
Parameters: 0.999999 -0.00030776 -0.000589675 0.000308919 0.999995 0.00296438 0.000588762 -0.00296421 0.999996 0.0165895 0.0257907 0.106813
FixedParameters: 0 0 0

#Transform 33
Transform: AffineTransform_float_3_3
Parameters: 1 -0.000265402 -0.000251696 0.000265091 0.999997 0.00240768 0.000251009 -0.00240786 0.999997 -0.00596428 -0.0209382 0.100629
FixedParameters: 0 0 0

#Transform 34
Transform: AffineTransform_float_3_3
Parameters: 0.999999 -0.000896147 -0.000830165 0.000898499 0.999995 0.00318271 0.000826687 -0.00318295 0.999995 -0.00368688 0.00784341 0.0572352
FixedParameters: 0 0 0

#Transform 35
Transform: AffineTransform_float_3_3
Parameters: 0.999999 -0.000857847 -0.000300772 0.000859365 0.999996 0.0024278 0.000298759 -0.00242844 0.999997 -0.00634657 -0.026219 0.0855276
FixedParameters: 0 0 0

#Transform 36
Transform: AffineTransform_float_3_3
Parameters: 1 -0.000655595 -0.000182316 0.000656151 0.999999 0.00120188 0.000180721 -0.00120212 1 0.00459642 0.00322705 0.0455591
FixedParameters: 0 0 0

#Transform 37
Transform: AffineTransform_float_3_3
Parameters: 1 -0.00025091 -0.00102451 0.000253453 0.999997 0.00249685 0.0010242 -0.00249684 0.999997 -0.00903328 0.00699998 0.0119379
FixedParameters: 0 0 0

#Transform 38
Transform: AffineTransform_float_3_3
Parameters: 1 0.000117751 0.000115375 -0.000117672 0.99999 0.0043109 -0.000114525 -0.00431091 0.99999 0.0315251 -0.0543271 0.0708437
FixedParameters: 0 0 0

#Transform 39
Transform: AffineTransform_float_3_3
Parameters: 1 -0.000595091 -0.00069201 0.000597921 0.999992 0.00393124 0.000689427 -0.00393223 0.999992 0.00342911 -0.103568 0.116634
FixedParameters: 0 0 0

#Transform 40
Transform: AffineTransform_float_3_3
Parameters: 0.999999 -0.000375533 -0.000672855 0.000377519 0.999996 0.00260323 0.000671505 -0.00260318 0.999997 -0.00416858 0.0604148 0.0605472
FixedParameters: 0 0 0

#Transform 41
Transform: AffineTransform_float_3_3
Parameters: 0.999999 -0.000693858 -0.00102457 0.000696486 0.999996 0.00254047 0.00102199 -0.00254136 0.999996 -0.0152347 0.0556934 0.0455531
FixedParameters: 0 0 0

#Transform 42
Transform: AffineTransform_float_3_3
Parameters: 0.999999 -0.000825678 -0.00115045 0.000831639 0.999987 0.00501227 0.00114643 -0.00501388 0.999986 -0.00893096 0.00717737 0.125253
FixedParameters: 0 0 0

#Transform 43
Transform: AffineTransform_float_3_3
Parameters: 1 0.000193004 -0.000418207 -0.000192349 0.999996 0.00284341 0.00041893 -0.00284325 0.999996 0.00815248 -0.0338339 0.0822243
FixedParameters: 0 0 0

#Transform 44
Transform: AffineTransform_float_3_3
Parameters: 1 -5.20051e-05 0.000216992 5.15865e-05 0.999999 0.000964311 -0.000217092 -0.000964289 0.999999 -0.00951919 0.0627345 0.0239413
FixedParameters: 0 0 0

#Transform 45
Transform: AffineTransform_float_3_3
Parameters: 1 -5.18276e-05 0.000218182 5.1398e-05 0.999999 0.000984275 -0.000218284 -0.000984253 0.999999 0.0092751 0.0435369 0.0405873
FixedParameters: 0 0 0

#Transform 46
Transform: AffineTransform_float_3_3
Parameters: 1 -0.000389321 0.000198265 0.00038904 1 0.000988299 -0.000199073 -0.000988756 0.999999 0.00633534 -0.0576968 0.124712
FixedParameters: 0 0 0

#Transform 47
Transform: AffineTransform_float_3_3
Parameters: 0.999999 -0.000831208 -8.14005e-05 0.000830902 0.999999 0.00117947 8.06887e-05 -0.00117968 1 0.00599391 0.0429675 0.114568
FixedParameters: 0 0 0

#Transform 48
Transform: AffineTransform_float_3_3
Parameters: 0.999999 -0.000707367 0.000611396 0.000707129 0.999999 0.000194843 -0.000611671 -0.000193978 1 -0.0107769 -0.10096 0.110841
FixedParameters: 0 0 0

#Transform 49
Transform: AffineTransform_float_3_3
Parameters: 1 -0.000671791 4.88473e-05 0.000672147 0.999997 0.00205693 -5.07037e-05 -0.00205691 0.999998 -0.0100146 -0.0844481 0.11078
FixedParameters: 0 0 0

#Transform 50
Transform: AffineTransform_float_3_3
Parameters: 1 -0.00113378 0.000161016 0.00113399 0.999998 0.00132429 -0.00016213 -0.00132403 0.999999 0.00186349 0.0381701 0.0582663
FixedParameters: 0 0 0

#Transform 51
Transform: AffineTransform_float_3_3
Parameters: 0.999999 -0.000605749 -0.000435038 0.000606116 0.999998 0.00193763 0.000434243 -0.00193827 0.999998 -0.0253695 -0.000144584 0.0820491
FixedParameters: 0 0 0

#Transform 52
Transform: AffineTransform_float_3_3
Parameters: 1 -3.24014e-05 0.000397762 3.14023e-05 0.999999 0.00140517 -0.00039787 -0.00140514 0.999999 -0.000178853 -0.0611141 0.132773
FixedParameters: 0 0 0

#Transform 53
Transform: AffineTransform_float_3_3
Parameters: 1 -0.000355494 0.000982654 0.000354947 1 0.000202552 -0.000982832 -0.000202644 0.999999 0.00250939 -0.0321251 0.0831358
FixedParameters: 0 0 0

#Transform 54
Transform: AffineTransform_float_3_3
Parameters: 0.999999 -0.000857046 0.000990919 0.000856597 0.999999 0.000848292 -0.000991802 -0.000847407 1 0.00389847 -0.00690542 0.0791593
FixedParameters: 0 0 0

#Transform 55
Transform: AffineTransform_float_3_3
Parameters: 1 -0.000506682 0.00111641 0.000506033 1 0.000842334 -0.00111669 -0.000842018 0.999999 0.0152269 -0.0369688 0.0856506
FixedParameters: 0 0 0

#Transform 56
Transform: AffineTransform_float_3_3
Parameters: 0.999999 -0.000417751 0.0017473 0.000417476 1 0.000305157 -0.00174791 -0.000304459 0.999998 0.0248371 -0.0755161 0.0859959
FixedParameters: 0 0 0

#Transform 57
Transform: AffineTransform_float_3_3
Parameters: 0.999999 -0.000499116 0.00167044 0.000499116 1 -0.000430639 -0.00167072 0.000430754 0.999999 0.0278314 0.03745 0.050766
FixedParameters: 0 0 0

#Transform 58
Transform: AffineTransform_float_3_3
Parameters: 0.999999 -0.000117725 0.00174902 0.000117568 1 -0.000298003 -0.00174862 0.000298208 0.999998 0.0440671 0.0557569 0.0644241
FixedParameters: 0 0 0

#Transform 59
Transform: AffineTransform_float_3_3
Parameters: 0.999999 -0.000850335 0.00124374 0.0008472 0.999996 0.00253435 -0.00124596 -0.00253313 0.999996 0.0219568 0.0288176 0.117472
FixedParameters: 0 0 0

#Transform 60
Transform: AffineTransform_float_3_3
Parameters: 1 -0.00092225 0.000597622 0.000920371 0.999996 0.00267511 -0.000599771 -0.00267417 0.999997 0.0124994 -0.0189279 0.163157
FixedParameters: 0 0 0

#Transform 61
Transform: AffineTransform_float_3_3
Parameters: 0.999999 -0.000666651 0.00124541 0.000665991 1 0.000760226 -0.00124586 -0.000759381 0.999999 0.000983818 -0.0271484 0.107949
FixedParameters: 0 0 0

#Transform 62
Transform: AffineTransform_float_3_3
Parameters: 0.999999 -0.000674108 0.00121763 0.000673893 1 0.000594648 -0.00121787 -0.00059382 0.999999 0.00415439 0.0180496 0.0586296
FixedParameters: 0 0 0

#Transform 63
Transform: AffineTransform_float_3_3
Parameters: 0.999999 -0.000509734 0.00121683 0.0005051 0.999994 0.00330382 -0.00121814 -0.00330347 0.999994 0.04486 0.0493596 0.10553
FixedParameters: 0 0 0

#Transform 64
Transform: AffineTransform_float_3_3
Parameters: 0.999999 0.000155963 0.000951624 -0.000158328 0.999998 0.00186115 -0.000951398 -0.00186142 0.999998 0.0207454 0.0466828 0.0441388
FixedParameters: 0 0 0

#Transform 65
Transform: AffineTransform_float_3_3
Parameters: 0.999999 -0.000750114 0.00074527 0.000746837 0.999989 0.0045558 -0.000748855 -0.00455547 0.999989 0.00960381 0.0227972 0.103087
FixedParameters: 0 0 0

#Transform 66
Transform: AffineTransform_float_3_3
Parameters: 0.999999 -0.000451248 0.000650632 0.000448861 0.999993 0.00368627 -0.000652511 -0.00368576 0.999993 0.0114891 0.0552985 0.0415483
FixedParameters: 0 0 0

#Transform 67
Transform: AffineTransform_float_3_3
Parameters: 0.999998 -0.00153295 0.000449284 0.00153027 0.99999 0.00419289 -0.000455999 -0.00419248 0.999991 -0.0206604 0.0137161 0.0528111
FixedParameters: 0 0 0

#Transform 68
Transform: AffineTransform_float_3_3
Parameters: 0.999998 -0.00156731 -0.000186478 0.00156872 0.999989 0.00453377 0.000180085 -0.00453324 0.99999 -0.0171109 -0.0146597 0.0608554
FixedParameters: 0 0 0

#Transform 69
Transform: AffineTransform_float_3_3
Parameters: 0.999999 -0.00146044 8.8505e-05 0.00146022 0.999994 0.00319134 -9.25168e-05 -0.00319121 0.999995 -0.012026 0.0873696 0.0435119
FixedParameters: 0 0 0

#Transform 70
Transform: AffineTransform_float_3_3
Parameters: 0.999999 -0.00142591 0.000721784 0.00142344 0.999993 0.00322237 -0.000726353 -0.00322118 0.999994 0.0119661 -0.022713 0.117654
FixedParameters: 0 0 0

#Transform 71
Transform: AffineTransform_float_3_3
Parameters: 0.999999 -0.000763097 0.000510691 0.000761534 0.999996 0.00262261 -0.000512873 -0.00262193 0.999997 -0.00942939 0.00155549 0.0337866
FixedParameters: 0 0 0

#Transform 72
Transform: AffineTransform_float_3_3
Parameters: 0.999999 -0.000909913 0.000124961 0.000909476 0.999997 0.00254107 -0.000127413 -0.00254079 0.999996 -0.00328292 0.00747184 0.0486948
FixedParameters: 0 0 0

#Transform 73
Transform: AffineTransform_float_3_3
Parameters: 1 -0.000911348 0.000474984 0.0009101 0.999996 0.00270225 -0.000477126 -0.00270154 0.999996 -0.0102016 -0.0227258 0.107947
FixedParameters: 0 0 0

#Transform 74
Transform: AffineTransform_float_3_3
Parameters: 1 -0.000689816 0.000901857 0.000687972 0.999998 0.0020106 -0.00090317 -0.00201083 0.999998 -0.00582008 0.0751418 0.0445816
FixedParameters: 0 0 0

#Transform 75
Transform: AffineTransform_float_3_3
Parameters: 1 -0.000686221 0.00092752 0.000683584 0.999997 0.00244582 -0.000929432 -0.00244603 0.999997 -0.000910206 -0.00866447 0.0772291
FixedParameters: 0 0 0

#Transform 76
Transform: AffineTransform_float_3_3
Parameters: 0.999999 -0.00056407 0.000864444 0.000562052 0.999998 0.0020976 -0.000866259 -0.00209726 0.999997 0.00318574 -0.0280631 0.106867
FixedParameters: 0 0 0

#Transform 77
Transform: AffineTransform_float_3_3
Parameters: 1 -0.000691598 0.000889394 0.000689745 0.999998 0.00179928 -0.000891328 -0.00179886 0.999998 -0.00820503 0.056145 0.0634403
FixedParameters: 0 0 0

#Transform 78
Transform: AffineTransform_float_3_3
Parameters: 1 -0.00080007 0.000900674 0.000797982 0.999999 0.00138264 -0.00090203 -0.00138266 0.999999 -0.00488154 0.0301988 0.0780831
FixedParameters: 0 0 0

#Transform 79
Transform: AffineTransform_float_3_3
Parameters: 0.999999 -0.000823019 0.000517997 0.000821678 0.999997 0.0022571 -0.000519874 -0.00225635 0.999998 -0.00408491 0.00570375 0.12685
FixedParameters: 0 0 0

#Transform 80
Transform: AffineTransform_float_3_3
Parameters: 1 -0.000701137 0.000859168 0.000698886 0.999998 0.00173704 -0.000859782 -0.00173673 0.999999 -0.00672438 0.0773975 0.0561199
FixedParameters: 0 0 0

#Transform 81
Transform: AffineTransform_float_3_3
Parameters: 0.999999 -0.000718279 0.000284891 0.000716806 0.999995 0.00310031 -0.00028722 -0.00310003 0.999995 -0.0226601 -0.0130306 0.135219
FixedParameters: 0 0 0

#Transform 82
Transform: AffineTransform_float_3_3
Parameters: 0.999998 -0.00126291 -0.000841992 0.00126718 0.999988 0.00488023 0.000835604 -0.00488056 0.999988 -0.00878951 0.0840475 0.145264
FixedParameters: 0 0 0

#Transform 83
Transform: AffineTransform_float_3_3
Parameters: 1 -0.000932413 1.98744e-05 0.000932052 0.999992 0.00376399 -2.35234e-05 -0.00376416 0.999993 -0.00367065 0.0113548 0.138274
FixedParameters: 0 0 0

#Transform 84
Transform: AffineTransform_float_3_3
Parameters: 0.999999 -0.000737558 0.000388269 0.000736631 0.999996 0.00247731 -0.000390087 -0.00247684 0.999997 -0.0161322 0.0450458 0.116698
FixedParameters: 0 0 0

#Transform 85
Transform: AffineTransform_float_3_3
Parameters: 1 -0.000609187 -5.28259e-05 0.000609201 0.999993 0.00372521 5.07464e-05 -0.00372464 0.999993 -0.0390603 -0.00627388 0.126546
FixedParameters: 0 0 0

#Transform 86
Transform: AffineTransform_float_3_3
Parameters: 1 -0.000351268 -1.22098e-05 0.000351071 0.999996 0.00262364 1.15793e-05 -0.00262373 0.999996 -0.0364385 -0.0036067 0.0963485
FixedParameters: 0 0 0

#Transform 87
Transform: AffineTransform_float_3_3
Parameters: 1 -0.000429118 0.000262041 0.000428558 0.999997 0.00213426 -0.000262963 -0.00213408 0.999997 -0.0317861 0.056953 0.0594541
FixedParameters: 0 0 0

#Transform 88
Transform: AffineTransform_float_3_3
Parameters: 1 -0.000487144 0.00027983 0.000486525 0.999997 0.00210269 -0.000280969 -0.00210247 0.999998 -0.0307018 0.0684948 0.0691949
FixedParameters: 0 0 0

#Transform 89
Transform: AffineTransform_float_3_3
Parameters: 1 -0.000238024 0.000255293 0.000237373 0.999995 0.00306757 -0.000255898 -0.00306749 0.999996 -0.0300766 0.0101437 0.124188
FixedParameters: 0 0 0

#Transform 90
Transform: AffineTransform_float_3_3
Parameters: 0.999999 -9.30059e-05 0.00090733 9.25844e-05 1 0.000232323 -0.000907373 -0.000232155 0.999999 -0.0113765 0.0888486 0.0492784
FixedParameters: 0 0 0

#Transform 91
Transform: AffineTransform_float_3_3
Parameters: 0.999999 -8.06846e-05 0.00103805 7.62934e-05 0.999991 0.00412658 -0.00103893 -0.00412717 0.999991 -0.00653759 0.0744764 0.119136
FixedParameters: 0 0 0

#Transform 92
Transform: AffineTransform_float_3_3
Parameters: 0.999999 5.45813e-05 0.000892223 -6.00867e-05 0.999981 0.00611143 -0.000891893 -0.00611148 0.999981 -0.00786182 -0.0321326 0.199345
FixedParameters: 0 0 0

#Transform 93
Transform: AffineTransform_float_3_3
Parameters: 0.999999 0.000198132 0.000783189 -0.000199544 0.999999 0.00158159 -0.000782881 -0.00158126 0.999999 -0.0134269 0.116837 0.0502934
FixedParameters: 0 0 0

#Transform 94
Transform: AffineTransform_float_3_3
Parameters: 1 0.000157555 0.00118747 -0.000160775 0.999996 0.00283213 -0.00118662 -0.00283187 0.999995 -0.0107214 -0.0745093 0.137036
FixedParameters: 0 0 0

#Transform 95
Transform: AffineTransform_float_3_3
Parameters: 0.999999 0.0003821 0.000886142 -0.000383756 0.999998 0.00219644 -0.000885159 -0.00219706 0.999997 0.0076033 0.0547165 0.10556
FixedParameters: 0 0 0

#Transform 96
Transform: AffineTransform_float_3_3
Parameters: 0.999999 0.000542256 0.00105309 -0.000544831 0.999997 0.00228498 -0.00105131 -0.00228606 0.999997 -0.0107173 0.00824916 0.105105
FixedParameters: 0 0 0

#Transform 97
Transform: AffineTransform_float_3_3
Parameters: 1 0.00043287 0.000537145 -0.000433668 0.999996 0.00252447 -0.000536602 -0.00252482 0.999996 -0.0332701 0.0273618 0.0679394
FixedParameters: 0 0 0

#Transform 98
Transform: AffineTransform_float_3_3
Parameters: 0.999999 0.000416934 0.000773644 -0.000419442 0.999997 0.0021781 -0.000773106 -0.00217805 0.999998 0.0018822 0.0460692 0.110297
FixedParameters: 0 0 0

#Transform 99
Transform: AffineTransform_float_3_3
Parameters: 1 6.05239e-05 0.00108364 -6.27754e-05 0.999997 0.00209908 -0.00108313 -0.00209939 0.999998 -0.0122301 0.0328483 0.111768
FixedParameters: 0 0 0

#Transform 100
Transform: AffineTransform_float_3_3
Parameters: 0.999999 0.000323834 0.000759544 -0.000324424 1 0.000388269 -0.000759293 -0.000388762 0.999999 0.00224784 0.00374789 0.0793199
FixedParameters: 0 0 0

#Transform 101
Transform: AffineTransform_float_3_3
Parameters: 0.999999 0.000676549 0.00117493 -0.000676924 0.999999 0.000511306 -0.00117452 -0.000512257 0.999999 -0.019324 -0.0010261 0.0538037
FixedParameters: 0 0 0

#Transform 102
Transform: AffineTransform_float_3_3
Parameters: 0.999999 0.000632303 0.00125435 -0.000632663 0.999999 0.00047291 -0.00125404 -0.000473858 0.999999 -0.0225904 0.0391855 0.030258
FixedParameters: 0 0 0

#Transform 103
Transform: AffineTransform_float_3_3
Parameters: 0.999999 0.00023693 0.00154913 -0.000238209 0.999999 0.00066985 -0.00154915 -0.000670735 0.999998 -0.0106574 0.0836853 0.0819351
FixedParameters: 0 0 0

#Transform 104
Transform: AffineTransform_float_3_3
Parameters: 0.999999 0.000184369 0.00142956 -0.000186017 0.999999 0.00160285 -0.00142996 -0.0016033 0.999997 -0.0060814 0.0164905 0.102692
FixedParameters: 0 0 0

#Transform 105
Transform: AffineTransform_float_3_3
Parameters: 1 -0.000151276 0.000484422 0.000149954 0.999996 0.00282071 -0.000485667 -0.00282053 0.999996 0.00518983 -0.0228219 0.13797
FixedParameters: 0 0 0

#Transform 106
Transform: AffineTransform_float_3_3
Parameters: 0.999999 3.4142e-05 0.000987376 -3.52646e-05 0.999998 0.00158304 -0.000987909 -0.00158244 0.999998 -0.0238719 0.0239087 0.0984758
FixedParameters: 0 0 0

#Transform 107
Transform: AffineTransform_float_3_3
Parameters: 0.999999 0.000291415 0.0012321 -0.000292661 0.999999 0.00084145 -0.00123189 -0.000841531 0.999999 -0.0242934 0.0515105 0.0834919
FixedParameters: 0 0 0

#Transform 108
Transform: AffineTransform_float_3_3
Parameters: 0.999999 0.000342728 0.00126534 -0.000343431 1 0.000604497 -0.00126521 -0.000604726 0.999999 -0.0131186 0.00984265 0.0775398
FixedParameters: 0 0 0

#Transform 109
Transform: AffineTransform_float_3_3
Parameters: 0.999999 0.00042505 0.00138428 -0.000424688 1 -0.000510548 -0.00138435 0.000509955 0.999999 0.00481729 0.22737 0.010948
FixedParameters: 0 0 0

#Transform 110
Transform: AffineTransform_float_3_3
Parameters: 0.999999 0.0002509 0.00124878 -0.000251516 0.999999 0.000565475 -0.00124883 -0.000566252 0.999999 -0.00654499 -0.130103 0.170884
FixedParameters: 0 0 0

#Transform 111
Transform: AffineTransform_float_3_3
Parameters: 0.999999 0.00033694 0.000795799 -0.000339589 0.999994 0.00322549 -0.000794333 -0.00322535 0.999995 -0.00923447 0.0247881 0.119022
FixedParameters: 0 0 0

#Transform 112
Transform: AffineTransform_float_3_3
Parameters: 1 7.46546e-05 0.000354499 -7.47683e-05 0.999998 0.00165219 -0.000354593 -0.00165222 0.999998 -0.0228022 0.0630503 0.051426
FixedParameters: 0 0 0

#Transform 113
Transform: AffineTransform_float_3_3
Parameters: 0.999999 0.000418658 0.000806666 -0.000419905 0.999997 0.00208995 -0.000805575 -0.00208996 0.999998 -0.00410836 -0.0173078 0.0820664
FixedParameters: 0 0 0

#Transform 114
Transform: AffineTransform_float_3_3
Parameters: 0.999999 0.000851157 0.00115014 -0.00085245 1 0.000829287 -0.00114999 -0.000831165 0.999999 -0.0284811 0.0114618 0.0449726
FixedParameters: 0 0 0

#Transform 115
Transform: AffineTransform_float_3_3
Parameters: 0.999999 0.000609132 0.00120633 -0.000610629 0.999998 0.0018535 -0.00120498 -0.00185348 0.999998 -0.0327905 0.00660514 0.0929033
FixedParameters: 0 0 0

#Transform 116
Transform: AffineTransform_float_3_3
Parameters: 1 0.000428797 0.00102168 -0.000431126 0.999998 0.00196272 -0.00102158 -0.00196287 0.999998 -0.0147117 -0.024531 0.114632
FixedParameters: 0 0 0

#Transform 117
Transform: AffineTransform_float_3_3
Parameters: 0.999999 0.000528854 0.00130455 -0.000531246 0.999998 0.00165103 -0.00130337 -0.00165096 0.999997 -0.00792404 0.045574 0.0776254
FixedParameters: 0 0 0

#Transform 118
Transform: AffineTransform_float_3_3
Parameters: 1 0.000140707 0.000777472 -0.000141614 0.999997 0.00215755 -0.00077658 -0.00215716 0.999998 -0.0245113 0.0621082 0.092776
FixedParameters: 0 0 0

#Transform 119
Transform: AffineTransform_float_3_3
Parameters: 1 2.5526e-05 0.000167607 -2.59919e-05 0.999996 0.00280889 -0.000167536 -0.00280889 0.999996 -0.02203 0.020488 0.143444
FixedParameters: 0 0 0
