#!ascii label  , from subject sub-v2s10x30166_ses-1 vox2ras=TkReg
1725
4377  16.488  -80.711  -8.295 0.6999999881
4394  15.888  -80.202  -9.574 0.8000000119
4980  15.282  -79.446  -9.845 0.8000000119
5573  15.001  -78.772  -10.550 0.6999999881
3793  17.253  -81.175  -8.555 0.6000000238
3794  16.668  -80.829  -9.271 0.6000000238
4995  15.600  -79.527  -10.712 0.6000000238
3792  18.115  -81.467  -8.677 0.6000000238
4970  15.166  -79.613  -8.128 0.8000000119
5563  14.708  -78.555  -9.690 0.6999999881
118951  14.548  -77.871  -9.574 0.6999999881
118676  14.673  -77.070  -11.038 0.6999999881
4376  16.997  -80.964  -7.844 0.6000000238
122330  15.816  -80.302  -7.958 0.6999999881
5574  14.635  -77.915  -10.361 0.6999999881
3791  19.104  -81.438  -8.842 0.6000000238
3803  18.507  -81.588  -9.558 0.6000000238
3810  20.199  -81.388  -10.511 0.6000000238
129572  19.585  -81.552  -10.659 0.6000000238
5549  14.755  -78.286  -7.600 0.8000000119
6114  14.970  -77.245  -8.435 0.8000000119
6751  15.014  -76.636  -9.217 0.6999999881
7443  15.428  -74.742  -9.227 0.6999999881
8136  15.030  -74.197  -9.390 0.6999999881
4959  14.790  -78.965  -7.606 0.8000000119
6124  14.635  -77.510  -9.013 0.6999999881
6769  15.287  -74.599  -10.135 0.6999999881
4358  15.585  -79.987  -7.286 0.6999999881
121768  14.527  -78.248  -8.910 0.8000000119
6131  14.732  -77.081  -10.018 0.6999999881
124801  15.956  -80.132  -6.627 0.6999999881
3779  17.707  -81.205  -7.876 0.6999999881
4375  19.750  -81.017  -8.060 0.6000000238
3778  18.626  -81.288  -7.944 0.6000000238
3801  20.610  -81.155  -9.983 0.6000000238
3802  19.555  -81.491  -9.852 0.6000000238
3809  21.060  -81.166  -10.874 0.6000000238
3828  22.542  -81.731  -12.317 0.6999999881
3829  21.880  -81.425  -12.471 0.6000000238
2841  22.235  -83.850  -11.571 0.5000000000
2846  22.566  -83.383  -12.091 0.6000000238
2842  21.397  -84.226  -11.738 0.5000000000
112614  15.541  -77.212  -8.067 0.8999999762
6740  15.510  -76.454  -8.626 0.8000000119
7426  15.998  -75.594  -8.400 0.6999999881
5548  15.116  -78.653  -7.003 0.6999999881
6106  15.062  -77.751  -7.595 0.8999999762
122337  15.427  -74.537  -8.681 0.6999999881
4947  16.191  -79.876  -5.899 0.8000000119
4341  15.565  -79.453  -6.500 0.8000000119
4314  16.853  -80.256  -5.874 0.8000000119
4312  18.566  -80.259  -5.583 0.6999999881
4356  17.218  -80.828  -7.200 0.6999999881
4354  18.989  -80.936  -7.158 0.8000000119
3790  20.160  -81.111  -9.114 0.6999999881
3800  21.447  -80.812  -10.200 0.6000000238
3817  21.792  -81.140  -11.614 0.6999999881
2840  22.946  -83.371  -11.588 0.6999999881
6105  15.831  -77.591  -7.142 0.8999999762
121996  15.900  -76.617  -8.336 0.8000000119
8115  16.170  -74.455  -7.859 0.6999999881
113957  16.065  -78.657  -5.683 0.8000000119
6095  16.009  -78.024  -6.160 0.8000000119
5521  16.513  -78.979  -5.187 0.6999999881
4925  18.841  -79.706  -4.937 0.6999999881
4926  17.874  -79.769  -4.984 0.6000000238
4313  17.636  -80.306  -5.680 0.8000000119
4337  19.241  -80.513  -6.352 0.8000000119
118795  19.917  -80.588  -7.151 0.8000000119
121714  21.408  -80.261  -8.236 0.6999999881
4373  21.752  -80.339  -8.927 0.8000000119
4393  21.186  -80.706  -9.441 0.6999999881
4391  23.235  -80.283  -9.855 0.8000000119
3321  24.242  -82.167  -11.403 0.6999999881
3807  23.138  -80.884  -11.322 0.6999999881
4392  22.220  -80.428  -9.868 0.6999999881
2832  23.620  -83.303  -11.098 0.6999999881
3323  23.450  -82.510  -11.746 0.6999999881
10284  12.461  -71.740  -14.127 0.6000000238
10299  13.459  -71.609  -15.375 0.6000000238
10314  11.906  -72.007  -16.273 0.6000000238
9585  11.100  -72.023  -16.417 0.6999999881
6739  16.244  -77.225  -7.882 0.8999999762
5501  17.149  -78.336  -4.762 0.6000000238
4904  19.122  -79.004  -4.528 0.6000000238
5500  18.525  -78.180  -4.348 0.6000000238
4924  19.787  -79.479  -5.052 0.6999999881
4946  21.370  -79.490  -6.079 0.6999999881
4310  20.463  -79.659  -5.839 0.6999999881
9464  17.498  -72.568  -8.738 0.6999999881
10203  16.083  -71.673  -8.491 0.6999999881
116732  21.030  -79.789  -6.705 0.8000000119
4336  20.152  -80.168  -6.452 0.8000000119
9488  17.676  -72.376  -9.668 0.6000000238
10220  16.605  -71.707  -9.429 0.6000000238
10221  15.678  -71.506  -9.631 0.6999999881
4352  21.485  -79.993  -7.570 0.6999999881
10235  16.224  -71.521  -10.328 0.5000000000
127578  22.600  -80.225  -9.113 0.8000000119
4351  22.110  -80.074  -8.348 0.8000000119
10234  17.157  -71.770  -10.204 0.5000000000
128341  16.673  -71.495  -10.942 0.5000000000
3806  24.005  -80.936  -11.180 0.6999999881
10262  18.049  -71.527  -12.059 0.5000000000
114068  18.437  -71.516  -12.786 0.6000000238
10263  17.388  -71.202  -12.087 0.5000000000
128845  16.085  -71.075  -12.510 0.6000000238
10265  14.738  -71.284  -12.353 0.6999999881
10267  13.226  -71.441  -12.040 0.6999999881
10264  16.834  -70.882  -12.692 0.5000000000
115605  15.412  -71.116  -12.898 0.6000000238
10282  13.764  -71.417  -13.556 0.6000000238
127872  17.781  -70.934  -12.929 0.6000000238
126179  15.419  -71.010  -13.806 0.6000000238
10281  15.020  -71.135  -14.902 0.6000000238
11035  17.839  -70.643  -14.011 0.5000000000
10280  16.098  -70.849  -13.331 0.5000000000
10298  14.270  -71.397  -15.804 0.6000000238
109842  12.732  -71.843  -16.029 0.6000000238
10321  12.608  -71.423  -16.582 0.6999999881
11902  12.206  -69.931  -15.734 0.6000000238
11904  10.351  -70.341  -15.437 0.6999999881
11037  15.951  -70.770  -14.424 0.6000000238
11052  15.769  -70.826  -15.730 0.6000000238
10312  14.306  -71.149  -16.612 0.6000000238
10320  13.985  -70.994  -16.921 0.6999999881
131997  12.746  -70.180  -16.202 0.5000000000
7425  16.574  -76.853  -8.410 0.8999999762
6080  17.224  -77.581  -5.091 0.6000000238
118732  16.726  -77.723  -5.834 0.6999999881
8114  16.672  -75.288  -8.339 0.8000000119
8753  15.298  -73.619  -6.676 0.6999999881
8751  16.442  -73.346  -6.924 0.6999999881
8113  17.237  -74.587  -8.175 0.8000000119
4903  20.020  -78.828  -4.633 0.6999999881
9463  17.951  -73.213  -9.139 0.8000000119
9431  17.180  -72.770  -7.746 0.6000000238
9487  18.145  -72.977  -10.032 0.6999999881
111904  18.410  -72.944  -10.850 0.6000000238
124514  22.354  -79.892  -7.729 0.8000000119
4334  22.652  -79.775  -7.021 0.8000000119
4371  23.822  -80.319  -8.667 0.8000000119
10247  18.276  -72.128  -11.381 0.5000000000
4372  23.318  -80.251  -9.193 0.8000000119
9530  19.174  -72.934  -12.921 0.5000000000
9547  18.945  -72.027  -13.242 0.6000000238
9531  18.688  -72.262  -12.288 0.6000000238
10278  19.121  -71.736  -14.128 0.6000000238
11034  18.328  -70.809  -14.406 0.6000000238
121232  11.993  -68.568  -14.243 0.5000000000
125813  17.288  -70.509  -14.634 0.5000000000
11889  12.698  -68.992  -14.905 0.5000000000
11890  11.670  -69.226  -14.836 0.6000000238
11064  16.506  -70.467  -16.371 0.6000000238
10297  14.975  -71.061  -16.264 0.6999999881
10311  14.779  -70.765  -16.768 0.6999999881
11082  13.693  -70.951  -16.926 0.6999999881
11063  17.443  -70.337  -16.429 0.6000000238
11900  14.627  -69.982  -16.768 0.6000000238
11078  18.077  -69.914  -17.026 0.6999999881
11079  16.161  -70.207  -16.806 0.6000000238
12701  16.241  -69.026  -16.552 0.5000000000
6094  16.687  -77.581  -6.640 0.6999999881
6104  16.939  -77.424  -7.561 0.6999999881
125338  17.291  -77.388  -8.249 0.6999999881
7424  17.085  -76.288  -8.768 0.8000000119
8134  17.577  -75.530  -9.042 0.6999999881
8133  18.330  -74.427  -9.893 0.6999999881
8780  17.939  -74.326  -9.004 0.6999999881
12666  12.766  -68.423  -13.468 0.5000000000
9573  20.458  -72.710  -15.943 0.5000000000
116483  19.586  -72.133  -14.661 0.6000000238
126150  12.179  -68.363  -13.721 0.5000000000
9574  19.920  -71.983  -15.557 0.5000000000
118946  20.988  -72.498  -16.990 0.5000000000
10295  19.235  -71.363  -15.171 0.6000000238
11050  17.895  -70.511  -15.121 0.6000000238
11901  13.918  -69.557  -16.143 0.5000000000
9589  20.924  -71.673  -17.363 0.5000000000
10310  19.656  -71.249  -16.438 0.6000000238
123926  18.695  -70.269  -17.015 0.6000000238
10319  20.269  -70.860  -17.434 0.6000000238
6727  17.483  -77.339  -7.074 0.6999999881
6737  18.041  -77.550  -8.742 0.6999999881
6738  17.556  -77.286  -8.893 0.6999999881
113417  18.655  -69.019  -17.129 0.5000000000
9584  21.438  -72.252  -17.346 0.5000000000
12700  17.071  -68.606  -16.536 0.5000000000
10326  20.917  -70.970  -17.586 0.5000000000
11087  19.841  -70.028  -17.574 0.5000000000
11077  19.034  -69.809  -17.301 0.5000000000
11912  17.583  -69.309  -16.956 0.5000000000
11899  19.472  -68.567  -16.766 0.5000000000
12676  18.415  -67.987  -15.242 0.5000000000
118754  21.253  -70.084  -16.640 0.5000000000
11887  20.202  -69.122  -15.587 0.5000000000
12699  17.999  -68.347  -16.606 0.5000000000
10318  21.778  -71.053  -17.122 0.5000000000
11910  20.419  -69.406  -17.246 0.5000000000
11911  19.961  -68.956  -17.240 0.5000000000
9588  21.454  -71.652  -17.417 0.5000000000
11909  20.796  -69.879  -17.459 0.5000000000
11047  20.670  -69.871  -14.996 0.5000000000
116320  10.731  -67.405  -11.988 0.6000000238
13451  9.613  -67.139  -12.548 0.6000000238
126560  11.270  -68.188  -11.528 0.5000000000
13441  10.155  -66.461  -11.929 0.6999999881
14262  9.816  -66.451  -12.048 0.6000000238
13442  8.302  -67.046  -11.623 0.6000000238
14219  7.496  -66.365  -9.947 0.6999999881
14228  10.259  -65.688  -11.182 0.6000000238
15091  9.546  -65.377  -11.142 0.6999999881
14245  8.370  -66.175  -11.155 0.6999999881
115678  8.022  -67.480  -11.069 0.6999999881
14218  7.681  -65.951  -9.686 0.8000000119
14227  11.221  -66.433  -10.107 0.5000000000
123519  10.656  -66.282  -10.761 0.5000000000
14229  8.075  -65.609  -10.419 0.8000000119
15082  10.073  -65.021  -10.948 0.6000000238
14197  8.705  -66.482  -8.315 0.6999999881
14217  11.789  -66.736  -9.231 0.5000000000
13419  11.382  -67.196  -9.416 0.5000000000
14206  9.000  -65.744  -8.718 0.6999999881
14207  7.870  -66.355  -8.957 0.6999999881
15069  8.921  -64.909  -10.051 0.6999999881
112631  10.798  -64.825  -10.728 0.6999999881
110565  9.241  -67.679  -7.175 0.6999999881
110262  9.735  -65.449  -8.412 0.6999999881
14216  11.843  -65.667  -10.316 0.6000000238
15892  10.457  -64.451  -10.173 0.8000000119
16651  10.521  -63.699  -2.705 0.6999999881
114497  10.872  -65.019  -2.749 0.8000000119
14192  14.507  -65.683  -8.149 0.4000000060
13389  9.915  -67.481  -6.748 0.6999999881
15053  13.661  -65.937  -8.685 0.5000000000
13398  9.500  -66.859  -7.543 0.6999999881
14204  13.312  -65.731  -9.796 0.6000000238
113277  13.686  -64.462  -11.105 0.6000000238
15055  9.328  -65.114  -9.368 0.6999999881
15905  11.767  -64.289  -10.744 0.8000000119
113640  11.051  -64.315  -9.716 0.8000000119
128366  3.534  -64.071  1.167 0.5000000000
16622  3.546  -63.590  0.430 0.5000000000
16623  2.340  -63.261  0.245 0.5000000000
116513  7.279  -62.369  -5.182 0.5000000000
18421  9.331  -61.676  -4.313 0.6000000238
17500  8.214  -62.059  -4.868 0.6000000238
16666  6.159  -63.252  -4.837 0.6000000238
15826  1.750  -64.169  -2.893 0.6000000238
16653  8.453  -63.285  -3.226 0.6999999881
16664  7.852  -62.761  -4.163 0.6999999881
16652  9.593  -63.163  -2.812 0.6999999881
15819  8.001  -63.981  -2.891 0.6999999881
125556  11.201  -65.960  -5.775 0.6999999881
15002  11.551  -65.402  -5.524 0.6999999881
14995  11.717  -65.257  -4.515 0.8000000119
15052  14.976  -65.499  -9.547 0.5000000000
14179  10.263  -66.607  -6.937 0.6999999881
15068  14.163  -65.171  -10.797 0.6000000238
15037  10.490  -65.233  -7.815 0.8000000119
125859  12.186  -63.986  -10.839 0.6999999881
15868  10.995  -64.607  -8.445 0.8000000119
15054  10.234  -64.767  -9.131 0.8000000119
15770  5.029  -64.586  1.822 0.5000000000
16621  4.656  -63.708  0.354 0.6000000238
16620  5.647  -63.751  0.320 0.5000000000
17454  3.995  -63.088  -0.348 0.6000000238
17455  3.058  -63.023  -0.386 0.6000000238
123275  2.294  -62.911  -0.544 0.6000000238
119546  2.836  -62.555  -0.989 0.6000000238
17477  2.151  -62.846  -1.639 0.5000000000
17510  7.752  -61.614  -5.772 0.5000000000
17501  6.493  -62.644  -5.192 0.5000000000
122249  10.123  -61.325  -4.441 0.6000000238
16678  5.241  -62.914  -5.022 0.6000000238
15836  4.239  -63.905  -4.369 0.6999999881
17484  1.476  -63.460  -2.051 0.6000000238
115114  10.918  -61.279  -4.116 0.6000000238
17491  9.887  -62.321  -3.299 0.6999999881
16654  7.478  -63.451  -3.669 0.6999999881
16655  6.576  -63.616  -4.076 0.6999999881
15822  4.988  -64.166  -4.017 0.8000000119
15838  2.765  -64.101  -3.675 0.6999999881
18409  11.371  -61.812  -3.601 0.6999999881
17490  10.526  -62.842  -2.913 0.6999999881
17488  11.895  -62.544  -3.569 0.6999999881
113930  11.308  -63.359  -3.071 0.8000000119
15833  12.081  -64.401  -4.233 0.8000000119
15817  11.610  -64.251  -3.341 0.8000000119
15067  15.055  -65.158  -10.606 0.5000000000
16702  14.602  -63.751  -9.819 0.6000000238
15856  11.774  -64.868  -6.181 0.8000000119
15846  11.948  -64.860  -5.147 0.8000000119
15903  13.968  -64.099  -11.207 0.6000000238
16718  14.184  -63.944  -10.982 0.6999999881
109603  12.044  -64.545  -7.133 0.8000000119
15877  12.514  -63.886  -9.887 0.6999999881
15866  12.386  -64.278  -8.263 0.6999999881
15878  11.708  -64.293  -9.094 0.8000000119
15769  6.047  -64.650  1.907 0.4000000060
16607  5.374  -64.252  1.071 0.5000000000
17467  5.437  -62.271  -0.942 0.4000000060
17468  4.345  -62.263  -0.981 0.5000000000
18389  3.720  -61.710  -1.866 0.5000000000
18422  8.567  -61.442  -5.779 0.5000000000
18437  5.920  -62.071  -5.240 0.6000000238
17502  5.377  -62.385  -4.884 0.6000000238
17482  3.169  -62.490  -2.660 0.6000000238
19380  10.409  -60.951  -5.165 0.6000000238
17504  3.969  -63.251  -4.298 0.6999999881
17495  2.675  -63.377  -3.153 0.6999999881
19366  11.969  -60.772  -5.170 0.6000000238
16650  12.073  -63.498  -3.670 0.8000000119
16693  14.299  -63.742  -7.983 0.6999999881
15854  13.203  -64.099  -7.074 0.6999999881
15855  12.444  -64.422  -6.297 0.8000000119
16684  13.039  -64.040  -5.885 0.8000000119
15865  13.415  -63.991  -8.875 0.6999999881
16606  6.474  -64.283  1.084 0.4000000060
15768  6.904  -64.616  1.989 0.4000000060
15746  7.292  -64.470  3.313 0.4000000060
17466  6.425  -62.566  -0.731 0.5000000000
127875  6.424  -63.723  0.282 0.4000000060
16587  7.345  -64.061  3.933 0.5000000000
18374  4.190  -61.649  -1.571 0.5000000000
19361  4.860  -60.684  -2.887 0.5000000000
18400  3.741  -61.739  -2.316 0.5000000000
20319  5.742  -59.467  -2.919 0.5000000000
17493  4.260  -62.401  -3.829 0.6999999881
17499  12.653  -62.180  -3.988 0.6000000238
16676  13.292  -63.556  -5.069 0.8000000119
118319  15.211  -63.608  -8.575 0.6000000238
109440  14.308  -63.578  -6.807 0.6000000238
16683  14.826  -62.976  -6.376 0.6999999881
16675  13.897  -62.998  -5.114 0.6999999881
17437  6.680  -62.537  4.363 0.3000000119
124109  7.243  -62.844  -0.512 0.4000000060
17451  7.737  -63.402  0.063 0.3000000119
16618  8.154  -63.888  0.928 0.4000000060
16596  8.193  -64.111  2.463 0.4000000060
16586  7.859  -64.058  3.214 0.4000000060
17436  7.343  -63.254  4.155 0.5000000000
18372  5.966  -61.583  -1.342 0.4000000060
18326  7.160  -62.315  3.849 0.3000000119
18373  5.008  -61.550  -1.436 0.4000000060
19370  5.765  -60.806  -3.895 0.5000000000
18388  4.646  -61.062  -2.004 0.4000000060
19368  7.057  -60.379  -4.857 0.6000000238
19337  6.220  -60.562  -1.799 0.4000000060
20327  6.486  -59.641  -3.661 0.4000000060
19338  5.344  -60.307  -2.432 0.5000000000
16662  13.297  -62.767  -4.491 0.6999999881
115887  13.949  -63.496  -5.846 0.6999999881
17431  6.982  -63.615  4.569 0.4000000060
17435  7.884  -63.226  3.624 0.4000000060
18338  6.806  -61.326  3.310 0.3000000119
18371  7.089  -62.113  -1.035 0.3000000119
128748  5.866  -59.974  -2.300 0.4000000060
20317  6.443  -58.457  -3.069 0.4000000060
20308  5.907  -59.443  -2.761 0.4000000060
17450  8.738  -63.292  0.364 0.3000000119
16604  8.975  -63.589  1.388 0.3000000119
17442  8.434  -63.455  2.924 0.4000000060
17441  9.135  -62.818  2.571 0.3000000119
115525  8.391  -62.481  3.171 0.3000000119
17464  8.984  -62.738  -0.225 0.3000000119
116662  6.862  -61.256  -1.457 0.3000000119
20306  6.676  -58.517  -2.557 0.3000000119
130391  6.408  -59.845  -2.187 0.3000000119
21248  6.647  -57.964  -2.825 0.3000000119
16594  9.342  -63.281  2.005 0.3000000119
18337  8.906  -61.750  2.800 0.3000000119
16617  9.486  -63.138  0.917 0.3000000119
18336  9.718  -62.043  2.315 0.3000000119
20290  7.764  -59.811  -2.081 0.3000000119
20305  7.221  -58.716  -2.304 0.3000000119
21240  6.985  -57.757  -2.561 0.3000000119
112601  6.316  -61.746  3.725 0.3000000119
17463  9.611  -62.457  -0.126 0.3000000119
18355  10.310  -62.138  0.226 0.3000000119
21239  7.937  -58.239  -2.337 0.3000000119
10236  15.317  -71.423  -10.515 0.6000000238
127044  14.901  -71.347  -11.359 0.6999999881
10250  14.172  -71.397  -11.069 0.6999999881
116577  14.061  -71.371  -11.772 0.6999999881
19339  4.311  -61.281  -2.225 0.4000000060
18412  4.517  -61.467  -3.282 0.6000000238
111040  7.900  -61.398  3.148 0.3000000119
4408  15.865  -79.999  -10.247 0.6999999881
7469  15.287  -75.032  -10.942 0.6999999881
4355  18.088  -81.014  -7.161 0.8000000119
3808  22.129  -80.761  -10.908 0.6999999881
4906  17.304  -79.087  -4.705 0.6000000238
8097  16.487  -73.961  -7.396 0.6999999881
4405  23.110  -80.477  -10.625 0.6999999881
4404  23.861  -80.499  -10.420 0.8000000119
110810  12.101  -71.244  -16.669 0.6999999881
118305  16.573  -71.243  -11.772 0.5000000000
123212  14.618  -71.268  -13.499 0.6000000238
11892  9.716  -69.831  -14.699 0.6000000238
8765  17.546  -73.523  -8.198 0.8000000119
9511  18.748  -72.980  -11.633 0.5000000000
11048  19.012  -70.731  -16.212 0.6000000238
131118  10.857  -65.392  -7.139 0.8000000119
1181  18.936  -87.711  -6.596 0.4000000060
113441  19.353  -87.635  -5.994 0.4000000060
1980  18.355  -85.146  -7.901 0.3000000119
1561  19.155  -87.054  -7.822 0.4000000060
114700  18.310  -87.884  -7.315 0.4000000060
1170  18.707  -87.568  -5.981 0.4000000060
3294  20.233  -82.735  -6.133 0.4000000060
3277  20.245  -83.081  -5.266 0.5000000000
2776  20.068  -83.946  -5.374 0.5000000000
3295  19.547  -83.263  -6.577 0.3000000119
2785  19.188  -83.906  -6.565 0.4000000060
125471  19.969  -86.163  -6.927 0.4000000060
2801  19.046  -83.553  -7.356 0.3000000119
2397  18.997  -85.264  -7.253 0.3000000119
1553  19.801  -87.026  -7.161 0.3000000119
2802  18.282  -84.172  -8.027 0.3000000119
3307  20.922  -82.606  -7.040 0.4000000060
124332  21.310  -82.404  -6.139 0.4000000060
112897  21.781  -82.400  -5.280 0.5000000000
120936  22.030  -82.631  -7.071 0.3000000119
3308  19.944  -82.895  -7.148 0.3000000119
2826  19.159  -83.713  -9.467 0.4000000060
2800  19.857  -83.201  -8.056 0.3000000119
2835  20.968  -84.140  -10.850 0.4000000060
2836  19.703  -84.011  -10.489 0.4000000060
2417  20.221  -84.310  -11.428 0.4000000060
3306  22.925  -82.774  -7.070 0.4000000060
3305  23.544  -83.178  -7.419 0.4000000060
2798  22.816  -83.144  -7.874 0.4000000060
2797  23.967  -83.532  -8.215 0.4000000060
2796  25.323  -83.625  -8.612 0.5000000000
2799  21.652  -82.905  -7.915 0.4000000060
2810  23.361  -83.586  -8.914 0.4000000060
127861  21.042  -83.605  -9.555 0.4000000060
2824  21.867  -83.634  -9.547 0.5000000000
2823  22.800  -83.711  -9.600 0.4000000060
2834  21.890  -84.034  -10.969 0.4000000060
3327  22.318  -82.689  -12.690 0.6000000238
2847  22.034  -83.762  -12.326 0.4000000060
2795  26.377  -83.529  -8.442 0.6000000238
2809  26.366  -83.213  -9.229 0.6000000238
117160  24.625  -83.529  -9.409 0.6000000238
2820  25.859  -83.120  -9.828 0.6000000238
2821  25.169  -82.990  -10.439 0.6000000238
3316  25.810  -82.405  -10.364 0.6999999881
125661  23.074  -83.736  -10.364 0.5000000000
2831  24.529  -82.920  -10.976 0.6000000238
3799  24.645  -80.962  -10.579 0.6999999881
3775  27.085  -82.256  -8.558 0.6999999881
3776  26.115  -81.623  -8.388 0.6999999881
3313  26.966  -82.708  -9.038 0.6000000238
3788  26.388  -82.043  -9.386 0.6999999881
120186  24.078  -80.374  -7.702 0.6999999881
129264  23.174  -80.013  -7.795 0.6999999881
4335  21.851  -79.696  -6.946 0.6999999881
3789  25.622  -81.476  -9.660 0.6999999881
4349  24.616  -80.739  -8.378 0.6999999881
4370  24.782  -80.871  -9.239 0.6999999881
4330  26.186  -81.045  -6.623 0.5000000000
129365  25.490  -80.583  -5.978 0.6000000238
4348  25.137  -81.045  -7.645 0.6999999881
4332  24.430  -80.478  -6.780 0.6000000238
4333  23.504  -80.049  -6.947 0.6999999881
4920  23.453  -79.662  -5.236 0.6999999881
3777  25.444  -81.314  -8.748 0.6999999881
4944  23.019  -79.716  -6.188 0.6999999881
4945  22.183  -79.505  -6.236 0.6000000238
4309  23.884  -80.093  -6.045 0.6000000238
4308  24.301  -80.011  -5.192 0.6000000238
4921  22.582  -79.392  -5.462 0.6000000238
127087  23.969  -79.699  -4.716 0.6000000238
6063  19.329  -77.585  -4.210 0.5000000000
6797  15.104  -75.664  -11.676 0.6000000238
112802  14.777  -77.031  -11.967 0.6000000238
4922  21.767  -79.209  -5.430 0.6000000238
4902  21.463  -78.739  -4.698 0.6000000238
6061  21.138  -77.963  -4.169 0.5000000000
5498  20.175  -78.078  -4.282 0.5000000000
8155  14.526  -74.138  -10.812 0.6000000238
8154  15.050  -74.198  -10.396 0.6000000238
8168  14.966  -74.202  -11.203 0.6000000238
114739  22.922  -79.272  -4.759 0.6000000238
126244  20.749  -78.572  -4.574 0.5000000000
7428  12.603  -75.848  -7.927 0.6000000238
8117  14.097  -74.484  -7.571 0.6000000238
7427  13.451  -74.971  -8.042 0.6000000238
7445  12.906  -75.280  -9.691 0.6000000238
111240  14.496  -74.184  -9.993 0.6000000238
8116  15.131  -74.282  -8.015 0.6000000238
8137  14.277  -74.349  -8.885 0.6000000238
6717  17.277  -77.329  -6.018 0.6000000238
5497  22.037  -78.402  -4.172 0.6000000238
7398  12.689  -74.933  -6.580 0.6000000238
9420  13.984  -72.820  -6.338 0.6000000238
8085  13.873  -74.000  -6.365 0.6000000238
9419  14.912  -72.735  -6.435 0.6000000238
8739  14.528  -73.380  -6.337 0.6000000238
10186  15.809  -71.917  -7.360 0.5000000000
8738  15.475  -73.127  -6.439 0.6000000238
9432  16.631  -72.923  -7.012 0.5000000000
127259  11.983  -76.621  -8.296 0.6999999881
7412  12.237  -75.699  -6.940 0.6000000238
8740  13.529  -73.510  -6.273 0.6000000238
10172  14.446  -72.278  -6.713 0.6000000238
125008  15.340  -71.625  -8.087 0.6000000238
9447  10.767  -72.717  -8.801 0.6000000238
8087  12.432  -74.486  -6.389 0.6000000238
125959  12.618  -73.174  -6.459 0.6000000238
10188  14.010  -71.801  -7.445 0.5000000000
9435  12.574  -72.617  -6.870 0.6000000238
10206  12.688  -71.709  -8.692 0.6000000238
9446  11.478  -72.486  -8.388 0.6000000238
111715  11.337  -72.220  -9.277 0.6000000238
8088  11.975  -74.318  -6.383 0.6000000238
117303  14.414  -71.481  -9.094 0.6000000238
10189  13.059  -71.914  -7.624 0.6000000238
10205  13.690  -71.567  -8.616 0.5000000000
10223  13.224  -71.518  -9.575 0.6000000238
127423  11.758  -71.896  -9.443 0.5000000000
9466  11.505  -71.933  -9.954 0.5000000000
10237  14.586  -71.416  -10.648 0.6000000238
10238  13.864  -71.445  -10.358 0.6000000238
10239  12.906  -71.498  -10.468 0.6000000238
10240  12.009  -71.678  -10.616 0.6000000238
10253  11.739  -71.757  -11.531 0.6999999881
9513  10.885  -72.121  -11.730 0.6999999881
9514  9.967  -72.419  -11.970 0.6999999881
124991  9.952  -72.461  -12.809 0.6999999881
10251  13.473  -71.426  -11.181 0.6000000238
10252  12.617  -71.526  -11.348 0.6999999881
10285  11.998  -71.760  -13.203 0.6999999881
10269  11.463  -71.898  -12.413 0.6999999881
9532  10.642  -72.251  -12.587 0.6999999881
9549  10.320  -72.379  -13.451 0.6000000238
122081  12.989  -71.524  -13.109 0.6000000238
6692  19.271  -76.655  -4.251 0.5000000000
6064  18.503  -77.268  -4.344 0.5000000000
7387  19.373  -75.520  -5.081 0.5000000000
122197  18.830  -76.097  -4.727 0.5000000000
7397  18.689  -76.004  -5.555 0.6000000238
8096  20.683  -74.792  -7.122 0.6000000238
8084  20.622  -74.866  -6.322 0.6000000238
7396  19.346  -75.497  -6.096 0.6000000238
6715  18.726  -76.336  -6.754 0.6000000238
6726  18.223  -77.191  -7.507 0.6000000238
8112  20.783  -74.878  -7.993 0.5000000000
7422  20.269  -75.659  -8.489 0.6000000238
123666  18.357  -77.436  -8.324 0.6000000238
7467  20.669  -75.897  -10.042 0.6000000238
6748  19.090  -77.428  -9.860 0.5000000000
6736  18.809  -77.410  -8.895 0.6000000238
6749  18.330  -77.385  -9.587 0.6000000238
6766  20.149  -76.894  -10.793 0.5000000000
6768  18.719  -77.341  -10.424 0.6000000238
8789  18.473  -73.783  -10.375 0.5000000000
8167  19.018  -75.005  -11.731 0.5000000000
120469  18.080  -75.680  -9.926 0.6000000238
7468  18.500  -76.634  -10.757 0.6000000238
2833  22.675  -83.765  -10.944 0.6000000238
112342  24.836  -81.577  -11.074 0.6999999881
6694  17.856  -77.035  -4.714 0.5000000000
10222  13.977  -71.476  -9.539 0.6000000238
10268  12.340  -71.612  -12.251 0.6999999881
6707  17.631  -77.000  -5.263 0.6000000238
7442  17.694  -76.821  -9.514 0.6000000238
8153  18.593  -75.065  -10.780 0.6000000238
1979  19.313  -86.374  -7.596 0.3000000119
2388  18.726  -84.391  -7.242 0.3000000119
2386  20.009  -85.328  -6.381 0.4000000060
2814  18.929  -83.596  -8.431 0.3000000119
125646  20.667  -82.917  -7.795 0.4000000060
2812  21.068  -83.258  -8.698 0.4000000060
2784  24.402  -83.451  -7.428 0.4000000060
2811  22.260  -83.381  -8.733 0.3000000119
2822  23.922  -83.523  -10.125 0.5000000000
114148  22.326  -83.831  -10.289 0.5000000000
3314  26.373  -82.614  -9.570 0.6000000238
4331  25.349  -80.856  -6.657 0.6999999881
9434  13.508  -72.354  -6.763 0.6000000238
116888  9.404  -72.594  -13.606 0.6000000238
7395  19.979  -75.034  -6.653 0.6000000238
114335  21.389  -75.096  -10.009 0.5000000000
7410  19.421  -75.842  -7.197 0.6000000238
6725  18.888  -76.997  -7.868 0.6000000238
7440  20.427  -75.850  -9.291 0.5000000000
6735  19.666  -76.794  -9.167 0.6000000238
7466  21.031  -75.960  -10.852 0.5000000000
6767  19.321  -77.264  -10.681 0.5000000000
7489  18.878  -76.338  -11.484 0.5000000000
1829  13.880  -84.730  6.325 0.4000000060
1377  13.942  -85.842  6.153 0.4000000060
1839  13.683  -85.069  5.347 0.5000000000
124271  12.087  -84.787  7.483 0.5000000000
114672  11.415  -85.608  7.239 0.5000000000
1379  10.793  -86.477  6.260 0.5000000000
2234  12.152  -84.217  6.086 0.5000000000
114405  13.146  -84.152  7.172 0.5000000000
1041  13.856  -87.030  6.194 0.4000000060
1030  13.924  -87.708  6.771 0.4000000060
1049  13.679  -87.457  5.577 0.5000000000
2358  17.450  -84.060  -3.886 0.3000000119
123008  16.685  -83.457  -3.024 0.3000000119
2376  16.773  -84.655  -5.163 0.3000000119
1963  17.946  -86.142  -5.250 0.3000000119
1795  12.338  -85.082  8.300 0.4000000060
1796  11.679  -85.669  8.006 0.5000000000
1366  11.248  -86.416  7.728 0.5000000000
2197  13.567  -84.343  8.029 0.4000000060
2216  13.827  -84.351  7.532 0.4000000060
115965  14.559  -86.178  7.424 0.3000000119
1365  14.613  -85.072  7.583 0.3000000119
773  13.548  -88.761  4.795 0.4000000060
742  13.912  -88.608  7.307 0.3000000119
755  13.711  -88.578  6.511 0.4000000060
764  13.612  -88.541  5.674 0.5000000000
2762  17.868  -83.714  -2.699 0.3000000119
2754  16.100  -83.551  -2.892 0.3000000119
1955  17.579  -85.104  -4.805 0.3000000119
1954  18.452  -85.911  -4.647 0.3000000119
1543  17.859  -86.952  -5.929 0.3000000119
2184  13.103  -84.643  8.575 0.3000000119
1354  11.962  -85.995  8.799 0.4000000060
2183  13.869  -84.478  8.852 0.3000000119
741  14.253  -88.322  7.981 0.3000000119
110446  13.115  -90.976  5.838 0.4000000060
110066  13.168  -90.856  5.049 0.4000000060
109465  13.643  -89.342  6.821 0.4000000060
508  13.989  -89.279  8.079 0.3000000119
2741  18.650  -83.992  -1.939 0.4000000060
2752  17.989  -83.737  -2.112 0.4000000060
2338  17.402  -84.437  -1.478 0.4000000060
1496  17.395  -86.583  -1.399 0.4000000060
2356  19.019  -84.628  -2.978 0.3000000119
2357  18.166  -84.160  -3.333 0.3000000119
1945  18.738  -85.204  -3.791 0.3000000119
1541  19.249  -87.434  -5.425 0.3000000119
1552  20.455  -86.918  -6.446 0.3000000119
1776  13.403  -84.945  9.333 0.3000000119
129  12.894  -92.029  7.383 0.3000000119
129019  12.979  -91.765  6.067 0.3000000119
114188  13.371  -91.229  4.029 0.4000000060
314  13.276  -91.191  3.172 0.4000000060
717  14.509  -89.747  9.499 0.3000000119
275  13.289  -91.585  8.194 0.3000000119
492  14.050  -89.979  8.867 0.3000000119
509  13.650  -89.810  7.416 0.3000000119
127057  17.564  -90.138  -0.628 0.5000000000
352  16.350  -90.565  -0.145 0.5000000000
118074  21.047  -85.426  -0.175 0.3000000119
2322  20.536  -84.991  -0.739 0.3000000119
1923  20.666  -85.194  -1.364 0.3000000119
2323  19.755  -84.705  -0.744 0.3000000119
2337  18.276  -84.114  -1.572 0.4000000060
124182  18.734  -88.036  -0.340 0.5000000000
831  18.008  -88.725  -1.548 0.5000000000
2335  20.057  -84.624  -1.169 0.3000000119
2325  18.150  -84.617  -1.028 0.4000000060
1117  18.164  -86.305  -0.626 0.4000000060
1128  18.129  -87.638  -1.040 0.5000000000
1944  19.540  -85.660  -3.440 0.3000000119
1531  19.038  -86.901  -4.849 0.3000000119
1530  19.783  -87.346  -4.747 0.3000000119
1168  20.548  -87.359  -5.734 0.3000000119
1962  20.684  -86.184  -6.261 0.4000000060
136  12.855  -91.916  6.610 0.3000000119
154  13.908  -91.662  4.747 0.4000000060
466  14.819  -90.357  10.509 0.3000000119
274  13.720  -91.101  8.927 0.3000000119
124  13.158  -92.042  8.194 0.3000000119
162  13.695  -91.429  3.922 0.4000000060
478  14.204  -90.766  9.671 0.3000000119
181  14.909  -91.249  1.635 0.4000000060
187  15.329  -90.976  0.914 0.5000000000
330  17.722  -90.490  1.837 0.4000000060
331  17.061  -90.608  1.378 0.5000000000
1890  23.246  -87.092  0.898 0.3000000119
350  18.232  -90.114  0.093 0.5000000000
351  17.227  -90.400  0.113 0.5000000000
116773  21.214  -85.896  0.510 0.3000000119
573  19.334  -89.286  0.274 0.4000000060
563  19.019  -89.806  0.520 0.5000000000
117034  21.337  -85.634  -0.760 0.3000000119
1905  20.294  -85.334  -0.031 0.4000000060
1893  19.710  -85.831  0.271 0.4000000060
1116  19.370  -88.494  0.283 0.5000000000
574  18.698  -89.531  -0.319 0.5000000000
1933  20.640  -85.688  -2.243 0.3000000119
1906  19.349  -85.215  -0.260 0.4000000060
1467  18.976  -86.164  0.001 0.5000000000
130891  18.579  -87.050  -0.264 0.5000000000
1943  20.366  -86.306  -3.157 0.3000000119
1520  20.834  -87.256  -3.777 0.4000000060
1151  21.128  -87.443  -4.418 0.3000000119
1529  20.507  -87.546  -4.989 0.4000000060
1540  21.140  -86.850  -5.682 0.4000000060
4461  18.388  -80.202  -14.168 0.5000000000
251  15.025  -91.147  11.200 0.3000000119
261  13.977  -91.658  9.490 0.3000000119
153  14.996  -91.433  4.738 0.3000000119
125152  16.038  -90.883  3.643 0.3000000119
323  16.840  -90.704  2.129 0.5000000000
329  18.460  -90.314  1.839 0.4000000060
130287  17.189  -90.454  2.321 0.3000000119
1463  24.199  -87.284  1.692 0.3000000119
132585  19.015  -90.158  1.803 0.5000000000
1891  22.147  -86.530  0.979 0.3000000119
810  20.075  -89.041  1.044 0.4000000060
562  19.625  -89.599  1.076 0.4000000060
1892  20.512  -86.152  0.726 0.4000000060
1466  19.767  -86.631  0.597 0.4000000060
1105  19.974  -87.735  0.960 0.4000000060
1922  21.691  -86.463  -1.844 0.3000000119
1106  19.173  -87.274  0.283 0.5000000000
1519  21.591  -87.383  -3.682 0.3000000119
1527  22.227  -87.254  -4.185 0.4000000060
127791  21.595  -86.487  -5.197 0.4000000060
4450  17.949  -80.414  -13.269 0.5000000000
1961  21.185  -85.916  -5.620 0.4000000060
113720  21.557  -85.634  -4.864 0.5000000000
131002  19.544  -81.334  -13.708 0.5000000000
99  14.950  -91.406  10.610 0.3000000119
7471  12.569  -75.397  -10.579 0.5000000000
126520  18.783  -90.110  2.104 0.3000000119
322  17.854  -90.237  2.241 0.3000000119
132497  14.404  -74.225  -11.402 0.5000000000
1876  24.403  -86.777  2.077 0.3000000119
1447  23.859  -87.241  2.594 0.3000000119
1462  24.626  -87.122  1.383 0.3000000119
1464  23.178  -87.327  1.883 0.3000000119
1448  22.751  -87.687  2.800 0.3000000119
555  19.990  -89.567  1.827 0.4000000060
321  19.437  -89.901  2.008 0.4000000060
5580  14.835  -78.051  -11.336 0.5000000000
6132  10.619  -77.594  -10.131 0.5000000000
1465  20.723  -87.181  1.314 0.3000000119
1449  21.675  -87.838  2.208 0.3000000119
809  20.943  -88.515  1.879 0.3000000119
791  21.098  -88.770  2.900 0.3000000119
5579  15.286  -78.654  -11.979 0.5000000000
1495  22.913  -87.240  -1.904 0.3000000119
121261  22.177  -87.310  -2.895 0.3000000119
4426  16.640  -80.128  -11.532 0.5000000000
1142  22.228  -87.316  -3.603 0.3000000119
131122  17.308  -80.038  -12.896 0.5000000000
1518  22.714  -87.145  -3.589 0.4000000060
4440  17.640  -80.598  -12.506 0.6000000238
1941  22.853  -86.472  -3.531 0.4000000060
1942  22.162  -85.587  -4.056 0.5000000000
3833  18.104  -81.292  -12.130 0.5000000000
2355  21.839  -84.176  -3.594 0.4000000060
2363  21.253  -84.408  -4.292 0.3000000119
2373  20.755  -84.685  -5.047 0.4000000060
3832  19.125  -81.544  -12.913 0.6000000238
3262  24.849  -82.888  -4.385 0.3000000119
3263  23.950  -82.812  -4.587 0.4000000060
3265  21.340  -82.663  -4.571 0.4000000060
2769  20.599  -83.597  -4.726 0.3000000119
3831  20.330  -81.559  -13.000 0.6000000238
3843  20.615  -81.408  -13.898 0.5000000000
115610  25.308  -82.736  -4.964 0.3000000119
3274  24.859  -82.964  -5.510 0.5000000000
3276  23.017  -82.612  -5.288 0.4000000060
3293  22.455  -82.532  -6.249 0.4000000060
3260  26.444  -82.279  -4.870 0.3000000119
3275  24.049  -82.895  -5.704 0.4000000060
3292  23.592  -82.954  -6.538 0.4000000060
123700  26.507  -82.845  -5.838 0.4000000060
3291  25.590  -83.352  -6.579 0.5000000000
117779  24.664  -83.268  -6.523 0.4000000060
2783  25.449  -83.607  -7.472 0.5000000000
6771  12.215  -76.161  -9.685 0.6000000238
6772  11.523  -76.707  -10.255 0.6000000238
2288  23.928  -85.488  1.367 0.3000000119
1427  23.933  -86.943  2.918 0.3000000119
6752  11.644  -76.971  -9.016 0.6000000238
6125  10.978  -77.489  -9.406 0.6000000238
1889  24.705  -86.693  1.033 0.3000000119
1428  23.078  -87.295  3.341 0.3000000119
1081  22.230  -87.931  3.330 0.3000000119
6115  10.782  -77.475  -8.693 0.6000000238
1903  25.305  -86.615  -0.784 0.3000000119
1095  21.739  -88.350  2.841 0.3000000119
6744  9.599  -76.892  -8.570 0.6000000238
1510  23.081  -87.188  -2.765 0.3000000119
7430  9.004  -75.353  -8.846 0.6000000238
7446  9.023  -76.247  -8.984 0.6000000238
7447  8.381  -75.609  -9.213 0.6000000238
8138  8.071  -74.859  -8.910 0.5000000000
2760  22.557  -83.602  -3.245 0.4000000060
117066  22.998  -82.720  -4.250 0.4000000060
3272  27.260  -82.576  -5.744 0.4000000060
3290  26.486  -83.384  -6.667 0.5000000000
2304  23.716  -84.501  0.450 0.3000000119
2726  23.129  -84.101  1.085 0.3000000119
1877  23.634  -85.808  2.492 0.3000000119
1854  23.180  -86.840  3.500 0.3000000119
1855  22.531  -86.599  3.662 0.3000000119
1411  21.474  -86.940  3.669 0.3000000119
6741  12.438  -76.102  -8.913 0.5000000000
2303  24.426  -85.567  0.290 0.3000000119
1888  24.915  -86.581  0.054 0.3000000119
7413  11.342  -75.819  -7.078 0.5000000000
6742  11.294  -77.125  -8.125 0.6000000238
2320  25.186  -85.453  -0.673 0.3000000119
1082  21.523  -88.323  3.313 0.3000000119
6743  10.198  -76.850  -8.099 0.6000000238
2735  25.669  -84.289  -0.861 0.3000000119
7429  9.616  -75.887  -8.316 0.6000000238
2751  23.703  -84.211  -2.866 0.3000000119
1932  23.525  -85.812  -2.891 0.3000000119
124225  8.682  -74.638  -8.755 0.6000000238
125697  7.429  -73.264  -8.569 0.6000000238
7414  10.422  -75.992  -7.631 0.6000000238
8102  10.715  -75.187  -7.364 0.5000000000
122436  10.621  -74.233  -7.627 0.6000000238
114764  9.919  -74.051  -8.321 0.6000000238
8768  9.019  -73.646  -8.673 0.6000000238
8120  7.948  -73.855  -8.570 0.6000000238
123848  8.168  -72.679  -8.957 0.6000000238
8769  8.120  -73.010  -8.650 0.6000000238
9469  7.398  -72.549  -9.289 0.5000000000
8755  11.399  -73.818  -6.971 0.5000000000
8767  10.360  -73.439  -8.346 0.5000000000
126980  8.930  -72.591  -9.525 0.6000000238
9536  6.723  -73.099  -12.760 0.5000000000
9552  7.640  -73.055  -14.048 0.6000000238
9535  7.477  -72.971  -12.913 0.6000000238
8831  5.856  -73.302  -13.239 0.5000000000
9553  6.784  -73.263  -13.772 0.6000000238
8843  5.041  -73.367  -14.225 0.6000000238
8766  11.002  -73.285  -7.943 0.5000000000
9491  9.588  -72.486  -10.364 0.5000000000
9515  9.064  -72.482  -10.954 0.5000000000
9492  8.205  -72.463  -9.807 0.6000000238
121426  9.587  -72.462  -11.246 0.6000000238
117887  8.010  -72.678  -11.983 0.5000000000
112938  7.163  -72.792  -11.993 0.5000000000
119255  8.976  -72.567  -11.812 0.6000000238
9548  11.143  -72.119  -13.331 0.6000000238
9534  8.479  -72.762  -13.009 0.6000000238
8849  6.120  -73.166  -15.205 0.5000000000
11736  6.816  -69.581  -4.244 0.5000000000
9436  11.734  -72.892  -7.368 0.5000000000
9468  9.686  -72.657  -9.463 0.5000000000
9490  10.296  -72.333  -11.035 0.6000000238
10889  7.775  -70.712  -2.458 0.5000000000
10890  6.954  -71.310  -2.262 0.6000000238
114406  8.177  -69.645  -3.576 0.6000000238
11734  8.453  -69.301  -4.144 0.6000000238
11721  6.589  -70.432  -3.815 0.5000000000
12545  7.816  -68.933  -4.898 0.5000000000
113780  6.789  -68.684  -5.950 0.5000000000
10287  4.719  -71.455  -14.482 0.5000000000
121750  5.204  -71.908  -15.160 0.5000000000
14143  11.445  -65.864  -3.688 0.6000000238
125184  10.561  -66.214  -2.584 0.6999999881
111773  10.984  -66.755  -3.130 0.6000000238
14125  10.424  -66.921  -2.404 0.6999999881
121215  9.467  -68.247  -1.560 0.6000000238
11686  8.761  -69.640  -1.472 0.6000000238
13339  10.580  -67.668  -2.863 0.6000000238
13340  10.073  -67.742  -2.061 0.6000000238
14144  11.267  -66.932  -4.137 0.6000000238
13355  10.886  -67.677  -3.682 0.6000000238
11705  9.597  -69.016  -2.547 0.6000000238
11685  9.351  -69.072  -1.812 0.5000000000
10869  7.664  -70.805  -1.558 0.6000000238
111603  11.227  -67.070  -4.931 0.6000000238
12542  10.480  -68.334  -4.129 0.6000000238
10888  8.408  -70.045  -2.734 0.5000000000
10868  8.413  -70.302  -1.845 0.6000000238
12554  10.382  -68.267  -5.061 0.6000000238
12533  9.257  -69.144  -4.050 0.6000000238
12555  9.437  -68.552  -5.517 0.6000000238
12543  9.775  -68.741  -4.517 0.6000000238
12556  8.482  -68.734  -5.424 0.6000000238
12557  7.726  -68.662  -5.732 0.5000000000
12573  5.841  -68.854  -5.695 0.5000000000
12603  6.664  -69.426  -7.355 0.5000000000
129700  6.240  -70.008  -7.754 0.5000000000
11826  6.582  -70.399  -9.004 0.5000000000
13321  9.401  -67.341  -1.520 0.6000000238
14108  8.650  -66.968  -1.197 0.6999999881
13388  10.569  -67.158  -6.207 0.5000000000
113100  9.380  -68.148  -6.496 0.6000000238
13390  8.448  -68.155  -7.118 0.6000000238
12572  7.012  -68.783  -6.916 0.5000000000
13391  7.654  -68.402  -7.320 0.6000000238
12602  7.403  -69.192  -8.309 0.5000000000
110088  7.585  -67.742  -8.850 0.6000000238
11811  7.395  -70.086  -9.104 0.6000000238
18445  14.129  -61.236  -6.363 0.4000000060
15805  7.584  -64.636  -2.496 0.6999999881
14972  6.081  -65.060  -2.163 0.5000000000
14110  6.080  -66.122  -0.937 0.5000000000
17519  14.626  -62.355  -5.951 0.6000000238
18431  13.692  -61.491  -5.424 0.5000000000
14955  6.587  -65.677  -1.489 0.6000000238
14109  7.012  -66.380  -0.951 0.5000000000
17518  15.297  -62.421  -6.903 0.5000000000
15803  9.554  -64.690  -2.449 0.6000000238
14970  8.226  -65.443  -1.890 0.8000000119
14968  10.262  -65.420  -2.472 0.6999999881
14127  9.147  -66.313  -1.670 0.8000000119
14091  7.402  -67.184  -0.582 0.6999999881
13400  7.839  -67.717  -7.897 0.6000000238
13411  7.709  -67.235  -8.627 0.6000000238
14956  4.737  -65.393  -1.800 0.5000000000
18432  12.863  -60.977  -5.160 0.5000000000
15820  7.042  -64.035  -3.200 0.6999999881
122828  5.018  -65.876  -1.025 0.5000000000
18454  16.938  -61.740  -8.590 0.4000000060
18444  14.964  -61.790  -6.649 0.4000000060
16690  16.994  -62.750  -8.441 0.4000000060
16700  16.644  -63.631  -8.919 0.5000000000
16708  15.954  -64.188  -9.876 0.4000000060
14973  5.069  -65.000  -2.333 0.5000000000
14112  3.288  -65.519  -1.349 0.5000000000
19392  13.459  -60.620  -7.567 0.3000000119
19378  12.074  -60.550  -6.201 0.3000000119
15806  5.547  -64.520  -2.962 0.6000000238
16699  17.034  -63.248  -8.465 0.4000000060
15875  17.046  -63.870  -8.732 0.4000000060
125175  15.425  -64.424  -10.494 0.4000000060
15807  4.491  -64.591  -3.173 0.6000000238
15821  6.081  -64.115  -3.596 0.6000000238
15034  16.543  -64.379  -9.274 0.4000000060
14986  3.493  -64.644  -3.322 0.5000000000
14958  3.061  -65.162  -2.225 0.5000000000
19422  14.351  -60.026  -10.292 0.3000000119
19393  12.175  -60.448  -7.619 0.3000000119
19394  11.021  -60.424  -7.578 0.3000000119
126748  9.694  -60.857  -6.587 0.4000000060
15035  16.198  -64.933  -8.514 0.3000000119
15051  15.836  -64.968  -9.859 0.4000000060
118865  15.234  -65.434  -7.724 0.4000000060
19395  10.146  -60.404  -7.372 0.4000000060
15823  3.898  -64.318  -3.918 0.6000000238
14976  2.294  -64.848  -2.693 0.4000000060
20373  15.066  -59.300  -10.107 0.3000000119
20385  13.543  -59.482  -9.974 0.3000000119
14987  2.674  -64.554  -3.271 0.5000000000
18447  8.360  -61.153  -6.337 0.4000000060
18435  7.309  -61.517  -5.700 0.4000000060
18424  5.565  -61.655  -4.516 0.5000000000
19382  8.295  -60.843  -6.313 0.4000000060
19384  6.834  -61.159  -5.357 0.4000000060
22167  9.517  -57.695  -4.671 0.3000000119
22154  8.443  -57.413  -4.037 0.3000000119
21254  8.971  -58.262  -4.666 0.3000000119
21256  7.303  -58.268  -3.599 0.3000000119
22155  7.464  -57.203  -3.348 0.3000000119
15759  6.727  -64.777  2.732 0.4000000060
113980  8.771  -56.720  -3.975 0.3000000119
112238  20.859  -87.678  3.479 0.3000000119
117517  22.608  -84.996  -3.236 0.4000000060
20337  7.771  -60.215  -5.403 0.3000000119
14208  7.583  -66.700  -9.363 0.6000000238
16578  6.724  -64.261  4.514 0.4000000060
16682  15.655  -62.925  -7.498 0.5000000000
20325  8.036  -59.235  -4.701 0.3000000119
3266  20.733  -82.929  -4.718 0.3000000119
130448  9.753  -73.364  -8.654 0.5000000000
1828  14.126  -84.541  7.135 0.4000000060
2673  13.164  -84.112  5.808 0.5000000000
1367  10.974  -86.470  6.973 0.5000000000
123884  13.609  -87.883  5.055 0.5000000000
2753  17.341  -83.634  -2.539 0.4000000060
1813  14.331  -84.565  7.816 0.4000000060
111592  13.524  -89.577  6.135 0.4000000060
532  13.401  -90.027  4.350 0.4000000060
2349  18.491  -83.994  -2.517 0.4000000060
132117  16.864  -83.954  -1.946 0.4000000060
2339  16.526  -84.604  -1.822 0.4000000060
1342  12.016  -86.698  9.445 0.3000000119
730  14.519  -88.788  8.772 0.3000000119
287  13.264  -91.060  7.401 0.3000000119
302  13.187  -91.454  5.420 0.4000000060
309  13.257  -91.152  4.552 0.4000000060
2348  19.224  -84.343  -2.208 0.3000000119
1934  19.809  -85.109  -2.615 0.4000000060
146  13.085  -91.650  5.789 0.4000000060
172  13.774  -91.427  2.903 0.4000000060
819  18.922  -88.960  -0.485 0.5000000000
5031  17.401  -79.682  -13.629 0.5000000000
1521  20.033  -86.788  -3.948 0.4000000060
13  13.786  -91.999  9.249 0.3000000119
161  14.584  -91.465  3.462 0.4000000060
171  14.741  -91.393  2.590 0.4000000060
180  16.116  -90.864  1.566 0.5000000000
126618  17.827  -90.437  0.996 0.5000000000
1878  21.748  -86.854  1.520 0.3000000119
1511  21.281  -86.941  -2.990 0.3000000119
3844  18.885  -81.073  -13.715 0.6000000238
159  16.468  -90.703  2.829 0.3000000119
160  15.615  -91.219  3.202 0.4000000060
802  20.506  -89.176  1.857 0.3000000119
4406  16.949  -80.664  -10.912 0.5000000000
1952  22.066  -86.570  -4.624 0.4000000060
547  18.262  -89.896  2.414 0.3000000119
119501  20.483  -88.946  2.570 0.3000000119
3252  24.376  -83.143  -3.737 0.4000000060
2761  21.982  -83.405  -3.543 0.4000000060
2768  21.278  -83.328  -4.131 0.4000000060
3740  26.839  -81.860  -4.243 0.3000000119
2270  23.100  -85.929  3.216 0.3000000119
8118  10.077  -74.993  -7.943 0.6000000238
2759  23.156  -83.545  -3.119 0.3000000119
2271  22.066  -85.087  3.265 0.3000000119
2258  21.831  -85.679  3.501 0.3000000119
2318  26.757  -85.074  -1.424 0.3000000119
9493  7.507  -72.478  -10.354 0.5000000000
111502  9.969  -66.183  -2.152 0.6999999881
120698  7.861  -66.662  -1.005 0.6999999881
14969  9.294  -65.433  -2.147 0.6999999881
14971  7.107  -65.190  -2.003 0.6000000238
19406  13.797  -60.383  -9.258 0.3000000119
19423  13.202  -59.921  -9.883 0.3000000119
3812  18.019  -81.597  -10.247 0.5000000000
3813  17.234  -81.155  -10.166 0.5000000000
3764  27.165  -81.654  -7.660 0.6000000238
9467  10.559  -72.388  -9.879 0.4000000060
9489  11.142  -72.006  -10.823 0.5000000000
8842  6.944  -73.275  -14.989 0.5000000000
110390  10.729  -72.313  -14.347 0.5000000000
9550  9.247  -72.560  -15.014 0.5000000000
9565  8.251  -72.644  -15.325 0.5000000000
9567  6.797  -72.857  -15.409 0.5000000000
9577  8.077  -72.282  -15.650 0.5000000000
9563  12.110  -72.010  -15.317 0.5000000000
10302  6.154  -71.752  -15.237 0.4000000060
9575  10.336  -72.231  -16.173 0.5000000000
9576  8.929  -72.256  -15.822 0.5000000000
10317  7.280  -71.960  -15.645 0.5000000000
11040  6.534  -71.149  -13.811 0.5000000000
9586  9.668  -72.071  -16.232 0.6000000238
10315  8.863  -71.967  -16.017 0.5000000000
10301  7.072  -71.545  -15.289 0.5000000000
10987  7.152  -70.442  -9.822 0.5000000000
11068  9.235  -71.326  -15.924 0.6000000238
11013  6.736  -70.682  -11.577 0.5000000000
11000  6.516  -70.584  -10.629 0.5000000000
11069  8.398  -71.410  -15.586 0.6000000238
112777  7.259  -70.876  -13.502 0.6000000238
11025  6.838  -70.894  -12.686 0.5000000000
11085  10.423  -71.564  -16.400 0.6000000238
11053  9.005  -70.606  -15.211 0.6000000238
11054  8.441  -70.675  -14.931 0.6000000238
11012  7.673  -70.441  -11.783 0.6000000238
11893  8.837  -69.920  -14.355 0.6000000238
11860  8.216  -69.927  -11.104 0.5000000000
118020  7.893  -68.961  -9.449 0.5000000000
11038  7.864  -70.434  -13.599 0.6000000238
11024  7.706  -70.477  -12.734 0.6000000238
12492  7.574  -69.607  -0.411 0.5000000000
126198  7.660  -68.665  -0.343 0.5000000000
13302  8.304  -68.327  -0.700 0.5000000000
12626  7.922  -68.034  -10.329 0.6000000238
129040  8.872  -69.285  -13.822 0.6000000238
12641  8.347  -68.827  -11.122 0.6000000238
11023  8.182  -69.953  -13.051 0.6000000238
11859  8.350  -69.237  -11.890 0.6000000238
11871  8.470  -68.991  -12.804 0.6000000238
19381  9.440  -60.538  -6.932 0.3000000119
15760  5.648  -64.943  2.801 0.3000000119
2782  26.394  -83.607  -7.486 0.4000000060
3304  27.634  -82.960  -8.628 0.5000000000
3842  21.481  -81.783  -13.733 0.5000000000
3830  21.285  -81.448  -12.793 0.5000000000
3774  27.947  -82.477  -8.240 0.4000000060
3819  20.217  -81.572  -12.110 0.4000000060
127265  27.119  -80.931  -6.660 0.4000000060
128196  17.787  -81.357  -11.102 0.4000000060
128206  18.480  -81.603  -10.934 0.4000000060
116142  18.657  -81.589  -11.746 0.4000000060
112005  19.418  -81.636  -12.225 0.4000000060
4898  27.241  -79.322  -5.072 0.4000000060
4291  25.965  -79.993  -5.031 0.4000000060
4292  25.221  -80.154  -5.171 0.4000000060
4407  16.464  -80.515  -10.173 0.4000000060
4306  26.720  -80.042  -5.532 0.4000000060
4307  26.061  -80.471  -5.774 0.4000000060
4293  24.548  -79.587  -4.373 0.4000000060
4884  24.168  -78.966  -3.658 0.5000000000
11879  9.299  -69.083  -13.982 0.5000000000
12682  11.094  -68.667  -14.206 0.5000000000
12669  9.704  -68.305  -13.569 0.5000000000
12668  10.598  -68.165  -13.649 0.5000000000
13449  11.752  -68.102  -13.181 0.5000000000
13461  9.264  -67.816  -13.002 0.5000000000
126295  11.015  -67.603  -12.802 0.5000000000
14092  6.589  -66.895  -0.423 0.4000000060
14093  5.706  -66.614  -0.322 0.4000000060
13460  10.115  -67.619  -13.133 0.5000000000
12640  8.346  -68.046  -12.021 0.5000000000
3765  26.191  -81.434  -7.530 0.5000000000
127649  25.533  -79.552  -4.415 0.4000000060
1378  11.147  -85.675  6.449 0.4000000060
1389  10.869  -85.879  5.552 0.4000000060
1121  10.007  -87.850  -1.026 0.4000000060
1840  11.407  -84.878  5.896 0.4000000060
1849  11.302  -84.923  5.045 0.4000000060
1120  10.533  -87.328  -0.407 0.4000000060
130374  11.009  -85.684  3.931 0.4000000060
1485  11.961  -86.161  -0.782 0.4000000060
121068  11.643  -86.226  -0.231 0.4000000060
114811  11.068  -86.866  1.012 0.4000000060
2242  12.654  -84.038  5.364 0.5000000000
2243  11.839  -84.340  5.424 0.5000000000
2250  12.824  -84.216  4.370 0.4000000060
116364  11.425  -84.978  4.069 0.4000000060
1470  11.634  -86.084  0.488 0.4000000060
113879  13.459  -84.406  5.805 0.5000000000
1848  13.480  -84.999  4.296 0.5000000000
2241  13.245  -84.377  4.974 0.5000000000
128818  12.295  -84.530  3.428 0.4000000060
1414  11.272  -85.599  3.256 0.4000000060
1858  13.360  -85.034  3.375 0.4000000060
2249  13.165  -84.579  3.898 0.4000000060
1107  13.677  -87.052  0.393 0.4000000060
1468  13.326  -86.120  0.545 0.4000000060
1894  12.917  -85.653  0.661 0.4000000060
1881  12.296  -85.585  0.908 0.4000000060
1435  11.417  -85.819  2.255 0.4000000060
1484  12.726  -86.231  -0.507 0.4000000060
1895  12.387  -85.841  0.014 0.4000000060
1434  13.522  -85.916  2.118 0.5000000000
115563  13.303  -85.249  2.682 0.4000000060
1870  12.671  -84.922  2.295 0.4000000060
1871  11.903  -85.011  2.600 0.4000000060
1087  13.683  -86.949  2.012 0.5000000000
1450  13.580  -86.468  1.241 0.4000000060
1879  13.263  -85.706  1.332 0.4000000060
1880  12.815  -85.306  1.485 0.4000000060
576  13.397  -89.368  -0.006 0.3000000119
354  13.220  -90.408  -1.008 0.3000000119
564  13.175  -90.566  0.458 0.4000000060
811  13.655  -88.326  0.669 0.3000000119
116930  13.082  -90.894  1.067 0.4000000060
115066  13.271  -89.835  0.926 0.4000000060
123793  15.221  -90.361  -2.973 0.3000000119
362  14.345  -90.674  -1.632 0.4000000060
195  13.505  -90.698  -0.310 0.4000000060
342  13.204  -90.992  0.452 0.4000000060
361  15.348  -90.552  -1.609 0.4000000060
194  13.984  -90.987  -0.244 0.4000000060
189  13.612  -91.110  0.418 0.4000000060
118737  13.993  -91.336  1.076 0.3000000119
111314  13.127  -91.077  2.408 0.3000000119
794  13.516  -89.266  2.454 0.4000000060
369  15.944  -90.291  -2.471 0.4000000060
112241  13.349  -91.135  1.104 0.3000000119
193  14.796  -90.825  -0.245 0.4000000060
341  15.502  -90.779  0.142 0.4000000060
188  14.465  -91.100  0.437 0.4000000060
117922  13.682  -88.018  2.156 0.4000000060
803  13.600  -88.816  1.557 0.4000000060
377  15.898  -90.059  -3.280 0.4000000060
173  13.353  -91.225  2.439 0.3000000119
593  16.824  -89.557  -2.637 0.4000000060
125513  16.396  -89.915  -2.825 0.4000000060
837  17.410  -89.004  -2.301 0.4000000060
359  17.258  -90.002  -1.463 0.4000000060
360  16.363  -90.324  -1.619 0.4000000060
109518  13.622  -86.654  2.757 0.4000000060
109627  13.657  -87.473  2.669 0.4000000060
109684  13.442  -89.679  3.364 0.3000000119
127370  13.622  -88.397  2.999 0.4000000060
537  13.221  -90.843  3.643 0.3000000119
1143  16.953  -88.204  -2.551 0.4000000060
1130  16.889  -87.168  -2.160 0.4000000060
1129  17.500  -87.941  -1.877 0.4000000060
575  18.013  -89.768  -0.864 0.4000000060
122244  16.804  -90.361  -0.802 0.4000000060
1399  13.627  -85.945  4.622 0.4000000060
781  13.561  -88.653  3.893 0.3000000119
1388  13.730  -86.394  5.466 0.4000000060
120685  13.564  -85.786  3.774 0.4000000060
114643  13.631  -87.019  4.858 0.4000000060
1070  13.625  -87.435  3.450 0.4000000060
1060  13.599  -87.733  4.360 0.4000000060
4885  23.372  -78.640  -3.702 0.4000000060
368  16.725  -89.990  -2.246 0.4000000060
12  13.794  -92.125  9.010 0.3000000119
152  15.353  -91.292  3.957 0.3000000119
155  13.401  -91.425  4.913 0.4000000060
170  15.862  -91.073  2.382 0.5000000000
201  14.590  -90.737  -0.890 0.4000000060
202  13.791  -90.705  -0.976 0.4000000060
252  14.556  -91.306  10.255 0.3000000119
262  13.478  -91.932  8.871 0.3000000119
292  12.902  -91.752  6.595 0.3000000119
328  19.370  -89.913  1.542 0.4000000060
332  13.156  -91.166  1.804 0.3000000119
339  18.728  -90.176  1.181 0.5000000000
340  16.406  -90.658  0.673 0.5000000000
343  13.279  -90.519  -0.215 0.4000000060
353  15.695  -90.599  -0.753 0.4000000060
493  13.628  -90.429  8.165 0.3000000119
519  13.370  -90.410  6.684 0.3000000119
527  13.447  -89.786  5.301 0.4000000060
545  20.553  -89.072  2.351 0.3000000119
546  19.967  -89.421  2.242 0.4000000060
549  13.223  -90.568  2.807 0.3000000119
584  18.368  -89.198  -1.032 0.5000000000
585  17.741  -89.429  -1.591 0.4000000060
592  17.218  -89.633  -2.088 0.4000000060
599  16.304  -89.560  -3.237 0.4000000060
790  21.572  -88.503  3.079 0.3000000119
801  21.074  -88.795  2.601 0.3000000119
830  18.467  -88.624  -0.967 0.5000000000
1040  14.150  -86.638  6.807 0.4000000060
1067  22.634  -87.537  3.624 0.3000000119
1068  22.015  -87.749  3.641 0.3000000119
1096  13.737  -87.514  1.309 0.4000000060
1161  21.766  -87.402  -4.124 0.3000000119
1167  21.064  -87.415  -5.147 0.4000000060
1169  19.902  -87.586  -5.545 0.3000000119
1180  19.797  -87.456  -6.401 0.3000000119
1191  19.174  -87.538  -7.230 0.4000000060
1376  14.300  -85.380  6.867 0.4000000060
1400  10.898  -85.732  4.562 0.4000000060
1409  22.869  -87.267  3.662 0.3000000119
1410  22.376  -87.209  3.749 0.3000000119
1413  13.521  -85.809  2.990 0.5000000000
1446  24.315  -87.098  2.192 0.3000000119
1451  11.561  -85.946  1.336 0.4000000060
1469  12.974  -85.933  0.081 0.4000000060
1471  11.066  -86.766  0.115 0.4000000060
1528  21.657  -87.232  -4.815 0.3000000119
1542  18.535  -86.916  -5.325 0.3000000119
1777  12.660  -85.374  9.041 0.3000000119
1794  14.817  -84.856  8.306 0.3000000119
1814  11.688  -84.808  6.689 0.4000000060
1856  21.839  -86.407  3.673 0.3000000119
1859  11.849  -84.746  3.325 0.4000000060
1869  13.158  -85.246  2.144 0.4000000060
1907  18.509  -85.266  -0.569 0.5000000000
1908  17.710  -85.350  -0.991 0.4000000060
1924  16.958  -85.422  -1.519 0.4000000060
1951  22.509  -86.748  -4.109 0.4000000060
1953  19.250  -86.329  -4.227 0.3000000119
1964  17.316  -85.720  -5.584 0.3000000119
2198  12.816  -84.411  7.821 0.4000000060
2217  12.449  -84.265  6.832 0.5000000000
2232  13.457  -84.259  6.589 0.5000000000
2233  12.910  -84.003  6.286 0.5000000000
2251  11.972  -84.286  4.676 0.5000000000
2257  22.592  -85.997  3.489 0.3000000119
2259  12.791  -84.434  3.560 0.4000000060
2260  12.143  -84.428  3.869 0.4000000060
2277  12.507  -84.632  2.999 0.4000000060
2324  18.894  -84.534  -0.868 0.4000000060
2336  19.273  -84.333  -1.456 0.4000000060
2346  23.061  -84.349  -2.903 0.4000000060
2347  19.965  -84.745  -1.808 0.3000000119
2354  22.351  -84.006  -3.212 0.4000000060
2374  20.391  -85.073  -5.800 0.3000000119
2375  19.668  -84.339  -6.080 0.4000000060
2387  19.296  -84.769  -6.713 0.4000000060
2742  17.453  -83.792  -1.996 0.4000000060
2743  16.775  -83.678  -2.449 0.4000000060
2763  17.356  -83.624  -3.199 0.3000000119
2770  16.614  -83.596  -3.799 0.3000000119
2808  27.025  -83.092  -9.013 0.5000000000
2813  20.055  -83.460  -9.044 0.4000000060
2825  20.463  -83.795  -9.988 0.4000000060
2848  21.366  -84.067  -12.663 0.4000000060
3253  23.469  -83.030  -3.669 0.4000000060
3254  22.526  -82.993  -3.650 0.4000000060
3264  22.185  -82.594  -4.432 0.4000000060
3273  25.718  -83.001  -5.799 0.5000000000
3278  19.718  -83.475  -5.932 0.5000000000
3319  25.456  -81.721  -10.675 0.6999999881
3320  25.185  -82.326  -10.955 0.6999999881
3324  22.937  -82.670  -12.122 0.6999999881
3797  25.993  -81.919  -10.171 0.6999999881
3798  25.178  -81.174  -10.098 0.6999999881
3804  17.603  -81.405  -9.402 0.6000000238
3811  18.859  -81.645  -10.413 0.4000000060
3815  23.545  -81.528  -11.584 0.6999999881
3816  22.866  -81.422  -11.851 0.6999999881
3818  21.110  -81.311  -11.865 0.6000000238
3820  19.291  -81.643  -11.323 0.6000000238
3841  21.868  -81.903  -13.107 0.5000000000
4311  19.501  -80.040  -5.642 0.8000000119
4338  18.333  -80.663  -6.375 0.6999999881
4339  17.461  -80.622  -6.448 0.6999999881
4340  16.632  -80.423  -6.521 0.6999999881
4350  22.866  -80.083  -8.492 0.8000000119
4353  20.675  -80.446  -7.790 0.6999999881
4357  16.355  -80.516  -7.389 0.6999999881
4374  20.815  -80.622  -8.589 0.6999999881
4378  15.862  -80.304  -8.723 0.8000000119
4390  24.146  -80.477  -9.772 0.8000000119
4425  17.343  -80.685  -11.721 0.5000000000
4439  18.310  -81.119  -12.887 0.5000000000
4451  16.999  -80.062  -12.249 0.5000000000
4883  25.083  -79.032  -3.738 0.4000000060
4899  26.385  -79.435  -4.646 0.4000000060
4900  23.590  -79.326  -4.263 0.6000000238
4901  22.246  -78.988  -4.783 0.6000000238
4905  18.188  -79.072  -4.520 0.6000000238
4923  20.825  -79.126  -5.180 0.6000000238
4927  16.900  -79.723  -5.320 0.6000000238
4928  15.956  -79.215  -5.737 0.8000000119
4958  15.188  -79.369  -7.291 0.8000000119
4971  14.618  -78.693  -8.200 0.8000000119
4981  14.801  -79.094  -8.965 0.8000000119
5496  22.787  -78.856  -4.149 0.4000000060
5499  19.421  -78.349  -4.365 0.5000000000
5537  16.585  -78.235  -5.396 0.8000000119
5538  15.613  -78.647  -6.244 0.6999999881
5555  14.623  -77.885  -8.227 0.8000000119
6065  17.820  -77.643  -4.534 0.6000000238
6096  15.379  -78.088  -6.866 0.6999999881
6103  17.773  -77.524  -8.045 0.6999999881
6116  10.041  -77.494  -8.703 0.6000000238
6126  10.251  -77.785  -9.331 0.5000000000
6693  18.403  -76.752  -4.550 0.5000000000
6706  18.130  -76.498  -5.011 0.6000000238
6716  17.986  -76.822  -6.194 0.6000000238
6728  11.755  -76.463  -7.571 0.6999999881
6729  10.916  -76.775  -7.625 0.6000000238
6747  19.867  -76.935  -10.027 0.5000000000
6750  15.440  -75.560  -9.248 0.6999999881
6770  15.177  -75.811  -10.079 0.6999999881
6796  18.988  -77.148  -11.170 0.5000000000
7386  20.132  -75.076  -5.576 0.6000000238
7399  11.978  -75.096  -6.487 0.5000000000
7409  20.134  -75.327  -7.598 0.6000000238
7411  13.099  -75.173  -7.176 0.6000000238
7421  20.841  -75.097  -8.707 0.5000000000
7423  19.578  -76.395  -8.202 0.6000000238
7441  18.142  -77.011  -10.159 0.6000000238
7444  13.199  -75.176  -8.852 0.6000000238
7470  13.591  -74.541  -10.341 0.6000000238
7490  15.160  -74.372  -10.927 0.6000000238
8086  13.110  -74.230  -6.317 0.6000000238
8095  21.400  -74.729  -7.522 0.6000000238
8098  15.684  -73.975  -7.048 0.6999999881
8099  14.628  -74.061  -6.802 0.6000000238
8100  13.553  -74.471  -6.713 0.6000000238
8101  11.349  -74.818  -6.838 0.5000000000
8119  9.425  -74.715  -8.537 0.6000000238
8135  15.200  -74.326  -9.652 0.6999999881
8183  19.088  -73.856  -11.981 0.5000000000
8737  16.134  -73.013  -6.574 0.6000000238
8741  12.681  -73.758  -6.291 0.6000000238
8750  16.968  -73.551  -7.414 0.6999999881
8752  15.971  -73.494  -6.739 0.6000000238
8754  12.119  -73.411  -6.588 0.6000000238
8770  6.756  -73.188  -8.609 0.6000000238
8779  18.233  -73.696  -9.649 0.6999999881
8781  9.081  -72.888  -8.889 0.5000000000
8830  5.988  -73.383  -14.527 0.6000000238
8850  5.237  -73.239  -14.972 0.5000000000
9418  15.639  -72.742  -6.547 0.6000000238
9421  13.130  -72.998  -6.332 0.6000000238
9433  16.096  -72.490  -6.822 0.5000000000
9445  12.213  -72.188  -7.940 0.5000000000
9448  10.106  -72.881  -8.946 0.5000000000
9449  7.397  -72.860  -8.747 0.6000000238
9465  11.934  -71.947  -8.888 0.5000000000
9494  6.575  -72.562  -9.897 0.5000000000
9512  17.907  -72.188  -10.538 0.6000000238
9516  8.325  -72.497  -10.925 0.5000000000
9517  7.590  -72.591  -11.272 0.5000000000
9533  9.358  -72.572  -12.611 0.6999999881
9551  8.454  -72.780  -14.337 0.5000000000
9562  20.052  -72.852  -14.842 0.5000000000
9564  10.171  -72.442  -15.295 0.5000000000
9566  7.487  -72.811  -15.364 0.5000000000
9568  5.485  -72.652  -15.376 0.5000000000
9578  7.341  -72.374  -15.568 0.5000000000
9579  6.646  -72.170  -15.575 0.5000000000
9580  5.904  -72.120  -15.435 0.5000000000
9583  22.062  -72.469  -17.442 0.5000000000
9587  21.997  -71.622  -17.387 0.5000000000
10171  15.346  -72.293  -6.753 0.6000000238
10185  16.554  -72.243  -7.548 0.6000000238
10187  14.949  -71.817  -7.335 0.6000000238
10202  16.966  -72.045  -8.512 0.6999999881
10204  14.584  -71.569  -8.272 0.6000000238
10219  17.195  -72.030  -9.318 0.6000000238
10248  17.493  -71.594  -11.242 0.5000000000
10249  15.874  -71.381  -11.155 0.6000000238
10266  13.894  -71.371  -12.687 0.6999999881
10279  18.509  -71.176  -13.647 0.6000000238
10283  13.263  -71.574  -14.223 0.6000000238
10286  6.636  -71.332  -14.721 0.5000000000
10296  18.749  -71.156  -14.452 0.6000000238
10300  11.601  -72.027  -14.278 0.6000000238
10308  21.696  -70.860  -16.491 0.5000000000
10309  20.372  -71.832  -16.705 0.5000000000
10313  13.531  -71.383  -16.489 0.6000000238
10316  7.893  -72.026  -15.742 0.5000000000
10322  11.765  -71.661  -16.472 0.6999999881
10323  10.413  -71.968  -16.429 0.6000000238
10324  9.754  -71.804  -16.304 0.6000000238
10325  21.450  -70.983  -17.449 0.5000000000
10327  20.528  -70.281  -17.579 0.5000000000
10975  5.747  -70.427  -9.083 0.5000000000
10999  7.522  -70.396  -10.757 0.5000000000
11011  8.216  -69.971  -12.169 0.6000000238
11036  16.922  -70.604  -13.804 0.5000000000
11039  7.436  -70.979  -14.416 0.6000000238
11049  18.599  -70.811  -15.188 0.6000000238
11051  16.601  -70.563  -15.043 0.5000000000
11055  7.860  -71.120  -15.089 0.6000000238
11060  21.248  -70.319  -15.664 0.5000000000
11061  20.804  -69.610  -16.182 0.5000000000
11062  18.260  -70.446  -16.282 0.6000000238
11065  15.579  -70.598  -16.597 0.6999999881
11066  11.641  -70.826  -16.437 0.6000000238
11067  10.781  -70.966  -16.239 0.6000000238
11070  7.665  -71.678  -15.521 0.5000000000
11074  21.301  -70.345  -17.192 0.5000000000
11075  20.851  -69.654  -17.036 0.5000000000
11076  19.389  -70.443  -17.245 0.6000000238
11080  15.475  -70.387  -16.783 0.6000000238
11081  14.356  -70.722  -16.856 0.6000000238
11083  12.938  -71.072  -16.833 0.6999999881
11084  11.183  -71.566  -16.505 0.6999999881
11086  21.022  -70.447  -17.565 0.5000000000
11088  19.583  -69.273  -17.369 0.5000000000
11668  8.144  -70.170  -1.076 0.6000000238
11706  9.015  -69.668  -2.209 0.5000000000
11719  9.016  -69.410  -3.214 0.6000000238
11720  7.516  -70.124  -3.459 0.5000000000
11735  7.586  -69.397  -4.187 0.5000000000
11775  5.431  -69.304  -6.492 0.5000000000
11842  7.880  -70.053  -10.057 0.5000000000
11880  8.509  -69.676  -13.660 0.6000000238
11891  10.712  -69.462  -14.748 0.6000000238
11898  20.247  -68.987  -16.758 0.5000000000
11903  11.235  -70.134  -15.507 0.6000000238
11913  16.710  -69.704  -16.884 0.6000000238
11914  15.901  -70.000  -16.942 0.5000000000
11915  13.271  -70.435  -16.574 0.6999999881
11916  20.237  -69.589  -17.502 0.5000000000
12491  8.303  -69.272  -0.783 0.6000000238
12507  8.897  -68.757  -1.164 0.6000000238
12522  10.169  -68.398  -2.698 0.6000000238
12531  10.476  -68.237  -3.363 0.6000000238
12532  9.906  -68.848  -3.500 0.6000000238
12544  8.886  -68.958  -4.780 0.6000000238
12546  6.872  -68.989  -4.766 0.5000000000
12558  6.284  -68.773  -5.179 0.5000000000
12571  8.573  -68.522  -6.182 0.6000000238
12589  6.220  -69.162  -6.614 0.5000000000
12601  11.651  -67.469  -8.899 0.5000000000
12655  8.677  -68.149  -12.728 0.5000000000
12667  11.452  -68.243  -13.665 0.5000000000
12670  8.897  -68.695  -13.379 0.5000000000
12675  19.059  -68.305  -15.333 0.5000000000
12683  10.160  -68.836  -14.145 0.5000000000
12687  18.901  -68.156  -16.144 0.5000000000
12698  18.814  -68.330  -16.688 0.5000000000
12702  15.431  -69.502  -16.624 0.5000000000
13303  7.049  -67.874  -0.087 0.4000000060
13322  8.878  -67.845  -1.045 0.6000000238
13323  8.169  -67.475  -0.765 0.6999999881
13369  10.933  -67.716  -4.567 0.6000000238
13382  10.805  -67.555  -5.416 0.5000000000
13383  10.196  -67.994  -5.970 0.6000000238
13399  8.590  -67.330  -7.775 0.6999999881
13410  8.020  -67.004  -8.360 0.6999999881
13420  7.548  -67.257  -9.709 0.6000000238
13429  10.977  -67.367  -10.132 0.5000000000
13430  10.556  -66.905  -11.162 0.6999999881
13431  7.606  -66.895  -10.392 0.6999999881
13443  7.860  -66.730  -10.929 0.6999999881
13450  10.303  -67.229  -12.548 0.6000000238
13452  8.805  -67.413  -12.384 0.6000000238
13459  10.922  -67.706  -13.173 0.5000000000
14111  4.168  -65.889  -0.936 0.5000000000
14126  9.887  -66.892  -1.876 0.6000000238
14160  11.447  -66.184  -4.869 0.6999999881
14161  11.084  -66.706  -5.615 0.6999999881
14177  14.257  -65.927  -7.018 0.4000000060
14195  9.987  -65.977  -7.606 0.8000000119
14196  9.408  -66.102  -8.096 0.6999999881
14215  12.975  -65.264  -10.614 0.6000000238
14230  7.683  -66.208  -10.447 0.6999999881
14243  9.899  -65.786  -11.480 0.6999999881
14244  9.306  -65.924  -11.505 0.6999999881
14263  9.061  -66.608  -11.983 0.6000000238
14953  8.284  -66.234  -1.426 0.8000000119
14954  7.524  -65.908  -1.437 0.6999999881
14957  4.031  -65.483  -1.638 0.5000000000
14974  3.967  -65.028  -2.487 0.5000000000
14975  3.028  -64.925  -2.911 0.5000000000
14977  1.584  -64.677  -2.314 0.4000000060
14984  11.645  -64.958  -3.718 0.8000000119
14985  10.982  -65.737  -2.878 0.6999999881
15016  11.132  -65.512  -6.487 0.8000000119
15017  10.785  -66.254  -6.338 0.6999999881
15036  11.243  -64.955  -7.285 0.8000000119
15066  15.337  -64.712  -10.671 0.5000000000
15070  8.056  -65.379  -10.004 0.8000000119
15071  7.652  -65.816  -10.072 0.6999999881
15079  14.617  -64.660  -11.100 0.5000000000
15080  12.473  -64.538  -10.809 0.6000000238
15081  11.166  -65.154  -10.709 0.5000000000
15083  9.296  -65.006  -10.614 0.6000000238
15092  8.829  -65.448  -10.892 0.8000000119
15758  7.486  -64.477  2.598 0.4000000060
15802  10.412  -64.546  -2.608 0.6999999881
15804  8.589  -64.686  -2.416 0.6999999881
15808  1.934  -64.452  -2.852 0.5000000000
15818  11.085  -64.322  -2.831 0.8000000119
15824  3.198  -64.349  -3.684 0.6000000238
15825  2.344  -64.248  -3.316 0.5000000000
15832  12.682  -63.593  -4.375 0.8000000119
15834  5.739  -63.723  -4.426 0.8000000119
15835  5.063  -63.630  -4.616 0.6999999881
15837  3.384  -64.087  -3.964 0.6999999881
15845  12.481  -64.318  -5.270 0.8000000119
15867  11.613  -64.516  -7.969 0.8000000119
15876  13.418  -63.757  -10.592 0.6999999881
15879  9.693  -64.647  -9.932 0.6999999881
15888  16.596  -64.052  -9.312 0.4000000060
15889  15.936  -64.466  -9.981 0.4000000060
15890  12.680  -63.855  -10.899 0.6999999881
15891  11.870  -63.995  -10.421 0.6999999881
15893  9.859  -64.680  -10.389 0.8000000119
15902  14.755  -64.375  -10.928 0.5000000000
15904  12.941  -63.938  -11.074 0.6000000238
15906  10.789  -64.583  -10.568 0.8000000119
16579  6.513  -63.827  5.120 0.4000000060
16595  8.810  -63.638  2.234 0.4000000060
16603  9.509  -63.119  1.538 0.3000000119
16605  7.600  -64.332  1.624 0.4000000060
16608  4.371  -64.179  1.070 0.5000000000
16619  7.219  -63.916  0.598 0.3000000119
16643  9.818  -63.998  -2.582 0.6999999881
16644  8.987  -63.948  -2.657 0.6000000238
16645  1.801  -63.770  -2.800 0.6000000238
16656  3.172  -63.760  -3.880 0.6999999881
16657  2.318  -64.003  -3.418 0.6000000238
16663  12.574  -62.909  -3.932 0.6999999881
16665  6.950  -63.027  -4.572 0.5000000000
16667  5.251  -63.210  -4.914 0.6000000238
16668  4.616  -63.366  -4.630 0.6999999881
16674  14.322  -62.816  -5.586 0.6999999881
16677  5.783  -62.919  -5.148 0.6000000238
16691  16.469  -63.023  -8.305 0.4000000060
16692  15.088  -63.382  -7.443 0.6000000238
16701  15.784  -63.834  -9.550 0.4000000060
16709  15.157  -64.106  -10.479 0.4000000060
16710  13.408  -63.889  -11.127 0.6000000238
17432  6.626  -63.182  4.988 0.4000000060
17440  9.688  -62.724  1.934 0.3000000119
17449  9.912  -62.630  0.628 0.3000000119
17452  6.838  -63.338  -0.167 0.4000000060
17453  4.989  -63.062  -0.360 0.4000000060
17465  8.103  -62.630  -0.545 0.3000000119
17469  2.073  -62.756  -1.055 0.6000000238
17476  2.876  -62.356  -1.495 0.6000000238
17483  2.343  -63.021  -2.330 0.6000000238
17489  11.065  -62.399  -3.197 0.6999999881
17492  8.865  -62.481  -3.641 0.6000000238
17494  3.494  -62.884  -3.534 0.6999999881
17503  4.707  -62.781  -4.642 0.6000000238
17509  13.991  -62.307  -5.200 0.6999999881
17511  6.929  -62.076  -5.586 0.5000000000
17512  6.244  -62.357  -5.310 0.5000000000
17513  5.726  -62.570  -5.175 0.6000000238
17524  16.359  -62.354  -8.114 0.4000000060
18387  5.409  -60.717  -1.905 0.4000000060
18390  2.949  -62.230  -1.994 0.5000000000
18399  4.370  -61.243  -2.635 0.5000000000
18408  12.031  -61.832  -3.795 0.6999999881
18410  10.463  -61.780  -3.620 0.6000000238
18411  5.144  -61.095  -3.555 0.6000000238
18413  3.892  -61.962  -3.005 0.5000000000
18418  13.273  -61.803  -4.601 0.6000000238
18419  12.323  -61.372  -4.360 0.6000000238
18420  11.629  -61.427  -4.017 0.6999999881
18423  6.202  -61.415  -4.912 0.5000000000
18425  4.947  -61.983  -4.118 0.6000000238
18430  14.374  -61.842  -5.769 0.6000000238
18433  9.414  -61.223  -5.599 0.5000000000
18434  8.895  -61.067  -6.599 0.4000000060
18436  6.591  -61.838  -5.495 0.6000000238
18443  15.676  -61.961  -7.552 0.4000000060
18446  8.772  -60.924  -6.657 0.3000000119
18448  7.905  -61.218  -6.070 0.4000000060
18456  15.435  -61.407  -7.906 0.4000000060
19336  7.140  -60.423  -1.805 0.3000000119
19350  4.872  -60.754  -2.487 0.4000000060
19359  5.830  -59.866  -3.332 0.5000000000
19360  5.309  -60.176  -3.079 0.5000000000
19367  11.384  -60.958  -4.689 0.6000000238
19369  6.402  -60.579  -4.337 0.6000000238
19377  13.169  -60.757  -6.211 0.3000000119
19379  10.938  -60.602  -6.079 0.6000000238
19383  7.525  -60.957  -5.792 0.4000000060
19407  12.513  -60.220  -8.924 0.3000000119
19432  14.785  -59.737  -10.438 0.3000000119
19433  13.898  -59.743  -10.332 0.3000000119
19434  13.417  -59.791  -10.054 0.3000000119
20291  6.838  -59.348  -2.241 0.3000000119
20292  6.318  -59.220  -2.541 0.3000000119
20307  6.427  -58.688  -2.756 0.3000000119
20309  5.371  -60.100  -2.774 0.5000000000
20318  5.998  -59.080  -3.005 0.4000000060
20326  7.246  -59.421  -4.112 0.3000000119
20336  8.501  -59.991  -5.895 0.3000000119
20351  8.947  -60.481  -6.698 0.3000000119
20363  14.972  -58.930  -9.219 0.3000000119
21241  6.644  -58.080  -2.763 0.3000000119
21242  6.324  -58.693  -2.880 0.4000000060
21247  6.886  -57.371  -2.862 0.3000000119
21255  8.199  -58.256  -4.216 0.3000000119
21314  14.312  -59.308  -10.217 0.3000000119
22139  6.931  -57.443  -2.801 0.3000000119
22153  9.709  -56.506  -4.361 0.3000000119
109638  7.719  -73.035  -14.975 0.5000000000
109748  8.166  -70.470  -14.357 0.6000000238
110643  15.591  -71.244  -11.996 0.6000000238
110822  14.074  -71.417  -14.526 0.6000000238
110882  13.730  -87.874  6.183 0.4000000060
110991  14.704  -71.445  -9.855 0.6000000238
111305  15.391  -79.761  -9.061 0.8000000119
111379  8.372  -65.549  -9.420 0.6999999881
111734  14.369  -65.525  -10.066 0.6000000238
111830  16.226  -80.109  -10.842 0.6999999881
112625  9.663  -72.339  -15.856 0.5000000000
112960  13.686  -74.555  -9.619 0.6000000238
113164  17.992  -84.791  -4.138 0.3000000119
113340  17.158  -70.487  -15.481 0.6000000238
113381  15.951  -63.333  -8.409 0.5000000000
113471  14.939  -76.215  -10.789 0.6999999881
113648  15.361  -79.028  -11.315 0.5000000000
113823  8.176  -69.352  -10.393 0.6000000238
113908  13.558  -74.527  -11.117 0.5000000000
113943  13.053  -69.642  -15.770 0.5000000000
114021  8.577  -65.184  -10.308 0.8000000119
114063  7.533  -68.381  -7.865 0.6000000238
114157  17.052  -70.052  -16.831 0.6999999881
114249  12.356  -66.061  -9.665 0.5000000000
114293  3.853  -63.742  -4.314 0.6999999881
114297  13.423  -90.486  -1.166 0.4000000060
114307  5.590  -63.350  -4.856 0.6000000238
114834  14.017  -70.440  -16.784 0.6999999881
115378  2.835  -64.234  -3.607 0.5000000000
115648  24.763  -80.431  -5.895 0.6000000238
115967  15.138  -71.488  -8.948 0.6000000238
116379  5.601  -65.521  -1.608 0.5000000000
116757  10.001  -71.134  -16.073 0.6000000238
116759  20.230  -81.481  -11.224 0.6000000238
117694  11.302  -65.017  -3.099 0.6000000238
117725  11.411  -64.287  -10.528 0.8000000119
117783  6.569  -64.555  -2.709 0.6000000238
117940  13.202  -90.391  1.852 0.4000000060
117981  15.102  -70.350  -16.842 0.6999999881
118055  14.493  -91.513  4.166 0.3000000119
118289  19.603  -68.531  -16.008 0.5000000000
118455  9.368  -62.896  0.300 0.3000000119
119084  12.097  -85.306  1.776 0.4000000060
119563  6.677  -70.070  -8.242 0.6000000238
119702  13.613  -86.723  4.072 0.4000000060
120006  13.771  -91.348  1.933 0.3000000119
120463  11.569  -86.544  -1.336 0.4000000060
121612  21.493  -83.862  -10.262 0.5000000000
121826  7.674  -68.571  -6.578 0.6000000238
122433  7.666  -62.103  3.519 0.3000000119
122446  3.540  -62.125  -1.336 0.6000000238
122731  19.029  -73.104  -12.260 0.5000000000
122806  19.195  -89.719  2.286 0.4000000060
123028  17.745  -78.458  -4.497 0.6000000238
123158  15.493  -65.342  -8.841 0.4000000060
123262  8.400  -64.031  1.744 0.3000000119
123393  14.844  -69.064  -15.992 0.5000000000
123582  20.534  -88.579  2.970 0.3000000119
123744  13.354  -71.065  -16.866 0.6999999881
123767  25.851  -82.603  -5.117 0.3000000119
124059  7.050  -68.714  -5.277 0.5000000000
124339  5.966  -63.176  -0.323 0.5000000000
124399  19.362  -68.725  -17.100 0.5000000000
124531  5.739  -71.438  -14.587 0.5000000000
124879  9.631  -70.628  -15.509 0.6000000238
124905  10.572  -65.795  -7.030 0.6999999881
125251  8.833  -72.477  -10.316 0.5000000000
125636  13.117  -84.769  2.963 0.4000000060
125722  8.194  -59.256  -2.210 0.3000000119
126387  12.261  -71.680  -9.648 0.5000000000
126447  18.776  -86.423  -8.145 0.3000000119
127345  9.977  -72.490  -14.313 0.5000000000
127588  11.138  -72.267  -15.601 0.6000000238
127679  19.229  -89.906  1.066 0.4000000060
127728  18.102  -77.121  -4.501 0.5000000000
128184  9.798  -68.537  -2.097 0.6000000238
128475  20.827  -82.578  -5.268 0.5000000000
128493  20.665  -80.187  -7.141 0.8000000119
128555  13.431  -92.009  8.787 0.3000000119
128662  12.474  -70.736  -16.598 0.6999999881
128664  6.186  -72.647  -15.457 0.5000000000
129171  3.509  -62.562  -0.826 0.5000000000
129206  7.007  -71.106  -14.095 0.6000000238
129488  21.781  -82.887  -3.967 0.4000000060
129604  10.667  -77.242  -8.198 0.6000000238
129849  13.602  -86.472  3.396 0.4000000060
129978  20.064  -89.383  1.442 0.4000000060
130159  12.633  -84.335  7.323 0.5000000000
130261  14.636  -91.210  1.003 0.4000000060
130403  7.716  -67.906  -0.467 0.6999999881
130419  17.150  -90.513  0.785 0.5000000000
130486  15.054  -90.520  -2.237 0.3000000119
130683  5.461  -61.790  -1.255 0.4000000060
130793  12.810  -71.752  -14.995 0.6000000238
130884  18.227  -90.371  1.497 0.4000000060
130901  20.476  -87.384  -4.396 0.4000000060
131023  15.015  -78.099  -7.231 0.8999999762
131727  16.349  -79.450  -5.519 0.8000000119
131920  8.428  -65.980  -8.831 0.6999999881
132115  13.985  -92.058  9.394 0.3000000119
132718  10.504  -62.314  -3.208 0.6999999881
132891  17.511  -84.507  -4.324 0.3000000119
