#Insight Transform File V1.0
#Transform 0
Transform: AffineTransform_float_3_3
Parameters: 0.999994 0.000978373 -0.00333433 -0.000981942 1 -0.000857246 0.00333389 0.000860112 0.999994 0.149638 0.0123273 0.021229
FixedParameters: 0 0 0

#Transform 1
Transform: AffineTransform_float_3_3
Parameters: 0.999995 0.00101749 -0.00295507 -0.00101955 0.999999 -0.000724162 0.00295384 0.000726481 0.999996 0.132099 0.0215544 0.0164257
FixedParameters: 0 0 0

#Transform 2
Transform: AffineTransform_float_3_3
Parameters: 0.999996 0.000991825 -0.00255628 -0.000994882 0.999999 -0.000999417 0.0025555 0.0010021 0.999996 0.118362 0.0288536 -0.0392266
FixedParameters: 0 0 0

#Transform 3
Transform: AffineTransform_float_3_3
Parameters: 0.999997 0.000974819 -0.00232451 -0.000977177 0.999999 -0.000937109 0.00232388 0.000939394 0.999997 0.111394 0.0345606 -0.0407526
FixedParameters: 0 0 0

#Transform 4
Transform: AffineTransform_float_3_3
Parameters: 0.999997 0.000531141 -0.00205367 -0.000533126 0.999999 -0.000991139 0.00205281 0.00099189 0.999998 0.080057 0.0424626 -0.184434
FixedParameters: 0 0 0

#Transform 5
Transform: AffineTransform_float_3_3
Parameters: 0.999997 0.00082041 -0.00234873 -0.000821393 0.999999 -0.000452587 0.0023481 0.000455016 0.999997 0.110099 -0.00194759 -0.113206
FixedParameters: 0 0 0

#Transform 6
Transform: AffineTransform_float_3_3
Parameters: 0.999998 0.000479063 -0.00219268 -0.000479733 1 -0.000414447 0.0021924 0.000415123 0.999998 0.104429 -0.0188466 -0.114101
FixedParameters: 0 0 0

#Transform 7
Transform: AffineTransform_float_3_3
Parameters: 0.999999 0.000454327 -0.0018046 -0.000455727 0.999999 -0.000693838 0.00180405 0.000695186 0.999998 0.0907104 0.0598791 -0.18106
FixedParameters: 0 0 0

#Transform 8
Transform: AffineTransform_float_3_3
Parameters: 0.999999 0.000864129 -0.00164727 -0.000863717 0.999999 -0.000206255 0.001647 0.00020796 0.999998 0.102465 -0.0289532 -0.114242
FixedParameters: 0 0 0

#Transform 9
Transform: AffineTransform_float_3_3
Parameters: 0.999998 0.00068967 -0.00154175 -0.000690659 0.999999 -0.000633542 0.00154198 0.00063456 0.999998 0.105263 0.0376786 -0.0474042
FixedParameters: 0 0 0

#Transform 10
Transform: AffineTransform_float_3_3
Parameters: 0.999999 0.000837408 -0.00121327 -0.000837893 0.999999 -0.000597635 0.00121337 0.000598557 0.999999 0.0892676 0.0684163 -0.0167967
FixedParameters: 0 0 0

#Transform 11
Transform: AffineTransform_float_3_3
Parameters: 0.999999 0.000831974 -0.00108042 -0.000832142 1 -0.000960088 0.00107999 0.000960909 0.999999 0.0818309 0.0345351 -0.0575562
FixedParameters: 0 0 0

#Transform 12
Transform: AffineTransform_float_3_3
Parameters: 0.999998 0.000853922 -0.0014261 -0.000855025 1 -0.000730362 0.00142495 0.0007318 0.999998 0.0811742 0.046832 -0.0728787
FixedParameters: 0 0 0

#Transform 13
Transform: AffineTransform_float_3_3
Parameters: 0.999999 0.000837615 -0.00120045 -0.000838257 0.999999 -0.000699319 0.00119938 0.00070019 0.999999 0.0868925 0.0352748 -0.0864482
FixedParameters: 0 0 0

#Transform 14
Transform: AffineTransform_float_3_3
Parameters: 0.999999 0.000829407 -0.00106885 -0.000830141 1 -0.000802716 0.00106761 0.000803492 0.999999 0.0709689 0.021159 -0.0567503
FixedParameters: 0 0 0

#Transform 15
Transform: AffineTransform_float_3_3
Parameters: 0.999999 0.00049669 -0.000733061 -0.000497534 0.999999 -0.000526864 0.000733533 0.000527623 0.999999 0.063667 0.0184584 -0.0502838
FixedParameters: 0 0 0

#Transform 16
Transform: AffineTransform_float_3_3
Parameters: 0.999999 0.000329681 -0.000774932 -0.000330576 1 -0.000567965 0.000774609 0.000567344 1 0.066202 0.0410078 -0.0468449
FixedParameters: 0 0 0

#Transform 17
Transform: AffineTransform_float_3_3
Parameters: 1 8.59375e-05 -0.000435153 -8.62802e-05 1 -0.000393766 0.000435086 0.000393841 1 0.0580077 0.0248382 -0.0676018
FixedParameters: 0 0 0

#Transform 18
Transform: AffineTransform_float_3_3
Parameters: 1 0.000313231 -0.00057608 -0.000313655 1 -0.000367341 0.000575849 0.000367702 1 0.0604209 0.0179397 -0.0485385
FixedParameters: 0 0 0

#Transform 19
Transform: AffineTransform_float_3_3
Parameters: 1 2.50416e-05 -0.000518 -2.52174e-05 1 -0.000169688 0.000517992 0.000169714 1 0.0332105 0.0335993 -0.0158219
FixedParameters: 0 0 0

#Transform 20
Transform: AffineTransform_float_3_3
Parameters: 1 6.92953e-05 -0.000149083 -6.93316e-05 1 -0.000121622 0.000149066 0.000121643 1 0.00513194 0.0158011 -0.000647556
FixedParameters: 0 0 0

#Transform 21
Transform: AffineTransform_float_3_3
Parameters: 1 0.000253579 0.000178767 -0.000253617 1 0.000106721 -0.000178713 -0.000106812 1 0.00906254 0.00603108 0.000845917
FixedParameters: 0 0 0

#Transform 22
Transform: AffineTransform_float_3_3
Parameters: 1 3.70219e-05 0.000154799 -3.71476e-05 1 0.000406006 -0.000154768 -0.000406018 1 0.00501881 -0.00434918 0.0170179
FixedParameters: 0 0 0

#Transform 23
Transform: AffineTransform_float_3_3
Parameters: 1 -0.000159118 0.000279576 0.000158848 1 0.000457675 -0.000279695 -0.000458575 1 0.00100979 0.0274061 0.0213924
FixedParameters: 0 0 0

#Transform 24
Transform: AffineTransform_float_3_3
Parameters: 1 -0.00017991 0.000318486 0.000179875 1 5.53987e-05 -0.000318506 -5.52841e-05 1 -0.00868388 0.020921 0.0133571
FixedParameters: 0 0 0

#Transform 25
Transform: AffineTransform_float_3_3
Parameters: 1 -5.10022e-05 0.000374375 5.10537e-05 1 -6.87797e-05 -0.000374368 6.8818e-05 1 -0.00487561 0.0300884 1.62536e-05
FixedParameters: 0 0 0

#Transform 26
Transform: AffineTransform_float_3_3
Parameters: 1 -3.11705e-05 0.000154286 3.10939e-05 1 0.000248235 -0.000154302 -0.000248225 1 0.012452 0.0178764 0.00360576
FixedParameters: 0 0 0

#Transform 27
Transform: AffineTransform_float_3_3
Parameters: 1 -0.000181426 0.000152588 0.000181449 1 -7.64735e-05 -0.00015256 7.65289e-05 1 0.013924 0.0199916 -0.036341
FixedParameters: 0 0 0

#Transform 28
Transform: AffineTransform_float_3_3
Parameters: 1 -0.000189457 0.000341842 0.000189879 1 -0.00051329 -0.000342644 0.00051339 1 0.0135009 0.0395933 -0.0717434
FixedParameters: 0 0 0

#Transform 29
Transform: AffineTransform_float_3_3
Parameters: 1 -0.000179978 0.000156634 0.000180046 1 -0.000216408 -0.000156556 0.000216464 1 0.0140123 0.0161772 -0.03847
FixedParameters: 0 0 0

#Transform 30
Transform: AffineTransform_float_3_3
Parameters: 1 0.000121052 0.000481053 -0.000120742 1 -0.000322158 -0.000481131 0.000322042 1 0.0113309 0.0263305 -0.0397577
FixedParameters: 0 0 0

#Transform 31
Transform: AffineTransform_float_3_3
Parameters: 1 -0.000120209 0.00015528 0.000120214 1 -1.57531e-05 -0.000155276 1.57904e-05 1 0.0275328 0.00951769 -0.0294543
FixedParameters: 0 0 0

#Transform 32
Transform: AffineTransform_float_3_3
Parameters: 0.999999 -0.000105978 0.000700118 0.00010601 1 -2.2907e-05 -0.000700113 2.30555e-05 1 0.0111571 0.00824518 -0.0098937
FixedParameters: 0 0 0

#Transform 33
Transform: AffineTransform_float_3_3
Parameters: 1 -4.83112e-05 0.000631004 4.87902e-05 1 -0.000379517 -0.000630967 0.000379578 0.999999 0.0176909 0.0233609 -0.0132771
FixedParameters: 0 0 0

#Transform 34
Transform: AffineTransform_float_3_3
Parameters: 0.999999 -0.000151337 0.000716199 0.00015136 0.999999 -0.00071119 -0.000716056 0.000711415 0.999999 0.01238 0.0485305 -0.0482377
FixedParameters: 0 0 0

#Transform 35
Transform: AffineTransform_float_3_3
Parameters: 0.999999 -0.000153619 0.000710166 0.000154332 1 -0.000502296 -0.000710011 0.000502515 0.999999 0.0152085 0.0262812 -0.0471714
FixedParameters: 0 0 0

#Transform 36
Transform: AffineTransform_float_3_3
Parameters: 0.999999 -0.000168327 0.00104538 0.000169762 1 -0.00119007 -0.00104503 0.00119043 0.999998 0.0278322 0.039782 -0.0705202
FixedParameters: 0 0 0

#Transform 37
Transform: AffineTransform_float_3_3
Parameters: 0.999999 0.000317649 0.00151201 -0.000315679 0.999998 -0.00166364 -0.00151226 0.00166259 0.999997 0.0168409 0.0609315 -0.142098
FixedParameters: 0 0 0

#Transform 38
Transform: AffineTransform_float_3_3
Parameters: 0.999999 0.000332793 0.00122521 -0.000331605 0.999999 -0.00129849 -0.0012262 0.00129754 0.999999 0.0231347 0.0366629 -0.117151
FixedParameters: 0 0 0

#Transform 39
Transform: AffineTransform_float_3_3
Parameters: 0.999999 8.62776e-05 0.00131591 -8.43495e-05 1 -0.00111096 -0.00131617 0.00111074 0.999998 0.0271232 0.0133111 -0.103417
FixedParameters: 0 0 0

#Transform 40
Transform: AffineTransform_float_3_3
Parameters: 0.999999 -0.000122339 0.00129591 0.000123795 0.999999 -0.000924371 -0.00129575 0.000924555 0.999998 0.0364437 0.0459146 -0.100674
FixedParameters: 0 0 0

#Transform 41
Transform: AffineTransform_float_3_3
Parameters: 0.999999 0.000235598 0.00124391 -0.000234024 1 -0.00102664 -0.00124449 0.00102706 0.999998 0.0332754 0.0374697 -0.0529302
FixedParameters: 0 0 0

#Transform 42
Transform: AffineTransform_float_3_3
Parameters: 1 0.000334277 0.00111267 -0.000333406 0.999999 -0.000814449 -0.00111328 0.000813571 0.999999 0.0418131 0.051662 -0.0668118
FixedParameters: 0 0 0

#Transform 43
Transform: AffineTransform_float_3_3
Parameters: 0.999999 0.00035328 0.000886818 -0.000352545 1 -0.00104872 -0.000886613 0.00104813 0.999999 0.0503352 0.0583061 -0.0571452
FixedParameters: 0 0 0

#Transform 44
Transform: AffineTransform_float_3_3
Parameters: 1 0.000140377 0.00106659 -0.000139364 0.999999 -0.000915577 -0.00106692 0.000915144 0.999999 0.0425598 0.0546751 -0.0615785
FixedParameters: 0 0 0

#Transform 45
Transform: AffineTransform_float_3_3
Parameters: 0.999999 0.000318765 0.0013299 -0.000317553 0.999999 -0.000803422 -0.0013305 0.00080343 0.999999 0.0229823 0.0716189 -0.0654812
FixedParameters: 0 0 0

#Transform 46
Transform: AffineTransform_float_3_3
Parameters: 1 -4.78829e-05 0.000289551 4.77895e-05 0.999999 -0.00175697 -0.000289414 0.00175701 0.999999 0.0806313 0.101429 -0.138189
FixedParameters: 0 0 0

#Transform 47
Transform: AffineTransform_float_3_3
Parameters: 0.999999 4.1622e-05 0.000795423 -4.03621e-05 0.999999 -0.000793207 -0.000795463 0.000793 1 0.0453694 0.0548599 -0.0862709
FixedParameters: 0 0 0

#Transform 48
Transform: AffineTransform_float_3_3
Parameters: 0.999999 9.97295e-06 0.000824653 -9.39874e-06 1 -0.000986677 -0.000824724 0.00098667 0.999999 0.0423306 0.0423895 -0.115407
FixedParameters: 0 0 0

#Transform 49
Transform: AffineTransform_float_3_3
Parameters: 0.999999 0.000284997 0.00084775 -0.000284578 0.999999 -0.00082644 -0.000848295 0.000826812 1 0.055677 0.0517863 -0.092667
FixedParameters: 0 0 0

#Transform 50
Transform: AffineTransform_float_3_3
Parameters: 0.999999 -9.6013e-05 0.000823365 9.65349e-05 0.999999 -0.00092275 -0.000823235 0.000922774 0.999999 0.0683035 0.0456008 -0.114664
FixedParameters: 0 0 0

#Transform 51
Transform: AffineTransform_float_3_3
Parameters: 1 7.83822e-05 0.0011021 -7.65824e-05 0.999999 -0.00126822 -0.00110237 0.00126806 0.999998 0.0467561 0.0824772 -0.129889
FixedParameters: 0 0 0

#Transform 52
Transform: AffineTransform_float_3_3
Parameters: 0.999999 6.8247e-05 0.000846815 -6.70209e-05 0.999999 -0.00134566 -0.000847049 0.00134556 0.999998 0.0501071 0.075867 -0.110959
FixedParameters: 0 0 0

#Transform 53
Transform: AffineTransform_float_3_3
Parameters: 0.999999 7.45272e-05 0.000837953 -7.38848e-05 1 -0.0010117 -0.000838154 0.00101159 0.999999 0.0674353 0.0700575 -0.0671284
FixedParameters: 0 0 0

#Transform 54
Transform: AffineTransform_float_3_3
Parameters: 0.999999 7.40375e-05 0.000836581 -7.34074e-05 0.999999 -0.000963799 -0.000836798 0.000964531 0.999999 0.055836 0.0700281 -0.0896532
FixedParameters: 0 0 0

#Transform 55
Transform: AffineTransform_float_3_3
Parameters: 0.999999 0.000131974 0.0013747 -0.00013103 1 -0.00108893 -0.00137414 0.00108946 0.999999 0.0630949 0.0745269 -0.0910888
FixedParameters: 0 0 0

#Transform 56
Transform: AffineTransform_float_3_3
Parameters: 0.999999 0.000295743 0.00133997 -0.000294819 1 -0.00108239 -0.00134078 0.0010826 0.999998 0.0671164 0.0550299 -0.0529873
FixedParameters: 0 0 0

#Transform 57
Transform: AffineTransform_float_3_3
Parameters: 0.999999 0.000115326 0.00129844 -0.000114289 1 -0.00116621 -0.00129885 0.00116593 0.999998 0.0720759 0.0742616 -0.0525813
FixedParameters: 0 0 0

#Transform 58
Transform: AffineTransform_float_3_3
Parameters: 0.999999 0.000671726 0.00139091 -0.00067064 0.999999 -0.00112772 -0.00139157 0.00112674 0.999999 0.0633135 0.0710635 -0.038527
FixedParameters: 0 0 0

#Transform 59
Transform: AffineTransform_float_3_3
Parameters: 0.999999 0.000115336 0.00126321 -0.000114794 0.999999 -0.000981205 -0.00126357 0.000980787 0.999998 0.0735729 0.056003 -0.0478598
FixedParameters: 0 0 0

#Transform 60
Transform: AffineTransform_float_3_3
Parameters: 0.999999 0.000108955 0.00138226 -0.000107806 1 -0.00113093 -0.00138266 0.0011315 0.999999 0.0501214 0.075076 -0.0846396
FixedParameters: 0 0 0

#Transform 61
Transform: AffineTransform_float_3_3
Parameters: 0.999999 0.000105754 0.00138014 -0.000105238 0.999999 -0.000882904 -0.0013805 0.000883475 0.999998 0.0502725 0.0668915 -0.0787068
FixedParameters: 0 0 0

#Transform 62
Transform: AffineTransform_float_3_3
Parameters: 1 0.000196118 0.00112596 -0.000195709 1 -0.000599226 -0.00112627 0.00059865 0.999999 0.0438703 0.0788019 -0.0371479
FixedParameters: 0 0 0

#Transform 63
Transform: AffineTransform_float_3_3
Parameters: 0.999999 0.000142345 0.000835125 -0.000142112 0.999999 -0.000737089 -0.000835383 0.000736717 1 0.0449475 0.0832743 -0.0398761
FixedParameters: 0 0 0

#Transform 64
Transform: AffineTransform_float_3_3
Parameters: 1 0.000122452 0.00108243 -0.000122186 1 -0.00055712 -0.00108264 0.00055672 1 0.0372861 0.060108 -0.0836873
FixedParameters: 0 0 0

#Transform 65
Transform: AffineTransform_float_3_3
Parameters: 0.999999 0.000215913 0.00124424 -0.00021465 1 -0.000907749 -0.0012447 0.000907221 0.999999 0.0310829 0.0708261 -0.0832077
FixedParameters: 0 0 0

#Transform 66
Transform: AffineTransform_float_3_3
Parameters: 0.999999 0.000112646 0.00126589 -0.000111571 0.999999 -0.000796074 -0.00126614 0.000795655 0.999999 0.0507186 0.0718341 -0.0415616
FixedParameters: 0 0 0

#Transform 67
Transform: AffineTransform_float_3_3
Parameters: 0.999999 0.000109323 0.00125757 -0.000108977 1 -0.00050521 -0.00125778 0.00050579 0.999999 0.0317057 0.0835084 -0.023424
FixedParameters: 0 0 0

#Transform 68
Transform: AffineTransform_float_3_3
Parameters: 0.999999 0.000106837 0.00132539 -0.000105979 1 -0.000678368 -0.0013256 0.000677951 0.999999 0.0299825 0.0649497 -0.0475178
FixedParameters: 0 0 0

#Transform 69
Transform: AffineTransform_float_3_3
Parameters: 0.999999 0.000110926 0.0012616 -0.000110236 1 -0.000646141 -0.00126181 0.000645727 0.999999 0.049512 0.0500519 -0.106091
FixedParameters: 0 0 0

#Transform 70
Transform: AffineTransform_float_3_3
Parameters: 0.999999 0.00010622 0.00124982 -0.00010656 1 -0.000234332 -0.00124996 0.00023492 0.999999 0.0533908 0.074178 -0.0825141
FixedParameters: 0 0 0

#Transform 71
Transform: AffineTransform_float_3_3
Parameters: 0.999998 8.08741e-05 0.00165654 -8.01456e-05 1 -0.000499036 -0.00165672 0.000499623 0.999998 0.0194408 0.0452003 -0.0938848
FixedParameters: 0 0 0

#Transform 72
Transform: AffineTransform_float_3_3
Parameters: 0.999998 6.2765e-05 0.00192491 -6.24648e-05 1 -0.000566591 -0.00192512 0.00056608 0.999998 0.0104223 0.066077 -0.104841
FixedParameters: 0 0 0

#Transform 73
Transform: AffineTransform_float_3_3
Parameters: 0.999998 -8.83782e-05 0.00199004 8.99894e-05 1 -0.000627003 -0.00198999 0.00062708 0.999998 0.0111444 0.039361 -0.0566566
FixedParameters: 0 0 0

#Transform 74
Transform: AffineTransform_float_3_3
Parameters: 0.999999 -5.05849e-05 0.00184277 5.26114e-05 1 -0.00107506 -0.0018428 0.00107513 0.999997 0.0223443 0.0646123 -0.0999866
FixedParameters: 0 0 0

#Transform 75
Transform: AffineTransform_float_3_3
Parameters: 0.999999 2.67749e-05 0.00182618 -2.47851e-05 1 -0.00107489 -0.00182637 0.00107467 0.999998 0.0318365 0.0714288 -0.157982
FixedParameters: 0 0 0

#Transform 76
Transform: AffineTransform_float_3_3
Parameters: 0.999998 8.89906e-05 0.00165521 -8.74114e-05 1 -0.00107927 -0.00165552 0.00107885 0.999998 0.0257718 0.0888003 -0.147695
FixedParameters: 0 0 0

#Transform 77
Transform: AffineTransform_float_3_3
Parameters: 0.999996 0.00140491 0.00245093 -0.00140118 0.999998 -0.0015935 -0.0024528 0.00159055 0.999996 -0.0074791 0.111375 -0.0833678
FixedParameters: 0 0 0

#Transform 78
Transform: AffineTransform_float_3_3
Parameters: 0.999996 0.000911221 0.00262717 -0.000907167 0.999998 -0.00171763 -0.00262871 0.00171549 0.999995 -0.00734816 0.105206 -0.105866
FixedParameters: 0 0 0

#Transform 79
Transform: AffineTransform_float_3_3
Parameters: 0.999996 0.00044469 0.00305694 -0.000438212 0.999997 -0.0020173 -0.00305814 0.00201594 0.999994 -0.00985618 0.116176 -0.113452
FixedParameters: 0 0 0

#Transform 80
Transform: AffineTransform_float_3_3
Parameters: 0.999995 0.000431161 0.00320809 -0.000425327 0.999998 -0.00182203 -0.00320908 0.00182062 0.999993 -0.017332 0.120537 -0.102267
FixedParameters: 0 0 0

#Transform 81
Transform: AffineTransform_float_3_3
Parameters: 0.999995 0.000423125 0.00319798 -0.000418919 0.999999 -0.00125312 -0.00319833 0.00125175 0.999994 -0.000730902 0.0940692 -0.0874761
FixedParameters: 0 0 0

#Transform 82
Transform: AffineTransform_float_3_3
Parameters: 0.999997 0.000471422 0.00248961 -0.000468605 0.999999 -0.00115261 -0.00248993 0.00115187 0.999997 -0.0119343 0.0890244 -0.0747902
FixedParameters: 0 0 0

#Transform 83
Transform: AffineTransform_float_3_3
Parameters: 0.999996 0.000590646 0.00258216 -0.000586407 0.999999 -0.0015902 -0.00258335 0.00158892 0.999995 -0.00517203 0.102287 -0.0666892
FixedParameters: 0 0 0

#Transform 84
Transform: AffineTransform_float_3_3
Parameters: 0.999996 0.000555777 0.00283684 -0.000550618 0.999998 -0.00178853 -0.00283718 0.0017869 0.999995 -0.0026741 0.109131 -0.0705029
FixedParameters: 0 0 0

#Transform 85
Transform: AffineTransform_float_3_3
Parameters: 0.999995 0.000444892 0.00291971 -0.000440581 0.999999 -0.00139983 -0.00292026 0.00139871 0.999995 0.00387122 0.0989214 -0.0248397
FixedParameters: 0 0 0

#Transform 86
Transform: AffineTransform_float_3_3
Parameters: 0.999994 0.000420228 0.00329151 -0.00041522 0.999998 -0.0014906 -0.00329213 0.00148918 0.999993 -0.00720441 0.0892206 -0.0583427
FixedParameters: 0 0 0

#Transform 87
Transform: AffineTransform_float_3_3
Parameters: 0.999993 0.000181954 0.00356453 -0.000175585 0.999999 -0.00170663 -0.00356456 0.00170655 0.999992 -0.0139589 0.109112 -0.0948348
FixedParameters: 0 0 0

#Transform 88
Transform: AffineTransform_float_3_3
Parameters: 0.999994 0.000407195 0.00346332 -0.000402069 0.999999 -0.00142586 -0.00346385 0.00142425 0.999993 -0.00783411 0.098651 -0.0752164
FixedParameters: 0 0 0

#Transform 89
Transform: AffineTransform_float_3_3
Parameters: 0.999994 0.000144824 0.00348744 -0.000139756 0.999998 -0.001552 -0.0034873 0.00155121 0.999992 -0.00752499 0.103602 -0.0836897
FixedParameters: 0 0 0

#Transform 90
Transform: AffineTransform_float_3_3
Parameters: 0.999994 9.61646e-05 0.00368018 -9.08016e-05 0.999999 -0.0013558 -0.00368079 0.00135613 0.999993 -0.00640803 0.129072 -0.0891634
FixedParameters: 0 0 0

#Transform 91
Transform: AffineTransform_float_3_3
Parameters: 0.999993 0.00032989 0.00375749 -0.000325888 1 -0.00101485 -0.00375847 0.00101354 0.999992 -0.00731622 0.104362 -0.0867403
FixedParameters: 0 0 0

#Transform 92
Transform: AffineTransform_float_3_3
Parameters: 0.999992 9.98716e-05 0.00383982 -9.60476e-05 1 -0.00109908 -0.0038404 0.00109935 0.999992 -0.00986298 0.0846079 -0.102188
FixedParameters: 0 0 0

#Transform 93
Transform: AffineTransform_float_3_3
Parameters: 0.999993 -3.86128e-05 0.00374288 4.22369e-05 1 -0.00110275 -0.00374312 0.00110308 0.999993 -0.0147998 0.0809192 -0.0894425
FixedParameters: 0 0 0

#Transform 94
Transform: AffineTransform_float_3_3
Parameters: 0.999993 4.9986e-05 0.00360983 -4.67618e-05 1 -0.00110592 -0.00360928 0.00110577 0.999993 -0.0105761 0.101281 -0.0876532
FixedParameters: 0 0 0

#Transform 95
Transform: AffineTransform_float_3_3
Parameters: 0.999994 -1.6857e-05 0.00343575 2.08046e-05 1 -0.0011113 -0.003436 0.00111174 0.999993 -0.00471046 0.0947559 -0.0880699
FixedParameters: 0 0 0

#Transform 96
Transform: AffineTransform_float_3_3
Parameters: 0.999995 0.000234049 0.00296893 -0.000229701 0.999998 -0.0015411 -0.00296997 0.00154003 0.999995 0.0116389 0.0905432 -0.0554975
FixedParameters: 0 0 0

#Transform 97
Transform: AffineTransform_float_3_3
Parameters: 0.999996 0.000513179 0.00256099 -0.000508253 0.999998 -0.00215171 -0.0025616 0.00215075 0.999995 0.0345324 0.16684 -0.0735302
FixedParameters: 0 0 0

#Transform 98
Transform: AffineTransform_float_3_3
Parameters: 0.999997 0.000728237 0.00233465 -0.000725363 0.999999 -0.00124092 -0.00233572 0.00123928 0.999996 0.0488266 0.0941178 -0.055146
FixedParameters: 0 0 0

#Transform 99
Transform: AffineTransform_float_3_3
Parameters: 0.999996 0.00114253 0.00251758 -0.00113851 0.999998 -0.00158777 -0.00251956 0.00158479 0.999995 0.0179404 0.0989968 -0.0439178
FixedParameters: 0 0 0

#Transform 100
Transform: AffineTransform_float_3_3
Parameters: 0.999996 0.000643528 0.00257767 -0.000639152 0.999999 -0.00162001 -0.00257904 0.00161832 0.999996 0.0110681 0.109074 -0.0417991
FixedParameters: 0 0 0

#Transform 101
Transform: AffineTransform_float_3_3
Parameters: 0.999997 0.000664898 0.00227691 -0.000661392 0.999999 -0.00164222 -0.0022784 0.00164096 0.999996 0.0308387 0.145776 -0.0910337
FixedParameters: 0 0 0

#Transform 102
Transform: AffineTransform_float_3_3
Parameters: 0.999997 0.000604879 0.00233222 -0.000600583 0.999997 -0.00198637 -0.00233398 0.00198518 0.999996 0.0177128 0.15777 -0.109234
FixedParameters: 0 0 0

#Transform 103
Transform: AffineTransform_float_3_3
Parameters: 0.999997 0.000486342 0.00268271 -0.000482019 0.999999 -0.00172129 -0.00268376 0.00172031 0.999995 0.0079188 0.14851 -0.0941937
FixedParameters: 0 0 0

#Transform 104
Transform: AffineTransform_float_3_3
Parameters: 0.999995 0.000617993 0.00295782 -0.000612922 0.999999 -0.00168862 -0.00295926 0.00168646 0.999995 -0.00183832 0.119438 -0.109158
FixedParameters: 0 0 0

#Transform 105
Transform: AffineTransform_float_3_3
Parameters: 0.999996 0.000197699 0.00277027 -0.000193391 0.999999 -0.00166694 -0.00277028 0.00166649 0.999995 0.00853509 0.1281 -0.107978
FixedParameters: 0 0 0

#Transform 106
Transform: AffineTransform_float_3_3
Parameters: 0.999996 0.000341053 0.00306214 -0.000336389 0.999999 -0.00155761 -0.00306255 0.00155602 0.999994 0.00707144 0.102927 -0.114779
FixedParameters: 0 0 0

#Transform 107
Transform: AffineTransform_float_3_3
Parameters: 0.999996 0.000187505 0.00292402 -0.000182471 0.999999 -0.00170372 -0.00292398 0.00170313 0.999995 0.011655 0.114657 -0.132428
FixedParameters: 0 0 0

#Transform 108
Transform: AffineTransform_float_3_3
Parameters: 0.999996 0.000191307 0.00286329 -0.000186646 0.999999 -0.00167434 -0.00286328 0.00167389 0.999994 0.00529132 0.126611 -0.135964
FixedParameters: 0 0 0

#Transform 109
Transform: AffineTransform_float_3_3
Parameters: 0.999996 0.00020879 0.0025793 -0.00020491 0.999998 -0.00151424 -0.00257921 0.00151379 0.999995 -0.000429987 0.138471 -0.123564
FixedParameters: 0 0 0

#Transform 110
Transform: AffineTransform_float_3_3
Parameters: 0.999996 0.000189117 0.00286304 -0.000185238 0.999998 -0.00152537 -0.00286299 0.00152577 0.999995 -0.0114542 0.116435 -0.097568
FixedParameters: 0 0 0

#Transform 111
Transform: AffineTransform_float_3_3
Parameters: 0.999996 0.000186349 0.00289845 -0.000182483 0.999999 -0.00150736 -0.00289836 0.00150678 0.999994 -0.0125792 0.118945 -0.0874964
FixedParameters: 0 0 0

#Transform 112
Transform: AffineTransform_float_3_3
Parameters: 0.999995 -9.09901e-05 0.00297539 9.44855e-05 0.999999 -0.00122605 -0.00297544 0.00122705 0.999995 -0.0120559 0.110535 -0.0856151
FixedParameters: 0 0 0

#Transform 113
Transform: AffineTransform_float_3_3
Parameters: 0.999995 -0.000187449 0.00320714 0.000191983 0.999999 -0.00129315 -0.0032069 0.00129369 0.999994 -0.018523 0.112741 -0.0855204
FixedParameters: 0 0 0

#Transform 114
Transform: AffineTransform_float_3_3
Parameters: 0.999995 -0.000321617 0.00336353 0.000326229 0.999999 -0.00123552 -0.00336299 0.00123702 0.999993 -0.0220542 0.111006 -0.0835328
FixedParameters: 0 0 0

#Transform 115
Transform: AffineTransform_float_3_3
Parameters: 0.999994 -0.000327294 0.00339391 0.000330436 1 -0.00101056 -0.00339349 0.00101112 0.999993 -0.0227251 0.106159 -0.0565025
FixedParameters: 0 0 0

#Transform 116
Transform: AffineTransform_float_3_3
Parameters: 0.999993 -0.000339121 0.00357649 0.000343109 1 -0.00107744 -0.00357597 0.00107807 0.999993 -0.0296034 0.102089 -0.157875
FixedParameters: 0 0 0

#Transform 117
Transform: AffineTransform_float_3_3
Parameters: 0.999994 -0.000346578 0.00359847 0.000349029 0.999999 -0.000700753 -0.00359817 0.000702279 0.999994 -0.0299186 0.099676 -0.11219
FixedParameters: 0 0 0

#Transform 118
Transform: AffineTransform_float_3_3
Parameters: 0.999993 -0.000563191 0.00359846 0.000566952 1 -0.000890203 -0.00359859 0.000892418 0.999993 -0.0268266 0.0870851 -0.086046
FixedParameters: 0 0 0

#Transform 119
Transform: AffineTransform_float_3_3
Parameters: 0.999994 -0.000234424 0.00347235 0.000237959 0.999999 -0.000890684 -0.00347212 0.00089149 0.999993 -0.0285219 0.104008 -0.101248
FixedParameters: 0 0 0
