#!ascii label  , from subject sub-v2s10x28939_ses-1 vox2ras=TkReg
566
73011  22.729  -12.849  -1.169 0.0000000000
80352  28.444  -4.925  -5.325 0.0000000000
85933  23.393  1.070  -4.629 0.0000000000
136841  17.408  -1.793  0.162 0.0000000000
68165  26.190  -17.309  -1.517 0.0000000000
73009  29.677  -12.539  -1.793 0.0000000000
75726  25.052  -9.494  -4.036 0.0000000000
78436  20.739  -5.871  -2.122 0.0000000000
83184  25.429  -1.556  -5.522 0.0000000000
87704  27.596  3.372  -5.921 0.0000000000
89262  23.225  5.497  -4.406 0.0000000000
70178  24.670  -14.851  -1.972 0.0000000000
70174  27.972  -15.085  -2.492 0.0000000000
72131  26.209  -13.021  -3.601 0.0000000000
77469  19.979  -7.446  -0.829 0.0000000000
131191  17.730  -5.962  0.633 0.0000000000
84077  20.625  0.109  -3.153 0.0000000000
82195  21.998  -1.403  -4.222 0.0000000000
85044  24.552  -0.253  -5.408 0.0000000000
85049  27.228  0.514  -6.325 0.0000000000
131147  26.264  1.584  -6.178 0.0000000000
89937  20.413  6.866  -2.724 0.0000000000
89249  20.516  5.560  -3.175 0.0000000000
89976  23.182  6.990  -4.768 0.0000000000
77522  27.164  -7.326  -4.721 0.0000000000
75721  28.979  -9.382  -4.340 0.0000000000
78444  29.727  -6.812  -3.389 0.0000000000
85920  20.614  1.461  -3.050 0.0000000000
82193  29.108  -2.965  -4.965 0.0000000000
73871  20.920  -11.435  -0.568 0.0000000000
73900  24.193  -11.265  -2.788 0.0000000000
75696  22.226  -9.453  -1.992 0.0000000000
77495  23.030  -7.191  -3.518 0.0000000000
79446  25.447  -5.445  -5.132 0.0000000000
81226  18.613  -3.832  -0.570 0.0000000000
81273  23.225  -2.987  -4.734 0.0000000000
81279  26.921  -2.858  -5.579 0.0000000000
84094  28.380  -0.785  -5.477 0.0000000000
87678  20.076  3.753  -2.746 0.0000000000
87686  22.930  2.847  -3.922 0.0000000000
129555  23.487  7.212  -7.758 0.0000000000
89286  25.005  5.470  -7.374 0.0000000000
88540  25.485  4.049  -6.457 0.0000000000
123647  26.986  5.110  -6.773 0.0000000000
73919  27.539  -11.393  -4.480 0.0000000000
72093  21.521  -13.332  -0.335 0.0000000000
72092  21.866  -13.925  -0.328 0.0000000000
71166  23.737  -13.753  -1.687 0.0000000000
71164  25.123  -14.226  -2.606 0.0000000000
141563  24.719  -12.981  -2.697 0.0000000000
85927  21.875  0.588  -4.052 0.0000000000
85036  22.372  -0.133  -4.409 0.0000000000
85932  23.858  0.361  -5.090 0.0000000000
85939  25.719  0.944  -5.825 0.0000000000
133055  24.425  1.399  -5.084 0.0000000000
90690  22.372  7.521  -3.495 0.0000000000
89953  21.883  6.737  -3.457 0.0000000000
135223  22.881  7.637  -4.094 0.0000000000
79444  27.488  -5.797  -5.229 0.0000000000
77519  28.421  -7.093  -4.627 0.0000000000
79432  28.759  -5.842  -4.823 0.0000000000
85004  18.759  1.583  -1.808 0.0000000000
85913  18.550  2.191  -1.906 0.0000000000
68167  24.493  -16.690  -0.952 0.0000000000
67167  25.198  -18.050  -0.742 0.0000000000
68150  27.420  -17.509  -0.660 0.0000000000
69135  28.436  -16.443  -0.519 0.0000000000
71161  28.942  -13.840  -2.365 0.0000000000
71137  29.720  -14.347  -0.594 0.0000000000
74800  21.573  -10.965  -1.154 0.0000000000
75682  20.753  -9.663  -0.972 0.0000000000
78420  20.410  -6.658  -1.426 0.0000000000
77483  21.461  -7.400  -2.139 0.0000000000
78434  21.945  -6.775  -2.761 0.0000000000
78461  23.937  -6.239  -4.379 0.0000000000
134188  22.888  -5.287  -4.165 0.0000000000
81203  17.494  -3.541  0.643 0.0000000000
82156  18.388  -2.947  -0.560 0.0000000000
134335  23.178  -1.366  -4.780 0.0000000000
81259  22.100  -2.409  -4.218 0.0000000000
81272  23.963  -2.363  -5.125 0.0000000000
137520  24.816  -3.363  -5.292 0.0000000000
82222  26.393  -2.395  -5.612 0.0000000000
82220  27.529  -1.976  -5.743 0.0000000000
83182  26.997  -1.411  -5.906 0.0000000000
86828  27.638  1.898  -6.070 0.0000000000
85931  28.135  1.281  -5.590 0.0000000000
89263  22.378  5.039  -3.689 0.0000000000
88513  20.258  4.722  -2.958 0.0000000000
141418  21.835  4.133  -3.267 0.0000000000
87687  21.838  2.930  -3.298 0.0000000000
88533  23.613  4.047  -4.518 0.0000000000
88547  25.342  4.744  -6.851 0.0000000000
88551  26.037  5.199  -7.952 0.0000000000
88545  26.240  4.784  -7.350 0.0000000000
138595  24.995  -10.278  -3.765 0.0000000000
126312  26.024  -11.112  -4.110 0.0000000000
74849  26.655  -10.454  -4.388 0.0000000000
76601  29.790  -8.750  -2.836 0.0000000000
75694  29.687  -9.466  -3.000 0.0000000000
69156  23.544  -15.509  -0.812 0.0000000000
69166  25.280  -15.700  -2.053 0.0000000000
69164  26.927  -16.039  -2.484 0.0000000000
70176  26.544  -15.384  -2.894 0.0000000000
71175  26.978  -14.153  -3.551 0.0000000000
72117  28.502  -13.497  -3.220 0.0000000000
124529  18.349  -7.896  0.298 0.0000000000
121008  18.359  -6.644  0.079 0.0000000000
78422  19.327  -5.813  -0.760 0.0000000000
83132  19.464  -0.226  -2.066 0.0000000000
82175  19.594  -1.249  -2.166 0.0000000000
83146  21.028  -0.470  -3.444 0.0000000000
84098  22.883  -0.636  -4.670 0.0000000000
84110  25.316  -1.103  -5.552 0.0000000000
137953  26.498  -0.714  -5.911 0.0000000000
136114  26.222  -0.323  -5.913 0.0000000000
85949  26.846  1.198  -6.365 0.0000000000
86829  27.245  2.497  -6.404 0.0000000000
89938  19.753  6.572  -2.288 0.0000000000
89954  20.812  6.455  -3.217 0.0000000000
89248  21.533  5.856  -3.433 0.0000000000
89966  23.385  6.238  -4.729 0.0000000000
77508  25.990  -7.965  -4.463 0.0000000000
135917  27.547  -9.536  -4.523 0.0000000000
76642  27.939  -8.229  -4.551 0.0000000000
76628  29.024  -8.046  -4.392 0.0000000000
130738  17.356  -0.770  -0.082 0.0000000000
84066  19.010  0.778  -1.726 0.0000000000
85014  20.722  0.921  -3.237 0.0000000000
132440  21.901  1.045  -3.914 0.0000000000
70146  28.772  -15.705  -0.820 0.0000000000
81257  29.047  -3.663  -5.169 0.0000000000
80332  29.677  -4.524  -4.211 0.0000000000
141983  21.619  -12.335  -0.689 0.0000000000
73025  23.110  -12.340  -1.749 0.0000000000
74799  22.317  -11.292  -1.484 0.0000000000
74815  22.978  -10.741  -2.097 0.0000000000
75708  23.752  -9.589  -3.182 0.0000000000
76589  20.761  -8.668  -1.182 0.0000000000
76602  22.729  -8.737  -2.699 0.0000000000
136081  24.131  -8.314  -3.859 0.0000000000
130137  24.317  -7.722  -4.130 0.0000000000
78467  25.974  -6.388  -4.890 0.0000000000
137109  26.958  -5.321  -5.383 0.0000000000
80314  18.296  -4.496  0.010 0.0000000000
79397  19.660  -5.014  -1.357 0.0000000000
82173  20.242  -2.503  -2.591 0.0000000000
81250  21.213  -3.278  -3.389 0.0000000000
79418  22.142  -4.315  -3.873 0.0000000000
79448  24.092  -4.238  -4.930 0.0000000000
122940  26.206  -4.014  -5.457 0.0000000000
80354  27.419  -4.048  -5.557 0.0000000000
82206  27.928  -2.699  -5.586 0.0000000000
83170  28.613  -1.609  -5.268 0.0000000000
123974  27.713  -0.177  -6.107 0.0000000000
129911  20.369  2.770  -2.825 0.0000000000
86796  21.474  1.803  -3.398 0.0000000000
86804  23.132  1.848  -4.237 0.0000000000
90723  23.553  7.202  -6.444 0.0000000000
89982  23.906  6.561  -6.313 0.0000000000
89988  24.489  6.119  -7.814 0.0000000000
89280  24.215  5.861  -5.885 0.0000000000
88532  24.280  4.881  -5.344 0.0000000000
87695  24.599  3.173  -5.195 0.0000000000
86810  24.814  2.403  -5.252 0.0000000000
134541  26.314  3.473  -6.558 0.0000000000
87714  27.033  3.534  -6.578 0.0000000000
88539  27.259  4.114  -6.337 0.0000000000
73038  24.961  -12.316  -3.053 0.0000000000
73036  26.633  -12.207  -3.985 0.0000000000
118891  29.155  -12.059  -3.384 0.0000000000
74846  28.268  -10.405  -4.516 0.0000000000
73878  29.511  -11.283  -2.949 0.0000000000
73012  21.966  -12.812  -0.698 0.0000000000
72108  22.315  -13.405  -0.719 0.0000000000
71153  22.615  -13.989  -0.755 0.0000000000
72107  23.122  -13.448  -1.264 0.0000000000
72118  24.255  -13.369  -2.249 0.0000000000
72119  23.726  -13.141  -1.910 0.0000000000
137590  22.322  0.558  -4.315 0.0000000000
126606  22.870  0.263  -4.639 0.0000000000
79443  27.965  -5.399  -5.304 0.0000000000
79442  28.342  -5.733  -5.057 0.0000000000
121919  28.766  -5.239  -5.061 0.0000000000
69154  24.914  -16.272  -1.537 0.0000000000
68166  25.319  -17.233  -1.259 0.0000000000
67166  25.894  -18.010  -1.062 0.0000000000
68164  27.006  -17.185  -1.415 0.0000000000
68149  28.119  -17.159  -0.247 0.0000000000
72106  29.474  -13.372  -1.770 0.0000000000
72091  29.728  -13.700  -1.104 0.0000000000
72105  29.888  -13.013  -1.098 0.0000000000
73008  30.079  -12.219  -1.047 0.0000000000
75671  20.065  -10.232  -0.390 0.0000000000
75672  19.317  -9.905  0.019 0.0000000000
78435  21.166  -6.678  -2.105 0.0000000000
119729  21.495  -5.902  -2.807 0.0000000000
78447  22.185  -5.944  -3.380 0.0000000000
82135  17.380  -2.616  0.479 0.0000000000
82157  18.043  -2.036  -0.399 0.0000000000
83172  24.665  -1.600  -5.372 0.0000000000
82209  24.350  -1.906  -5.282 0.0000000000
82208  25.127  -2.040  -5.436 0.0000000000
82223  25.811  -2.056  -5.561 0.0000000000
83183  26.328  -1.773  -5.672 0.0000000000
86818  27.539  2.718  -6.077 0.0000000000
86817  27.853  2.601  -5.691 0.0000000000
88522  23.181  4.702  -4.195 0.0000000000
88523  22.691  3.925  -3.751 0.0000000000
130256  23.666  4.994  -4.743 0.0000000000
89294  25.735  5.532  -8.245 0.0000000000
89293  26.041  5.744  -8.309 0.0000000000
139183  26.226  5.263  -7.832 0.0000000000
75707  24.440  -9.934  -3.538 0.0000000000
74850  25.678  -10.313  -4.088 0.0000000000
75725  26.062  -9.582  -4.333 0.0000000000
76587  30.320  -8.598  -1.329 0.0000000000
71152  23.742  -14.461  -1.443 0.0000000000
133019  23.415  -14.937  -0.980 0.0000000000
70161  23.994  -15.154  -1.346 0.0000000000
69167  24.597  -15.539  -1.620 0.0000000000
69165  26.103  -15.969  -2.466 0.0000000000
70177  25.669  -15.026  -2.664 0.0000000000
71177  25.572  -13.654  -3.105 0.0000000000
70188  25.778  -14.295  -3.036 0.0000000000
71176  26.272  -13.866  -3.402 0.0000000000
71174  27.758  -13.888  -3.484 0.0000000000
130128  27.306  -13.286  -3.825 0.0000000000
78390  17.756  -6.826  0.588 0.0000000000
77444  18.034  -7.136  0.375 0.0000000000
78410  17.973  -6.328  0.378 0.0000000000
78408  18.939  -6.587  -0.342 0.0000000000
78409  18.596  -5.837  -0.115 0.0000000000
83131  20.326  -0.549  -2.810 0.0000000000
124592  21.114  -0.108  -3.535 0.0000000000
85034  23.618  -0.373  -5.069 0.0000000000
84099  22.349  -0.501  -4.396 0.0000000000
84097  23.622  -0.882  -5.062 0.0000000000
84096  24.438  -0.846  -5.377 0.0000000000
85043  25.330  -0.653  -5.603 0.0000000000
85938  26.252  0.573  -6.078 0.0000000000
140792  27.006  1.936  -6.478 0.0000000000
86830  26.777  2.148  -6.452 0.0000000000
90677  20.998  7.360  -2.426 0.0000000000
90678  20.309  7.159  -2.139 0.0000000000
89955  20.078  6.034  -2.885 0.0000000000
123242  22.685  7.180  -4.069 0.0000000000
89967  22.629  6.263  -4.049 0.0000000000
76643  26.859  -8.080  -4.561 0.0000000000
121307  27.506  -8.170  -4.562 0.0000000000
77507  28.915  -7.276  -4.519 0.0000000000
77493  29.421  -7.410  -3.925 0.0000000000
77492  29.784  -7.451  -3.069 0.0000000000
84032  17.055  -0.372  0.190 0.0000000000
84031  17.245  0.163  -0.310 0.0000000000
84049  17.880  -0.132  -0.697 0.0000000000
84048  18.073  0.737  -1.094 0.0000000000
137422  19.418  1.806  -2.263 0.0000000000
84065  19.646  1.078  -2.258 0.0000000000
85003  20.190  1.482  -2.672 0.0000000000
85013  21.164  0.814  -3.550 0.0000000000
85919  21.078  1.332  -3.408 0.0000000000
70160  27.657  -15.784  -2.129 0.0000000000
69151  28.071  -16.120  -1.310 0.0000000000
70159  28.379  -15.382  -1.640 0.0000000000
71128  30.161  -14.807  0.306 0.0000000000
73863  21.009  -12.130  -0.429 0.0000000000
73870  21.624  -11.748  -0.909 0.0000000000
73869  22.345  -12.159  -1.209 0.0000000000
75681  21.533  -10.059  -1.362 0.0000000000
74816  22.308  -10.394  -1.734 0.0000000000
133725  22.985  -9.754  -2.514 0.0000000000
76574  19.400  -8.282  -0.385 0.0000000000
76573  19.961  -9.168  -0.487 0.0000000000
76590  20.182  -8.235  -0.840 0.0000000000
77482  22.100  -7.758  -2.509 0.0000000000
76604  21.445  -8.193  -1.835 0.0000000000
134144  22.698  -7.893  -2.980 0.0000000000
76619  23.223  -8.184  -3.328 0.0000000000
77494  23.694  -7.677  -3.807 0.0000000000
79433  24.585  -5.848  -4.749 0.0000000000
78468  25.203  -6.333  -4.801 0.0000000000
79445  26.416  -5.787  -5.207 0.0000000000
81227  18.060  -3.712  0.087 0.0000000000
80295  17.801  -4.466  0.554 0.0000000000
79398  19.052  -5.048  -0.626 0.0000000000
119274  19.267  -4.140  -1.181 0.0000000000
82174  20.311  -1.597  -2.751 0.0000000000
81240  19.604  -2.297  -2.064 0.0000000000
82184  20.961  -2.104  -3.363 0.0000000000
81258  22.725  -2.743  -4.531 0.0000000000
124442  21.859  -3.363  -3.877 0.0000000000
127971  21.501  -4.226  -3.406 0.0000000000
80344  23.015  -3.791  -4.580 0.0000000000
79436  22.674  -4.501  -4.233 0.0000000000
80358  23.605  -3.575  -4.829 0.0000000000
135168  26.155  -3.312  -5.516 0.0000000000
118264  25.445  -3.489  -5.403 0.0000000000
81269  26.805  -3.554  -5.531 0.0000000000
80355  26.892  -4.452  -5.491 0.0000000000
81268  27.312  -3.353  -5.555 0.0000000000
81267  27.850  -3.545  -5.579 0.0000000000
83171  27.968  -1.432  -5.765 0.0000000000
122747  28.090  -2.068  -5.627 0.0000000000
84085  28.877  -0.765  -4.781 0.0000000000
85042  26.874  -0.275  -6.204 0.0000000000
84108  26.923  -0.770  -6.061 0.0000000000
85041  27.623  0.426  -6.171 0.0000000000
89250  19.817  5.244  -2.934 0.0000000000
87671  19.279  4.079  -2.604 0.0000000000
87679  19.612  3.114  -2.656 0.0000000000
86805  22.258  1.751  -3.727 0.0000000000
87696  23.799  2.967  -4.592 0.0000000000
90732  23.360  7.553  -7.093 0.0000000000
140456  23.619  6.944  -5.984 0.0000000000
89989  23.870  6.756  -7.208 0.0000000000
89295  25.185  5.731  -8.197 0.0000000000
89997  24.655  6.191  -8.805 0.0000000000
89287  24.418  6.011  -6.847 0.0000000000
89279  24.833  5.234  -6.340 0.0000000000
88546  25.747  4.456  -7.008 0.0000000000
88541  24.945  4.181  -5.891 0.0000000000
87707  25.290  3.268  -5.795 0.0000000000
87706  25.843  3.468  -6.410 0.0000000000
127615  26.717  4.464  -6.828 0.0000000000
87715  26.517  3.959  -6.709 0.0000000000
73880  23.635  -11.831  -2.296 0.0000000000
73879  24.271  -12.044  -2.645 0.0000000000
118770  26.848  -11.431  -4.328 0.0000000000
73052  26.208  -11.735  -3.947 0.0000000000
73051  27.285  -12.059  -4.288 0.0000000000
134441  28.019  -12.401  -4.164 0.0000000000
73897  28.470  -11.825  -4.158 0.0000000000
75734  28.126  -8.959  -4.566 0.0000000000
75723  27.921  -9.789  -4.545 0.0000000000
75722  28.428  -9.593  -4.516 0.0000000000
74812  30.051  -10.236  -1.803 0.0000000000
74813  29.694  -10.269  -2.747 0.0000000000
74798  29.885  -10.969  -1.996 0.0000000000
138170  29.696  -11.483  -2.260 0.0000000000
137060  23.232  -14.048  -1.182 0.0000000000
71165  24.359  -14.028  -2.117 0.0000000000
71178  24.867  -13.531  -2.652 0.0000000000
72132  25.333  -12.968  -3.145 0.0000000000
85025  21.482  0.302  -3.790 0.0000000000
84086  21.914  -0.072  -4.158 0.0000000000
85023  22.287  0.158  -4.362 0.0000000000
85035  22.936  -0.279  -4.704 0.0000000000
85940  24.927  0.677  -5.422 0.0000000000
86820  25.539  2.051  -5.718 0.0000000000
91455  21.925  7.699  -2.790 0.0000000000
90691  21.307  7.139  -3.006 0.0000000000
90703  23.078  7.829  -4.824 0.0000000000
78465  27.375  -6.592  -4.923 0.0000000000
77521  27.700  -7.377  -4.644 0.0000000000
134512  27.923  -6.461  -4.874 0.0000000000
78464  28.353  -6.438  -4.779 0.0000000000
78459  28.829  -6.541  -4.640 0.0000000000
85912  19.753  2.306  -2.546 0.0000000000
69137  23.767  -16.278  -0.607 0.0000000000
68153  23.297  -16.784  -0.089 0.0000000000
68152  24.069  -17.127  -0.405 0.0000000000
68134  27.792  -17.825  0.017 0.0000000000
68133  28.474  -17.542  0.428 0.0000000000
69123  28.778  -16.804  0.199 0.0000000000
71151  28.653  -14.618  -1.984 0.0000000000
70158  29.109  -14.943  -1.164 0.0000000000
71150  29.304  -14.154  -1.506 0.0000000000
74787  20.263  -11.076  -0.179 0.0000000000
74801  20.825  -10.612  -0.782 0.0000000000
77468  20.764  -7.607  -1.468 0.0000000000
138703  22.499  -7.239  -3.042 0.0000000000
77496  22.528  -6.633  -3.337 0.0000000000
78462  23.336  -5.732  -4.269 0.0000000000
79434  23.869  -5.181  -4.636 0.0000000000
122431  17.798  -2.893  0.080 0.0000000000
81233  19.098  -3.083  -1.257 0.0000000000
134580  22.794  -1.382  -4.613 0.0000000000
82194  22.485  -1.812  -4.467 0.0000000000
82211  23.206  -2.091  -4.783 0.0000000000
141005  23.643  -2.830  -4.918 0.0000000000
122306  24.231  -3.287  -5.125 0.0000000000
81271  24.806  -2.691  -5.323 0.0000000000
81270  25.749  -2.673  -5.512 0.0000000000
81280  26.439  -2.938  -5.553 0.0000000000
82207  27.419  -2.771  -5.590 0.0000000000
82221  26.950  -2.190  -5.721 0.0000000000
83181  27.515  -1.269  -5.908 0.0000000000
85947  27.552  1.056  -6.171 0.0000000000
85937  27.877  1.058  -5.914 0.0000000000
129197  27.943  1.796  -5.779 0.0000000000
86809  28.176  2.073  -5.335 0.0000000000
122181  21.172  4.907  -3.252 0.0000000000
88512  20.956  3.885  -2.936 0.0000000000
88553  25.558  5.129  -7.628 0.0000000000
88552  25.925  4.899  -7.610 0.0000000000
87716  26.060  4.205  -6.961 0.0000000000
88544  26.541  5.178  -7.387 0.0000000000
74831  24.623  -10.726  -3.347 0.0000000000
73899  24.810  -11.496  -3.206 0.0000000000
73920  25.279  -10.931  -3.703 0.0000000000
74848  27.306  -10.844  -4.510 0.0000000000
75706  29.444  -9.078  -3.701 0.0000000000
75680  30.023  -9.348  -1.944 0.0000000000
69138  23.068  -15.927  -0.267 0.0000000000
69155  24.189  -15.879  -1.171 0.0000000000
68176  25.721  -16.559  -1.889 0.0000000000
69153  26.540  -16.623  -1.989 0.0000000000
70175  27.272  -15.390  -2.817 0.0000000000
70186  26.934  -14.909  -3.216 0.0000000000
71163  27.534  -14.682  -3.155 0.0000000000
71162  28.258  -14.337  -2.869 0.0000000000
73022  29.231  -12.914  -2.737 0.0000000000
139245  18.769  -7.903  -0.132 0.0000000000
77459  18.554  -7.264  -0.037 0.0000000000
77458  19.195  -7.354  -0.439 0.0000000000
78421  19.677  -6.599  -0.820 0.0000000000
120544  20.068  -5.814  -1.375 0.0000000000
83123  18.403  -1.033  -0.974 0.0000000000
82169  18.890  -1.952  -1.292 0.0000000000
82185  20.830  -1.106  -3.293 0.0000000000
120141  21.341  -1.089  -3.680 0.0000000000
84087  21.620  -0.101  -3.914 0.0000000000
83160  21.808  -0.740  -4.087 0.0000000000
83159  22.272  -1.012  -4.374 0.0000000000
83174  23.374  -1.089  -4.894 0.0000000000
121925  24.538  -1.254  -5.369 0.0000000000
84109  26.242  -1.169  -5.720 0.0000000000
141268  25.960  -0.848  -5.701 0.0000000000
85050  26.750  0.258  -6.253 0.0000000000
130460  25.497  0.055  -5.727 0.0000000000
85948  27.308  1.507  -6.328 0.0000000000
76631  25.514  -8.725  -4.324 0.0000000000
75736  27.255  -8.905  -4.527 0.0000000000
75735  27.762  -8.983  -4.550 0.0000000000
76629  28.589  -8.704  -4.523 0.0000000000
77520  28.100  -7.465  -4.586 0.0000000000
135595  28.224  -8.259  -4.546 0.0000000000
131305  29.116  -8.709  -4.248 0.0000000000
76617  29.512  -8.219  -3.609 0.0000000000
83109  17.797  -1.159  -0.409 0.0000000000
83122  18.656  -0.066  -1.396 0.0000000000
126504  19.960  0.347  -2.476 0.0000000000
135014  20.726  0.511  -3.245 0.0000000000
85928  21.594  0.783  -3.805 0.0000000000
85926  22.508  0.976  -4.283 0.0000000000
69134  29.112  -16.070  -0.060 0.0000000000
70145  29.447  -15.267  -0.307 0.0000000000
81266  28.519  -4.055  -5.442 0.0000000000
80342  29.132  -4.448  -5.049 0.0000000000
73010  23.295  -12.882  -1.645 0.0000000000
73881  22.997  -11.593  -1.886 0.0000000000
74814  23.589  -11.037  -2.424 0.0000000000
74832  24.027  -10.472  -2.995 0.0000000000
75727  24.294  -9.065  -3.710 0.0000000000
76588  21.470  -9.114  -1.582 0.0000000000
76603  22.078  -8.596  -2.211 0.0000000000
75709  23.315  -8.972  -3.079 0.0000000000
76618  23.739  -8.625  -3.530 0.0000000000
128219  24.687  -8.528  -4.088 0.0000000000
129653  25.057  -7.837  -4.351 0.0000000000
77523  26.417  -7.219  -4.687 0.0000000000
78460  24.620  -6.878  -4.442 0.0000000000
77509  25.537  -7.099  -4.590 0.0000000000
78466  26.768  -6.552  -4.954 0.0000000000
135161  27.026  -6.023  -5.204 0.0000000000
119414  27.484  -4.913  -5.458 0.0000000000
79370  17.673  -5.107  0.754 0.0000000000
79386  18.053  -5.352  0.381 0.0000000000
79385  18.538  -5.050  -0.145 0.0000000000
79409  20.384  -5.034  -2.078 0.0000000000
81232  19.752  -3.261  -2.002 0.0000000000
81249  21.599  -2.537  -3.806 0.0000000000
81239  20.504  -3.258  -2.706 0.0000000000
80324  20.093  -4.141  -1.981 0.0000000000
79408  21.156  -5.050  -2.760 0.0000000000
134062  22.458  -5.200  -3.828 0.0000000000
79435  23.189  -4.825  -4.447 0.0000000000
79447  24.642  -4.929  -4.963 0.0000000000
80357  24.817  -4.074  -5.237 0.0000000000
142350  25.102  -4.740  -5.188 0.0000000000
119868  26.252  -4.918  -5.389 0.0000000000
80353  27.958  -4.495  -5.521 0.0000000000
122982  28.525  -3.237  -5.399 0.0000000000
82205  28.568  -2.480  -5.343 0.0000000000
124938  29.097  -2.145  -4.744 0.0000000000
84107  27.386  -0.775  -6.074 0.0000000000
120784  27.982  0.518  -5.899 0.0000000000
85032  28.617  -0.015  -5.035 0.0000000000
87670  19.664  4.602  -2.804 0.0000000000
86791  20.452  2.163  -2.857 0.0000000000
87677  20.865  2.799  -3.037 0.0000000000
86797  20.974  1.971  -3.169 0.0000000000
91472  23.061  8.381  -5.759 0.0000000000
90724  23.176  7.944  -6.391 0.0000000000
90714  23.345  7.461  -5.662 0.0000000000
89975  23.640  6.547  -5.508 0.0000000000
89273  23.788  5.701  -5.109 0.0000000000
126366  24.325  3.880  -5.086 0.0000000000
86811  24.029  2.113  -4.767 0.0000000000
86819  26.284  2.629  -6.346 0.0000000000
129726  26.754  3.033  -6.554 0.0000000000
87705  27.342  3.231  -6.273 0.0000000000
89278  27.136  6.009  -6.382 0.0000000000
88531  27.376  5.077  -6.013 0.0000000000
88538  27.640  4.220  -5.634 0.0000000000
73024  23.700  -12.531  -2.144 0.0000000000
73023  24.259  -12.745  -2.451 0.0000000000
73898  25.525  -11.652  -3.624 0.0000000000
73037  25.816  -12.315  -3.595 0.0000000000
72143  26.988  -12.748  -3.990 0.0000000000
73035  27.539  -12.533  -4.136 0.0000000000
72128  28.560  -12.646  -3.656 0.0000000000
75724  27.439  -10.171  -4.512 0.0000000000
74847  27.772  -10.650  -4.554 0.0000000000
74830  29.342  -9.857  -3.729 0.0000000000
122381  29.242  -10.680  -3.753 0.0000000000
73896  29.068  -11.392  -3.818 0.0000000000
132282  29.544  -12.010  -2.477 0.0000000000
79431  29.245  -5.191  -4.682 0.0000000000
79417  29.341  -5.883  -4.332 0.0000000000
67168  24.724  -17.447  -0.732 0.0000000000
68151  26.660  -17.798  -0.949 0.0000000000
69136  27.739  -16.823  -0.979 0.0000000000
69152  27.341  -16.478  -1.767 0.0000000000
70187  26.353  -14.633  -3.190 0.0000000000
72090  30.070  -13.504  -0.480 0.0000000000
72129  27.939  -13.071  -3.847 0.0000000000
72130  26.767  -13.409  -3.704 0.0000000000
73034  27.787  -11.930  -4.387 0.0000000000
73917  28.665  -10.960  -4.300 0.0000000000
73918  28.082  -11.225  -4.514 0.0000000000
74845  28.825  -10.163  -4.324 0.0000000000
75695  23.487  -10.318  -2.650 0.0000000000
76600  30.098  -8.330  -2.048 0.0000000000
76630  26.470  -8.839  -4.474 0.0000000000
76641  28.496  -7.827  -4.559 0.0000000000
77510  23.971  -7.047  -4.159 0.0000000000
77511  23.477  -6.659  -3.983 0.0000000000
78445  29.402  -6.637  -4.101 0.0000000000
78446  22.847  -6.093  -3.836 0.0000000000
79419  21.814  -5.115  -3.416 0.0000000000
80313  18.738  -4.512  -0.497 0.0000000000
80323  20.801  -4.181  -2.753 0.0000000000
80343  23.528  -4.335  -4.678 0.0000000000
80345  22.415  -3.513  -4.264 0.0000000000
80356  25.541  -4.444  -5.333 0.0000000000
82183  21.646  -1.710  -3.936 0.0000000000
82210  23.671  -1.646  -5.023 0.0000000000
83145  21.507  -0.508  -3.810 0.0000000000
83173  23.996  -1.379  -5.210 0.0000000000
83175  22.807  -0.946  -4.625 0.0000000000
84076  21.184  0.392  -3.583 0.0000000000
85015  20.213  1.058  -2.667 0.0000000000
85024  21.872  0.242  -4.108 0.0000000000
85918  21.410  1.127  -3.639 0.0000000000
122122  19.028  -0.895  -1.606 0.0000000000
124365  27.319  -0.212  -6.230 0.0000000000
125117  21.948  -0.439  -4.179 0.0000000000
127934  30.312  -12.725  -0.424 0.0000000000
134515  26.972  -9.606  -4.487 0.0000000000
135390  21.694  -1.032  -3.985 0.0000000000
138072  17.630  -2.360  0.100 0.0000000000
138206  20.313  0.641  -2.777 0.0000000000
139975  28.139  -6.890  -4.663 0.0000000000
140773  22.423  -8.244  -2.602 0.0000000000
