#!ascii label  , from subject sub-v2s10x28985_ses-1 vox2ras=TkReg
636
7173  -35.508  -76.575  10.626 0.0000000000
122630  -36.896  -71.700  5.866 0.0000000000
13877  -35.754  -68.406  11.502 0.0000000000
9432  -30.564  -73.348  8.126 0.0000000000
15617  -33.601  -65.821  7.239 0.0000000000
12056  -41.753  -70.613  10.909 0.0000000000
17080  -38.474  -64.827  15.016 0.0000000000
16251  -36.745  -65.243  22.234 0.0000000000
121837  -35.008  -64.661  11.800 0.0000000000
14772  -33.949  -67.535  10.308 0.0000000000
17888  -33.119  -63.339  9.900 0.0000000000
15588  -40.789  -66.517  11.284 0.0000000000
14729  -40.774  -67.335  14.695 0.0000000000
136224  -37.225  -61.007  22.542 0.0000000000
18630  -34.477  -61.956  21.309 0.0000000000
128173  -31.702  -78.982  8.673 0.0000000000
10268  -33.411  -72.163  6.262 0.0000000000
8635  -30.260  -74.153  5.274 0.0000000000
126642  -34.742  -75.008  5.310 0.0000000000
10206  -35.862  -72.443  11.274 0.0000000000
7902  -32.390  -75.654  9.497 0.0000000000
12075  -32.765  -70.133  8.288 0.0000000000
13023  -35.406  -69.077  6.397 0.0000000000
12967  -38.463  -70.016  11.505 0.0000000000
16349  -37.775  -65.653  11.733 0.0000000000
18734  -35.395  -62.681  14.885 0.0000000000
14704  -39.246  -67.979  19.048 0.0000000000
15530  -36.691  -66.051  17.986 0.0000000000
18696  -34.877  -62.386  17.836 0.0000000000
21729  -33.549  -59.789  16.553 0.0000000000
7214  -29.044  -76.892  7.119 0.0000000000
16404  -40.579  -65.551  4.621 0.0000000000
13052  -39.707  -69.506  4.155 0.0000000000
10287  -42.055  -72.568  4.785 0.0000000000
18744  -33.543  -62.601  12.814 0.0000000000
17113  -33.587  -64.036  11.171 0.0000000000
6410  -33.408  -77.771  9.660 0.0000000000
10270  -35.210  -71.953  6.072 0.0000000000
9464  -33.585  -73.415  5.614 0.0000000000
9466  -35.505  -73.454  5.647 0.0000000000
7934  -36.525  -75.012  5.574 0.0000000000
115798  -37.241  -73.120  5.619 0.0000000000
119082  -36.412  -70.801  11.473 0.0000000000
12030  -34.669  -70.268  11.233 0.0000000000
118206  -33.528  -66.650  9.020 0.0000000000
13914  -33.167  -68.934  9.432 0.0000000000
13929  -33.795  -68.261  7.588 0.0000000000
12083  -34.192  -69.958  7.122 0.0000000000
121925  -34.286  -67.052  6.534 0.0000000000
130872  -38.880  -71.969  11.552 0.0000000000
12036  -40.244  -70.155  11.262 0.0000000000
16329  -39.999  -65.220  13.476 0.0000000000
15587  -39.341  -66.207  11.444 0.0000000000
17096  -38.676  -64.465  13.854 0.0000000000
17094  -37.068  -64.103  13.308 0.0000000000
131043  -36.957  -63.426  15.198 0.0000000000
14671  -38.165  -67.376  20.333 0.0000000000
14702  -37.759  -67.087  18.652 0.0000000000
16262  -36.224  -65.708  20.187 0.0000000000
120328  -33.967  -60.197  20.599 0.0000000000
123093  -34.309  -62.564  19.718 0.0000000000
20638  -33.953  -60.220  18.767 0.0000000000
20655  -34.304  -60.876  17.030 0.0000000000
8620  -31.389  -74.413  9.049 0.0000000000
7195  -30.945  -76.533  8.622 0.0000000000
7912  -29.485  -75.470  7.598 0.0000000000
7945  -28.583  -75.858  4.218 0.0000000000
17169  -41.799  -64.170  5.842 0.0000000000
14845  -39.819  -67.475  3.590 0.0000000000
12131  -42.168  -70.256  3.741 0.0000000000
136974  -35.789  -66.266  11.216 0.0000000000
137960  -34.476  -68.757  11.156 0.0000000000
15594  -34.454  -66.196  10.499 0.0000000000
16367  -33.489  -65.046  9.437 0.0000000000
17137  -33.344  -64.601  8.783 0.0000000000
13898  -41.559  -68.058  10.589 0.0000000000
132271  -41.020  -66.294  13.850 0.0000000000
16315  -39.250  -65.909  14.992 0.0000000000
17771  -36.378  -63.115  22.717 0.0000000000
17780  -35.459  -63.767  21.813 0.0000000000
19569  -35.328  -61.440  22.260 0.0000000000
21666  -34.885  -59.683  21.916 0.0000000000
23777  -34.614  -58.285  21.260 0.0000000000
10266  -31.555  -72.399  6.748 0.0000000000
9440  -29.852  -73.684  6.686 0.0000000000
9462  -31.487  -73.374  5.720 0.0000000000
8655  -31.754  -74.731  4.737 0.0000000000
7950  -33.184  -75.864  4.616 0.0000000000
7219  -34.771  -76.428  5.019 0.0000000000
7221  -36.466  -76.692  5.461 0.0000000000
115649  -38.925  -76.363  5.587 0.0000000000
8603  -35.826  -74.575  11.019 0.0000000000
7171  -33.813  -76.208  10.045 0.0000000000
8622  -32.748  -74.148  9.804 0.0000000000
9428  -31.730  -72.860  9.167 0.0000000000
12978  -33.362  -69.334  10.199 0.0000000000
11099  -32.396  -71.311  9.347 0.0000000000
10243  -31.384  -72.165  8.191 0.0000000000
11120  -32.590  -71.240  7.352 0.0000000000
12092  -34.904  -70.635  6.645 0.0000000000
12093  -35.804  -70.479  6.395 0.0000000000
9415  -36.865  -73.564  11.403 0.0000000000
11062  -37.710  -71.466  11.496 0.0000000000
115645  -37.124  -69.306  11.563 0.0000000000
13897  -40.212  -68.498  10.882 0.0000000000
119376  -38.793  -67.662  11.245 0.0000000000
14757  -37.080  -67.111  11.439 0.0000000000
17116  -36.362  -65.057  11.932 0.0000000000
17868  -35.137  -63.720  12.816 0.0000000000
19696  -33.916  -61.476  14.553 0.0000000000
13833  -40.041  -68.196  17.215 0.0000000000
15540  -38.250  -66.729  16.455 0.0000000000
16306  -37.339  -65.550  16.353 0.0000000000
17038  -35.276  -64.675  19.460 0.0000000000
17054  -35.659  -64.425  17.829 0.0000000000
17824  -36.379  -63.551  16.390 0.0000000000
137302  -35.478  -62.460  16.388 0.0000000000
19685  -34.127  -61.089  15.728 0.0000000000
132486  -32.115  -77.298  9.115 0.0000000000
5710  -30.781  -77.971  8.244 0.0000000000
7924  -28.771  -75.130  6.335 0.0000000000
7217  -28.319  -76.556  5.548 0.0000000000
15626  -35.341  -66.477  5.363 0.0000000000
14812  -36.171  -67.381  5.114 0.0000000000
13035  -37.431  -69.729  5.550 0.0000000000
13965  -38.492  -68.404  4.121 0.0000000000
12102  -38.303  -70.758  5.514 0.0000000000
11141  -39.406  -71.682  5.397 0.0000000000
129939  -39.897  -74.116  5.562 0.0000000000
19707  -33.122  -61.176  13.367 0.0000000000
19717  -32.893  -61.595  12.507 0.0000000000
6411  -34.165  -78.183  9.939 0.0000000000
6392  -34.193  -77.175  10.110 0.0000000000
10271  -36.096  -71.853  6.022 0.0000000000
10281  -35.824  -72.643  5.812 0.0000000000
10282  -36.666  -72.501  5.745 0.0000000000
9467  -36.505  -73.421  5.626 0.0000000000
125485  -37.459  -72.325  5.682 0.0000000000
136727  -36.036  -70.117  11.514 0.0000000000
12031  -35.554  -70.637  11.399 0.0000000000
12966  -35.322  -69.784  11.443 0.0000000000
15611  -33.481  -66.507  8.028 0.0000000000
126588  -33.477  -68.151  8.289 0.0000000000
14795  -33.615  -67.434  7.747 0.0000000000
14796  -34.058  -67.606  7.033 0.0000000000
15612  -33.774  -66.691  7.069 0.0000000000
115984  -41.312  -71.930  11.399 0.0000000000
12037  -40.995  -70.944  11.278 0.0000000000
11065  -40.357  -71.695  11.497 0.0000000000
17097  -39.351  -64.819  14.019 0.0000000000
17108  -39.290  -64.866  13.320 0.0000000000
17089  -38.600  -64.561  14.478 0.0000000000
17088  -37.950  -64.070  14.402 0.0000000000
17838  -37.519  -63.779  15.110 0.0000000000
17008  -37.195  -64.693  23.003 0.0000000000
16252  -37.392  -65.653  22.631 0.0000000000
16256  -37.040  -65.946  21.798 0.0000000000
134134  -37.868  -67.115  20.965 0.0000000000
14660  -37.446  -66.585  21.304 0.0000000000
15511  -37.412  -66.798  20.295 0.0000000000
15501  -36.691  -66.064  20.852 0.0000000000
134095  -33.952  -59.370  20.426 0.0000000000
115950  -33.862  -60.180  19.774 0.0000000000
21710  -33.728  -59.493  18.380 0.0000000000
22759  -33.687  -58.642  18.892 0.0000000000
8626  -30.657  -74.242  8.512 0.0000000000
7913  -30.156  -75.077  8.212 0.0000000000
8625  -30.051  -74.152  7.871 0.0000000000
15662  -41.406  -67.077  3.765 0.0000000000
134489  -41.584  -69.418  3.515 0.0000000000
13069  -42.630  -69.529  3.581 0.0000000000
16346  -34.877  -65.190  11.285 0.0000000000
15595  -35.133  -65.905  10.968 0.0000000000
115381  -33.173  -63.380  10.775 0.0000000000
130148  -33.549  -64.727  10.057 0.0000000000
17134  -33.301  -64.159  9.478 0.0000000000
15553  -39.821  -66.326  14.768 0.0000000000
15545  -39.368  -66.754  15.344 0.0000000000
122994  -37.154  -63.063  23.060 0.0000000000
18614  -36.682  -62.356  22.782 0.0000000000
18613  -35.735  -62.402  22.453 0.0000000000
19570  -36.275  -61.469  22.625 0.0000000000
22716  -35.061  -58.686  21.787 0.0000000000
132872  -30.898  -78.992  8.193 0.0000000000
10267  -32.444  -72.363  6.353 0.0000000000
9450  -30.941  -72.951  6.349 0.0000000000
9451  -31.748  -72.807  6.157 0.0000000000
8639  -34.163  -74.241  5.399 0.0000000000
8638  -33.168  -74.153  5.273 0.0000000000
7930  -32.747  -74.929  4.854 0.0000000000
7931  -33.802  -75.162  5.051 0.0000000000
7218  -34.019  -76.169  4.783 0.0000000000
133826  -37.208  -74.971  5.590 0.0000000000
115938  -37.067  -75.807  5.564 0.0000000000
7935  -37.774  -75.280  5.577 0.0000000000
7222  -37.995  -76.129  5.579 0.0000000000
7936  -38.500  -75.502  5.560 0.0000000000
9425  -35.609  -73.734  11.068 0.0000000000
8617  -35.044  -74.290  10.744 0.0000000000
9429  -32.494  -73.213  9.715 0.0000000000
10228  -32.311  -72.251  9.561 0.0000000000
126317  -34.158  -68.221  10.804 0.0000000000
13895  -33.891  -68.962  10.768 0.0000000000
13894  -33.542  -68.359  10.086 0.0000000000
12996  -32.918  -69.718  9.557 0.0000000000
12074  -32.420  -70.656  8.807 0.0000000000
118772  -32.078  -71.249  8.657 0.0000000000
11113  -32.340  -70.929  8.033 0.0000000000
11119  -31.999  -71.490  7.595 0.0000000000
13022  -34.688  -69.182  6.842 0.0000000000
126790  -35.186  -69.849  6.625 0.0000000000
13024  -36.007  -69.648  6.245 0.0000000000
11063  -38.515  -71.395  11.511 0.0000000000
115647  -38.180  -72.082  11.513 0.0000000000
114645  -38.071  -70.746  11.515 0.0000000000
115069  -37.250  -70.790  11.502 0.0000000000
115484  -38.010  -69.281  11.530 0.0000000000
14776  -41.310  -67.339  10.757 0.0000000000
130429  -40.973  -68.545  10.683 0.0000000000
14775  -40.612  -67.119  10.831 0.0000000000
16350  -38.668  -65.725  11.757 0.0000000000
14759  -39.120  -66.895  11.156 0.0000000000
14758  -38.164  -66.882  11.322 0.0000000000
121414  -37.853  -67.768  11.443 0.0000000000
15585  -37.449  -66.272  11.455 0.0000000000
16348  -36.906  -65.651  11.643 0.0000000000
16334  -37.266  -65.087  12.118 0.0000000000
122588  -36.547  -63.544  13.941 0.0000000000
17869  -36.139  -63.940  13.071 0.0000000000
17858  -35.543  -63.394  13.577 0.0000000000
18746  -34.982  -62.824  14.044 0.0000000000
18733  -34.449  -62.142  14.508 0.0000000000
13816  -39.809  -68.237  18.180 0.0000000000
15531  -37.223  -66.564  18.385 0.0000000000
14716  -38.227  -67.274  17.993 0.0000000000
15536  -37.310  -66.427  17.578 0.0000000000
15539  -37.563  -66.284  16.763 0.0000000000
15535  -36.931  -65.817  17.137 0.0000000000
17787  -34.948  -63.511  21.205 0.0000000000
126022  -35.278  -64.602  20.308 0.0000000000
17786  -34.550  -63.244  20.387 0.0000000000
18677  -34.550  -62.666  18.710 0.0000000000
17806  -34.896  -63.507  18.573 0.0000000000
17807  -35.289  -63.626  17.900 0.0000000000
17055  -36.268  -64.378  16.987 0.0000000000
18697  -35.345  -62.958  17.444 0.0000000000
17823  -35.790  -62.932  16.655 0.0000000000
19657  -35.193  -62.265  17.036 0.0000000000
136307  -33.886  -60.246  17.045 0.0000000000
126751  -34.491  -61.334  16.399 0.0000000000
20669  -33.986  -60.609  16.405 0.0000000000
20685  -33.493  -60.180  15.614 0.0000000000
133782  -33.184  -75.729  9.830 0.0000000000
6409  -32.798  -77.158  9.486 0.0000000000
7184  -32.241  -76.542  9.307 0.0000000000
119297  -29.798  -76.964  7.743 0.0000000000
6422  -30.517  -77.131  8.244 0.0000000000
6432  -30.197  -77.624  7.907 0.0000000000
5725  -30.215  -78.299  7.777 0.0000000000
6440  -29.193  -77.730  6.961 0.0000000000
9460  -29.888  -73.830  5.938 0.0000000000
8632  -29.303  -74.388  6.384 0.0000000000
8631  -28.946  -74.781  5.735 0.0000000000
6457  -28.228  -76.719  4.040 0.0000000000
7229  -28.277  -76.327  4.747 0.0000000000
126327  -34.694  -66.166  5.745 0.0000000000
17163  -35.499  -64.897  5.300 0.0000000000
14824  -36.825  -67.177  4.638 0.0000000000
13951  -37.259  -68.882  5.251 0.0000000000
13964  -37.690  -68.331  4.611 0.0000000000
13067  -39.755  -68.909  3.773 0.0000000000
13982  -39.335  -68.325  3.705 0.0000000000
13966  -39.067  -69.048  4.120 0.0000000000
12114  -38.734  -70.152  5.094 0.0000000000
124257  -39.051  -69.670  4.566 0.0000000000
11140  -38.569  -71.520  5.551 0.0000000000
12115  -39.605  -70.260  4.685 0.0000000000
11151  -41.378  -71.834  4.765 0.0000000000
10286  -40.537  -72.842  5.346 0.0000000000
9471  -40.684  -73.712  5.432 0.0000000000
17867  -34.144  -63.435  12.535 0.0000000000
17114  -34.284  -64.447  11.518 0.0000000000
17866  -33.385  -63.130  12.036 0.0000000000
128213  -33.032  -62.836  11.297 0.0000000000
120840  -32.802  -62.158  11.134 0.0000000000
20565  -37.318  -60.181  22.344 0.0000000000
136505  -37.926  -59.311  21.804 0.0000000000
5697  -32.814  -78.728  9.317 0.0000000000
10269  -34.313  -72.066  6.177 0.0000000000
10278  -33.178  -72.765  5.940 0.0000000000
10280  -34.901  -72.705  5.826 0.0000000000
9465  -34.547  -73.461  5.630 0.0000000000
8640  -35.114  -74.237  5.518 0.0000000000
121552  -35.626  -75.002  5.486 0.0000000000
8641  -36.075  -74.237  5.567 0.0000000000
125341  -36.971  -74.235  5.582 0.0000000000
9468  -37.598  -73.764  5.583 0.0000000000
11060  -35.920  -71.590  11.353 0.0000000000
10205  -35.179  -72.090  11.132 0.0000000000
11080  -34.313  -71.696  10.855 0.0000000000
12054  -34.029  -70.768  10.872 0.0000000000
14787  -33.580  -67.462  9.522 0.0000000000
116360  -33.379  -68.172  9.110 0.0000000000
134342  -33.264  -68.708  8.711 0.0000000000
13923  -33.452  -68.872  8.080 0.0000000000
13014  -33.313  -69.592  7.794 0.0000000000
129059  -33.983  -69.070  7.443 0.0000000000
13930  -34.360  -68.426  6.957 0.0000000000
14801  -34.742  -67.766  6.360 0.0000000000
11064  -39.413  -71.386  11.511 0.0000000000
12035  -39.313  -70.002  11.426 0.0000000000
16338  -40.530  -65.579  12.821 0.0000000000
123627  -40.096  -66.051  11.592 0.0000000000
16337  -39.824  -65.256  12.742 0.0000000000
16336  -39.012  -65.163  12.497 0.0000000000
16335  -38.152  -65.110  12.270 0.0000000000
17106  -37.621  -64.572  12.766 0.0000000000
17095  -37.899  -64.245  13.557 0.0000000000
17859  -37.391  -63.839  13.968 0.0000000000
17846  -36.369  -63.180  14.874 0.0000000000
14672  -38.827  -67.787  20.457 0.0000000000
14685  -38.633  -67.663  19.666 0.0000000000
14703  -38.461  -67.509  18.826 0.0000000000
14684  -37.913  -67.253  19.501 0.0000000000
15523  -37.274  -66.707  19.256 0.0000000000
15522  -36.679  -66.194  18.880 0.0000000000
19601  -34.165  -61.465  20.868 0.0000000000
18644  -34.307  -62.278  20.617 0.0000000000
19619  -34.071  -61.715  20.000 0.0000000000
122757  -34.027  -61.079  19.217 0.0000000000
117257  -34.433  -61.697  18.331 0.0000000000
19656  -34.741  -61.799  17.534 0.0000000000
131519  -34.171  -60.899  18.309 0.0000000000
117995  -34.004  -60.355  17.775 0.0000000000
21720  -33.591  -59.469  17.459 0.0000000000
123168  -31.672  -75.171  9.222 0.0000000000
7901  -31.510  -75.940  9.029 0.0000000000
121044  -30.718  -75.761  8.563 0.0000000000
7194  -30.086  -76.169  8.122 0.0000000000
7206  -29.393  -76.250  7.528 0.0000000000
8652  -28.874  -75.009  4.936 0.0000000000
16405  -41.633  -65.653  4.864 0.0000000000
15641  -41.110  -66.301  4.201 0.0000000000
137169  -40.364  -66.242  4.039 0.0000000000
123754  -40.785  -67.717  3.500 0.0000000000
13068  -40.520  -69.264  3.689 0.0000000000
12116  -40.513  -70.599  4.475 0.0000000000
12117  -41.589  -70.995  4.345 0.0000000000
11152  -42.468  -71.841  4.546 0.0000000000
15583  -36.059  -66.946  11.357 0.0000000000
128939  -35.145  -68.980  11.431 0.0000000000
14756  -35.450  -67.595  11.320 0.0000000000
14773  -34.617  -67.532  10.912 0.0000000000
129096  -34.374  -66.910  10.521 0.0000000000
17126  -33.939  -64.801  10.759 0.0000000000
127278  -33.886  -65.515  10.097 0.0000000000
15593  -33.883  -66.619  9.903 0.0000000000
15604  -33.629  -65.866  9.325 0.0000000000
127559  -33.485  -65.986  8.627 0.0000000000
16373  -33.429  -65.532  7.983 0.0000000000
12055  -41.232  -70.009  10.899 0.0000000000
15596  -41.634  -66.834  11.232 0.0000000000
15565  -42.055  -66.680  12.951 0.0000000000
15573  -41.323  -66.120  12.728 0.0000000000
16323  -40.729  -65.841  13.544 0.0000000000
16322  -39.901  -65.512  14.231 0.0000000000
16314  -38.549  -65.535  15.302 0.0000000000
17772  -36.789  -63.801  22.913 0.0000000000
17016  -36.380  -64.432  22.406 0.0000000000
16255  -36.233  -65.005  21.802 0.0000000000
17770  -35.790  -63.325  22.335 0.0000000000
115569  -35.199  -62.975  21.896 0.0000000000
18631  -34.922  -62.120  21.903 0.0000000000
20564  -36.432  -60.532  22.520 0.0000000000
20576  -35.065  -60.604  22.125 0.0000000000
19585  -34.611  -61.235  21.669 0.0000000000
21665  -34.221  -59.884  21.246 0.0000000000
22715  -34.374  -59.027  21.308 0.0000000000
22732  -34.200  -58.441  20.647 0.0000000000
135533  -30.525  -73.005  7.475 0.0000000000
9441  -30.115  -73.558  7.397 0.0000000000
9449  -30.408  -73.153  6.858 0.0000000000
9461  -30.638  -73.582  5.800 0.0000000000
8654  -30.772  -74.601  4.638 0.0000000000
7949  -32.292  -75.611  4.440 0.0000000000
118407  -36.085  -75.808  5.518 0.0000000000
7220  -35.574  -76.571  5.282 0.0000000000
6447  -35.879  -77.453  5.196 0.0000000000
116809  -37.412  -76.873  5.552 0.0000000000
7223  -38.425  -77.126  5.584 0.0000000000
116218  -35.394  -75.817  10.662 0.0000000000
7172  -34.731  -76.271  10.387 0.0000000000
133712  -34.849  -75.535  10.505 0.0000000000
7892  -34.335  -75.647  10.318 0.0000000000
7891  -33.743  -75.343  10.132 0.0000000000
8615  -33.596  -74.514  10.172 0.0000000000
7903  -32.967  -75.027  9.849 0.0000000000
8621  -32.171  -74.707  9.492 0.0000000000
121199  -31.913  -73.798  9.386 0.0000000000
9433  -31.197  -73.541  8.792 0.0000000000
12965  -34.510  -69.417  11.207 0.0000000000
12979  -33.859  -69.822  10.814 0.0000000000
11100  -32.858  -70.995  9.934 0.0000000000
10227  -31.728  -71.960  8.857 0.0000000000
10242  -30.923  -72.594  7.840 0.0000000000
10254  -31.491  -72.059  7.491 0.0000000000
11127  -32.086  -71.789  7.006 0.0000000000
11128  -32.859  -71.627  6.725 0.0000000000
12082  -33.138  -70.474  7.482 0.0000000000
12091  -33.987  -70.827  6.884 0.0000000000
11129  -33.740  -71.511  6.588 0.0000000000
11130  -34.624  -71.370  6.464 0.0000000000
11131  -35.520  -71.239  6.336 0.0000000000
11132  -36.376  -71.110  6.170 0.0000000000
7894  -35.994  -75.412  10.943 0.0000000000
120365  -36.386  -74.009  11.270 0.0000000000
9414  -36.239  -73.142  11.305 0.0000000000
10208  -37.916  -72.821  11.515 0.0000000000
10207  -37.095  -72.936  11.453 0.0000000000
123475  -36.555  -72.328  11.392 0.0000000000
11061  -36.876  -71.539  11.457 0.0000000000
12032  -36.772  -70.073  11.528 0.0000000000
13878  -36.664  -68.552  11.558 0.0000000000
12980  -40.678  -69.269  10.894 0.0000000000
12969  -39.779  -69.276  11.209 0.0000000000
14760  -39.954  -66.693  11.075 0.0000000000
13881  -39.319  -68.460  11.189 0.0000000000
12968  -38.888  -69.255  11.418 0.0000000000
13879  -37.531  -68.561  11.529 0.0000000000
134631  -36.350  -67.761  11.488 0.0000000000
15584  -36.558  -66.279  11.377 0.0000000000
16347  -35.916  -65.621  11.440 0.0000000000
17115  -35.590  -65.003  11.725 0.0000000000
17105  -36.699  -64.530  12.564 0.0000000000
17104  -35.655  -64.458  12.312 0.0000000000
17857  -34.548  -63.098  13.287 0.0000000000
18745  -34.102  -62.386  13.669 0.0000000000
14717  -38.969  -67.724  18.106 0.0000000000
14720  -38.692  -67.395  17.128 0.0000000000
15541  -38.952  -67.156  16.108 0.0000000000
15544  -38.672  -66.399  15.647 0.0000000000
16307  -37.961  -65.995  15.961 0.0000000000
16313  -37.840  -65.063  15.600 0.0000000000
125488  -35.905  -65.178  20.953 0.0000000000
16273  -35.683  -65.261  19.888 0.0000000000
16284  -35.697  -65.221  19.018 0.0000000000
17795  -34.607  -63.390  19.380 0.0000000000
17044  -35.408  -64.625  18.658 0.0000000000
16296  -35.786  -65.075  18.298 0.0000000000
16297  -36.266  -65.251  17.604 0.0000000000
16305  -36.742  -65.076  16.697 0.0000000000
17067  -37.444  -64.276  15.625 0.0000000000
17825  -36.992  -63.683  15.716 0.0000000000
17837  -36.467  -63.142  15.695 0.0000000000
18722  -35.329  -62.378  15.740 0.0000000000
119083  -34.738  -61.555  16.993 0.0000000000
19672  -34.973  -61.997  16.393 0.0000000000
118204  -34.803  -62.167  15.227 0.0000000000
19697  -34.298  -61.605  15.131 0.0000000000
20698  -33.723  -60.934  14.973 0.0000000000
122668  -33.436  -76.943  9.790 0.0000000000
121824  -32.630  -77.961  9.291 0.0000000000
6423  -31.974  -77.910  8.926 0.0000000000
134973  -31.639  -76.756  8.966 0.0000000000
6408  -31.357  -77.423  8.683 0.0000000000
5711  -31.492  -78.308  8.616 0.0000000000
121027  -30.173  -79.006  7.566 0.0000000000
8629  -29.574  -74.177  7.201 0.0000000000
7919  -29.135  -74.889  7.066 0.0000000000
7205  -28.840  -75.799  6.931 0.0000000000
118337  -28.406  -75.751  5.177 0.0000000000
115667  -28.459  -75.790  6.037 0.0000000000
6439  -28.678  -77.375  6.295 0.0000000000
19730  -32.716  -61.536  11.458 0.0000000000
17898  -33.224  -63.376  9.048 0.0000000000
120125  -33.391  -64.186  8.058 0.0000000000
17140  -33.470  -64.844  7.605 0.0000000000
16380  -33.887  -65.589  6.531 0.0000000000
15618  -34.176  -66.293  6.319 0.0000000000
15625  -34.754  -66.872  5.952 0.0000000000
14811  -35.449  -67.426  5.619 0.0000000000
16388  -35.753  -65.729  5.031 0.0000000000
137932  -35.758  -66.963  5.203 0.0000000000
13949  -36.083  -68.119  5.522 0.0000000000
13950  -36.590  -68.646  5.506 0.0000000000
12100  -36.720  -70.281  6.032 0.0000000000
12101  -37.552  -70.566  5.707 0.0000000000
15660  -39.909  -66.647  3.772 0.0000000000
14844  -38.834  -67.586  3.744 0.0000000000
14826  -38.026  -67.654  4.130 0.0000000000
13051  -38.220  -69.297  4.846 0.0000000000
13036  -38.077  -70.081  5.416 0.0000000000
126383  -37.715  -71.427  5.732 0.0000000000
10283  -38.117  -72.137  5.642 0.0000000000
123163  -38.085  -73.000  5.606 0.0000000000
124411  -38.981  -73.180  5.575 0.0000000000
10285  -39.635  -72.540  5.472 0.0000000000
9470  -39.247  -73.802  5.555 0.0000000000
121702  -39.844  -74.970  5.592 0.0000000000
5712  -32.170  -78.549  8.978 0.0000000000
5724  -29.600  -78.463  7.167 0.0000000000
6431  -29.666  -77.676  7.461 0.0000000000
7185  -32.978  -76.380  9.660 0.0000000000
7213  -28.592  -76.457  6.403 0.0000000000
7893  -35.265  -75.084  10.716 0.0000000000
7914  -30.966  -75.093  8.815 0.0000000000
7929  -28.630  -75.272  5.642 0.0000000000
7937  -39.335  -75.654  5.585 0.0000000000
8624  -29.629  -74.733  7.605 0.0000000000
8634  -29.486  -74.429  5.463 0.0000000000
8636  -31.150  -73.997  5.181 0.0000000000
8642  -37.707  -74.520  5.577 0.0000000000
8643  -39.241  -74.349  5.557 0.0000000000
8653  -29.782  -74.684  4.699 0.0000000000
9416  -37.595  -73.548  11.503 0.0000000000
9430  -33.338  -73.610  10.162 0.0000000000
9472  -41.589  -73.277  5.144 0.0000000000
10265  -30.896  -72.599  7.085 0.0000000000
10279  -33.982  -72.736  5.858 0.0000000000
10284  -38.787  -72.347  5.571 0.0000000000
11059  -34.941  -71.195  11.208 0.0000000000
11112  -31.742  -71.572  8.137 0.0000000000
11121  -33.253  -71.115  7.023 0.0000000000
11139  -37.071  -71.024  5.968 0.0000000000
11142  -40.400  -71.917  5.196 0.0000000000
12033  -37.620  -70.048  11.529 0.0000000000
12034  -38.885  -70.704  11.491 0.0000000000
12069  -32.720  -70.486  9.490 0.0000000000
12070  -33.220  -70.313  10.233 0.0000000000
12103  -39.109  -70.877  5.281 0.0000000000
12981  -41.683  -69.037  10.592 0.0000000000
13034  -36.680  -69.345  5.760 0.0000000000
13053  -40.278  -69.926  4.177 0.0000000000
13798  -39.937  -68.352  19.017 0.0000000000
13876  -34.886  -68.239  11.286 0.0000000000
13880  -38.406  -68.496  11.422 0.0000000000
13896  -39.811  -67.581  10.899 0.0000000000
13936  -34.927  -68.569  6.510 0.0000000000
13937  -35.436  -68.320  6.045 0.0000000000
13938  -36.049  -68.865  5.935 0.0000000000
13983  -40.206  -68.391  3.558 0.0000000000
14661  -38.439  -67.483  21.102 0.0000000000
14715  -37.675  -66.863  17.979 0.0000000000
14721  -39.475  -67.697  16.659 0.0000000000
14725  -39.695  -67.448  15.777 0.0000000000
14774  -35.131  -66.743  10.989 0.0000000000
14792  -33.493  -67.403  8.604 0.0000000000
14813  -36.845  -68.029  4.999 0.0000000000
14825  -37.386  -67.641  4.505 0.0000000000
15510  -36.708  -66.250  19.817 0.0000000000
15537  -37.918  -66.870  17.300 0.0000000000
15554  -40.539  -66.404  14.314 0.0000000000
15564  -41.401  -66.392  13.452 0.0000000000
15572  -40.744  -65.971  12.054 0.0000000000
15574  -41.958  -66.671  12.125 0.0000000000
15586  -38.687  -66.383  11.408 0.0000000000
15661  -40.563  -66.890  3.717 0.0000000000
16274  -36.200  -65.720  19.382 0.0000000000
16285  -36.204  -65.605  18.511 0.0000000000
16321  -39.051  -65.116  14.641 0.0000000000
16351  -39.536  -65.618  11.992 0.0000000000
16358  -34.426  -65.540  10.693 0.0000000000
16370  -33.423  -65.335  8.747 0.0000000000
16386  -34.395  -65.559  5.929 0.0000000000
16387  -35.030  -65.625  5.442 0.0000000000
16389  -40.359  -64.775  5.203 0.0000000000
17015  -35.892  -63.965  22.239 0.0000000000
17021  -35.822  -64.470  21.765 0.0000000000
17029  -34.932  -63.960  20.573 0.0000000000
17037  -34.823  -64.053  19.858 0.0000000000
17043  -34.998  -64.084  19.049 0.0000000000
17066  -36.857  -64.286  16.255 0.0000000000
17079  -38.065  -64.301  15.060 0.0000000000
17103  -34.646  -64.120  12.177 0.0000000000
17107  -38.493  -64.648  13.026 0.0000000000
17152  -33.640  -65.054  6.975 0.0000000000
17162  -34.757  -64.993  5.663 0.0000000000
17779  -34.651  -62.692  21.274 0.0000000000
17814  -35.799  -63.633  17.197 0.0000000000
17845  -35.788  -63.147  14.276 0.0000000000
17847  -37.176  -63.607  14.601 0.0000000000
17878  -33.381  -63.449  11.451 0.0000000000
17879  -33.861  -63.794  11.848 0.0000000000
17901  -33.424  -63.539  8.411 0.0000000000
18615  -37.602  -62.319  22.918 0.0000000000
18678  -34.969  -63.036  18.077 0.0000000000
18710  -35.937  -62.758  16.032 0.0000000000
18723  -35.927  -62.832  15.451 0.0000000000
18771  -32.950  -62.500  10.396 0.0000000000
19686  -34.670  -61.791  15.780 0.0000000000
20563  -35.700  -60.828  22.417 0.0000000000
20566  -38.076  -60.682  22.168 0.0000000000
20575  -34.567  -60.410  21.654 0.0000000000
20596  -34.151  -60.681  21.108 0.0000000000
20617  -33.925  -60.894  20.288 0.0000000000
21719  -33.202  -58.928  16.809 0.0000000000
23778  -35.191  -57.821  21.530 0.0000000000
114042  -34.413  -61.185  17.628 0.0000000000
114259  -40.125  -70.949  11.444 0.0000000000
114414  -40.056  -67.043  15.012 0.0000000000
116924  -37.387  -72.200  11.473 0.0000000000
118005  -40.739  -67.851  10.688 0.0000000000
118490  -36.112  -69.315  11.553 0.0000000000
119096  -35.348  -64.274  21.117 0.0000000000
120261  -37.227  -64.861  16.094 0.0000000000
121699  -37.098  -67.952  11.516 0.0000000000
121703  -38.905  -74.877  5.555 0.0000000000
122044  -38.392  -59.203  21.526 0.0000000000
123438  -31.218  -72.731  8.503 0.0000000000
125152  -38.151  -66.171  11.486 0.0000000000
126308  -41.324  -66.361  11.859 0.0000000000
127614  -42.165  -64.970  5.476 0.0000000000
127954  -36.508  -65.512  21.528 0.0000000000
128098  -39.809  -73.347  5.519 0.0000000000
128239  -33.359  -64.094  10.376 0.0000000000
128244  -33.302  -63.964  8.748 0.0000000000
129178  -35.223  -64.079  18.389 0.0000000000
129349  -30.342  -73.441  6.327 0.0000000000
130190  -39.589  -70.640  11.457 0.0000000000
130216  -43.031  -68.912  3.507 0.0000000000
130585  -34.236  -61.948  19.191 0.0000000000
130703  -39.392  -67.857  17.459 0.0000000000
130775  -36.235  -63.724  22.551 0.0000000000
130825  -34.980  -77.045  10.415 0.0000000000
132476  -33.096  -78.288  9.475 0.0000000000
132603  -41.174  -72.472  5.061 0.0000000000
133859  -39.192  -66.758  3.754 0.0000000000
134712  -33.413  -61.915  13.301 0.0000000000
135774  -41.104  -66.901  10.937 0.0000000000
136398  -37.091  -73.645  5.586 0.0000000000
136628  -36.202  -63.050  16.189 0.0000000000
136896  -40.170  -65.642  12.223 0.0000000000
137054  -33.513  -65.306  7.436 0.0000000000
137150  -33.798  -66.100  6.760 0.0000000000
137715  -33.380  -64.901  8.233 0.0000000000
138012  -37.154  -61.731  22.727 0.0000000000
