#!ascii label  , from subject sub-v2s10x28985_ses-1 vox2ras=TkReg
744
34218  22.437  -39.041  78.008 0.0000000000
57075  39.217  -15.116  69.060 0.0000000000
117927  49.407  -13.403  68.550 0.0000000000
51243  36.187  -20.393  77.933 0.0000000000
36813  28.715  -36.419  75.608 0.0000000000
32571  26.203  -40.056  75.805 0.0000000000
58141  44.041  -13.285  69.244 0.0000000000
56027  43.064  -14.763  73.346 0.0000000000
46531  34.307  -25.010  77.054 0.0000000000
38602  33.578  -34.158  75.899 0.0000000000
64727  54.596  -5.852  60.623 0.0000000000
61926  50.312  -9.632  65.503 0.0000000000
52169  31.942  -19.160  73.775 0.0000000000
56017  37.168  -15.930  74.915 0.0000000000
35061  25.979  -36.975  77.528 0.0000000000
114309  23.922  -39.285  76.331 0.0000000000
57055  41.083  -14.453  69.313 0.0000000000
58100  44.035  -13.676  71.697 0.0000000000
57022  41.072  -14.286  71.706 0.0000000000
43460  37.421  -28.516  75.145 0.0000000000
34226  30.270  -38.123  76.557 0.0000000000
37728  31.171  -35.133  75.128 0.0000000000
128066  33.038  -37.005  75.882 0.0000000000
65624  52.841  -4.904  62.022 0.0000000000
62949  52.639  -8.083  61.415 0.0000000000
64697  52.184  -6.981  63.499 0.0000000000
60039  47.423  -11.707  67.625 0.0000000000
60982  47.240  -10.922  64.824 0.0000000000
60036  50.045  -12.004  67.837 0.0000000000
59129  51.381  -12.217  66.570 0.0000000000
134369  49.741  -14.552  67.487 0.0000000000
49523  34.828  -22.637  78.543 0.0000000000
50449  32.860  -22.286  75.848 0.0000000000
52130  33.336  -19.302  76.900 0.0000000000
54100  34.212  -17.593  74.843 0.0000000000
54965  36.379  -17.314  77.649 0.0000000000
54988  38.597  -16.164  76.985 0.0000000000
53122  37.050  -18.399  76.411 0.0000000000
34214  28.409  -37.820  77.114 0.0000000000
131989  44.368  -13.443  66.730 0.0000000000
59065  46.142  -12.846  69.004 0.0000000000
57053  45.188  -13.944  70.087 0.0000000000
55073  44.077  -16.294  70.522 0.0000000000
118549  34.160  -30.165  76.277 0.0000000000
113184  35.144  -27.732  76.979 0.0000000000
46529  36.676  -25.219  77.732 0.0000000000
48656  36.846  -23.697  76.182 0.0000000000
50460  36.065  -21.465  74.851 0.0000000000
40366  33.238  -31.710  75.317 0.0000000000
38600  34.843  -33.388  76.089 0.0000000000
64768  54.289  -6.552  58.297 0.0000000000
63821  50.433  -7.767  63.379 0.0000000000
61937  52.222  -9.767  65.023 0.0000000000
60091  49.049  -11.507  63.543 0.0000000000
56042  38.554  -15.378  72.067 0.0000000000
56982  40.061  -14.996  74.826 0.0000000000
131959  41.676  -17.028  74.776 0.0000000000
33387  22.701  -39.824  77.988 0.0000000000
33386  23.211  -39.874  76.989 0.0000000000
32559  23.227  -40.765  77.070 0.0000000000
114378  40.348  -14.686  68.630 0.0000000000
113626  40.939  -14.380  70.171 0.0000000000
121103  40.223  -14.584  70.164 0.0000000000
35089  31.866  -38.034  75.878 0.0000000000
65625  51.163  -4.878  61.511 0.0000000000
64711  52.653  -6.318  63.006 0.0000000000
64713  50.986  -6.358  62.564 0.0000000000
59101  48.147  -12.106  68.051 0.0000000000
60038  48.364  -11.616  67.553 0.0000000000
59078  50.014  -12.790  68.329 0.0000000000
58136  50.740  -13.298  68.097 0.0000000000
50407  35.267  -21.489  78.589 0.0000000000
125913  33.911  -20.952  78.160 0.0000000000
52103  34.649  -19.566  78.179 0.0000000000
54055  35.065  -18.158  77.487 0.0000000000
53082  35.999  -18.424  78.135 0.0000000000
53093  37.076  -17.542  77.709 0.0000000000
52129  36.416  -19.290  77.635 0.0000000000
35060  26.840  -37.095  77.502 0.0000000000
33400  27.605  -39.071  76.374 0.0000000000
33399  28.455  -38.925  76.405 0.0000000000
58156  43.137  -14.197  67.822 0.0000000000
57102  43.299  -14.212  66.043 0.0000000000
58154  44.542  -13.167  68.484 0.0000000000
59104  45.299  -12.769  68.180 0.0000000000
59066  45.446  -12.856  69.451 0.0000000000
57052  45.561  -13.341  69.631 0.0000000000
57035  45.176  -13.113  70.392 0.0000000000
57004  43.418  -14.316  72.787 0.0000000000
56056  44.180  -14.433  71.625 0.0000000000
55063  43.472  -15.857  72.273 0.0000000000
128117  43.321  -17.868  72.094 0.0000000000
125661  42.885  -16.771  73.199 0.0000000000
117762  35.201  -31.104  76.384 0.0000000000
42419  34.705  -29.468  76.553 0.0000000000
42431  35.953  -29.698  76.299 0.0000000000
44480  37.080  -26.770  76.419 0.0000000000
48648  36.988  -24.538  77.062 0.0000000000
37710  32.557  -35.300  75.862 0.0000000000
38616  32.174  -33.746  75.090 0.0000000000
39457  33.360  -32.568  75.582 0.0000000000
39445  34.052  -32.513  76.058 0.0000000000
38601  34.197  -33.861  76.029 0.0000000000
66509  54.093  -4.079  60.946 0.0000000000
64738  54.876  -6.040  59.780 0.0000000000
61985  51.905  -8.995  62.426 0.0000000000
60996  48.553  -10.199  65.079 0.0000000000
61956  47.897  -9.798  63.425 0.0000000000
61955  48.742  -9.424  63.810 0.0000000000
62917  48.915  -8.536  62.548 0.0000000000
62890  50.390  -8.709  64.438 0.0000000000
62889  51.312  -8.518  64.667 0.0000000000
124267  51.215  -9.561  65.519 0.0000000000
59131  49.513  -12.761  65.738 0.0000000000
60080  50.597  -11.564  64.846 0.0000000000
118028  34.125  -25.888  76.555 0.0000000000
47663  33.737  -24.137  75.672 0.0000000000
51277  31.879  -20.433  74.417 0.0000000000
50471  32.362  -21.667  73.429 0.0000000000
55023  35.626  -16.653  74.679 0.0000000000
55036  34.670  -17.094  73.299 0.0000000000
55048  36.299  -16.399  73.266 0.0000000000
56060  37.030  -16.200  71.872 0.0000000000
56030  37.733  -15.699  73.360 0.0000000000
57008  39.186  -15.092  73.108 0.0000000000
129004  38.465  -15.382  74.877 0.0000000000
53119  39.566  -17.407  75.575 0.0000000000
55005  40.291  -16.393  75.892 0.0000000000
53134  40.823  -17.913  74.573 0.0000000000
53148  41.784  -18.308  73.706 0.0000000000
34230  24.729  -38.577  76.320 0.0000000000
33402  25.663  -39.632  76.060 0.0000000000
32585  25.790  -40.634  75.477 0.0000000000
32573  24.384  -40.792  76.038 0.0000000000
58142  43.104  -13.905  68.945 0.0000000000
114274  44.581  -13.216  70.787 0.0000000000
58111  42.703  -13.622  70.856 0.0000000000
121718  42.683  -13.619  71.792 0.0000000000
58081  42.660  -14.234  73.193 0.0000000000
35912  29.405  -37.244  76.643 0.0000000000
36812  29.618  -36.141  75.404 0.0000000000
35911  30.747  -37.076  76.492 0.0000000000
116583  32.123  -36.158  76.043 0.0000000000
35908  33.348  -36.236  76.013 0.0000000000
36786  34.254  -35.134  75.942 0.0000000000
35928  33.831  -37.001  74.847 0.0000000000
65623  53.604  -5.213  61.790 0.0000000000
125421  53.472  -7.080  61.330 0.0000000000
63836  53.213  -6.649  62.630 0.0000000000
124154  53.012  -7.405  62.727 0.0000000000
61968  52.459  -8.742  63.596 0.0000000000
60056  46.368  -11.865  65.786 0.0000000000
60069  47.200  -11.297  65.689 0.0000000000
60968  48.374  -10.914  66.452 0.0000000000
60967  50.476  -10.722  66.642 0.0000000000
60966  51.390  -10.741  66.412 0.0000000000
59097  51.522  -11.939  67.036 0.0000000000
59118  50.956  -12.940  66.956 0.0000000000
47636  34.541  -23.891  77.870 0.0000000000
48650  33.741  -23.352  76.899 0.0000000000
49538  33.676  -22.614  77.412 0.0000000000
51257  32.852  -20.289  76.772 0.0000000000
52159  32.321  -19.356  75.112 0.0000000000
111873  32.908  -18.287  73.705 0.0000000000
54085  33.411  -18.433  75.506 0.0000000000
54990  35.418  -17.216  76.445 0.0000000000
55006  36.580  -16.380  76.310 0.0000000000
56001  38.305  -15.711  76.446 0.0000000000
54975  37.474  -16.634  77.451 0.0000000000
53105  38.352  -17.224  76.831 0.0000000000
53136  38.643  -17.822  74.963 0.0000000000
36773  26.028  -36.063  77.551 0.0000000000
35914  27.000  -36.481  77.193 0.0000000000
35913  28.553  -37.022  76.844 0.0000000000
120299  29.531  -38.189  76.667 0.0000000000
33416  29.577  -39.223  75.647 0.0000000000
120322  45.490  -12.636  67.263 0.0000000000
59081  46.724  -12.544  68.447 0.0000000000
58138  48.355  -13.491  68.602 0.0000000000
57071  46.911  -14.624  68.597 0.0000000000
56093  46.174  -15.239  68.619 0.0000000000
55085  45.165  -16.792  68.990 0.0000000000
57036  44.738  -13.500  70.982 0.0000000000
126120  44.597  -15.121  70.084 0.0000000000
42455  33.415  -29.309  75.354 0.0000000000
43451  33.848  -28.342  76.306 0.0000000000
44474  34.447  -27.280  76.802 0.0000000000
45460  34.722  -26.226  77.132 0.0000000000
43448  36.828  -28.385  75.781 0.0000000000
44471  36.298  -26.928  77.089 0.0000000000
46521  35.650  -25.509  78.002 0.0000000000
47633  36.028  -24.503  78.491 0.0000000000
128681  36.553  -23.515  77.918 0.0000000000
124440  36.415  -22.113  77.801 0.0000000000
118775  36.401  -20.875  76.663 0.0000000000
134866  36.618  -22.977  75.661 0.0000000000
41338  33.623  -31.000  75.710 0.0000000000
40361  34.963  -31.804  76.377 0.0000000000
39442  35.902  -32.238  76.134 0.0000000000
37725  34.836  -34.807  75.797 0.0000000000
38613  36.083  -33.188  75.621 0.0000000000
64766  55.720  -5.729  57.701 0.0000000000
129609  50.314  -6.615  62.189 0.0000000000
63820  51.094  -7.523  63.727 0.0000000000
62888  52.298  -8.585  64.424 0.0000000000
61019  51.764  -9.734  63.466 0.0000000000
60078  51.917  -10.888  65.755 0.0000000000
60089  51.027  -10.967  64.434 0.0000000000
61021  49.692  -10.729  62.750 0.0000000000
49563  32.897  -22.630  74.703 0.0000000000
56083  37.094  -16.258  69.907 0.0000000000
56073  38.536  -15.461  70.033 0.0000000000
57024  39.369  -14.987  72.062 0.0000000000
114699  40.624  -14.526  73.448 0.0000000000
56980  41.543  -15.001  74.721 0.0000000000
55999  39.770  -15.752  76.062 0.0000000000
55003  41.035  -15.850  75.362 0.0000000000
55020  42.105  -15.903  74.481 0.0000000000
53147  42.603  -18.182  73.214 0.0000000000
51268  36.386  -19.760  75.480 0.0000000000
52158  36.636  -18.911  74.817 0.0000000000
33376  22.351  -39.667  78.647 0.0000000000
34232  22.840  -38.934  77.130 0.0000000000
121772  39.722  -14.859  68.894 0.0000000000
57056  40.277  -14.613  69.465 0.0000000000
57057  39.619  -14.860  69.730 0.0000000000
65617  51.141  -5.613  62.065 0.0000000000
64719  50.501  -5.869  61.800 0.0000000000
59079  48.923  -12.597  68.322 0.0000000000
58137  50.315  -13.645  68.348 0.0000000000
57069  50.116  -14.286  68.405 0.0000000000
50406  35.776  -21.002  78.348 0.0000000000
51230  35.175  -20.624  78.544 0.0000000000
130860  35.157  -19.904  78.504 0.0000000000
52101  35.498  -19.284  78.317 0.0000000000
52100  36.067  -19.295  78.085 0.0000000000
33401  26.701  -39.284  76.227 0.0000000000
34228  27.158  -38.469  76.829 0.0000000000
33419  27.105  -39.760  75.834 0.0000000000
122912  43.744  -13.655  68.391 0.0000000000
58140  44.795  -12.845  69.515 0.0000000000
58121  45.050  -12.919  70.282 0.0000000000
56041  43.410  -14.994  72.800 0.0000000000
55047  43.189  -16.013  72.915 0.0000000000
55032  42.963  -15.666  73.437 0.0000000000
112663  35.869  -31.132  76.222 0.0000000000
41324  35.525  -30.439  76.391 0.0000000000
117220  36.079  -30.514  76.153 0.0000000000
37726  32.815  -34.410  75.699 0.0000000000
39459  32.591  -32.884  75.083 0.0000000000
38615  33.075  -33.517  75.580 0.0000000000
122074  33.788  -33.297  75.928 0.0000000000
65632  54.948  -5.121  60.837 0.0000000000
66508  54.908  -4.307  60.616 0.0000000000
65641  55.367  -5.369  60.167 0.0000000000
61927  49.388  -9.863  65.349 0.0000000000
61940  49.052  -9.619  64.600 0.0000000000
61954  49.591  -9.081  64.131 0.0000000000
61939  49.903  -9.302  64.852 0.0000000000
61938  50.779  -9.093  65.025 0.0000000000
58186  48.396  -13.029  65.278 0.0000000000
125672  34.492  -25.831  77.021 0.0000000000
46539  33.915  -25.014  76.101 0.0000000000
47656  33.917  -24.207  76.595 0.0000000000
51278  31.958  -19.553  74.490 0.0000000000
119801  31.553  -19.317  72.914 0.0000000000
55022  36.444  -16.295  75.358 0.0000000000
55035  35.573  -16.706  73.718 0.0000000000
55034  36.356  -16.330  74.274 0.0000000000
56031  37.084  -16.061  73.818 0.0000000000
56016  37.801  -15.621  74.377 0.0000000000
120452  37.959  -15.575  75.449 0.0000000000
53135  39.925  -17.881  74.700 0.0000000000
54099  40.420  -17.440  75.217 0.0000000000
53149  41.175  -18.256  74.065 0.0000000000
130225  23.994  -38.373  76.312 0.0000000000
35077  24.544  -37.628  76.599 0.0000000000
117283  25.458  -38.836  76.321 0.0000000000
33403  24.725  -39.559  76.124 0.0000000000
125464  24.770  -40.247  75.996 0.0000000000
114899  23.903  -40.330  76.383 0.0000000000
116448  41.204  -14.549  68.383 0.0000000000
57084  41.421  -14.691  67.451 0.0000000000
57073  42.219  -14.434  68.150 0.0000000000
57054  42.047  -14.266  69.152 0.0000000000
58123  42.833  -13.712  69.935 0.0000000000
58124  41.867  -14.095  70.113 0.0000000000
57037  41.673  -14.023  71.115 0.0000000000
57021  41.837  -13.964  72.188 0.0000000000
58090  42.588  -13.838  72.585 0.0000000000
57005  41.964  -14.149  73.106 0.0000000000
121088  30.089  -37.301  76.597 0.0000000000
35924  30.159  -36.767  76.311 0.0000000000
35074  30.484  -37.568  76.612 0.0000000000
35088  32.531  -37.652  75.666 0.0000000000
35073  31.939  -37.438  76.252 0.0000000000
133847  32.552  -37.223  76.079 0.0000000000
36788  32.981  -35.798  76.114 0.0000000000
35923  33.673  -36.668  75.570 0.0000000000
66500  51.547  -4.278  61.215 0.0000000000
66499  52.375  -4.246  61.495 0.0000000000
66498  53.359  -4.304  61.435 0.0000000000
64718  53.644  -6.045  61.961 0.0000000000
64710  53.093  -5.766  62.381 0.0000000000
63837  52.783  -7.218  63.303 0.0000000000
62914  52.660  -8.079  63.360 0.0000000000
60055  47.158  -11.535  66.626 0.0000000000
60037  49.245  -11.492  67.426 0.0000000000
60053  48.613  -11.222  67.046 0.0000000000
60955  49.331  -10.845  66.724 0.0000000000
60954  50.206  -11.360  67.257 0.0000000000
60953  50.930  -11.409  67.113 0.0000000000
121788  50.876  -11.925  67.532 0.0000000000
58153  50.623  -13.819  68.059 0.0000000000
58170  50.912  -13.108  67.628 0.0000000000
58171  50.640  -13.535  67.526 0.0000000000
58179  50.209  -13.197  66.659 0.0000000000
128957  48.913  -14.313  66.707 0.0000000000
48626  34.643  -23.355  78.198 0.0000000000
48640  34.155  -23.329  77.737 0.0000000000
49524  34.217  -22.579  78.164 0.0000000000
51244  33.577  -20.194  77.612 0.0000000000
120948  33.246  -21.068  77.368 0.0000000000
52144  32.607  -19.583  75.950 0.0000000000
133652  32.947  -19.047  76.161 0.0000000000
53123  32.818  -18.906  75.430 0.0000000000
118824  33.793  -18.725  76.806 0.0000000000
54054  35.703  -17.835  77.766 0.0000000000
54069  34.695  -17.965  76.816 0.0000000000
54977  35.507  -17.539  77.193 0.0000000000
54989  36.262  -16.818  76.982 0.0000000000
55974  37.422  -16.139  77.105 0.0000000000
54053  36.956  -17.046  77.815 0.0000000000
53107  36.844  -18.381  77.373 0.0000000000
54068  37.881  -17.206  77.489 0.0000000000
53106  37.505  -17.657  77.082 0.0000000000
53121  37.788  -17.837  75.939 0.0000000000
35895  25.570  -36.310  77.568 0.0000000000
36793  25.391  -35.526  77.083 0.0000000000
115671  26.176  -36.569  77.555 0.0000000000
35059  27.797  -37.384  77.278 0.0000000000
115267  27.248  -36.888  77.392 0.0000000000
35893  27.989  -37.031  77.167 0.0000000000
129923  27.712  -36.711  76.930 0.0000000000
130404  28.485  -37.436  77.048 0.0000000000
35892  29.007  -37.338  76.826 0.0000000000
34213  29.026  -37.748  76.899 0.0000000000
58174  43.829  -13.827  66.396 0.0000000000
59133  44.917  -12.853  65.591 0.0000000000
59120  44.940  -13.046  66.517 0.0000000000
59082  45.826  -12.667  68.771 0.0000000000
59103  46.098  -12.390  68.073 0.0000000000
58139  47.079  -13.119  68.606 0.0000000000
123772  47.922  -14.123  68.650 0.0000000000
57051  46.410  -13.482  68.842 0.0000000000
57072  45.799  -14.239  68.956 0.0000000000
124316  46.097  -16.295  68.635 0.0000000000
128629  45.240  -15.375  69.068 0.0000000000
113426  44.111  -13.466  71.287 0.0000000000
58099  44.470  -13.441  71.065 0.0000000000
57019  44.323  -13.663  71.467 0.0000000000
55062  43.841  -15.531  71.523 0.0000000000
134983  44.252  -15.047  70.949 0.0000000000
55086  44.612  -16.218  69.535 0.0000000000
54145  44.545  -17.507  69.774 0.0000000000
42443  33.744  -29.698  76.044 0.0000000000
131602  33.676  -28.998  76.066 0.0000000000
42433  34.068  -29.155  76.378 0.0000000000
43437  35.024  -28.673  76.720 0.0000000000
43439  34.232  -28.212  76.622 0.0000000000
43438  34.582  -27.978  76.821 0.0000000000
44473  34.905  -27.049  77.061 0.0000000000
42442  36.887  -29.307  75.477 0.0000000000
45457  36.746  -25.996  77.311 0.0000000000
45458  36.006  -26.270  77.725 0.0000000000
45451  36.292  -25.629  77.927 0.0000000000
126166  35.684  -24.863  78.312 0.0000000000
46520  36.181  -25.081  78.217 0.0000000000
124772  37.019  -24.318  76.580 0.0000000000
48639  36.709  -24.227  77.673 0.0000000000
48649  36.796  -23.779  77.145 0.0000000000
49537  36.604  -22.939  77.516 0.0000000000
49548  36.715  -23.101  76.898 0.0000000000
50438  36.555  -22.316  77.107 0.0000000000
49556  36.595  -22.674  76.372 0.0000000000
36811  30.730  -35.965  75.638 0.0000000000
36823  30.294  -35.376  74.823 0.0000000000
40374  32.567  -31.640  74.521 0.0000000000
41348  33.126  -30.925  74.972 0.0000000000
42444  33.482  -30.227  75.542 0.0000000000
39444  34.670  -32.534  76.232 0.0000000000
40362  34.329  -31.759  76.204 0.0000000000
39443  35.370  -32.545  76.185 0.0000000000
64753  55.036  -6.164  58.904 0.0000000000
64767  55.020  -6.162  58.021 0.0000000000
63904  53.612  -6.772  57.612 0.0000000000
60093  46.458  -11.093  64.103 0.0000000000
61012  46.569  -10.612  63.381 0.0000000000
62916  49.709  -8.155  62.960 0.0000000000
62935  49.339  -7.813  62.108 0.0000000000
63849  49.604  -6.950  61.751 0.0000000000
63839  50.059  -7.409  62.573 0.0000000000
63838  50.741  -7.089  62.999 0.0000000000
62878  52.032  -8.989  64.824 0.0000000000
63806  51.962  -8.180  64.460 0.0000000000
61936  52.274  -9.226  64.507 0.0000000000
61952  52.370  -9.249  63.982 0.0000000000
61953  52.182  -9.907  64.517 0.0000000000
60065  51.661  -11.414  66.369 0.0000000000
60965  51.852  -10.821  66.094 0.0000000000
60066  51.663  -11.513  65.935 0.0000000000
60081  49.477  -11.789  64.393 0.0000000000
60090  49.980  -11.264  63.995 0.0000000000
61010  50.362  -10.773  63.545 0.0000000000
60101  49.556  -11.090  63.277 0.0000000000
123017  33.327  -23.270  75.381 0.0000000000
54101  33.682  -17.822  74.026 0.0000000000
55050  34.706  -17.142  72.307 0.0000000000
56059  37.797  -15.815  71.449 0.0000000000
56075  37.041  -16.266  70.890 0.0000000000
56074  37.840  -15.848  70.467 0.0000000000
56058  38.612  -15.414  71.015 0.0000000000
57040  39.358  -15.011  71.210 0.0000000000
133961  38.979  -15.216  71.577 0.0000000000
56996  39.441  -15.057  74.161 0.0000000000
56995  39.992  -14.749  73.790 0.0000000000
56994  40.729  -14.665  74.235 0.0000000000
115883  41.359  -14.724  74.354 0.0000000000
56981  40.867  -14.963  74.919 0.0000000000
55984  38.539  -15.988  76.936 0.0000000000
122392  39.088  -15.707  76.402 0.0000000000
55983  39.199  -15.942  76.640 0.0000000000
54081  41.088  -16.656  75.268 0.0000000000
55004  40.564  -16.024  75.763 0.0000000000
55021  41.613  -16.294  74.928 0.0000000000
56014  41.565  -15.527  74.900 0.0000000000
54096  42.059  -16.888  74.450 0.0000000000
54110  42.336  -17.566  73.850 0.0000000000
52179  42.442  -18.650  72.801 0.0000000000
118740  36.228  -20.924  75.772 0.0000000000
130557  36.409  -20.207  76.353 0.0000000000
134429  36.107  -20.518  74.881 0.0000000000
34231  23.364  -38.698  76.557 0.0000000000
57038  40.628  -14.428  70.902 0.0000000000
34245  30.703  -38.617  75.954 0.0000000000
34225  31.162  -38.010  76.369 0.0000000000
34244  31.420  -38.492  75.592 0.0000000000
34243  32.081  -38.266  75.199 0.0000000000
66491  51.979  -4.787  61.875 0.0000000000
65615  52.368  -5.520  62.422 0.0000000000
65616  51.696  -5.352  62.155 0.0000000000
64712  51.808  -6.124  62.793 0.0000000000
59100  49.094  -12.099  67.930 0.0000000000
59099  50.670  -12.580  67.961 0.0000000000
57068  50.452  -13.959  68.232 0.0000000000
50408  34.831  -21.861  78.598 0.0000000000
50409  34.391  -21.676  78.422 0.0000000000
124842  34.736  -21.127  78.508 0.0000000000
51232  34.283  -20.231  78.173 0.0000000000
52115  34.080  -19.526  77.780 0.0000000000
53096  34.119  -18.929  77.428 0.0000000000
124876  34.918  -18.954  78.120 0.0000000000
54041  35.328  -18.377  77.905 0.0000000000
54040  35.984  -17.846  78.013 0.0000000000
134024  36.526  -17.373  77.758 0.0000000000
54039  36.599  -17.538  77.814 0.0000000000
53094  36.464  -18.333  77.840 0.0000000000
34217  26.599  -37.742  77.228 0.0000000000
34216  27.431  -37.798  77.285 0.0000000000
34215  28.033  -38.338  76.975 0.0000000000
34227  28.838  -38.277  76.801 0.0000000000
57083  42.388  -14.555  67.147 0.0000000000
57082  43.231  -14.277  66.832 0.0000000000
58155  43.943  -13.699  67.442 0.0000000000
58173  44.761  -13.156  67.427 0.0000000000
59083  45.184  -12.774  68.958 0.0000000000
135010  46.286  -13.004  69.008 0.0000000000
58120  45.615  -13.064  69.557 0.0000000000
58088  43.615  -13.932  72.414 0.0000000000
57020  43.884  -14.116  72.213 0.0000000000
56057  43.751  -14.885  72.126 0.0000000000
54130  43.569  -16.985  71.551 0.0000000000
54131  43.198  -16.915  72.500 0.0000000000
54122  43.020  -17.775  72.751 0.0000000000
135125  34.457  -30.292  76.407 0.0000000000
42432  34.381  -29.729  76.439 0.0000000000
41325  34.811  -30.266  76.499 0.0000000000
41313  35.251  -29.620  76.565 0.0000000000
43450  35.611  -28.944  76.541 0.0000000000
129094  37.391  -27.840  75.440 0.0000000000
45467  37.331  -25.923  76.602 0.0000000000
47648  36.894  -24.805  77.463 0.0000000000
46538  37.335  -25.398  76.639 0.0000000000
46549  37.346  -25.024  76.293 0.0000000000
36810  31.695  -35.665  75.715 0.0000000000
37727  32.013  -34.758  75.399 0.0000000000
39472  31.781  -32.866  74.473 0.0000000000
39458  32.820  -32.244  75.036 0.0000000000
123959  34.342  -33.125  76.109 0.0000000000
65640  56.063  -4.887  59.656 0.0000000000
64737  55.657  -5.536  59.397 0.0000000000
64754  54.255  -6.647  59.198 0.0000000000
62934  52.212  -8.541  61.944 0.0000000000
60997  47.844  -10.455  64.742 0.0000000000
61011  47.319  -10.443  63.946 0.0000000000
61941  48.231  -9.997  64.273 0.0000000000
61971  48.448  -9.208  62.962 0.0000000000
62903  49.257  -8.828  63.370 0.0000000000
62902  50.038  -8.441  63.730 0.0000000000
62901  50.782  -8.099  64.077 0.0000000000
125467  51.506  -9.125  65.086 0.0000000000
61925  51.894  -9.640  65.326 0.0000000000
59130  50.596  -12.526  66.185 0.0000000000
60067  51.165  -11.899  65.758 0.0000000000
59138  50.061  -12.164  65.267 0.0000000000
59139  48.947  -12.383  64.809 0.0000000000
45477  33.867  -26.728  76.197 0.0000000000
117974  32.133  -20.981  75.062 0.0000000000
50461  32.490  -21.812  74.910 0.0000000000
50462  32.169  -21.335  74.254 0.0000000000
51289  31.869  -20.813  73.575 0.0000000000
55024  34.921  -17.126  74.870 0.0000000000
55025  34.362  -17.300  74.103 0.0000000000
124022  35.011  -16.965  74.118 0.0000000000
55049  35.508  -16.793  72.785 0.0000000000
55064  36.279  -16.504  72.323 0.0000000000
55074  36.260  -16.598  71.375 0.0000000000
56044  37.033  -16.125  72.825 0.0000000000
56043  37.732  -15.774  72.404 0.0000000000
56015  38.592  -15.337  73.951 0.0000000000
56983  39.215  -15.214  74.919 0.0000000000
54083  39.184  -16.935  76.445 0.0000000000
54066  39.399  -16.294  76.556 0.0000000000
54082  39.991  -16.873  75.907 0.0000000000
117069  40.632  -16.960  75.475 0.0000000000
54097  41.499  -17.357  74.746 0.0000000000
54111  41.944  -17.658  74.312 0.0000000000
53133  41.468  -17.863  74.447 0.0000000000
35062  25.196  -36.776  77.314 0.0000000000
35076  25.604  -37.802  76.851 0.0000000000
32572  25.270  -40.408  75.789 0.0000000000
32586  24.939  -40.938  75.633 0.0000000000
129804  43.629  -13.389  69.804 0.0000000000
58122  44.299  -13.033  69.864 0.0000000000
58110  43.758  -13.321  70.664 0.0000000000
116667  43.454  -13.500  71.357 0.0000000000
58101  43.541  -13.635  71.955 0.0000000000
58089  43.184  -13.878  72.644 0.0000000000
56991  43.129  -14.271  73.022 0.0000000000
56992  42.630  -14.678  73.628 0.0000000000
41323  36.442  -30.918  75.807 0.0000000000
35925  29.112  -36.757  76.296 0.0000000000
36789  31.190  -36.482  76.134 0.0000000000
124419  31.148  -37.383  76.478 0.0000000000
35910  31.587  -36.872  76.326 0.0000000000
37709  33.311  -34.979  76.004 0.0000000000
37708  33.942  -34.677  76.034 0.0000000000
36787  33.668  -35.445  76.014 0.0000000000
36809  34.003  -35.911  75.844 0.0000000000
35922  34.269  -36.333  75.269 0.0000000000
66497  54.266  -4.756  61.264 0.0000000000
65622  54.235  -5.570  61.368 0.0000000000
64728  53.909  -6.446  61.159 0.0000000000
63847  53.452  -6.770  61.935 0.0000000000
63848  53.150  -7.447  61.913 0.0000000000
62933  52.780  -8.057  62.414 0.0000000000
62915  52.468  -8.600  62.898 0.0000000000
61969  52.196  -9.122  63.246 0.0000000000
60083  45.960  -11.708  64.665 0.0000000000
60082  46.646  -11.403  64.987 0.0000000000
60054  47.921  -11.307  66.990 0.0000000000
60068  47.735  -11.170  66.295 0.0000000000
60981  47.950  -10.731  65.601 0.0000000000
60980  48.856  -10.410  65.905 0.0000000000
60979  49.837  -10.226  66.045 0.0000000000
61914  50.848  -10.113  66.052 0.0000000000
60052  51.595  -11.325  66.536 0.0000000000
59116  51.550  -11.913  66.701 0.0000000000
59098  51.089  -12.626  67.567 0.0000000000
59117  51.272  -12.434  67.142 0.0000000000
58180  49.099  -13.487  66.215 0.0000000000
47650  34.647  -24.538  77.702 0.0000000000
47651  34.246  -24.069  77.382 0.0000000000
49549  33.308  -22.650  76.660 0.0000000000
50439  33.128  -21.969  76.967 0.0000000000
50425  33.712  -21.805  77.866 0.0000000000
50440  32.724  -21.282  76.420 0.0000000000
51258  32.378  -20.608  75.859 0.0000000000
51269  32.086  -20.059  75.192 0.0000000000
53138  32.344  -18.995  74.523 0.0000000000
53153  32.334  -18.725  73.800 0.0000000000
54102  32.932  -18.584  74.577 0.0000000000
111769  33.593  -18.109  74.808 0.0000000000
54084  34.071  -17.965  75.562 0.0000000000
54056  34.366  -18.459  77.138 0.0000000000
124726  34.454  -17.809  76.191 0.0000000000
55008  34.770  -17.411  75.745 0.0000000000
55007  35.670  -16.783  75.787 0.0000000000
56002  37.391  -15.968  76.169 0.0000000000
55985  37.925  -15.845  76.867 0.0000000000
54051  38.084  -16.454  77.262 0.0000000000
131394  37.240  -17.070  77.752 0.0000000000
54067  38.581  -16.542  77.049 0.0000000000
53120  38.730  -17.457  75.994 0.0000000000
133736  28.058  -36.353  75.317 0.0000000000
35894  26.613  -36.611  77.460 0.0000000000
36791  27.093  -36.251  76.609 0.0000000000
36790  28.077  -36.580  76.244 0.0000000000
35075  29.671  -37.634  76.745 0.0000000000
33397  29.958  -38.691  76.178 0.0000000000
135168  45.604  -12.482  66.239 0.0000000000
59119  46.430  -12.087  67.140 0.0000000000
59102  46.803  -12.026  68.079 0.0000000000
118248  47.363  -12.134  68.196 0.0000000000
59080  47.975  -12.710  68.410 0.0000000000
57070  49.295  -14.257  68.668 0.0000000000
122407  48.112  -15.096  68.772 0.0000000000
56072  44.635  -14.126  70.930 0.0000000000
43470  33.361  -28.559  74.733 0.0000000000
44492  33.653  -27.582  75.859 0.0000000000
44482  34.031  -27.509  76.571 0.0000000000
45468  34.319  -26.626  76.766 0.0000000000
46530  34.736  -25.310  77.438 0.0000000000
42430  36.441  -30.041  75.850 0.0000000000
43449  36.180  -28.674  76.342 0.0000000000
43436  35.768  -27.956  76.857 0.0000000000
128553  37.085  -27.530  75.909 0.0000000000
44481  36.534  -27.687  76.428 0.0000000000
44472  35.562  -26.994  77.240 0.0000000000
45459  35.302  -26.225  77.483 0.0000000000
129330  35.088  -25.588  77.637 0.0000000000
46522  35.122  -24.884  78.030 0.0000000000
47634  35.456  -24.303  78.407 0.0000000000
48625  35.184  -23.564  78.503 0.0000000000
47649  36.516  -24.640  78.029 0.0000000000
48623  36.345  -24.027  78.307 0.0000000000
125139  35.538  -23.072  78.653 0.0000000000
134783  35.927  -22.684  78.630 0.0000000000
49521  35.994  -21.951  78.448 0.0000000000
50424  36.225  -21.378  78.023 0.0000000000
114390  36.417  -21.300  77.384 0.0000000000
50448  36.428  -21.690  76.508 0.0000000000
113868  36.364  -22.076  75.673 0.0000000000
48662  36.799  -23.595  75.133 0.0000000000
49562  36.410  -22.616  74.800 0.0000000000
36824  29.477  -35.407  74.334 0.0000000000
37742  30.640  -34.604  74.464 0.0000000000
42456  33.099  -30.053  74.602 0.0000000000
122359  33.822  -30.399  76.015 0.0000000000
40365  33.800  -31.758  75.880 0.0000000000
41337  34.040  -30.993  76.156 0.0000000000
41326  34.521  -30.932  76.346 0.0000000000
40360  35.620  -31.796  76.277 0.0000000000
40359  36.165  -31.705  76.035 0.0000000000
37707  34.517  -34.331  75.965 0.0000000000
37706  35.106  -33.988  75.896 0.0000000000
38614  35.574  -33.747  75.703 0.0000000000
38599  35.485  -33.258  75.968 0.0000000000
38598  35.855  -32.725  76.019 0.0000000000
34219  22.090  -38.319  77.968 0.0000000000
64782  54.855  -6.173  57.076 0.0000000000
64698  51.449  -6.919  63.335 0.0000000000
63819  51.788  -7.554  63.960 0.0000000000
63807  51.416  -7.933  64.240 0.0000000000
63818  52.395  -7.883  63.973 0.0000000000
62900  52.450  -8.661  64.046 0.0000000000
61913  51.337  -9.851  66.080 0.0000000000
60978  51.987  -10.300  65.522 0.0000000000
60994  52.060  -10.350  65.237 0.0000000000
60079  51.642  -11.176  65.366 0.0000000000
133137  52.002  -11.040  65.069 0.0000000000
60995  51.877  -10.584  64.893 0.0000000000
61009  51.380  -10.393  63.956 0.0000000000
56094  38.793  -15.306  68.493 0.0000000000
129412  33.620  -23.580  76.147 0.0000000000
47672  33.612  -23.965  74.889 0.0000000000
55087  36.171  -16.718  70.296 0.0000000000
56082  37.883  -15.802  69.528 0.0000000000
56081  38.588  -15.403  69.217 0.0000000000
57058  39.045  -15.189  69.666 0.0000000000
129756  39.183  -15.120  70.369 0.0000000000
57039  39.820  -14.722  70.658 0.0000000000
57023  40.148  -14.586  71.697 0.0000000000
57007  40.027  -14.663  72.787 0.0000000000
114698  41.014  -14.354  72.662 0.0000000000
57006  41.362  -14.457  73.685 0.0000000000
56993  42.022  -14.609  73.904 0.0000000000
56000  38.804  -15.442  75.703 0.0000000000
56968  39.609  -15.448  75.637 0.0000000000
56967  40.304  -15.415  75.446 0.0000000000
54987  39.963  -15.941  76.205 0.0000000000
55998  40.398  -15.724  75.696 0.0000000000
55997  40.935  -15.401  75.205 0.0000000000
56013  42.140  -15.096  74.349 0.0000000000
56028  42.614  -15.351  73.937 0.0000000000
55033  42.519  -16.540  73.876 0.0000000000
54109  42.682  -17.594  73.344 0.0000000000
53146  42.844  -18.239  72.829 0.0000000000
127898  42.287  -18.109  73.630 0.0000000000
51256  36.436  -20.219  77.187 0.0000000000
52143  36.586  -19.278  76.636 0.0000000000
120921  36.668  -18.917  75.760 0.0000000000
51276  36.204  -19.806  74.370 0.0000000000
129137  37.099  -18.495  75.534 0.0000000000
53137  37.501  -18.296  74.859 0.0000000000
35909  32.515  -36.672  76.136 0.0000000000
35927  34.311  -36.551  74.440 0.0000000000
37724  35.374  -34.422  75.539 0.0000000000
42420  34.417  -28.893  76.556 0.0000000000
46528  37.101  -25.348  77.166 0.0000000000
47635  34.912  -24.096  78.146 0.0000000000
47655  37.204  -25.000  76.984 0.0000000000
48624  35.791  -23.830  78.624 0.0000000000
48657  33.344  -23.016  76.183 0.0000000000
49522  35.365  -22.302  78.658 0.0000000000
50450  32.451  -21.421  75.606 0.0000000000
51229  35.654  -20.086  78.352 0.0000000000
51231  34.754  -20.234  78.417 0.0000000000
51290  31.704  -19.865  73.715 0.0000000000
52102  35.009  -19.416  78.371 0.0000000000
53083  35.404  -18.681  78.151 0.0000000000
53084  34.534  -19.107  77.920 0.0000000000
53095  34.727  -18.676  77.737 0.0000000000
53108  33.322  -18.729  76.210 0.0000000000
54052  37.708  -16.906  77.536 0.0000000000
54070  33.999  -18.317  76.316 0.0000000000
54098  41.063  -17.410  74.974 0.0000000000
54974  37.988  -16.319  77.208 0.0000000000
54976  36.987  -16.672  77.486 0.0000000000
54991  34.935  -17.575  76.480 0.0000000000
55986  37.038  -16.247  76.759 0.0000000000
56029  38.341  -15.451  72.952 0.0000000000
58109  44.839  -13.205  70.745 0.0000000000
58172  49.952  -13.903  67.137 0.0000000000
61970  51.667  -9.394  62.769 0.0000000000
120784  36.150  -23.324  78.538 0.0000000000
126028  34.449  -20.858  78.368 0.0000000000
127865  36.433  -29.243  75.933 0.0000000000
127991  33.295  -18.232  74.271 0.0000000000
129033  36.341  -22.756  78.184 0.0000000000
130666  53.268  -7.069  62.363 0.0000000000
132913  27.811  -37.908  77.236 0.0000000000
132964  43.036  -13.650  72.295 0.0000000000
133804  39.340  -15.104  68.464 0.0000000000
