#!ascii label  , from subject sub-v2s10x28985_ses-1 vox2ras=TkReg
1596
35043  7.584  -37.927  79.311 0.0000000000
60157  39.608  -11.633  57.308 0.0000000000
123881  24.671  -32.842  70.097 0.0000000000
43479  32.916  -28.849  73.219 0.0000000000
41399  16.699  -30.294  72.022 0.0000000000
116503  14.615  -33.397  79.882 0.0000000000
68458  51.475  -2.515  51.536 0.0000000000
65626  49.999  -5.344  61.216 0.0000000000
52242  29.934  -19.106  67.079 0.0000000000
73296  54.686  2.367  43.624 0.0000000000
37730  24.139  -34.592  75.862 0.0000000000
36762  10.637  -35.708  79.720 0.0000000000
65684  51.197  -5.448  56.473 0.0000000000
135448  45.088  -6.691  55.451 0.0000000000
57160  40.144  -14.273  62.709 0.0000000000
60084  45.237  -12.057  64.250 0.0000000000
125760  35.602  -16.571  61.837 0.0000000000
45562  28.842  -26.751  68.151 0.0000000000
132147  28.669  -31.343  71.708 0.0000000000
38606  20.315  -33.917  76.236 0.0000000000
36760  18.829  -35.485  80.219 0.0000000000
40369  15.242  -31.902  75.092 0.0000000000
38624  11.857  -34.017  74.573 0.0000000000
39519  20.532  -32.428  71.155 0.0000000000
115167  56.718  -1.633  51.025 0.0000000000
68396  57.228  -2.045  57.034 0.0000000000
62014  45.418  -9.029  59.390 0.0000000000
113028  33.533  -17.391  68.163 0.0000000000
48685  32.888  -23.309  70.124 0.0000000000
69505  52.824  -1.437  46.561 0.0000000000
119525  58.085  -1.739  45.754 0.0000000000
126814  61.202  -0.112  41.318 0.0000000000
124482  23.062  -36.735  76.531 0.0000000000
35881  8.704  -37.048  79.524 0.0000000000
35856  9.836  -36.623  82.702 0.0000000000
34167  8.432  -38.419  83.100 0.0000000000
112537  45.784  -5.933  53.532 0.0000000000
57125  39.723  -15.297  65.639 0.0000000000
57103  42.586  -14.561  66.120 0.0000000000
32537  3.640  -40.627  82.145 0.0000000000
56216  35.281  -15.249  58.880 0.0000000000
40461  24.903  -31.023  68.962 0.0000000000
42537  26.951  -29.887  69.674 0.0000000000
39528  26.883  -32.011  70.845 0.0000000000
40388  18.170  -31.858  73.320 0.0000000000
121893  17.408  -32.494  75.576 0.0000000000
40390  15.956  -31.255  73.857 0.0000000000
40418  18.818  -31.058  71.359 0.0000000000
39489  20.041  -32.885  73.364 0.0000000000
119219  16.682  -33.919  80.365 0.0000000000
69427  53.484  -1.818  51.274 0.0000000000
128433  57.205  -2.136  54.166 0.0000000000
135449  54.141  -3.446  54.161 0.0000000000
118698  50.471  -4.381  59.148 0.0000000000
67420  53.493  -3.252  59.192 0.0000000000
62079  39.610  -9.472  55.460 0.0000000000
62997  42.314  -7.938  57.022 0.0000000000
61077  42.809  -10.325  58.720 0.0000000000
55166  29.683  -17.065  64.639 0.0000000000
55163  32.275  -16.913  64.597 0.0000000000
55120  30.753  -17.117  67.480 0.0000000000
44547  30.725  -27.510  70.640 0.0000000000
46622  30.907  -24.992  68.855 0.0000000000
45517  33.281  -26.411  72.158 0.0000000000
69457  49.183  -2.258  49.502 0.0000000000
70438  50.122  -0.779  47.114 0.0000000000
69472  51.751  -1.478  48.995 0.0000000000
69469  54.408  -1.440  48.878 0.0000000000
72436  58.848  1.360  40.288 0.0000000000
70508  57.823  -0.151  41.695 0.0000000000
126013  59.825  -1.340  43.435 0.0000000000
70471  56.142  -0.637  43.110 0.0000000000
38655  23.900  -34.597  72.965 0.0000000000
37763  26.998  -34.719  72.320 0.0000000000
36815  26.501  -35.696  76.042 0.0000000000
37684  12.549  -34.297  79.888 0.0000000000
37662  13.864  -34.394  83.025 0.0000000000
36740  11.777  -35.350  83.077 0.0000000000
67508  48.368  -3.475  51.218 0.0000000000
67469  51.538  -4.168  53.933 0.0000000000
66590  48.176  -5.024  53.536 0.0000000000
65687  48.241  -6.372  56.111 0.0000000000
65656  47.365  -5.534  59.014 0.0000000000
59188  39.831  -12.806  60.350 0.0000000000
60118  42.398  -11.591  61.018 0.0000000000
58197  42.683  -13.420  63.510 0.0000000000
51382  29.498  -21.013  65.193 0.0000000000
118715  33.678  -26.723  75.153 0.0000000000
34200  5.541  -38.733  79.149 0.0000000000
33354  7.245  -39.398  81.550 0.0000000000
32535  5.229  -40.712  81.416 0.0000000000
59229  37.446  -12.765  56.227 0.0000000000
57191  37.663  -14.360  59.516 0.0000000000
56171  37.561  -15.408  61.812 0.0000000000
129295  37.219  -15.987  64.930 0.0000000000
44605  26.763  -27.775  67.286 0.0000000000
43517  28.713  -28.649  70.146 0.0000000000
42480  30.781  -29.867  72.182 0.0000000000
38642  29.048  -33.526  72.794 0.0000000000
39473  31.008  -33.084  73.965 0.0000000000
35918  20.653  -35.756  76.826 0.0000000000
35049  21.176  -37.559  79.145 0.0000000000
36777  19.348  -35.132  77.346 0.0000000000
38591  17.237  -33.528  77.681 0.0000000000
39438  14.976  -32.681  77.359 0.0000000000
40393  14.462  -31.466  73.326 0.0000000000
39451  14.035  -32.741  75.653 0.0000000000
38594  13.025  -33.640  77.520 0.0000000000
37701  11.782  -34.719  77.100 0.0000000000
36781  9.834  -35.971  77.340 0.0000000000
35919  8.017  -36.332  76.756 0.0000000000
112617  22.934  -31.465  68.122 0.0000000000
40465  20.579  -31.534  68.485 0.0000000000
39517  22.136  -33.458  70.982 0.0000000000
38645  21.892  -33.986  73.493 0.0000000000
38604  21.823  -34.261  75.970 0.0000000000
67456  58.451  -3.347  56.183 0.0000000000
67444  54.046  -3.785  56.739 0.0000000000
64799  42.149  -7.440  55.121 0.0000000000
64773  44.643  -6.722  57.771 0.0000000000
63861  47.232  -6.751  60.238 0.0000000000
61040  44.813  -10.668  61.399 0.0000000000
61972  47.652  -9.516  62.538 0.0000000000
55223  32.300  -17.193  61.429 0.0000000000
119009  34.828  -17.259  65.108 0.0000000000
126843  36.583  -16.441  68.573 0.0000000000
116266  30.523  -23.177  66.825 0.0000000000
50500  31.417  -20.672  67.899 0.0000000000
117456  33.612  -24.213  74.108 0.0000000000
50483  32.206  -21.132  71.519 0.0000000000
52206  31.325  -19.152  70.398 0.0000000000
54132  32.429  -17.754  70.952 0.0000000000
55065  35.514  -16.896  71.873 0.0000000000
70456  53.618  -0.553  44.468 0.0000000000
124699  55.208  -1.754  45.835 0.0000000000
113481  58.534  -1.446  48.524 0.0000000000
35078  23.607  -37.689  76.439 0.0000000000
35042  8.226  -37.551  79.824 0.0000000000
35017  8.544  -37.547  81.728 0.0000000000
35018  7.966  -38.078  81.210 0.0000000000
57086  39.649  -15.154  67.367 0.0000000000
57085  40.424  -14.845  67.689 0.0000000000
125334  2.072  -38.203  82.186 0.0000000000
40445  24.591  -31.760  69.278 0.0000000000
40444  25.365  -31.448  69.561 0.0000000000
39530  25.383  -32.782  70.359 0.0000000000
41381  17.275  -30.777  72.445 0.0000000000
40389  16.783  -31.385  73.703 0.0000000000
41382  16.484  -30.629  72.606 0.0000000000
41425  17.536  -29.559  70.164 0.0000000000
41398  17.442  -30.315  71.668 0.0000000000
40404  18.050  -31.287  72.588 0.0000000000
133651  15.835  -33.554  80.598 0.0000000000
38559  15.646  -33.886  81.969 0.0000000000
68457  52.248  -2.360  51.671 0.0000000000
68442  54.300  -2.517  52.530 0.0000000000
68433  53.051  -2.921  52.855 0.0000000000
66512  50.044  -4.526  60.346 0.0000000000
66511  51.255  -4.034  60.531 0.0000000000
61099  39.733  -10.654  56.173 0.0000000000
62050  40.989  -9.890  57.071 0.0000000000
61079  40.859  -11.064  58.031 0.0000000000
52253  29.254  -18.828  65.892 0.0000000000
53247  29.319  -18.148  65.845 0.0000000000
54165  30.174  -17.099  66.282 0.0000000000
54158  30.378  -17.725  67.492 0.0000000000
43502  31.940  -28.073  71.752 0.0000000000
114507  32.466  -26.940  71.431 0.0000000000
44522  33.121  -27.546  72.536 0.0000000000
68469  50.336  -2.441  50.635 0.0000000000
69456  50.564  -1.803  49.401 0.0000000000
69440  51.651  -1.877  50.330 0.0000000000
69438  53.112  -1.656  50.718 0.0000000000
73322  56.671  2.018  41.376 0.0000000000
71461  56.160  0.672  42.154 0.0000000000
70492  56.480  -0.205  42.462 0.0000000000
124222  55.023  0.130  43.262 0.0000000000
38643  23.839  -34.620  74.040 0.0000000000
113435  25.201  -35.196  74.536 0.0000000000
37729  25.035  -34.932  75.653 0.0000000000
119404  11.332  -35.294  80.282 0.0000000000
37670  12.169  -34.710  81.591 0.0000000000
121400  11.398  -35.251  81.220 0.0000000000
34997  9.889  -37.461  83.812 0.0000000000
34996  10.657  -37.124  84.091 0.0000000000
67509  47.481  -4.032  51.538 0.0000000000
66601  48.937  -4.139  52.579 0.0000000000
67494  47.475  -4.492  52.317 0.0000000000
65713  45.728  -6.312  54.460 0.0000000000
65702  47.288  -5.953  54.749 0.0000000000
65688  46.832  -6.339  55.633 0.0000000000
64769  48.121  -6.472  57.204 0.0000000000
64771  46.184  -6.469  57.551 0.0000000000
133649  39.903  -13.494  61.574 0.0000000000
58211  40.965  -13.120  62.029 0.0000000000
116287  40.899  -13.754  62.587 0.0000000000
68472  47.913  -3.095  50.264 0.0000000000
33364  5.419  -39.690  80.214 0.0000000000
125542  4.680  -39.565  80.177 0.0000000000
118489  36.078  -13.528  56.343 0.0000000000
58237  37.608  -13.718  58.173 0.0000000000
58248  36.169  -13.962  57.176 0.0000000000
56187  35.093  -15.992  60.011 0.0000000000
56185  36.674  -15.458  60.601 0.0000000000
55199  36.209  -16.174  61.710 0.0000000000
56154  37.601  -15.768  63.609 0.0000000000
117824  35.942  -16.700  63.613 0.0000000000
43597  26.039  -28.104  66.995 0.0000000000
41409  27.404  -30.294  70.318 0.0000000000
42515  27.668  -29.536  70.022 0.0000000000
42497  28.648  -29.686  70.863 0.0000000000
43505  29.753  -28.937  71.114 0.0000000000
41392  29.975  -30.231  72.009 0.0000000000
36834  27.927  -35.661  73.743 0.0000000000
37762  27.902  -34.514  72.527 0.0000000000
36833  28.762  -35.236  73.663 0.0000000000
37741  31.404  -34.273  74.785 0.0000000000
40375  31.839  -32.074  74.091 0.0000000000
37716  20.569  -34.169  76.440 0.0000000000
36776  20.005  -35.437  77.101 0.0000000000
37717  19.863  -33.951  76.492 0.0000000000
40367  16.580  -32.149  75.386 0.0000000000
39447  17.220  -32.744  76.363 0.0000000000
39448  16.458  -32.605  76.596 0.0000000000
39428  15.910  -32.965  78.057 0.0000000000
39449  15.653  -32.536  76.770 0.0000000000
41385  14.498  -30.969  72.575 0.0000000000
38635  11.875  -33.460  73.546 0.0000000000
39479  13.046  -32.914  73.648 0.0000000000
38623  12.702  -33.657  75.176 0.0000000000
120848  13.873  -33.008  76.442 0.0000000000
38610  12.683  -33.862  76.000 0.0000000000
37691  12.392  -34.292  77.773 0.0000000000
37720  11.631  -34.633  76.091 0.0000000000
124183  9.056  -36.190  76.900 0.0000000000
125723  23.029  -31.031  67.625 0.0000000000
40482  22.374  -31.264  67.567 0.0000000000
40430  19.790  -31.518  70.266 0.0000000000
40448  20.335  -31.723  69.439 0.0000000000
39544  21.831  -32.546  69.569 0.0000000000
39534  20.964  -32.553  70.598 0.0000000000
38673  21.736  -33.641  71.917 0.0000000000
39503  20.991  -33.229  72.256 0.0000000000
39460  20.344  -33.415  74.902 0.0000000000
38634  21.168  -33.612  74.546 0.0000000000
38605  21.092  -34.155  76.153 0.0000000000
37715  21.314  -34.495  76.480 0.0000000000
35879  20.129  -36.571  79.913 0.0000000000
32518  6.899  -41.306  83.200 0.0000000000
33340  8.180  -39.979  83.618 0.0000000000
69408  59.229  -1.533  52.710 0.0000000000
115962  57.441  -1.842  55.789 0.0000000000
68410  58.226  -1.849  55.808 0.0000000000
68395  57.889  -2.430  56.982 0.0000000000
66537  57.799  -3.498  57.303 0.0000000000
111616  51.146  -4.723  54.600 0.0000000000
129886  52.783  -4.445  55.232 0.0000000000
120010  52.494  -4.697  57.031 0.0000000000
67408  54.881  -3.198  59.830 0.0000000000
62979  43.524  -8.614  58.436 0.0000000000
63894  43.050  -7.703  57.463 0.0000000000
63879  44.623  -7.458  58.855 0.0000000000
64740  46.061  -6.378  59.420 0.0000000000
122498  46.293  -7.835  59.655 0.0000000000
60106  43.942  -11.682  62.378 0.0000000000
60117  43.589  -11.389  61.662 0.0000000000
60105  44.752  -11.390  62.708 0.0000000000
55224  31.431  -17.159  61.530 0.0000000000
55133  32.654  -17.045  66.711 0.0000000000
119545  33.103  -17.084  64.743 0.0000000000
55131  34.535  -17.319  66.714 0.0000000000
55130  35.467  -17.111  66.854 0.0000000000
115154  35.223  -17.180  68.109 0.0000000000
45601  28.236  -26.199  66.668 0.0000000000
46642  28.933  -25.819  66.980 0.0000000000
47720  31.866  -24.362  69.483 0.0000000000
47733  30.710  -24.521  68.164 0.0000000000
48698  31.724  -22.921  68.385 0.0000000000
49603  31.492  -22.277  67.733 0.0000000000
50493  32.473  -21.902  69.163 0.0000000000
120265  33.721  -25.842  74.509 0.0000000000
51298  31.629  -20.193  72.871 0.0000000000
51315  31.793  -19.855  70.566 0.0000000000
52194  31.349  -19.107  72.042 0.0000000000
53188  31.463  -18.503  70.942 0.0000000000
54125  31.979  -18.174  72.288 0.0000000000
69490  51.520  -1.292  47.347 0.0000000000
70447  53.171  -1.025  45.133 0.0000000000
69535  54.036  -1.189  44.847 0.0000000000
69504  53.643  -1.579  46.499 0.0000000000
132949  55.443  -1.490  50.008 0.0000000000
112272  56.355  -1.466  48.829 0.0000000000
69451  57.841  -1.503  49.714 0.0000000000
112274  58.744  -1.441  49.218 0.0000000000
71492  59.786  0.736  40.362 0.0000000000
69530  59.011  -1.555  44.466 0.0000000000
119527  60.709  -1.291  45.877 0.0000000000
69498  60.065  -1.331  46.640 0.0000000000
37696  23.676  -34.960  76.905 0.0000000000
112152  25.140  -35.781  77.489 0.0000000000
35915  24.202  -36.705  76.880 0.0000000000
117267  9.893  -36.162  80.185 0.0000000000
36750  10.128  -36.091  81.258 0.0000000000
123901  9.541  -36.462  80.922 0.0000000000
35006  9.432  -37.195  83.121 0.0000000000
34159  8.929  -38.606  83.785 0.0000000000
128948  44.173  -6.133  52.671 0.0000000000
64806  44.451  -6.651  54.102 0.0000000000
57139  39.843  -15.230  64.555 0.0000000000
57138  40.804  -14.950  64.193 0.0000000000
112867  41.173  -15.077  65.917 0.0000000000
57084  41.421  -14.691  67.451 0.0000000000
118482  3.965  -39.646  80.757 0.0000000000
34169  3.122  -39.308  81.471 0.0000000000
33350  2.259  -39.859  82.668 0.0000000000
57220  34.796  -14.740  57.369 0.0000000000
55244  34.225  -16.410  60.005 0.0000000000
42569  26.072  -29.104  68.088 0.0000000000
111998  25.849  -30.138  68.910 0.0000000000
111583  26.726  -30.645  70.048 0.0000000000
40415  27.715  -31.492  71.134 0.0000000000
39476  18.668  -32.638  74.636 0.0000000000
39446  18.882  -33.248  75.769 0.0000000000
39477  17.786  -32.383  74.822 0.0000000000
40377  16.444  -31.684  74.599 0.0000000000
40378  15.630  -31.562  74.527 0.0000000000
37732  10.927  -34.384  74.579 0.0000000000
37746  10.201  -34.106  73.985 0.0000000000
40431  19.051  -30.858  70.399 0.0000000000
114595  19.393  -31.393  70.955 0.0000000000
39504  20.309  -32.794  72.521 0.0000000000
39505  19.513  -32.326  72.704 0.0000000000
39490  19.385  -32.580  73.601 0.0000000000
113336  17.777  -34.691  80.248 0.0000000000
69425  55.342  -1.829  51.499 0.0000000000
69410  56.899  -2.034  52.545 0.0000000000
68441  55.400  -2.560  53.015 0.0000000000
68431  55.345  -2.871  53.921 0.0000000000
67457  55.834  -2.641  55.684 0.0000000000
65668  50.418  -5.316  58.004 0.0000000000
66527  52.064  -4.071  58.676 0.0000000000
67422  51.855  -3.727  59.510 0.0000000000
67392  52.706  -3.829  61.103 0.0000000000
63005  41.299  -8.048  55.839 0.0000000000
62999  41.000  -8.715  56.052 0.0000000000
62048  42.281  -9.101  57.881 0.0000000000
62016  44.045  -9.702  59.007 0.0000000000
60083  45.960  -11.708  64.665 0.0000000000
113165  30.237  -16.971  63.079 0.0000000000
113536  31.121  -16.895  63.415 0.0000000000
55165  30.398  -16.818  64.743 0.0000000000
120809  31.462  -16.830  66.109 0.0000000000
55118  32.196  -16.969  67.417 0.0000000000
44559  30.213  -27.033  69.916 0.0000000000
45560  30.157  -26.035  68.808 0.0000000000
45531  30.996  -26.636  70.217 0.0000000000
46601  32.313  -25.571  70.558 0.0000000000
46588  33.239  -24.830  71.324 0.0000000000
69475  48.544  -1.528  48.407 0.0000000000
70440  48.485  -0.405  47.457 0.0000000000
69474  49.398  -1.547  48.431 0.0000000000
112024  51.244  -1.407  48.298 0.0000000000
113475  52.096  -1.404  48.215 0.0000000000
113477  53.874  -1.450  48.123 0.0000000000
69470  53.498  -1.413  48.970 0.0000000000
135047  54.469  -1.480  50.116 0.0000000000
73321  57.524  2.395  40.868 0.0000000000
71493  58.227  0.827  40.765 0.0000000000
126791  59.584  -0.311  41.473 0.0000000000
70506  60.620  -0.501  41.899 0.0000000000
70490  58.419  -0.754  42.191 0.0000000000
69552  57.622  -1.410  43.547 0.0000000000
131891  57.231  -1.593  44.074 0.0000000000
38670  24.476  -34.163  71.394 0.0000000000
37773  25.864  -34.162  71.587 0.0000000000
37765  24.923  -34.845  72.652 0.0000000000
37744  26.113  -35.480  74.151 0.0000000000
36814  27.322  -36.173  75.639 0.0000000000
123276  13.093  -33.879  80.462 0.0000000000
38561  14.160  -33.649  81.639 0.0000000000
37669  12.876  -34.133  81.430 0.0000000000
37652  12.575  -35.091  83.397 0.0000000000
35855  10.563  -36.263  83.122 0.0000000000
35841  12.028  -36.780  84.486 0.0000000000
67506  50.156  -3.171  51.855 0.0000000000
127824  51.336  -3.320  52.708 0.0000000000
67492  49.596  -3.659  52.295 0.0000000000
120506  49.515  -4.628  53.713 0.0000000000
66578  49.646  -5.076  54.343 0.0000000000
65723  47.383  -5.449  53.851 0.0000000000
65711  48.915  -5.521  54.715 0.0000000000
65686  49.770  -6.055  56.238 0.0000000000
131781  49.678  -5.458  58.237 0.0000000000
66530  48.884  -4.978  59.455 0.0000000000
65634  48.804  -5.155  60.234 0.0000000000
59210  39.715  -12.256  58.601 0.0000000000
134576  41.275  -11.602  59.317 0.0000000000
59186  41.033  -12.108  60.713 0.0000000000
59163  42.656  -12.470  62.428 0.0000000000
59151  43.773  -12.581  63.531 0.0000000000
57136  42.288  -14.312  64.321 0.0000000000
134269  43.716  -13.456  64.675 0.0000000000
59133  44.917  -12.853  65.591 0.0000000000
127206  29.866  -19.733  66.428 0.0000000000
115614  33.500  -27.668  74.698 0.0000000000
69476  47.354  -1.155  48.343 0.0000000000
69458  48.252  -2.084  48.988 0.0000000000
68470  49.387  -2.631  50.371 0.0000000000
74188  55.840  3.354  43.952 0.0000000000
74179  54.935  3.355  44.775 0.0000000000
35044  6.820  -38.165  78.916 0.0000000000
34186  7.344  -38.758  80.683 0.0000000000
34187  6.648  -39.111  80.019 0.0000000000
32534  6.104  -40.604  81.622 0.0000000000
31668  6.027  -41.727  82.778 0.0000000000
32536  4.311  -40.467  81.384 0.0000000000
60165  38.631  -11.739  56.118 0.0000000000
60166  37.807  -12.059  55.805 0.0000000000
60158  38.960  -12.036  56.934 0.0000000000
58235  38.911  -12.809  58.358 0.0000000000
111761  38.833  -13.554  59.976 0.0000000000
57173  38.691  -14.289  61.194 0.0000000000
57205  36.467  -14.534  58.585 0.0000000000
56184  37.496  -15.045  60.898 0.0000000000
111756  38.902  -14.919  62.736 0.0000000000
56153  38.329  -15.453  63.986 0.0000000000
130326  38.529  -15.422  65.557 0.0000000000
56110  38.388  -15.457  67.215 0.0000000000
44603  28.175  -27.107  67.845 0.0000000000
42554  26.802  -28.748  68.448 0.0000000000
43560  28.163  -27.978  68.909 0.0000000000
44561  28.800  -27.672  69.213 0.0000000000
120191  30.166  -28.243  70.849 0.0000000000
42495  31.001  -29.129  71.879 0.0000000000
42478  32.260  -29.216  72.718 0.0000000000
38667  26.970  -33.135  71.358 0.0000000000
39502  27.778  -33.095  71.830 0.0000000000
39500  29.217  -32.300  72.435 0.0000000000
37743  30.007  -34.841  74.174 0.0000000000
118288  30.262  -33.376  73.577 0.0000000000
39499  29.841  -32.126  72.824 0.0000000000
40387  31.186  -31.787  73.483 0.0000000000
41358  31.969  -30.497  73.298 0.0000000000
42456  33.099  -30.053  74.602 0.0000000000
35064  21.675  -37.468  77.346 0.0000000000
35065  21.029  -37.151  77.997 0.0000000000
35886  19.825  -36.185  78.610 0.0000000000
36766  18.558  -35.207  79.028 0.0000000000
38608  18.589  -33.459  76.476 0.0000000000
37689  17.913  -34.191  77.939 0.0000000000
121696  17.842  -34.614  79.117 0.0000000000
38583  16.697  -33.608  78.618 0.0000000000
38576  15.699  -33.335  79.305 0.0000000000
38577  15.144  -33.171  79.143 0.0000000000
41384  15.190  -30.531  72.521 0.0000000000
41367  14.984  -31.017  73.274 0.0000000000
40379  15.014  -31.586  74.417 0.0000000000
39506  13.014  -32.361  72.694 0.0000000000
39478  13.830  -32.453  74.198 0.0000000000
39464  14.733  -32.313  75.585 0.0000000000
131878  14.411  -32.663  76.221 0.0000000000
39431  14.384  -33.001  77.801 0.0000000000
127967  13.530  -33.539  78.884 0.0000000000
38587  12.939  -33.838  78.434 0.0000000000
37692  12.236  -34.618  78.875 0.0000000000
36767  11.343  -35.277  78.324 0.0000000000
129012  10.812  -35.105  76.061 0.0000000000
36780  10.574  -35.654  77.776 0.0000000000
36769  9.964  -36.055  78.195 0.0000000000
35887  9.367  -36.417  78.509 0.0000000000
35888  8.689  -36.844  78.583 0.0000000000
35889  7.853  -37.114  78.122 0.0000000000
35055  6.456  -37.686  78.310 0.0000000000
35056  5.567  -37.602  78.279 0.0000000000
133314  23.996  -30.572  67.771 0.0000000000
114611  24.165  -31.354  68.678 0.0000000000
40446  23.778  -31.971  69.065 0.0000000000
40464  21.355  -31.718  68.295 0.0000000000
39543  22.521  -32.538  69.303 0.0000000000
39531  23.830  -33.181  70.188 0.0000000000
38671  23.538  -34.183  71.439 0.0000000000
38644  22.833  -34.349  73.325 0.0000000000
120209  23.092  -34.397  74.173 0.0000000000
38646  21.261  -33.540  73.721 0.0000000000
38633  21.839  -33.970  74.858 0.0000000000
38617  23.105  -34.390  75.654 0.0000000000
37697  23.016  -34.969  76.914 0.0000000000
35916  22.161  -36.208  76.604 0.0000000000
34168  7.874  -38.928  82.475 0.0000000000
34160  8.394  -39.091  83.477 0.0000000000
69402  58.249  -1.703  54.129 0.0000000000
117649  52.305  -3.662  53.623 0.0000000000
67467  54.214  -3.623  54.930 0.0000000000
68398  55.470  -2.579  57.266 0.0000000000
67419  54.228  -3.070  58.414 0.0000000000
68386  55.188  -2.600  58.015 0.0000000000
68375  56.607  -2.626  58.154 0.0000000000
112506  42.751  -7.154  53.842 0.0000000000
125456  43.951  -7.208  55.643 0.0000000000
63923  42.482  -7.526  55.870 0.0000000000
127879  43.650  -7.354  56.676 0.0000000000
64787  44.809  -6.890  56.788 0.0000000000
65645  45.923  -6.198  58.840 0.0000000000
65635  46.976  -5.798  59.733 0.0000000000
64721  48.990  -6.382  61.094 0.0000000000
60128  42.578  -11.171  60.161 0.0000000000
61054  43.627  -10.716  60.125 0.0000000000
62002  45.098  -9.823  59.895 0.0000000000
61012  46.569  -10.612  63.381 0.0000000000
61038  46.160  -9.962  61.576 0.0000000000
62000  46.594  -9.046  60.353 0.0000000000
62937  47.960  -8.578  61.361 0.0000000000
63850  48.838  -7.374  61.311 0.0000000000
123679  33.166  -16.859  60.003 0.0000000000
128891  34.194  -16.959  61.371 0.0000000000
113497  32.573  -17.137  62.822 0.0000000000
55181  34.063  -17.238  63.500 0.0000000000
55180  34.982  -17.127  63.596 0.0000000000
113404  35.837  -16.936  65.260 0.0000000000
56112  36.870  -16.245  66.398 0.0000000000
56095  37.978  -15.685  68.566 0.0000000000
46640  30.149  -25.113  67.726 0.0000000000
49611  30.262  -21.954  65.845 0.0000000000
50505  30.836  -20.803  67.116 0.0000000000
51348  30.910  -19.890  67.751 0.0000000000
129159  33.608  -26.698  73.934 0.0000000000
46565  33.627  -25.301  72.922 0.0000000000
132198  33.592  -23.884  71.962 0.0000000000
49575  33.234  -22.880  72.819 0.0000000000
49581  33.129  -22.523  71.347 0.0000000000
123021  32.175  -20.752  70.209 0.0000000000
51337  31.441  -19.795  68.719 0.0000000000
52231  30.398  -18.725  67.885 0.0000000000
54147  31.249  -18.170  69.125 0.0000000000
55092  31.769  -17.346  69.176 0.0000000000
115011  32.935  -17.596  69.792 0.0000000000
54123  33.145  -17.691  72.443 0.0000000000
115012  34.053  -17.477  71.792 0.0000000000
55089  34.712  -17.331  69.537 0.0000000000
55087  36.171  -16.718  70.296 0.0000000000
72391  53.965  1.970  43.844 0.0000000000
72397  53.903  0.922  43.807 0.0000000000
69555  55.098  -0.964  43.937 0.0000000000
69533  55.627  -1.461  44.400 0.0000000000
119524  56.978  -1.881  45.749 0.0000000000
69486  55.187  -1.674  47.206 0.0000000000
119528  56.150  -1.693  47.068 0.0000000000
119530  58.276  -1.524  47.240 0.0000000000
130463  60.027  -1.248  47.941 0.0000000000
35063  22.360  -38.142  77.194 0.0000000000
111625  22.840  -37.923  76.578 0.0000000000
35032  7.791  -38.084  80.217 0.0000000000
57087  39.062  -15.233  67.778 0.0000000000
57074  39.737  -14.978  68.141 0.0000000000
39540  25.031  -32.201  69.861 0.0000000000
42486  16.150  -30.335  72.207 0.0000000000
42502  16.803  -29.890  71.421 0.0000000000
112467  15.398  -33.435  80.143 0.0000000000
38568  15.626  -33.624  81.192 0.0000000000
38569  14.805  -33.497  80.920 0.0000000000
68444  52.605  -2.633  52.286 0.0000000000
68445  51.809  -2.819  52.173 0.0000000000
65633  49.600  -4.947  60.644 0.0000000000
66501  50.346  -4.811  61.014 0.0000000000
135416  50.626  -5.271  61.498 0.0000000000
61091  39.958  -10.962  56.971 0.0000000000
61090  40.594  -10.638  57.368 0.0000000000
60156  40.205  -11.303  57.683 0.0000000000
53235  29.645  -18.583  66.523 0.0000000000
54159  29.891  -17.811  66.632 0.0000000000
53225  30.020  -18.372  67.264 0.0000000000
43490  32.586  -28.343  72.404 0.0000000000
44532  32.582  -27.580  71.873 0.0000000000
43489  33.161  -28.168  72.978 0.0000000000
68459  50.670  -2.676  51.360 0.0000000000
69441  50.864  -2.070  50.117 0.0000000000
68468  51.163  -2.262  50.857 0.0000000000
69429  51.937  -2.116  51.042 0.0000000000
73306  55.666  2.174  42.580 0.0000000000
72395  55.057  1.832  43.054 0.0000000000
71462  55.605  0.187  42.790 0.0000000000
71450  55.017  0.868  43.107 0.0000000000
38631  23.553  -34.487  74.923 0.0000000000
37745  24.407  -34.783  74.830 0.0000000000
37711  24.856  -34.953  76.544 0.0000000000
36755  10.663  -35.664  80.736 0.0000000000
67510  46.702  -4.074  51.063 0.0000000000
66618  46.755  -4.460  51.807 0.0000000000
65704  45.529  -6.536  55.258 0.0000000000
65703  46.325  -6.306  54.976 0.0000000000
64796  45.978  -6.481  55.835 0.0000000000
64785  46.506  -6.507  56.581 0.0000000000
125590  45.641  -6.620  56.732 0.0000000000
122156  39.670  -13.995  61.996 0.0000000000
115410  40.333  -13.599  62.059 0.0000000000
58269  35.487  -13.286  55.755 0.0000000000
58259  35.423  -13.889  56.438 0.0000000000
55243  35.027  -16.361  60.653 0.0000000000
55221  35.646  -16.284  61.193 0.0000000000
56155  36.810  -16.149  63.147 0.0000000000
55179  35.999  -16.519  62.542 0.0000000000
130093  28.367  -31.075  71.401 0.0000000000
41408  28.063  -29.955  70.628 0.0000000000
41394  28.563  -30.343  71.169 0.0000000000
121442  29.327  -29.799  71.344 0.0000000000
41393  29.128  -30.843  71.840 0.0000000000
36825  28.599  -35.985  74.617 0.0000000000
38607  19.576  -33.641  76.130 0.0000000000
40368  15.879  -31.886  75.272 0.0000000000
39462  16.100  -32.286  75.971 0.0000000000
39463  15.420  -32.240  75.844 0.0000000000
114849  12.631  -33.479  74.340 0.0000000000
37719  12.108  -34.175  75.519 0.0000000000
132402  12.216  -34.232  76.092 0.0000000000
40429  20.447  -32.052  70.385 0.0000000000
39518  21.215  -33.037  71.293 0.0000000000
38620  20.374  -33.733  75.799 0.0000000000
36759  19.343  -35.836  79.470 0.0000000000
32517  7.621  -40.892  83.618 0.0000000000
113848  57.743  -1.590  51.041 0.0000000000
69423  58.444  -1.579  51.853 0.0000000000
69424  57.319  -1.735  51.831 0.0000000000
68411  57.151  -1.901  56.365 0.0000000000
116513  57.810  -1.966  56.480 0.0000000000
67428  57.815  -2.856  57.333 0.0000000000
68383  57.477  -2.531  57.486 0.0000000000
66565  51.446  -5.160  55.577 0.0000000000
66564  52.508  -4.789  55.994 0.0000000000
66553  51.844  -5.103  56.700 0.0000000000
62030  44.074  -8.986  58.711 0.0000000000
62978  43.945  -8.027  58.679 0.0000000000
62970  44.698  -8.455  58.986 0.0000000000
62969  45.489  -7.865  59.309 0.0000000000
62968  46.142  -8.638  59.726 0.0000000000
60096  44.251  -11.993  63.124 0.0000000000
60095  44.961  -11.755  63.485 0.0000000000
55225  30.523  -17.152  61.592 0.0000000000
55117  33.063  -17.212  67.437 0.0000000000
55132  33.555  -17.270  66.685 0.0000000000
130632  34.010  -17.391  67.423 0.0000000000
114447  34.929  -17.279  67.474 0.0000000000
131477  34.484  -17.361  68.130 0.0000000000
45581  28.535  -26.464  67.427 0.0000000000
45580  29.197  -26.104  67.753 0.0000000000
47719  32.472  -23.935  69.784 0.0000000000
48691  31.906  -23.614  69.066 0.0000000000
48690  32.496  -23.248  69.507 0.0000000000
48697  32.272  -22.729  69.016 0.0000000000
49591  32.696  -22.531  69.689 0.0000000000
51289  31.869  -20.813  73.575 0.0000000000
114105  31.465  -19.654  72.163 0.0000000000
119801  31.553  -19.317  72.914 0.0000000000
53178  31.510  -18.644  71.794 0.0000000000
53154  31.909  -18.844  73.226 0.0000000000
128603  52.069  -1.224  46.577 0.0000000000
69506  51.358  -0.872  46.373 0.0000000000
133837  51.898  -0.953  46.075 0.0000000000
69518  52.450  -1.060  45.815 0.0000000000
69517  53.150  -1.379  45.888 0.0000000000
69452  56.785  -1.495  49.577 0.0000000000
112277  57.182  -1.546  50.322 0.0000000000
69435  58.087  -1.530  50.385 0.0000000000
71491  61.118  0.466  40.629 0.0000000000
71474  61.931  -0.011  41.207 0.0000000000
70504  62.340  -0.601  41.692 0.0000000000
69511  58.572  -1.672  45.040 0.0000000000
113839  59.756  -1.473  45.087 0.0000000000
119526  59.321  -1.537  45.834 0.0000000000
36775  23.844  -35.306  77.153 0.0000000000
128082  24.504  -35.612  77.329 0.0000000000
35897  23.982  -35.803  77.211 0.0000000000
35880  9.308  -36.562  79.344 0.0000000000
35875  9.189  -36.720  80.233 0.0000000000
35857  9.172  -37.059  82.216 0.0000000000
35007  8.754  -37.660  82.688 0.0000000000
34998  9.109  -37.866  83.498 0.0000000000
64817  43.930  -6.540  53.303 0.0000000000
57124  40.590  -15.216  65.229 0.0000000000
57105  40.332  -15.206  66.222 0.0000000000
34188  3.307  -38.594  80.685 0.0000000000
34170  2.448  -39.113  82.124 0.0000000000
41450  25.028  -29.988  67.954 0.0000000000
41438  25.279  -30.381  68.598 0.0000000000
40428  25.933  -31.944  70.213 0.0000000000
115559  26.055  -31.037  69.841 0.0000000000
133763  26.563  -31.345  70.310 0.0000000000
118607  27.177  -31.071  70.618 0.0000000000
40376  18.011  -32.168  74.110 0.0000000000
41365  16.207  -30.904  73.214 0.0000000000
41397  18.227  -30.474  71.095 0.0000000000
41410  18.292  -30.126  70.247 0.0000000000
40417  19.282  -31.713  71.792 0.0000000000
127390  18.889  -32.204  73.224 0.0000000000
39491  18.732  -32.372  73.858 0.0000000000
39475  19.232  -32.721  74.213 0.0000000000
38567  17.265  -34.369  80.577 0.0000000000
37674  17.635  -34.863  81.044 0.0000000000
69426  54.383  -1.767  51.332 0.0000000000
69411  55.871  -2.189  52.302 0.0000000000
69412  54.825  -2.182  52.045 0.0000000000
68432  53.868  -2.833  52.982 0.0000000000
125060  54.653  -2.809  53.190 0.0000000000
68421  56.016  -2.603  54.861 0.0000000000
67466  55.057  -3.185  54.710 0.0000000000
133233  50.446  -4.710  58.622 0.0000000000
66541  51.075  -4.589  58.438 0.0000000000
66510  51.970  -3.835  60.930 0.0000000000
62078  40.230  -9.091  55.680 0.0000000000
119835  42.059  -10.068  58.135 0.0000000000
62049  41.622  -9.490  57.518 0.0000000000
62032  42.692  -9.565  58.284 0.0000000000
55184  29.412  -17.215  63.648 0.0000000000
55183  30.323  -16.882  64.003 0.0000000000
119040  30.337  -17.268  66.943 0.0000000000
55148  30.793  -16.831  65.832 0.0000000000
55135  30.911  -16.903  66.694 0.0000000000
55134  31.802  -16.890  66.725 0.0000000000
115010  31.772  -16.958  67.959 0.0000000000
45545  30.528  -26.318  69.520 0.0000000000
45518  32.942  -26.312  71.591 0.0000000000
45529  32.352  -26.265  70.995 0.0000000000
46589  32.876  -25.608  71.173 0.0000000000
124084  32.760  -25.000  70.738 0.0000000000
46576  33.388  -25.622  71.991 0.0000000000
116899  49.039  -1.906  48.874 0.0000000000
111871  49.770  -1.876  49.120 0.0000000000
69455  51.342  -1.695  49.616 0.0000000000
115957  51.059  -1.554  48.986 0.0000000000
113476  52.979  -1.400  48.185 0.0000000000
69471  52.596  -1.435  49.016 0.0000000000
69437  53.931  -1.548  50.536 0.0000000000
69436  55.034  -1.541  50.573 0.0000000000
72422  56.676  1.080  41.512 0.0000000000
72421  57.341  1.397  40.972 0.0000000000
71477  57.495  0.575  41.300 0.0000000000
71476  59.057  0.232  40.940 0.0000000000
70507  58.728  -0.309  41.569 0.0000000000
70489  59.469  -0.758  42.089 0.0000000000
70470  57.012  -0.934  42.920 0.0000000000
69553  56.696  -1.249  43.561 0.0000000000
122838  24.488  -34.585  72.107 0.0000000000
37774  25.195  -34.415  71.819 0.0000000000
36827  25.849  -35.389  75.310 0.0000000000
129884  26.716  -35.793  74.934 0.0000000000
38562  13.472  -33.764  81.332 0.0000000000
37663  12.278  -34.801  82.606 0.0000000000
36731  12.944  -35.637  83.890 0.0000000000
36732  12.124  -35.745  83.765 0.0000000000
36742  10.318  -36.139  82.224 0.0000000000
67507  49.325  -3.311  51.587 0.0000000000
67493  48.893  -3.721  51.948 0.0000000000
66589  48.904  -4.559  53.309 0.0000000000
66579  48.891  -5.053  53.950 0.0000000000
65734  46.011  -5.382  52.713 0.0000000000
66602  46.744  -4.933  52.531 0.0000000000
65724  46.663  -5.421  53.317 0.0000000000
127881  47.576  -6.233  55.541 0.0000000000
65701  48.181  -5.915  55.123 0.0000000000
112877  48.986  -6.038  55.629 0.0000000000
65669  49.779  -5.950  57.404 0.0000000000
113566  49.028  -6.359  56.803 0.0000000000
65671  47.767  -6.056  58.258 0.0000000000
65655  48.337  -5.355  58.901 0.0000000000
123417  48.148  -5.306  59.360 0.0000000000
59200  39.729  -12.581  59.504 0.0000000000
59199  40.426  -12.279  60.125 0.0000000000
58205  41.474  -13.318  62.504 0.0000000000
59164  41.764  -12.674  62.021 0.0000000000
58204  42.190  -13.219  62.890 0.0000000000
59152  43.018  -12.862  63.175 0.0000000000
57137  41.569  -14.860  64.890 0.0000000000
113911  42.426  -14.516  65.171 0.0000000000
58182  43.671  -13.784  65.452 0.0000000000
58181  44.365  -13.399  65.933 0.0000000000
58189  44.303  -13.219  65.074 0.0000000000
135168  45.604  -12.482  66.239 0.0000000000
51371  29.179  -20.139  65.248 0.0000000000
52252  29.373  -19.519  65.856 0.0000000000
51370  29.710  -20.388  65.826 0.0000000000
69459  47.157  -1.805  48.764 0.0000000000
68483  47.558  -2.556  49.474 0.0000000000
68471  48.658  -2.975  50.541 0.0000000000
68461  49.122  -3.073  50.965 0.0000000000
73284  55.109  3.127  44.048 0.0000000000
34210  6.000  -38.230  78.716 0.0000000000
34199  6.356  -38.715  79.307 0.0000000000
33372  5.888  -39.250  79.721 0.0000000000
32541  5.736  -40.169  80.868 0.0000000000
32527  5.586  -41.218  82.169 0.0000000000
33356  3.577  -40.019  81.568 0.0000000000
61100  39.011  -10.983  55.753 0.0000000000
60176  38.185  -11.273  55.465 0.0000000000
59230  36.930  -12.938  56.014 0.0000000000
59240  36.888  -12.400  55.601 0.0000000000
59228  38.229  -12.443  56.560 0.0000000000
59219  38.573  -12.670  57.411 0.0000000000
58247  38.154  -13.207  57.880 0.0000000000
58230  37.844  -13.917  58.891 0.0000000000
58236  38.331  -13.454  58.647 0.0000000000
58229  38.347  -13.782  59.384 0.0000000000
58214  38.773  -13.921  60.633 0.0000000000
57180  38.292  -14.136  60.073 0.0000000000
57207  35.021  -14.992  58.140 0.0000000000
57206  35.756  -14.784  58.387 0.0000000000
57193  36.033  -14.980  59.113 0.0000000000
56172  36.862  -15.685  61.372 0.0000000000
57163  38.197  -14.799  61.468 0.0000000000
57162  38.248  -15.116  62.299 0.0000000000
57151  38.927  -15.163  63.520 0.0000000000
56162  38.275  -15.359  63.148 0.0000000000
56143  37.719  -15.743  64.489 0.0000000000
56125  37.842  -15.665  65.399 0.0000000000
56124  38.287  -15.469  66.288 0.0000000000
126921  37.558  -15.827  66.097 0.0000000000
44624  27.123  -27.145  66.839 0.0000000000
45582  27.830  -26.802  67.138 0.0000000000
44604  27.479  -27.445  67.564 0.0000000000
42555  26.411  -29.564  68.888 0.0000000000
42535  28.050  -28.865  69.772 0.0000000000
43537  27.892  -28.490  69.236 0.0000000000
43536  28.453  -28.275  69.523 0.0000000000
43535  29.111  -28.023  69.864 0.0000000000
43516  29.421  -28.446  70.500 0.0000000000
42496  30.224  -29.446  71.651 0.0000000000
43504  30.528  -28.724  71.366 0.0000000000
43491  31.773  -28.804  72.087 0.0000000000
42479  31.533  -29.532  72.382 0.0000000000
38668  26.107  -33.583  71.203 0.0000000000
38654  26.596  -34.081  71.701 0.0000000000
37761  28.781  -34.346  72.983 0.0000000000
38652  28.358  -33.591  72.317 0.0000000000
39501  28.442  -32.534  72.032 0.0000000000
38651  28.925  -32.967  72.517 0.0000000000
38630  30.824  -33.844  74.157 0.0000000000
39486  30.498  -32.453  73.359 0.0000000000
40400  30.400  -31.487  72.861 0.0000000000
40386  31.921  -31.299  73.719 0.0000000000
41357  32.600  -30.733  74.054 0.0000000000
35080  21.639  -36.714  76.759 0.0000000000
35898  21.036  -36.612  77.082 0.0000000000
35900  19.680  -35.767  77.754 0.0000000000
36765  19.176  -35.536  78.281 0.0000000000
36778  18.619  -34.805  77.791 0.0000000000
39461  18.330  -32.765  75.380 0.0000000000
112892  18.056  -32.941  76.077 0.0000000000
39435  16.850  -32.989  77.095 0.0000000000
38609  17.649  -33.212  76.751 0.0000000000
37690  17.323  -34.021  78.575 0.0000000000
39437  15.540  -32.783  77.752 0.0000000000
38584  16.034  -33.249  78.631 0.0000000000
39429  15.531  -33.057  78.522 0.0000000000
39430  15.013  -32.879  78.270 0.0000000000
40392  14.852  -31.400  73.821 0.0000000000
40407  12.780  -31.836  71.869 0.0000000000
38622  13.446  -33.002  74.826 0.0000000000
39465  14.248  -32.365  74.901 0.0000000000
128259  13.171  -33.463  76.661 0.0000000000
38593  13.744  -33.157  77.266 0.0000000000
38586  13.658  -33.358  78.128 0.0000000000
125387  11.839  -34.891  77.890 0.0000000000
115375  10.837  -34.777  75.357 0.0000000000
132202  9.682  -35.886  76.780 0.0000000000
120108  10.353  -35.525  76.714 0.0000000000
35901  9.286  -36.328  77.765 0.0000000000
35902  8.485  -36.617  77.640 0.0000000000
35903  7.488  -36.730  77.373 0.0000000000
35070  6.962  -37.214  77.843 0.0000000000
35071  6.035  -37.118  77.756 0.0000000000
40481  23.652  -31.013  68.059 0.0000000000
40462  23.493  -31.596  68.529 0.0000000000
39553  22.874  -32.026  68.789 0.0000000000
40484  20.778  -31.304  67.663 0.0000000000
39532  22.643  -32.988  70.108 0.0000000000
38682  23.109  -33.731  70.779 0.0000000000
38657  22.227  -34.096  72.576 0.0000000000
116511  22.280  -34.166  74.191 0.0000000000
118481  20.770  -33.225  73.137 0.0000000000
38619  21.264  -33.879  75.489 0.0000000000
38618  22.181  -34.200  75.547 0.0000000000
38603  22.610  -34.445  76.124 0.0000000000
37713  22.971  -34.736  76.610 0.0000000000
37714  22.127  -34.627  76.388 0.0000000000
36796  21.204  -35.058  76.667 0.0000000000
36795  22.099  -35.045  76.760 0.0000000000
35917  21.383  -35.933  76.602 0.0000000000
38555  14.390  -33.957  82.451 0.0000000000
37661  14.694  -34.471  82.996 0.0000000000
34177  7.731  -38.642  81.619 0.0000000000
32515  8.241  -40.659  84.001 0.0000000000
33336  8.696  -40.033  84.046 0.0000000000
33339  8.820  -39.376  83.939 0.0000000000
32514  8.966  -40.543  84.323 0.0000000000
127872  57.379  -2.016  53.409 0.0000000000
67455  58.883  -2.915  55.673 0.0000000000
67481  50.937  -3.808  53.291 0.0000000000
67480  51.636  -3.590  53.278 0.0000000000
66563  53.398  -4.289  55.932 0.0000000000
66574  53.430  -4.089  55.041 0.0000000000
67459  54.191  -3.749  55.828 0.0000000000
67458  55.029  -3.222  55.723 0.0000000000
67443  54.883  -3.173  56.614 0.0000000000
67421  52.609  -3.529  59.147 0.0000000000
67431  53.128  -3.593  58.499 0.0000000000
68377  55.018  -2.656  58.691 0.0000000000
67418  56.273  -2.958  58.848 0.0000000000
68376  55.837  -2.594  58.481 0.0000000000
66526  57.059  -3.741  58.442 0.0000000000
64809  42.048  -7.337  54.183 0.0000000000
64808  42.833  -7.270  54.685 0.0000000000
64807  43.587  -7.043  54.174 0.0000000000
112941  43.482  -7.239  55.167 0.0000000000
63924  41.642  -7.676  55.557 0.0000000000
112120  42.016  -7.760  56.277 0.0000000000
64756  44.092  -7.050  57.843 0.0000000000
63907  43.610  -7.384  57.286 0.0000000000
111768  44.180  -7.161  57.163 0.0000000000
64788  44.090  -7.199  56.335 0.0000000000
64772  45.340  -6.534  57.647 0.0000000000
64755  45.311  -6.484  58.380 0.0000000000
64731  46.613  -6.327  59.882 0.0000000000
134848  46.479  -6.095  59.583 0.0000000000
64730  47.402  -5.994  60.269 0.0000000000
64729  48.365  -5.782  60.528 0.0000000000
63860  48.090  -6.858  60.651 0.0000000000
60129  41.762  -11.689  60.471 0.0000000000
60137  41.808  -11.417  59.702 0.0000000000
61041  44.008  -10.903  61.101 0.0000000000
61053  44.562  -10.394  60.497 0.0000000000
61039  45.454  -10.065  60.885 0.0000000000
61957  47.096  -10.145  62.974 0.0000000000
61973  46.882  -9.770  62.079 0.0000000000
61989  46.791  -9.387  61.172 0.0000000000
61988  47.488  -9.167  61.634 0.0000000000
61999  47.378  -8.612  60.726 0.0000000000
112308  31.838  -17.220  60.737 0.0000000000
112309  32.709  -17.123  60.718 0.0000000000
112310  33.635  -16.967  60.840 0.0000000000
55222  33.020  -17.161  61.344 0.0000000000
55164  31.241  -16.802  64.415 0.0000000000
55203  31.773  -17.004  62.904 0.0000000000
113496  32.144  -16.970  63.677 0.0000000000
119546  33.904  -17.251  64.912 0.0000000000
55162  33.586  -17.198  64.175 0.0000000000
55161  34.463  -17.231  64.279 0.0000000000
115943  34.595  -17.145  62.835 0.0000000000
55160  35.373  -17.025  64.387 0.0000000000
55116  35.716  -16.993  67.648 0.0000000000
55129  36.264  -16.658  67.057 0.0000000000
55115  36.420  -16.539  67.883 0.0000000000
56104  37.006  -16.153  67.329 0.0000000000
119193  37.149  -16.116  68.167 0.0000000000
46612  30.764  -25.619  69.165 0.0000000000
46624  29.822  -25.742  68.105 0.0000000000
46623  30.423  -25.355  68.464 0.0000000000
48706  30.726  -23.632  67.505 0.0000000000
47759  30.260  -23.825  66.778 0.0000000000
48713  30.192  -23.265  66.181 0.0000000000
127596  30.526  -22.476  66.422 0.0000000000
50499  31.801  -21.473  68.081 0.0000000000
132250  30.935  -21.496  67.006 0.0000000000
117063  33.696  -25.083  73.867 0.0000000000
47680  33.644  -24.409  73.165 0.0000000000
120062  33.580  -24.546  72.161 0.0000000000
48672  33.566  -23.744  72.550 0.0000000000
50476  32.106  -21.220  72.581 0.0000000000
49569  32.804  -22.316  73.354 0.0000000000
49576  32.739  -22.085  72.693 0.0000000000
127030  33.114  -22.517  72.106 0.0000000000
50482  32.792  -21.761  70.948 0.0000000000
50488  32.629  -21.651  70.034 0.0000000000
131027  32.387  -21.173  70.718 0.0000000000
51326  31.534  -19.487  69.728 0.0000000000
52230  30.826  -19.215  68.355 0.0000000000
52219  31.181  -19.150  69.318 0.0000000000
53213  30.917  -18.703  68.780 0.0000000000
53202  31.176  -18.751  69.726 0.0000000000
54138  31.886  -18.034  70.455 0.0000000000
117823  31.684  -17.799  69.498 0.0000000000
54137  32.214  -17.562  69.955 0.0000000000
55091  32.298  -17.339  69.125 0.0000000000
55078  32.894  -17.688  70.631 0.0000000000
54112  33.291  -17.819  73.137 0.0000000000
55037  33.963  -17.483  73.444 0.0000000000
131580  34.798  -17.255  71.475 0.0000000000
55076  34.420  -17.481  70.275 0.0000000000
133025  34.845  -17.325  70.793 0.0000000000
127578  35.219  -17.142  70.216 0.0000000000
55075  35.480  -17.004  71.000 0.0000000000
73279  54.103  3.154  44.940 0.0000000000
70439  49.298  -0.608  47.269 0.0000000000
70445  48.879  0.140  46.924 0.0000000000
70444  49.627  -0.137  46.634 0.0000000000
71443  53.292  0.347  44.295 0.0000000000
72392  53.367  1.468  44.205 0.0000000000
71452  54.012  -0.032  43.899 0.0000000000
70473  54.711  -0.303  43.658 0.0000000000
70455  54.362  -0.765  44.203 0.0000000000
69515  54.626  -1.563  45.375 0.0000000000
69534  54.829  -1.317  44.614 0.0000000000
69514  55.400  -1.686  45.161 0.0000000000
69513  56.279  -1.806  45.018 0.0000000000
120124  55.991  -1.856  45.881 0.0000000000
69487  54.232  -1.601  47.270 0.0000000000
113478  54.814  -1.515  48.046 0.0000000000
113480  56.827  -1.505  48.263 0.0000000000
69484  57.702  -1.502  47.953 0.0000000000
119529  57.159  -1.642  47.153 0.0000000000
69483  58.973  -1.427  47.939 0.0000000000
112275  59.902  -1.366  49.592 0.0000000000
73320  58.362  2.951  40.549 0.0000000000
74216  59.229  3.400  40.154 0.0000000000
73333  59.076  2.323  39.974 0.0000000000
69564  60.402  -1.086  42.835 0.0000000000
35876  8.694  -37.162  80.295 0.0000000000
35031  8.360  -37.543  80.755 0.0000000000
34176  8.185  -38.157  82.180 0.0000000000
57106  39.614  -15.255  66.556 0.0000000000
127589  40.145  -15.122  66.982 0.0000000000
39529  26.149  -32.788  70.792 0.0000000000
40405  17.418  -31.343  73.139 0.0000000000
134336  17.521  -31.707  73.739 0.0000000000
41364  16.796  -31.039  73.008 0.0000000000
41411  17.532  -29.926  70.938 0.0000000000
41380  18.080  -30.828  71.893 0.0000000000
111919  18.604  -31.291  72.066 0.0000000000
131988  16.035  -33.545  80.131 0.0000000000
37675  16.888  -34.326  81.233 0.0000000000
114370  16.265  -33.744  80.915 0.0000000000
38558  16.223  -34.009  81.648 0.0000000000
38553  15.997  -34.360  82.275 0.0000000000
68456  53.039  -2.222  51.771 0.0000000000
69413  53.876  -2.148  51.868 0.0000000000
68443  53.421  -2.524  52.366 0.0000000000
67478  53.586  -3.248  53.460 0.0000000000
66521  50.206  -4.336  59.796 0.0000000000
66520  51.022  -4.023  59.835 0.0000000000
129197  50.656  -4.212  60.242 0.0000000000
66500  51.547  -4.278  61.215 0.0000000000
62065  40.047  -9.895  55.917 0.0000000000
62064  40.701  -9.507  56.334 0.0000000000
61098  40.363  -10.283  56.627 0.0000000000
61089  41.273  -10.332  57.745 0.0000000000
61078  41.530  -10.824  58.366 0.0000000000
54173  28.933  -18.116  65.049 0.0000000000
54172  29.361  -17.557  65.277 0.0000000000
54171  30.032  -16.952  65.439 0.0000000000
122313  29.700  -17.512  65.920 0.0000000000
44534  31.404  -27.775  71.225 0.0000000000
44546  31.674  -26.968  70.898 0.0000000000
45507  33.013  -26.963  71.969 0.0000000000
130497  33.311  -26.860  72.501 0.0000000000
69442  50.040  -2.232  49.847 0.0000000000
69454  52.141  -1.589  49.748 0.0000000000
69439  52.429  -1.730  50.519 0.0000000000
69428  52.697  -1.945  51.192 0.0000000000
72407  56.078  1.630  41.986 0.0000000000
71460  56.938  0.203  41.842 0.0000000000
70491  57.406  -0.537  42.294 0.0000000000
70472  55.390  -0.469  43.388 0.0000000000
37754  24.603  -34.934  73.738 0.0000000000
36816  25.642  -35.322  76.345 0.0000000000
37685  12.006  -34.825  79.971 0.0000000000
37676  12.432  -34.427  80.690 0.0000000000
37677  11.894  -34.924  80.750 0.0000000000
36748  11.553  -35.212  82.181 0.0000000000
35847  10.185  -36.824  83.493 0.0000000000
128025  48.229  -4.080  52.066 0.0000000000
111730  48.189  -4.524  52.843 0.0000000000
65712  46.543  -5.886  54.136 0.0000000000
64784  47.400  -6.457  56.407 0.0000000000
64770  47.127  -6.471  57.421 0.0000000000
65672  46.778  -6.143  58.347 0.0000000000
58220  39.845  -13.147  61.029 0.0000000000
59187  40.398  -12.603  60.879 0.0000000000
58212  40.405  -13.057  61.500 0.0000000000
58198  41.553  -13.850  63.099 0.0000000000
67521  47.333  -3.587  50.736 0.0000000000
124549  4.708  -38.574  79.186 0.0000000000
33373  5.050  -39.199  79.627 0.0000000000
32542  4.890  -40.152  80.700 0.0000000000
58258  36.385  -13.047  55.903 0.0000000000
58257  36.870  -13.323  56.562 0.0000000000
129601  37.678  -13.421  57.636 0.0000000000
117847  37.159  -13.619  57.429 0.0000000000
58238  36.790  -14.065  58.018 0.0000000000
57204  37.199  -14.213  58.752 0.0000000000
56200  35.575  -15.520  59.604 0.0000000000
56186  35.813  -15.830  60.424 0.0000000000
56173  36.250  -15.892  61.061 0.0000000000
56164  36.845  -15.954  62.217 0.0000000000
56163  37.573  -15.655  62.705 0.0000000000
56144  36.862  -16.202  64.178 0.0000000000
42536  27.306  -29.038  69.266 0.0000000000
42514  28.346  -29.289  70.371 0.0000000000
42513  29.011  -29.113  70.748 0.0000000000
41375  30.605  -30.618  72.526 0.0000000000
37751  27.426  -35.242  73.027 0.0000000000
123208  28.178  -35.040  73.119 0.0000000000
38629  31.433  -33.549  74.493 0.0000000000
39485  31.244  -32.443  73.866 0.0000000000
36797  20.614  -34.794  76.688 0.0000000000
36798  19.918  -34.574  76.768 0.0000000000
37698  19.234  -34.315  76.944 0.0000000000
112670  16.751  -32.446  75.981 0.0000000000
38592  16.426  -33.179  77.884 0.0000000000
39436  16.148  -32.787  77.381 0.0000000000
40406  13.720  -31.660  72.479 0.0000000000
39493  12.152  -32.796  72.811 0.0000000000
127744  13.356  -33.303  75.802 0.0000000000
37700  12.425  -34.132  76.759 0.0000000000
36800  9.440  -35.745  76.227 0.0000000000
36801  8.488  -35.894  76.093 0.0000000000
40447  21.191  -31.984  69.089 0.0000000000
39545  21.062  -32.304  69.889 0.0000000000
39533  21.638  -32.867  70.387 0.0000000000
38658  21.467  -33.609  72.865 0.0000000000
39474  19.826  -33.015  74.140 0.0000000000
39488  20.589  -33.252  73.982 0.0000000000
33348  6.880  -40.231  81.982 0.0000000000
33347  7.486  -39.708  82.412 0.0000000000
32525  7.371  -40.398  82.938 0.0000000000
68420  56.886  -2.122  54.967 0.0000000000
68419  57.794  -1.743  55.042 0.0000000000
67440  58.368  -2.480  56.285 0.0000000000
67441  58.195  -3.023  56.889 0.0000000000
66575  52.535  -4.151  54.411 0.0000000000
66576  51.998  -4.628  54.909 0.0000000000
66552  53.214  -4.329  56.871 0.0000000000
67409  53.893  -3.228  59.924 0.0000000000
62990  42.655  -8.332  57.651 0.0000000000
122879  43.364  -7.980  58.123 0.0000000000
63892  44.019  -7.379  58.313 0.0000000000
64742  44.740  -6.824  58.488 0.0000000000
63878  45.324  -6.834  59.191 0.0000000000
63877  45.998  -6.949  59.643 0.0000000000
63862  46.732  -7.256  59.963 0.0000000000
120497  42.931  -11.598  61.491 0.0000000000
60116  44.342  -11.159  61.900 0.0000000000
61024  44.973  -10.942  62.107 0.0000000000
62918  48.179  -8.902  62.118 0.0000000000
112307  30.946  -17.236  60.772 0.0000000000
112312  31.986  -17.130  62.193 0.0000000000
55146  32.614  -16.965  65.338 0.0000000000
113498  33.077  -17.081  65.994 0.0000000000
55144  34.058  -17.290  65.834 0.0000000000
55143  35.164  -17.222  65.997 0.0000000000
55104  35.859  -16.874  68.529 0.0000000000
46611  31.422  -25.082  69.499 0.0000000000
47732  31.337  -24.382  68.902 0.0000000000
48699  31.272  -23.694  68.305 0.0000000000
48705  31.211  -23.050  67.838 0.0000000000
115118  30.897  -22.754  67.239 0.0000000000
49597  32.067  -22.122  68.478 0.0000000000
124158  32.175  -21.468  68.711 0.0000000000
120266  33.848  -25.851  75.587 0.0000000000
117072  33.735  -24.877  74.961 0.0000000000
47672  33.612  -23.965  74.889 0.0000000000
135281  31.912  -20.601  71.510 0.0000000000
123828  31.768  -20.494  72.031 0.0000000000
52205  31.404  -19.371  71.378 0.0000000000
52195  31.256  -18.939  71.228 0.0000000000
53189  31.266  -18.782  70.505 0.0000000000
54133  31.927  -18.094  71.414 0.0000000000
54124  32.608  -17.759  71.880 0.0000000000
69507  50.811  -0.993  46.952 0.0000000000
70443  50.484  -0.394  46.336 0.0000000000
70448  52.466  -0.525  45.133 0.0000000000
70457  53.003  -0.358  44.714 0.0000000000
69516  53.838  -1.477  45.639 0.0000000000
69503  54.591  -1.714  46.329 0.0000000000
69453  54.922  -1.468  49.652 0.0000000000
112271  55.349  -1.467  48.809 0.0000000000
128767  55.821  -1.479  49.519 0.0000000000
112273  57.522  -1.476  48.860 0.0000000000
72435  59.885  1.608  39.822 0.0000000000
118309  60.679  1.122  40.013 0.0000000000
72434  61.648  1.075  40.113 0.0000000000
69529  60.033  -1.419  44.237 0.0000000000
127508  61.532  -1.310  45.533 0.0000000000
37712  24.168  -34.823  76.640 0.0000000000
36774  24.510  -35.312  77.074 0.0000000000
35896  24.806  -36.064  77.504 0.0000000000
35866  9.637  -36.531  81.756 0.0000000000
35867  8.998  -36.973  81.144 0.0000000000
34158  9.664  -38.171  84.108 0.0000000000
34156  9.518  -38.973  84.296 0.0000000000
114080  45.361  -5.761  52.806 0.0000000000
65725  44.821  -6.233  53.253 0.0000000000
113128  45.156  -6.367  54.050 0.0000000000
65714  44.975  -6.669  54.866 0.0000000000
112846  40.144  -14.862  63.586 0.0000000000
112429  40.869  -14.368  63.315 0.0000000000
57104  41.707  -14.805  66.534 0.0000000000
114259  40.837  -14.970  66.830 0.0000000000
57083  42.388  -14.555  67.147 0.0000000000
34202  3.640  -38.214  79.945 0.0000000000
33349  2.968  -39.948  82.168 0.0000000000
32529  2.900  -40.686  82.847 0.0000000000
56201  34.813  -15.790  59.372 0.0000000000
123680  34.411  -16.719  60.855 0.0000000000
41437  25.687  -29.765  68.354 0.0000000000
41423  26.271  -30.327  69.431 0.0000000000
40460  25.613  -30.712  69.233 0.0000000000
41395  27.867  -30.698  70.899 0.0000000000
38621  19.614  -33.388  75.441 0.0000000000
120762  19.009  -33.052  75.201 0.0000000000
124905  17.259  -31.889  74.328 0.0000000000
127637  17.078  -32.127  74.934 0.0000000000
127479  11.470  -34.406  75.232 0.0000000000
38636  11.036  -33.932  73.789 0.0000000000
40416  19.934  -31.872  71.055 0.0000000000
131319  20.597  -32.790  71.808 0.0000000000
39520  20.032  -32.297  71.828 0.0000000000
40403  18.738  -31.775  72.610 0.0000000000
115067  19.457  -33.059  74.754 0.0000000000
124457  56.304  -1.854  51.692 0.0000000000
68440  56.517  -2.315  53.252 0.0000000000
68430  56.239  -2.475  54.050 0.0000000000
113736  56.650  -2.169  55.731 0.0000000000
68412  56.506  -2.159  56.474 0.0000000000
65667  51.209  -5.257  57.411 0.0000000000
66540  51.928  -4.696  57.716 0.0000000000
67402  51.831  -3.693  60.245 0.0000000000
67410  52.754  -3.415  59.923 0.0000000000
63006  40.464  -8.283  55.359 0.0000000000
62998  41.653  -8.302  56.552 0.0000000000
62063  41.323  -9.064  56.819 0.0000000000
62991  41.954  -8.660  57.268 0.0000000000
62980  42.975  -8.825  58.156 0.0000000000
62015  44.659  -9.414  59.192 0.0000000000
59132  45.492  -12.305  65.186 0.0000000000
112311  30.172  -17.071  62.305 0.0000000000
124861  30.800  -16.753  65.151 0.0000000000
55147  31.625  -16.800  65.342 0.0000000000
114956  32.209  -16.918  66.031 0.0000000000
44579  29.155  -27.049  68.853 0.0000000000
45561  29.502  -26.398  68.476 0.0000000000
45546  29.819  -26.684  69.205 0.0000000000
45544  31.207  -25.897  69.807 0.0000000000
45530  31.738  -26.156  70.404 0.0000000000
46602  31.771  -25.504  70.079 0.0000000000
46610  32.234  -24.807  70.103 0.0000000000
47708  33.030  -24.189  70.571 0.0000000000
69493  48.886  -1.105  47.817 0.0000000000
69492  49.793  -1.199  47.789 0.0000000000
69473  50.362  -1.505  48.541 0.0000000000
69491  50.642  -1.235  47.671 0.0000000000
69489  52.462  -1.409  47.371 0.0000000000
69488  53.329  -1.509  47.342 0.0000000000
112565  53.100  -1.486  49.902 0.0000000000
112270  54.046  -1.442  49.680 0.0000000000
131384  55.877  -1.641  51.014 0.0000000000
74203  57.827  3.388  41.328 0.0000000000
73334  58.308  2.111  40.398 0.0000000000
72437  58.000  1.592  40.603 0.0000000000
134280  58.931  0.753  40.547 0.0000000000
71475  60.232  0.018  41.015 0.0000000000
69565  59.177  -1.204  42.819 0.0000000000
69566  58.046  -1.169  42.865 0.0000000000
69551  58.807  -1.459  43.674 0.0000000000
69531  58.078  -1.634  44.274 0.0000000000
38680  24.764  -33.481  70.660 0.0000000000
38669  25.348  -33.875  71.212 0.0000000000
37764  25.943  -34.746  72.285 0.0000000000
37753  25.513  -35.174  73.371 0.0000000000
37752  26.490  -35.270  73.103 0.0000000000
36835  27.032  -35.701  73.860 0.0000000000
36826  27.599  -36.051  74.620 0.0000000000
36792  26.289  -35.775  76.963 0.0000000000
35914  27.000  -36.481  77.193 0.0000000000
36791  27.093  -36.251  76.609 0.0000000000
42503  16.165  -29.979  71.725 0.0000000000
38570  13.961  -33.533  80.675 0.0000000000
37668  13.470  -34.008  82.197 0.0000000000
129016  12.744  -34.373  82.173 0.0000000000
129129  13.021  -34.494  82.907 0.0000000000
37651  13.408  -34.944  83.557 0.0000000000
36749  10.808  -35.637  81.729 0.0000000000
36741  11.025  -35.717  82.670 0.0000000000
36733  11.323  -35.958  83.479 0.0000000000
35846  10.930  -36.534  83.829 0.0000000000
35845  11.680  -36.345  84.089 0.0000000000
68446  51.007  -3.042  52.019 0.0000000000
67491  50.460  -3.569  52.658 0.0000000000
133987  50.401  -3.993  53.222 0.0000000000
67482  49.763  -4.163  53.083 0.0000000000
66577  50.404  -4.442  53.877 0.0000000000
66566  50.479  -5.226  54.945 0.0000000000
65699  50.794  -5.531  55.869 0.0000000000
66591  47.455  -4.987  53.064 0.0000000000
66580  48.140  -5.473  54.303 0.0000000000
65700  49.671  -5.600  55.213 0.0000000000
65685  50.531  -5.717  56.772 0.0000000000
65653  49.968  -4.854  58.744 0.0000000000
65670  48.895  -5.973  58.031 0.0000000000
65654  49.216  -5.099  58.845 0.0000000000
66529  49.686  -4.649  59.325 0.0000000000
66522  49.489  -4.642  59.834 0.0000000000
66513  49.346  -4.784  60.172 0.0000000000
60148  39.850  -11.841  57.950 0.0000000000
60147  40.392  -11.678  58.371 0.0000000000
59209  40.558  -11.985  59.222 0.0000000000
59198  41.133  -11.832  59.943 0.0000000000
59175  41.703  -12.070  61.242 0.0000000000
59176  41.018  -12.556  61.417 0.0000000000
59174  42.414  -12.022  61.717 0.0000000000
59173  43.165  -11.879  62.083 0.0000000000
59162  43.465  -12.224  62.794 0.0000000000
59150  44.514  -12.305  63.879 0.0000000000
57149  41.580  -14.438  63.855 0.0000000000
113403  42.715  -13.808  63.995 0.0000000000
57122  43.042  -14.283  65.475 0.0000000000
58190  43.065  -13.997  64.683 0.0000000000
58196  43.312  -13.301  63.960 0.0000000000
59142  44.096  -12.919  64.277 0.0000000000
59141  44.754  -12.592  64.695 0.0000000000
52264  28.878  -19.206  65.206 0.0000000000
125273  29.570  -19.119  66.373 0.0000000000
43471  33.187  -29.159  74.177 0.0000000000
43478  33.328  -28.239  73.793 0.0000000000
43461  33.525  -28.422  75.593 0.0000000000
115512  47.838  -1.501  48.466 0.0000000000
68482  48.502  -2.624  49.846 0.0000000000
68460  49.836  -2.870  51.139 0.0000000000
34198  7.121  -38.504  79.688 0.0000000000
33362  6.793  -39.406  80.715 0.0000000000
33363  6.179  -39.636  80.399 0.0000000000
33355  6.508  -39.960  81.138 0.0000000000
32526  6.503  -40.970  82.449 0.0000000000
61115  39.322  -10.161  55.565 0.0000000000
60164  39.352  -11.366  56.511 0.0000000000
59218  39.264  -12.210  57.772 0.0000000000
135385  39.328  -12.688  58.937 0.0000000000
58228  38.965  -13.120  59.259 0.0000000000
130061  39.335  -13.067  59.935 0.0000000000
58221  39.315  -13.355  60.539 0.0000000000
58213  39.297  -13.787  61.268 0.0000000000
57172  38.920  -14.469  61.913 0.0000000000
57219  35.541  -14.535  57.671 0.0000000000
57218  36.144  -14.372  57.970 0.0000000000
57192  36.818  -14.712  59.309 0.0000000000
56199  36.345  -15.225  59.856 0.0000000000
57182  37.138  -14.903  60.069 0.0000000000
57181  37.790  -14.611  60.245 0.0000000000
111602  38.221  -14.475  60.742 0.0000000000
57161  39.436  -14.482  62.479 0.0000000000
57150  39.524  -14.817  63.127 0.0000000000
57140  39.007  -15.269  64.312 0.0000000000
127004  39.073  -15.340  65.167 0.0000000000
56142  38.419  -15.451  64.825 0.0000000000
57126  39.010  -15.315  66.032 0.0000000000
57107  38.990  -15.287  66.882 0.0000000000
129619  38.420  -15.458  67.927 0.0000000000
45602  27.507  -26.525  66.376 0.0000000000
43583  25.734  -28.771  67.380 0.0000000000
43582  26.427  -28.432  67.702 0.0000000000
43581  27.133  -28.072  67.997 0.0000000000
43561  27.525  -28.344  68.682 0.0000000000
44581  27.829  -27.724  68.260 0.0000000000
44580  28.500  -27.390  68.534 0.0000000000
44560  29.482  -27.371  69.549 0.0000000000
43515  29.844  -27.764  70.232 0.0000000000
129622  30.800  -28.132  71.141 0.0000000000
38679  25.561  -33.322  70.831 0.0000000000
38653  27.469  -33.906  71.929 0.0000000000
39516  27.685  -32.337  71.458 0.0000000000
39515  28.295  -31.750  71.614 0.0000000000
40402  28.887  -31.717  71.991 0.0000000000
37750  29.474  -34.647  73.643 0.0000000000
38641  30.129  -34.184  73.841 0.0000000000
116732  29.570  -33.841  73.249 0.0000000000
39487  29.609  -32.924  72.973 0.0000000000
40401  29.568  -31.560  72.369 0.0000000000
41376  29.927  -30.936  72.323 0.0000000000
41359  31.229  -30.979  73.100 0.0000000000
41374  31.346  -30.227  72.727 0.0000000000
42467  31.964  -29.867  72.898 0.0000000000
42466  32.634  -29.798  73.515 0.0000000000
35899  20.293  -36.337  77.642 0.0000000000
35885  20.521  -36.867  78.828 0.0000000000
37718  19.219  -33.777  76.590 0.0000000000
37699  18.575  -33.994  77.118 0.0000000000
38590  17.970  -33.640  77.132 0.0000000000
134233  18.205  -34.717  78.453 0.0000000000
37682  18.285  -35.037  79.958 0.0000000000
37683  17.132  -34.119  79.601 0.0000000000
38575  16.354  -33.599  79.447 0.0000000000
42487  15.671  -30.237  72.024 0.0000000000
41383  15.875  -30.541  72.667 0.0000000000
41366  15.571  -30.878  73.250 0.0000000000
40391  15.317  -31.279  73.842 0.0000000000
133130  13.355  -31.512  71.822 0.0000000000
39492  13.802  -32.150  73.402 0.0000000000
40380  14.459  -31.862  74.163 0.0000000000
40370  14.764  -31.979  74.849 0.0000000000
39450  14.933  -32.503  76.463 0.0000000000
39439  14.386  -32.799  76.937 0.0000000000
38585  14.356  -33.281  78.814 0.0000000000
38578  13.750  -33.550  79.684 0.0000000000
38579  12.970  -33.890  79.377 0.0000000000
36761  11.389  -35.277  79.309 0.0000000000
37702  11.157  -35.059  76.676 0.0000000000
36779  11.187  -35.216  77.410 0.0000000000
36768  10.650  -35.698  78.729 0.0000000000
120051  9.978  -36.119  79.104 0.0000000000
134440  8.964  -36.575  78.109 0.0000000000
35053  8.085  -37.393  78.951 0.0000000000
35054  7.308  -37.618  78.538 0.0000000000
34211  5.175  -38.128  78.738 0.0000000000
34212  4.504  -37.971  78.901 0.0000000000
41451  24.314  -30.121  67.455 0.0000000000
41439  24.480  -30.625  68.227 0.0000000000
41452  23.493  -30.545  67.315 0.0000000000
39541  24.225  -32.490  69.598 0.0000000000
40483  21.568  -31.387  67.569 0.0000000000
40463  22.172  -31.710  68.187 0.0000000000
39554  21.975  -32.142  68.851 0.0000000000
39542  23.322  -32.611  69.444 0.0000000000
38681  23.960  -33.830  70.826 0.0000000000
121197  23.911  -34.480  71.999 0.0000000000
38672  22.611  -34.038  71.620 0.0000000000
38656  23.160  -34.347  72.307 0.0000000000
132285  23.419  -34.505  73.618 0.0000000000
130946  21.657  -33.838  74.185 0.0000000000
38632  22.648  -34.257  74.920 0.0000000000
37731  23.469  -34.603  76.359 0.0000000000
36794  23.110  -35.464  76.929 0.0000000000
35079  22.209  -37.222  76.658 0.0000000000
38560  14.992  -33.676  81.863 0.0000000000
38554  15.211  -34.092  82.473 0.0000000000
120750  7.917  -39.477  83.066 0.0000000000
134295  8.141  -38.932  83.095 0.0000000000
69409  58.048  -1.689  52.873 0.0000000000
132677  59.017  -1.548  53.574 0.0000000000
67479  52.210  -3.182  52.856 0.0000000000
128731  52.853  -3.331  53.333 0.0000000000
67468  53.266  -3.665  54.100 0.0000000000
67442  55.699  -2.583  56.522 0.0000000000
68397  56.356  -2.203  57.174 0.0000000000
67430  53.692  -3.672  57.672 0.0000000000
68369  54.470  -2.913  59.236 0.0000000000
67429  54.604  -3.103  57.480 0.0000000000
68385  56.116  -2.364  57.813 0.0000000000
68384  56.889  -2.366  57.599 0.0000000000
67416  57.455  -3.144  57.827 0.0000000000
64818  43.082  -6.786  53.204 0.0000000000
111854  44.215  -7.047  54.945 0.0000000000
64797  44.621  -6.911  55.722 0.0000000000
63916  42.904  -7.516  56.668 0.0000000000
64798  42.872  -7.370  55.407 0.0000000000
64786  45.237  -6.645  55.953 0.0000000000
65673  45.950  -6.293  58.358 0.0000000000
65657  46.489  -5.855  58.948 0.0000000000
64741  45.601  -6.415  58.962 0.0000000000
65644  46.340  -6.010  59.280 0.0000000000
131792  46.939  -5.689  59.315 0.0000000000
112146  47.888  -5.495  60.006 0.0000000000
65627  49.242  -5.524  60.854 0.0000000000
60146  41.076  -11.433  58.715 0.0000000000
61068  41.729  -11.219  58.983 0.0000000000
61067  42.371  -10.966  59.264 0.0000000000
60127  43.175  -11.222  60.932 0.0000000000
119607  43.026  -10.735  59.468 0.0000000000
61066  43.600  -10.271  59.186 0.0000000000
61065  44.302  -10.110  59.626 0.0000000000
60094  45.631  -11.477  63.819 0.0000000000
61023  45.450  -10.937  62.637 0.0000000000
61022  46.210  -10.421  62.563 0.0000000000
119351  45.499  -10.492  61.879 0.0000000000
62001  45.853  -9.418  60.127 0.0000000000
62953  46.840  -8.245  60.032 0.0000000000
62952  48.125  -7.945  60.904 0.0000000000
62936  48.594  -8.227  61.687 0.0000000000
64720  49.798  -6.082  61.460 0.0000000000
114797  34.932  -16.754  61.448 0.0000000000
55204  31.031  -16.989  62.427 0.0000000000
129216  32.849  -17.061  64.132 0.0000000000
55182  33.130  -17.161  63.489 0.0000000000
112313  32.841  -17.184  62.024 0.0000000000
55202  33.591  -17.207  62.630 0.0000000000
55201  34.358  -17.085  62.035 0.0000000000
55200  35.159  -16.911  62.273 0.0000000000
55159  36.125  -16.672  64.483 0.0000000000
115122  36.606  -16.394  65.012 0.0000000000
55142  36.058  -16.863  66.208 0.0000000000
133269  36.494  -16.503  65.685 0.0000000000
56126  37.098  -16.085  65.584 0.0000000000
56111  37.650  -15.785  66.827 0.0000000000
56103  37.780  -15.756  67.665 0.0000000000
46641  29.570  -25.471  67.353 0.0000000000
47760  29.906  -24.487  66.674 0.0000000000
50512  30.022  -21.252  65.834 0.0000000000
49604  30.990  -22.021  67.035 0.0000000000
50511  30.597  -21.540  66.494 0.0000000000
128107  30.247  -20.608  66.436 0.0000000000
51349  30.357  -19.878  67.057 0.0000000000
44511  33.465  -27.478  73.725 0.0000000000
45506  33.460  -27.097  73.100 0.0000000000
116460  33.518  -26.261  72.871 0.0000000000
125863  33.648  -25.837  73.605 0.0000000000
47696  33.488  -24.005  71.418 0.0000000000
48684  33.264  -23.305  70.925 0.0000000000
48663  33.325  -23.399  74.368 0.0000000000
49564  32.605  -22.113  74.065 0.0000000000
49568  33.033  -22.824  73.779 0.0000000000
48668  33.449  -23.560  73.453 0.0000000000
48677  33.449  -23.256  71.850 0.0000000000
49585  32.956  -22.489  70.487 0.0000000000
50494  32.244  -21.110  69.373 0.0000000000
51336  31.923  -20.728  68.671 0.0000000000
51325  31.970  -20.186  69.535 0.0000000000
52241  30.422  -19.309  67.636 0.0000000000
133166  30.343  -18.212  67.734 0.0000000000
53224  30.759  -18.031  68.233 0.0000000000
117219  30.838  -17.412  68.015 0.0000000000
54139  31.438  -18.363  70.045 0.0000000000
54146  31.302  -17.461  68.660 0.0000000000
55108  31.186  -16.996  68.086 0.0000000000
55107  31.723  -17.112  68.586 0.0000000000
55106  32.501  -17.147  68.244 0.0000000000
115395  33.149  -17.468  68.963 0.0000000000
54113  32.220  -18.394  73.079 0.0000000000
117620  32.636  -17.966  72.671 0.0000000000
55051  33.869  -17.465  72.632 0.0000000000
55052  33.320  -17.576  71.904 0.0000000000
55067  33.467  -17.672  71.225 0.0000000000
55077  33.599  -17.695  70.446 0.0000000000
55090  33.821  -17.594  69.639 0.0000000000
112556  34.128  -17.458  68.860 0.0000000000
55105  35.021  -17.229  68.771 0.0000000000
55088  35.575  -16.980  69.439 0.0000000000
55103  36.403  -16.571  69.288 0.0000000000
56083  37.094  -16.258  69.907 0.0000000000
56096  37.177  -16.154  69.003 0.0000000000
73285  54.357  2.795  44.256 0.0000000000
72396  54.490  1.412  43.462 0.0000000000
71451  54.513  0.482  43.510 0.0000000000
69554  55.869  -1.112  43.712 0.0000000000
69532  56.484  -1.570  44.228 0.0000000000
69512  57.368  -1.797  44.861 0.0000000000
69502  55.518  -1.768  46.472 0.0000000000
113479  55.894  -1.511  47.978 0.0000000000
130743  56.059  -1.790  46.480 0.0000000000
69501  56.640  -1.789  46.477 0.0000000000
69500  57.627  -1.698  46.491 0.0000000000
69499  58.798  -1.552  46.554 0.0000000000
119531  59.478  -1.380  47.301 0.0000000000
113482  59.769  -1.321  48.677 0.0000000000
34992  11.138  -37.450  84.461 0.0000000000
39471  32.315  -32.350  74.645 0.0000000000
43503  31.244  -28.450  71.558 0.0000000000
44521  33.349  -27.712  73.197 0.0000000000
44533  32.036  -27.478  71.414 0.0000000000
47746  30.287  -24.432  67.317 0.0000000000
50489  32.041  -20.600  71.012 0.0000000000
50504  31.302  -21.478  67.427 0.0000000000
51307  31.723  -20.074  71.476 0.0000000000
53167  31.672  -18.754  72.577 0.0000000000
55066  34.201  -17.556  71.028 0.0000000000
55068  32.934  -17.640  71.338 0.0000000000
55119  31.409  -16.922  67.407 0.0000000000
55145  33.353  -17.136  65.360 0.0000000000
57123  41.898  -14.801  65.721 0.0000000000
57148  42.196  -13.892  63.576 0.0000000000
59220  37.760  -13.106  57.075 0.0000000000
60104  45.343  -11.317  63.196 0.0000000000
61013  45.946  -11.011  63.271 0.0000000000
61117  37.786  -10.845  55.022 0.0000000000
61990  46.184  -9.603  60.811 0.0000000000
62031  43.401  -9.491  58.594 0.0000000000
63893  43.622  -7.437  57.831 0.0000000000
64789  43.349  -7.362  55.980 0.0000000000
65642  48.397  -5.190  59.741 0.0000000000
65643  47.622  -5.486  59.533 0.0000000000
66514  48.956  -4.894  59.879 0.0000000000
66528  51.225  -4.095  59.171 0.0000000000
66539  52.777  -4.206  57.794 0.0000000000
67401  52.502  -3.610  60.619 0.0000000000
67417  56.943  -3.075  58.374 0.0000000000
67477  54.472  -3.158  53.673 0.0000000000
68368  55.414  -2.845  59.188 0.0000000000
68374  57.159  -2.684  57.895 0.0000000000
69485  56.721  -1.568  47.675 0.0000000000
69550  60.614  -1.289  43.649 0.0000000000
72408  55.529  1.232  42.572 0.0000000000
112276  56.105  -1.537  50.286 0.0000000000
112314  33.609  -17.136  61.703 0.0000000000
112665  42.119  -10.709  58.663 0.0000000000
113742  50.251  -5.683  55.738 0.0000000000
113956  50.823  -4.399  60.778 0.0000000000
115021  47.461  -7.670  60.355 0.0000000000
119364  58.233  0.222  41.240 0.0000000000
120038  32.712  -21.875  71.860 0.0000000000
128690  35.348  -16.931  62.973 0.0000000000
132714  32.743  -18.123  73.142 0.0000000000
133820  39.502  -15.114  63.805 0.0000000000
