#Insight Transform File V1.0
#Transform 0
Transform: AffineTransform_float_3_3
Parameters: 0.999999 -0.00108812 -0.00100605 0.00107132 0.999858 -0.0167993 0.00102471 0.0167983 0.999858 0.0351035 0.407531 -0.458632
FixedParameters: 0 0 0

#Transform 1
Transform: AffineTransform_float_3_3
Parameters: 0.999998 -0.00084239 -0.00129933 0.000826714 0.999921 -0.0125743 0.00131007 0.0125733 0.99992 0.0589646 0.400587 -0.379943
FixedParameters: 0 0 0

#Transform 2
Transform: AffineTransform_float_3_3
Parameters: 0.999999 -0.000830012 -0.00119218 0.000814237 0.999909 -0.0134735 0.00120372 0.0134726 0.999909 0.0570815 0.412865 -0.387331
FixedParameters: 0 0 0

#Transform 3
Transform: AffineTransform_float_3_3
Parameters: 1 -0.00031107 -8.4654e-05 0.000309981 0.99991 -0.0134305 8.92074e-05 0.0134298 0.99991 0.0606378 0.38271 -0.479803
FixedParameters: 0 0 0

#Transform 4
Transform: AffineTransform_float_3_3
Parameters: 1 -0.000622832 0.000220962 0.00062551 0.999918 -0.0127463 -0.000213336 0.0127464 0.999918 0.0768233 0.322372 -0.61529
FixedParameters: 0 0 0

#Transform 5
Transform: AffineTransform_float_3_3
Parameters: 1 3.43836e-05 -0.000177492 -3.66617e-05 0.999907 -0.0135899 0.000176448 0.0135903 0.999908 0.0810464 0.270017 -0.644933
FixedParameters: 0 0 0

#Transform 6
Transform: AffineTransform_float_3_3
Parameters: 1 -0.000205792 0.000161146 0.00020819 0.999902 -0.014006 -0.000157746 0.0140062 0.999902 0.0816401 0.33857 -0.588163
FixedParameters: 0 0 0

#Transform 7
Transform: AffineTransform_float_3_3
Parameters: 1 -0.000322827 -0.000137053 0.00032038 0.999899 -0.0142091 0.000141048 0.0142093 0.999899 0.0820689 0.346898 -0.592018
FixedParameters: 0 0 0

#Transform 8
Transform: AffineTransform_float_3_3
Parameters: 1 -0.000202381 -0.000203814 0.000199534 0.999916 -0.0130094 0.000205687 0.0130097 0.999916 0.128319 0.321124 -0.631332
FixedParameters: 0 0 0

#Transform 9
Transform: AffineTransform_float_3_3
Parameters: 1 -0.000265101 0.000327509 0.00027087 0.999881 -0.0154264 -0.000323859 0.0154256 0.999881 0.0928928 0.444945 -0.709501
FixedParameters: 0 0 0

#Transform 10
Transform: AffineTransform_float_3_3
Parameters: 1 -0.000188906 -0.000362045 0.000182167 0.999822 -0.0188818 0.000365307 0.0188816 0.999822 0.0752345 0.488683 -0.598017
FixedParameters: 0 0 0

#Transform 11
Transform: AffineTransform_float_3_3
Parameters: 1 -0.00013834 -0.0001486 0.000135472 0.999862 -0.0166256 0.000151663 0.0166261 0.999862 0.0736881 0.379588 -0.555182
FixedParameters: 0 0 0

#Transform 12
Transform: AffineTransform_float_3_3
Parameters: 0.999999 -0.000137172 -0.0015531 0.000109849 0.999853 -0.0171386 0.00155532 0.0171385 0.999852 -0.00309523 0.364483 -0.730214
FixedParameters: 0 0 0

#Transform 13
Transform: AffineTransform_float_3_3
Parameters: 0.999997 -0.00198855 0.00126875 0.00200781 0.999881 -0.0152742 -0.00123854 0.0152766 0.999883 0.0555662 0.267356 -0.501512
FixedParameters: 0 0 0

#Transform 14
Transform: AffineTransform_float_3_3
Parameters: 1 -0.000827383 0.000376514 0.000831501 0.999946 -0.010292 -0.000368327 0.0102923 0.999947 0.0297618 0.44273 -0.407566
FixedParameters: 0 0 0

#Transform 15
Transform: AffineTransform_float_3_3
Parameters: 0.999999 -0.00155618 -9.39471e-05 0.00155557 0.999974 -0.00693929 0.000105619 0.00693881 0.999976 0.089829 0.282465 -0.374198
FixedParameters: 0 0 0

#Transform 16
Transform: AffineTransform_float_3_3
Parameters: 0.999998 -0.000998916 0.00156528 0.00100847 0.99998 -0.00609608 -0.00155922 0.00609779 0.99998 0.101637 0.18871 -0.395877
FixedParameters: 0 0 0

#Transform 17
Transform: AffineTransform_float_3_3
Parameters: 0.999999 -0.00021623 0.00139181 0.000225438 0.999981 -0.00621968 -0.00139042 0.00621986 0.999979 0.0284624 0.405564 -0.436881
FixedParameters: 0 0 0

#Transform 18
Transform: AffineTransform_float_3_3
Parameters: 1 -0.000391664 0.000534859 0.000396589 0.999948 -0.0101983 -0.000530331 0.0101985 0.999948 0.103096 0.237719 -0.0115913
FixedParameters: 0 0 0

#Transform 19
Transform: AffineTransform_float_3_3
Parameters: 1 -0.000597232 0.000656732 0.00060636 0.999913 -0.013181 -0.000648291 0.0131814 0.999913 0.0464617 0.278867 0.103674
FixedParameters: 0 0 0

#Transform 20
Transform: AffineTransform_float_3_3
Parameters: 1 -0.000529005 -0.000186252 0.000528574 0.999999 -0.000712656 0.000186001 0.000713398 0.999999 -0.00477433 -0.0068347 0.0345381
FixedParameters: 0 0 0

#Transform 21
Transform: AffineTransform_float_3_3
Parameters: 1 -0.000590148 -9.68235e-05 0.000589671 0.999991 -0.00414748 9.96141e-05 0.00414735 0.999992 0.0734107 0.165841 0.156308
FixedParameters: 0 0 0

#Transform 22
Transform: AffineTransform_float_3_3
Parameters: 1 -0.000298772 -0.000911613 0.000294588 0.999987 -0.00514479 0.000912552 0.00514473 0.999987 0.0625698 0.201973 0.0550594
FixedParameters: 0 0 0

#Transform 23
Transform: AffineTransform_float_3_3
Parameters: 0.999998 -0.000451401 -0.00190907 0.000440247 0.999983 -0.00580361 0.00191104 0.00580193 0.999982 0.080654 0.22293 -0.0154788
FixedParameters: 0 0 0

#Transform 24
Transform: AffineTransform_float_3_3
Parameters: 0.999999 -0.000339854 -0.001172 0.000333465 0.999986 -0.00533901 0.00117326 0.00533875 0.999985 0.0680303 0.236836 0.00788742
FixedParameters: 0 0 0

#Transform 25
Transform: AffineTransform_float_3_3
Parameters: 0.999999 0.000321042 -0.000910317 -0.00032046 1 0.000377251 0.000909571 -0.000376704 0.999999 0.0592247 0.18444 0.105497
FixedParameters: 0 0 0

#Transform 26
Transform: AffineTransform_float_3_3
Parameters: 1 0.000280214 0.000194757 -0.000280388 0.999997 0.00252736 -0.000193785 -0.00252742 0.999997 0.0676405 0.139706 0.168652
FixedParameters: 0 0 0

#Transform 27
Transform: AffineTransform_float_3_3
Parameters: 1 6.87462e-05 9.10138e-05 -6.87696e-05 1 0.000128187 -9.09962e-05 -0.000128199 1 0.0689176 0.151753 0.0247584
FixedParameters: 0 0 0

#Transform 28
Transform: AffineTransform_float_3_3
Parameters: 0.999999 0.000573735 0.00071493 -0.000572431 0.999999 -0.00165904 -0.000715976 0.00165917 0.999999 0.156041 0.206468 -0.294353
FixedParameters: 0 0 0

#Transform 29
Transform: AffineTransform_float_3_3
Parameters: 1 0.000569161 0.000252145 -0.000568775 0.999999 -0.0008841 -0.000253169 0.000884787 0.999999 0.134992 0.186789 -0.328471
FixedParameters: 0 0 0

#Transform 30
Transform: AffineTransform_float_3_3
Parameters: 1 0.000168448 0.000330919 -0.000168064 1 -0.00058054 -0.000331114 0.000580429 1 0.126923 0.167667 -0.306617
FixedParameters: 0 0 0

#Transform 31
Transform: AffineTransform_float_3_3
Parameters: 1 -5.79494e-05 -2.50093e-05 5.79291e-05 1 -0.000404346 2.50561e-05 0.000404343 1 0.153874 0.150188 -0.292478
FixedParameters: 0 0 0

#Transform 32
Transform: AffineTransform_float_3_3
Parameters: 0.999999 -0.000247256 0.00126531 0.000247478 1 -0.00043594 -0.00126497 0.000435753 0.999999 0.110685 0.0595207 -0.272489
FixedParameters: 0 0 0

#Transform 33
Transform: AffineTransform_float_3_3
Parameters: 1 -0.00111241 0.00055158 0.00111279 0.999999 -0.00133009 -0.000549475 0.00133003 0.999999 0.0903151 0.14898 -0.741972
FixedParameters: 0 0 0

#Transform 34
Transform: AffineTransform_float_3_3
Parameters: 0.999996 0.000594017 0.00276658 -0.000581262 0.999988 -0.00487376 -0.00276922 0.00487265 0.999985 0.11596 0.252045 -0.288337
FixedParameters: 0 0 0

#Transform 35
Transform: AffineTransform_float_3_3
Parameters: 0.999999 0.000582557 0.000289406 -0.000581 0.999988 -0.00500314 -0.000292505 0.00500263 0.999987 0.100876 0.315012 -0.322332
FixedParameters: 0 0 0

#Transform 36
Transform: AffineTransform_float_3_3
Parameters: 1 0.000588858 -0.000464877 -0.000592073 0.999975 -0.00703208 0.000460381 0.00703203 0.999976 0.110045 0.3172 -0.333367
FixedParameters: 0 0 0

#Transform 37
Transform: AffineTransform_float_3_3
Parameters: 0.999999 0.000751335 -0.000635186 -0.000756229 0.999968 -0.00796211 0.000629069 0.00796244 0.999968 0.111502 0.360865 -0.394893
FixedParameters: 0 0 0

#Transform 38
Transform: AffineTransform_float_3_3
Parameters: 0.999999 0.000903519 0.000454468 -0.000904512 0.999995 0.0027815 -0.000452078 -0.0027823 0.999996 0.102878 0.304012 -0.131627
FixedParameters: 0 0 0

#Transform 39
Transform: AffineTransform_float_3_3
Parameters: 0.999993 -0.000170025 0.00361846 0.000147106 0.999981 0.00618004 -0.00361888 -0.00617922 0.999974 0.176014 -0.0131196 -0.137245
FixedParameters: 0 0 0

#Transform 40
Transform: AffineTransform_float_3_3
Parameters: 0.999999 0.00167473 0.000321791 -0.00167656 0.999975 0.00685106 -0.000310845 -0.00685151 0.999976 0.103271 0.154112 -0.0787984
FixedParameters: 0 0 0

#Transform 41
Transform: AffineTransform_float_3_3
Parameters: 1 0.000979266 -0.000821584 -0.000977809 0.999998 0.0016161 0.000822787 -0.00161559 0.999999 0.113598 0.133447 -0.257252
FixedParameters: 0 0 0

#Transform 42
Transform: AffineTransform_float_3_3
Parameters: 0.999999 0.000536581 -0.00148957 -0.000548946 0.999963 -0.0085118 0.00148479 0.00851266 0.999963 0.128039 0.311211 -0.404811
FixedParameters: 0 0 0

#Transform 43
Transform: AffineTransform_float_3_3
Parameters: 0.999999 0.000601078 -0.00132979 -0.00061262 0.999963 -0.00851855 0.00132512 0.00851934 0.999963 0.110465 0.335831 -0.405092
FixedParameters: 0 0 0

#Transform 44
Transform: AffineTransform_float_3_3
Parameters: 1 0.000441602 -7.82311e-06 -0.00044103 0.999989 -0.00465935 5.33336e-06 0.00465948 0.999989 0.123466 0.245119 -0.517071
FixedParameters: 0 0 0

#Transform 45
Transform: AffineTransform_float_3_3
Parameters: 0.999999 0.000319671 -0.000828157 -0.000319272 1 -0.000394714 0.000827814 0.00039432 0.999999 0.124936 0.146198 -0.550269
FixedParameters: 0 0 0

#Transform 46
Transform: AffineTransform_float_3_3
Parameters: 0.999999 -5.15033e-06 -0.00183249 2.34079e-06 0.999999 -0.00133427 0.00183218 0.00133381 0.999998 0.0632781 0.0700838 -0.560243
FixedParameters: 0 0 0

#Transform 47
Transform: AffineTransform_float_3_3
Parameters: 0.999997 -0.000550991 -0.00201871 0.000544166 0.999995 -0.00309516 0.00202086 0.00309465 0.999993 0.0807609 0.201685 -0.579916
FixedParameters: 0 0 0

#Transform 48
Transform: AffineTransform_float_3_3
Parameters: 1 0.000287597 -0.000709616 -0.000289924 0.999993 -0.00367002 0.000708491 0.00366966 0.999993 0.0656617 0.225165 -0.659972
FixedParameters: 0 0 0

#Transform 49
Transform: AffineTransform_float_3_3
Parameters: 1 0.000742323 -0.00076773 -0.000745975 0.999987 -0.00491535 0.000763702 0.00491587 0.999988 0.110115 0.240563 -0.749943
FixedParameters: 0 0 0

#Transform 50
Transform: AffineTransform_float_3_3
Parameters: 0.999989 0.00372341 -0.00278984 -0.00373523 0.999983 -0.00448561 0.00277314 0.00449557 0.999986 0.200675 0.194764 -0.319581
FixedParameters: 0 0 0

#Transform 51
Transform: AffineTransform_float_3_3
Parameters: 0.99999 0.00212155 -0.00375991 -0.0021361 0.99999 -0.00400125 0.00375191 0.00400926 0.999985 0.183743 0.191304 -0.165228
FixedParameters: 0 0 0

#Transform 52
Transform: AffineTransform_float_3_3
Parameters: 0.999999 0.000928928 -0.00120862 -0.000939735 0.999961 -0.00871431 0.00119997 0.00871553 0.999961 0.105837 0.247999 -0.196133
FixedParameters: 0 0 0

#Transform 53
Transform: AffineTransform_float_3_3
Parameters: 0.999999 0.000935598 -0.00106181 -0.000946251 0.999948 -0.0100991 0.00105185 0.0101001 0.999949 0.0957988 0.365009 -0.234003
FixedParameters: 0 0 0

#Transform 54
Transform: AffineTransform_float_3_3
Parameters: 0.999999 0.00115452 -0.000889175 -0.00116229 0.999954 -0.00953191 0.000877996 0.00953376 0.999954 0.0924727 0.331059 -0.252203
FixedParameters: 0 0 0

#Transform 55
Transform: AffineTransform_float_3_3
Parameters: 0.999998 0.000978953 -0.00132837 -0.000990727 0.999964 -0.00835989 0.00131988 0.00836149 0.999964 0.0641781 0.41425 -0.34825
FixedParameters: 0 0 0

#Transform 56
Transform: AffineTransform_float_3_3
Parameters: 0.999999 0.00149202 -0.000117526 -0.0014931 0.999967 -0.00795602 0.000105243 0.00795642 0.999968 0.0422014 0.316096 -0.342135
FixedParameters: 0 0 0

#Transform 57
Transform: AffineTransform_float_3_3
Parameters: 0.999999 0.00106788 -7.14428e-05 -0.00106877 0.999965 -0.0083769 6.25902e-05 0.00837702 0.999964 0.0631858 0.370167 -0.337529
FixedParameters: 0 0 0

#Transform 58
Transform: AffineTransform_float_3_3
Parameters: 1 1.01029e-05 -0.00129918 -2.28568e-05 0.999951 -0.00985014 0.00129888 0.0098503 0.999951 0.0907084 0.346091 -0.372937
FixedParameters: 0 0 0

#Transform 59
Transform: AffineTransform_float_3_3
Parameters: 0.999977 -0.00193079 -0.00642541 0.00188176 0.99997 -0.00755802 0.00644047 0.00754565 0.999951 -0.00690629 0.359164 -0.766457
FixedParameters: 0 0 0

#Transform 60
Transform: AffineTransform_float_3_3
Parameters: 0.999999 0.00177256 0.000209973 -0.00177315 0.999998 -0.00066581 -0.000211002 0.000664625 1 0.0573153 0.337752 -0.15054
FixedParameters: 0 0 0

#Transform 61
Transform: AffineTransform_float_3_3
Parameters: 0.999999 0.00162459 0.000412437 -0.00162398 0.999998 -0.00168453 -0.00041485 0.001684 0.999999 0.0749232 0.264707 -0.0717345
FixedParameters: 0 0 0

#Transform 62
Transform: AffineTransform_float_3_3
Parameters: 0.999999 0.00125193 0.00034619 -0.00125091 0.999991 -0.00408726 -0.000351054 0.00408626 0.999992 0.0810843 0.344665 -0.103828
FixedParameters: 0 0 0

#Transform 63
Transform: AffineTransform_float_3_3
Parameters: 1 0.000694444 -0.000744896 -0.000698379 0.999987 -0.00518369 0.000740857 0.00518389 0.999986 0.0817691 0.332619 -0.111534
FixedParameters: 0 0 0

#Transform 64
Transform: AffineTransform_float_3_3
Parameters: 0.999999 0.00179701 2.24055e-05 -0.00179666 0.999961 -0.00864442 -3.83868e-05 0.00864424 0.999962 0.0758645 0.38159 -0.178429
FixedParameters: 0 0 0

#Transform 65
Transform: AffineTransform_float_3_3
Parameters: 0.999999 0.00153873 -0.00015193 -0.00154022 0.999951 -0.00976019 0.000137371 0.00976091 0.999953 0.0594303 0.432542 -0.254093
FixedParameters: 0 0 0

#Transform 66
Transform: AffineTransform_float_3_3
Parameters: 0.999999 0.00113043 -0.000517576 -0.00113233 0.999992 -0.00397059 0.000513537 0.00397087 0.999992 0.0297842 0.317011 -0.445121
FixedParameters: 0 0 0

#Transform 67
Transform: AffineTransform_float_3_3
Parameters: 0.999999 -0.00110164 -0.0013819 0.00109518 0.999991 -0.00418768 0.00138656 0.004186 0.99999 -0.0350385 0.229571 -0.494917
FixedParameters: 0 0 0

#Transform 68
Transform: AffineTransform_float_3_3
Parameters: 0.999996 -0.00163711 -0.00208996 0.00162542 0.999983 -0.00570231 0.00209926 0.00569929 0.999981 -0.00863065 0.313719 -0.442416
FixedParameters: 0 0 0

#Transform 69
Transform: AffineTransform_float_3_3
Parameters: 0.999997 -0.00114901 -0.00179592 0.0011436 0.999994 -0.00328931 0.00180014 0.00328665 0.999993 0.0325628 0.209776 -0.247832
FixedParameters: 0 0 0

#Transform 70
Transform: AffineTransform_float_3_3
Parameters: 0.999999 2.5827e-05 -0.00158403 -3.28698e-05 0.99999 -0.00463413 0.00158376 0.00463392 0.999988 0.0338439 0.143337 -0.39043
FixedParameters: 0 0 0

#Transform 71
Transform: AffineTransform_float_3_3
Parameters: 1 0.000647882 -0.000554236 -0.00065197 0.999966 -0.00819443 0.000548261 0.00819449 0.999966 0.0704635 0.24703 -0.250656
FixedParameters: 0 0 0

#Transform 72
Transform: AffineTransform_float_3_3
Parameters: 1 0.000317235 -0.000430855 -0.000321801 0.999957 -0.00921945 0.000427749 0.00921916 0.999957 0.0738727 0.328841 -0.256314
FixedParameters: 0 0 0

#Transform 73
Transform: AffineTransform_float_3_3
Parameters: 1 0.000693906 -0.000252659 -0.000696302 0.999953 -0.0097421 0.000246374 0.00974275 0.999953 0.0735165 0.364348 -0.266711
FixedParameters: 0 0 0

#Transform 74
Transform: AffineTransform_float_3_3
Parameters: 1 0.000661057 -0.000295599 -0.000664622 0.999951 -0.00993699 0.000288474 0.00993764 0.999951 0.0693691 0.405155 -0.328421
FixedParameters: 0 0 0

#Transform 75
Transform: AffineTransform_float_3_3
Parameters: 0.999999 0.000714626 -0.000581978 -0.000720357 0.999945 -0.0104163 0.000575057 0.0104169 0.999946 0.0820553 0.381923 -0.291299
FixedParameters: 0 0 0

#Transform 76
Transform: AffineTransform_float_3_3
Parameters: 1 0.000659459 -0.000438897 -0.000664134 0.999946 -0.0103059 0.000432743 0.0103059 0.999946 0.064436 0.398805 -0.229158
FixedParameters: 0 0 0

#Transform 77
Transform: AffineTransform_float_3_3
Parameters: 0.999999 0.000676777 -0.000946128 -0.000685778 0.999955 -0.0094181 0.000940266 0.00941828 0.999955 0.0684257 0.26654 0.196421
FixedParameters: 0 0 0

#Transform 78
Transform: AffineTransform_float_3_3
Parameters: 0.999999 0.000395656 -0.00128232 -0.000410147 0.999939 -0.011019 0.00127795 0.0110204 0.999938 0.0444524 0.520646 -0.207131
FixedParameters: 0 0 0

#Transform 79
Transform: AffineTransform_float_3_3
Parameters: 1 0.000249019 -0.000368012 -0.000252796 0.999946 -0.010342 0.000366226 0.0103427 0.999946 0.0587925 0.47914 -0.0900068
FixedParameters: 0 0 0

#Transform 80
Transform: AffineTransform_float_3_3
Parameters: 1 0.000204699 -0.000601085 -0.000211045 0.999949 -0.0101042 0.000598337 0.010104 0.999949 0.0859301 0.419654 -0.136203
FixedParameters: 0 0 0

#Transform 81
Transform: AffineTransform_float_3_3
Parameters: 1 0.000722091 -0.000299532 -0.000724658 0.999948 -0.0101237 0.000292589 0.0101237 0.999949 0.0746001 0.390571 -0.176087
FixedParameters: 0 0 0

#Transform 82
Transform: AffineTransform_float_3_3
Parameters: 0.999999 0.00116221 0.000649569 -0.00115671 0.999962 -0.00863735 -0.000659267 0.00863672 0.999963 0.0781405 0.307656 -0.104795
FixedParameters: 0 0 0

#Transform 83
Transform: AffineTransform_float_3_3
Parameters: 1 0.000870711 0.000530961 -0.000866151 0.999958 -0.0091234 -0.000538989 0.00912235 0.999958 0.0658296 0.320591 -0.0777604
FixedParameters: 0 0 0

#Transform 84
Transform: AffineTransform_float_3_3
Parameters: 0.999999 0.000806771 0.000740935 -0.000798291 0.999948 -0.0101616 -0.00074848 0.0101612 0.999948 0.0613766 0.358762 -0.0596284
FixedParameters: 0 0 0

#Transform 85
Transform: AffineTransform_float_3_3
Parameters: 0.999999 0.000861814 0.00101682 -0.000849882 0.999928 -0.0119611 -0.00102726 0.01196 0.999928 0.0544132 0.427931 -0.0650948
FixedParameters: 0 0 0

#Transform 86
Transform: AffineTransform_float_3_3
Parameters: 0.999999 0.000858738 0.00101057 -0.000848539 0.999952 -0.00967844 -0.00101855 0.00967758 0.999953 0.0607919 0.416132 -0.0298765
FixedParameters: 0 0 0

#Transform 87
Transform: AffineTransform_float_3_3
Parameters: 1 0.00115591 -0.000147559 -0.00115592 1 -5.02931e-05 0.00014756 5.04229e-05 1 0.058381 0.332179 0.203714
FixedParameters: 0 0 0

#Transform 88
Transform: AffineTransform_float_3_3
Parameters: 0.999999 0.000747593 0.00010468 -0.000747242 0.999999 -0.00168524 -0.000106318 0.0016849 0.999998 0.0648952 0.299615 0.142775
FixedParameters: 0 0 0

#Transform 89
Transform: AffineTransform_float_3_3
Parameters: 1 0.000890932 -0.000342059 -0.000892039 0.999995 -0.00326172 0.000339641 0.00326229 0.999994 0.0685296 0.273553 0.142459
FixedParameters: 0 0 0

#Transform 90
Transform: AffineTransform_float_3_3
Parameters: 1 0.000755219 -0.000165265 -0.000755657 0.999991 -0.004311 0.000162689 0.00431124 0.999991 0.0665096 0.380673 0.110209
FixedParameters: 0 0 0

#Transform 91
Transform: AffineTransform_float_3_3
Parameters: 1 0.000906572 0.000237232 -0.000906046 0.999984 -0.00559511 -0.000241804 0.00559457 0.999984 0.0611754 0.329322 0.0885337
FixedParameters: 0 0 0

#Transform 92
Transform: AffineTransform_float_3_3
Parameters: 1 0.000744543 0.000213261 -0.000743486 0.999985 -0.00554362 -0.000217055 0.00554417 0.999984 0.0526852 0.395569 0.078237
FixedParameters: 0 0 0

#Transform 93
Transform: AffineTransform_float_3_3
Parameters: 1 0.00091411 0.000317598 -0.000912551 0.999982 -0.0059268 -0.000322109 0.00592711 0.999982 0.0609052 0.335343 0.0669528
FixedParameters: 0 0 0

#Transform 94
Transform: AffineTransform_float_3_3
Parameters: 0.999999 0.000947687 0.000651728 -0.000943295 0.999977 -0.00673628 -0.000657621 0.00673606 0.999978 0.0560727 0.36553 0.0457646
FixedParameters: 0 0 0

#Transform 95
Transform: AffineTransform_float_3_3
Parameters: 1 0.000877415 0.000501193 -0.000873429 0.99998 -0.00623583 -0.000506001 0.00623486 0.99998 0.0596145 0.338632 0.0546946
FixedParameters: 0 0 0

#Transform 96
Transform: AffineTransform_float_3_3
Parameters: 0.999999 0.000680623 0.000476678 -0.000679725 0.999998 -0.00195282 -0.000477492 0.00195316 0.999998 0.0785728 0.307096 0.151984
FixedParameters: 0 0 0

#Transform 97
Transform: AffineTransform_float_3_3
Parameters: 0.999999 0.00138637 5.01107e-05 -0.00138639 0.999999 -0.000326962 -5.09189e-05 0.000327586 1 0.0555791 0.234804 0.194933
FixedParameters: 0 0 0

#Transform 98
Transform: AffineTransform_float_3_3
Parameters: 0.999999 0.00142601 0.000346603 -0.00142529 0.999997 -0.00233254 -0.000350419 0.00233236 0.999998 0.0607806 0.31134 0.105221
FixedParameters: 0 0 0

#Transform 99
Transform: AffineTransform_float_3_3
Parameters: 0.999999 0.00118295 0.00039167 -0.0011826 0.999995 -0.00267714 -0.00039417 0.00267624 0.999997 0.0564176 0.329623 0.0894652
FixedParameters: 0 0 0

#Transform 100
Transform: AffineTransform_float_3_3
Parameters: 1 0.000666833 -0.00042328 -0.000670334 0.999968 -0.0079461 0.000418759 0.00794594 0.999968 0.0628291 0.329615 0.0159994
FixedParameters: 0 0 0

#Transform 101
Transform: AffineTransform_float_3_3
Parameters: 1 0.000675049 -0.000229227 -0.000676514 0.999978 -0.00651277 0.000224881 0.00651337 0.999979 0.0618756 0.344681 0.0180281
FixedParameters: 0 0 0

#Transform 102
Transform: AffineTransform_float_3_3
Parameters: 0.999999 0.000573963 0.000195941 -0.000572068 0.99998 -0.00641527 -0.000199601 0.00641498 0.999979 0.0527189 0.342688 -0.021466
FixedParameters: 0 0 0

#Transform 103
Transform: AffineTransform_float_3_3
Parameters: 1 -6.1532e-05 0.000398882 6.26746e-05 0.999989 -0.0046308 -0.000398331 0.00463074 0.999989 0.0267553 0.381821 -0.190403
FixedParameters: 0 0 0

#Transform 104
Transform: AffineTransform_float_3_3
Parameters: 1 0.000222706 0.000406438 -0.000220415 0.999989 -0.00452629 -0.000407478 0.00452609 0.999989 0.0261337 0.305858 -0.183196
FixedParameters: 0 0 0

#Transform 105
Transform: AffineTransform_float_3_3
Parameters: 1 0.000189422 0.000644552 -0.000185312 0.999986 -0.00526868 -0.000645917 0.00526933 0.999986 0.0664888 0.45278 -0.519587
FixedParameters: 0 0 0

#Transform 106
Transform: AffineTransform_float_3_3
Parameters: 1 0.000283917 9.18313e-05 -0.000283534 0.999984 -0.00563454 -9.38556e-05 0.00563454 0.999984 0.0286824 0.189899 -0.419072
FixedParameters: 0 0 0

#Transform 107
Transform: AffineTransform_float_3_3
Parameters: 0.999999 0.000191907 0.000886289 -0.00018708 0.999989 -0.00466023 -0.000886983 0.00465977 0.999989 0.0549142 0.216607 -0.273755
FixedParameters: 0 0 0

#Transform 108
Transform: AffineTransform_float_3_3
Parameters: 0.999999 0.000384393 0.0009427 -0.000379849 0.999985 -0.00531984 -0.000944823 0.00531892 0.999985 0.0690324 0.333964 -0.298087
FixedParameters: 0 0 0

#Transform 109
Transform: AffineTransform_float_3_3
Parameters: 0.999999 0.000532575 0.00116984 -0.000526451 0.999982 -0.00584441 -0.00117324 0.00584408 0.999983 0.0706884 0.335208 -0.359482
FixedParameters: 0 0 0

#Transform 110
Transform: AffineTransform_float_3_3
Parameters: 0.999999 0.000677584 0.00168161 -0.000666392 0.999977 -0.00681331 -0.00168625 0.00681277 0.999976 0.0777878 0.325596 -0.373043
FixedParameters: 0 0 0

#Transform 111
Transform: AffineTransform_float_3_3
Parameters: 0.999999 0.000609136 0.00143016 -0.000599209 0.999976 -0.00687309 -0.00143415 0.00687201 0.999975 0.0655296 0.329384 -0.341654
FixedParameters: 0 0 0

#Transform 112
Transform: AffineTransform_float_3_3
Parameters: 0.999999 0.000864115 0.00114441 -0.000856042 0.999973 -0.00728303 -0.0011501 0.00728185 0.999973 0.0635622 0.352451 -0.325207
FixedParameters: 0 0 0

#Transform 113
Transform: AffineTransform_float_3_3
Parameters: 0.999999 0.000689981 0.00101659 -0.000682053 0.999969 -0.00775184 -0.00102181 0.00775026 0.999969 0.0662468 0.369018 -0.310751
FixedParameters: 0 0 0

#Transform 114
Transform: AffineTransform_float_3_3
Parameters: 0.999999 0.0009146 0.000970324 -0.000906322 0.999965 -0.00831811 -0.000977665 0.00831723 0.999965 0.0539185 0.363628 -0.310826
FixedParameters: 0 0 0

#Transform 115
Transform: AffineTransform_float_3_3
Parameters: 1 -0.000118396 0.000502501 0.000121718 0.999967 -0.00812453 -0.000501955 0.00812543 0.999967 0.0543805 0.35037 -0.307925
FixedParameters: 0 0 0

#Transform 116
Transform: AffineTransform_float_3_3
Parameters: 1 0.000607525 8.19492e-05 -0.000606273 0.999963 -0.00866709 -8.67254e-05 0.00866707 0.999962 0.0444816 0.371155 -0.289088
FixedParameters: 0 0 0

#Transform 117
Transform: AffineTransform_float_3_3
Parameters: 0.999999 -6.04974e-05 -0.000888578 5.60939e-05 0.99999 -0.00451504 0.000889542 0.0045142 0.999989 0.054027 0.182769 -0.143606
FixedParameters: 0 0 0

#Transform 118
Transform: AffineTransform_float_3_3
Parameters: 0.999999 0.000822608 -0.000992741 -0.000826153 0.99999 -0.00433727 0.000989009 0.00433737 0.999991 0.0373508 0.248707 -0.156877
FixedParameters: 0 0 0

#Transform 119
Transform: AffineTransform_float_3_3
Parameters: 1 0.00080933 -8.15698e-05 -0.000809238 0.999987 -0.00504898 7.79873e-05 0.00504913 0.999987 0.0566825 0.281713 -0.188113
FixedParameters: 0 0 0
