#!ascii label  , from subject sub-v2s10x28931_ses-1 vox2ras=TkReg
1650
3288  -16.551  -73.807  30.612 0.5000000000
1939  -19.078  -76.098  30.765 0.5000000000
2378  -19.806  -75.635  31.210 0.5000000000
111965  -19.834  -75.544  30.273 0.5000000000
3813  -15.442  -72.688  28.761 0.5000000000
3310  -15.934  -73.234  29.577 0.5000000000
117688  -16.525  -72.624  29.021 0.5000000000
3311  -16.976  -73.054  29.894 0.5000000000
3797  -17.844  -72.840  30.118 0.6000000238
3289  -17.518  -74.049  31.300 0.5000000000
2384  -19.948  -75.061  29.342 0.5000000000
125280  -18.556  -75.598  31.810 0.5000000000
2833  -20.742  -74.776  29.291 0.5000000000
1924  -19.101  -75.730  31.560 0.6000000238
132215  -20.450  -75.223  29.979 0.6000000238
2802  -19.465  -74.567  32.231 0.6000000238
2379  -20.477  -75.413  30.789 0.6000000238
2834  -21.423  -74.589  29.394 0.6999999881
2345  -20.192  -74.592  32.201 0.6999999881
2380  -21.129  -75.081  30.212 0.6999999881
119447  -21.906  -74.475  31.800 0.6999999881
2820  -21.632  -74.966  31.032 0.6999999881
2829  -21.917  -74.709  30.017 0.6999999881
3832  -16.106  -72.065  28.310 0.5000000000
126087  -17.090  -71.985  28.533 0.6000000238
4261  -16.724  -71.327  28.047 0.6000000238
4262  -17.643  -71.321  28.287 0.6000000238
3290  -18.415  -74.185  31.874 0.5000000000
2840  -21.194  -74.026  28.527 0.5000000000
132312  -21.272  -73.446  27.702 0.5000000000
111088  -23.080  -73.387  27.603 0.6999999881
2841  -22.084  -74.219  29.075 0.6999999881
3321  -23.364  -73.531  28.304 0.6999999881
2801  -18.894  -74.589  32.180 0.6000000238
128760  -19.207  -73.934  32.213 0.6999999881
3312  -22.934  -73.921  28.912 0.6999999881
3275  -19.943  -73.890  32.371 0.6999999881
2803  -20.702  -73.903  32.437 0.6999999881
3301  -23.890  -73.869  29.913 0.6999999881
119422  -21.953  -73.300  32.676 0.6999999881
2821  -22.632  -74.228  31.695 0.6999999881
2830  -22.393  -74.631  30.832 0.6999999881
3302  -24.547  -73.489  30.177 0.6999999881
3277  -22.638  -73.585  32.469 0.6999999881
3279  -24.223  -73.219  32.459 0.6999999881
117469  -23.931  -73.629  31.819 0.6999999881
3280  -25.137  -72.902  32.217 0.6999999881
4260  -15.726  -71.363  28.008 0.5000000000
4706  -16.291  -70.603  27.848 0.6000000238
5193  -16.444  -69.417  28.012 0.6000000238
4707  -17.270  -70.716  27.995 0.6000000238
5184  -18.144  -69.752  28.876 0.6000000238
3815  -18.253  -72.175  29.469 0.6000000238
4696  -18.587  -70.637  28.883 0.6000000238
3798  -18.606  -72.528  30.298 0.6000000238
3833  -23.955  -73.397  27.931 0.6999999881
3786  -18.984  -73.354  31.668 0.6999999881
3849  -24.561  -73.381  27.653 0.6999999881
3850  -25.234  -73.363  27.651 0.6999999881
3787  -19.518  -72.692  31.354 0.6999999881
3834  -24.827  -73.302  28.369 0.6999999881
3341  -25.629  -73.469  27.206 0.6999999881
3773  -19.763  -73.189  32.157 0.6999999881
125202  -20.189  -72.482  31.810 0.6999999881
114322  -23.695  -73.691  29.051 0.6999999881
3322  -24.225  -73.441  28.617 0.6999999881
3835  -25.349  -73.264  28.198 0.6999999881
3851  -25.797  -73.279  27.916 0.6999999881
124219  -20.474  -73.247  32.418 0.6999999881
3789  -20.972  -72.438  32.313 0.6999999881
3314  -24.291  -73.491  29.354 0.6999999881
3836  -25.993  -73.022  28.528 0.6999999881
3775  -22.686  -72.764  33.018 0.6999999881
3303  -25.252  -73.071  30.390 0.6999999881
3315  -24.994  -73.158  29.288 0.6999999881
3776  -23.609  -72.690  33.095 0.6999999881
125838  -25.353  -72.967  31.267 0.6999999881
3801  -25.809  -72.650  30.724 0.6999999881
3777  -24.478  -72.606  33.052 0.6999999881
3790  -25.787  -72.584  31.538 0.6999999881
115988  -25.304  -72.365  33.004 0.6999999881
4705  -15.529  -70.200  27.997 0.5000000000
116471  -15.593  -68.960  28.019 0.6000000238
5685  -16.308  -68.622  28.170 0.6000000238
5683  -14.588  -68.411  28.133 0.5000000000
6271  -16.115  -67.677  28.391 0.6000000238
5182  -13.763  -69.171  29.153 0.5000000000
5192  -14.933  -69.465  28.121 0.5000000000
5672  -17.043  -68.330  28.745 0.6000000238
6785  -16.679  -66.424  29.319 0.6000000238
126274  -17.724  -68.931  29.084 0.6000000238
6257  -16.894  -67.380  29.151 0.6000000238
4248  -19.253  -71.124  29.385 0.6000000238
3816  -19.051  -71.809  29.613 0.6999999881
4697  -19.383  -70.643  29.675 0.6999999881
3800  -20.034  -72.005  30.815 0.6999999881
4249  -19.876  -70.958  30.006 0.6999999881
3362  -26.230  -73.906  26.612 0.6999999881
3788  -20.720  -71.726  31.280 0.6999999881
4233  -20.386  -71.242  30.456 0.6999999881
3342  -26.361  -73.504  27.511 0.6999999881
2866  -27.061  -74.361  26.468 0.6999999881
4675  -21.611  -70.701  31.372 0.6999999881
114035  -26.740  -72.938  28.603 0.6999999881
126809  -27.784  -74.012  27.444 0.6999999881
2880  -27.598  -74.883  25.872 0.6999999881
113518  -22.516  -71.830  32.950 0.6000000238
3818  -26.295  -72.672  29.116 0.6999999881
3324  -27.163  -73.460  27.922 0.6999999881
2867  -28.533  -74.819  26.343 0.6999999881
2411  -27.723  -75.251  25.017 0.6999999881
3755  -23.290  -72.064  33.311 0.6999999881
119129  -26.557  -72.447  29.737 0.6999999881
3803  -27.117  -72.210  30.090 0.6000000238
3837  -27.695  -73.089  28.589 0.6999999881
3343  -28.214  -73.681  27.961 0.6999999881
3757  -24.663  -71.891  33.431 0.6000000238
3778  -25.850  -72.357  32.332 0.6999999881
3791  -26.453  -72.127  31.501 0.6999999881
3802  -26.427  -72.318  30.509 0.6999999881
118751  -27.133  -71.951  30.871 0.6000000238
118144  -27.881  -72.293  29.821 0.6000000238
3759  -26.286  -71.593  33.289 0.6000000238
3779  -26.491  -71.882  32.488 0.6000000238
3780  -27.386  -71.569  31.883 0.6000000238
3792  -27.961  -71.729  30.958 0.5000000000
129842  -27.674  -72.017  30.400 0.5000000000
3820  -28.777  -72.384  29.707 0.5000000000
4214  -27.002  -71.392  32.860 0.6000000238
4215  -27.594  -71.152  32.686 0.5000000000
6270  -15.137  -67.013  28.380 0.6000000238
6254  -14.303  -67.398  28.445 0.6000000238
7299  -16.501  -65.480  29.373 0.5000000000
7298  -15.377  -64.966  29.090 0.6999999881
5682  -14.041  -68.087  28.396 0.5000000000
6240  -13.757  -67.403  29.740 0.6000000238
113707  -13.728  -66.523  29.163 0.6000000238
5661  -14.315  -68.282  30.445 0.6000000238
5660  -13.821  -68.279  29.402 0.6000000238
6771  -17.414  -65.904  30.044 0.4000000060
6224  -14.508  -67.489  30.758 0.6000000238
6241  -17.564  -66.837  29.958 0.5000000000
6258  -17.811  -67.986  29.733 0.6000000238
5673  -18.415  -69.021  29.712 0.6000000238
130440  -20.004  -70.531  30.230 0.6999999881
5185  -19.714  -69.971  30.136 0.6000000238
4688  -21.127  -70.395  30.955 0.6999999881
4224  -22.119  -71.156  32.071 0.6000000238
123581  -21.708  -70.157  31.343 0.6000000238
4213  -23.303  -71.310  33.140 0.6000000238
3325  -28.720  -73.276  28.556 0.6000000238
2852  -28.674  -74.267  27.205 0.6000000238
2402  -29.161  -75.053  25.970 0.6999999881
2421  -28.915  -75.508  24.591 0.6999999881
128268  -24.447  -71.274  33.496 0.6000000238
3838  -29.209  -72.847  29.097 0.6000000238
2447  -28.534  -75.035  22.930 0.6999999881
4648  -26.373  -70.301  34.022 0.6000000238
4235  -28.842  -71.670  30.869 0.4000000060
3821  -29.680  -72.440  29.629 0.4000000060
3326  -29.667  -73.298  28.471 0.5000000000
2868  -29.396  -74.657  26.582 0.6000000238
2422  -29.912  -75.547  24.531 0.6000000238
4649  -27.315  -70.387  33.729 0.5000000000
4650  -28.743  -70.178  33.214 0.5000000000
111986  -28.646  -70.683  32.724 0.5000000000
4225  -28.417  -71.359  31.572 0.5000000000
3327  -30.536  -73.188  28.378 0.4000000060
3345  -30.134  -73.667  27.820 0.6000000238
7297  -14.422  -64.590  29.321 0.6000000238
114486  -14.509  -65.366  28.936 0.6000000238
115643  -15.921  -63.519  29.407 0.6000000238
6223  -13.859  -66.578  30.221 0.6000000238
7282  -14.087  -65.030  30.472 0.5000000000
124438  -15.040  -65.329  31.248 0.6000000238
118580  -16.219  -65.557  31.957 0.6000000238
112733  -16.462  -64.452  29.449 0.6000000238
6225  -15.468  -67.566  31.552 0.6999999881
6758  -16.352  -66.612  32.150 0.6000000238
6759  -17.041  -66.193  32.528 0.6000000238
6772  -18.137  -66.209  30.364 0.5000000000
7290  -18.081  -65.480  30.217 0.6000000238
5652  -15.882  -68.177  31.935 0.6000000238
113335  -17.050  -67.100  32.641 0.6999999881
6242  -18.421  -67.030  30.468 0.5000000000
6214  -17.064  -67.983  32.787 0.6999999881
5662  -18.787  -68.093  30.445 0.6000000238
5625  -17.588  -68.453  33.222 0.6000000238
5178  -20.564  -69.826  30.678 0.6000000238
5177  -19.933  -69.231  30.615 0.6000000238
128944  -20.991  -68.737  31.290 0.6000000238
5168  -21.395  -69.634  31.225 0.6000000238
4677  -23.010  -70.115  32.197 0.6000000238
5156  -23.577  -69.700  32.459 0.6000000238
5645  -25.671  -68.251  32.980 0.6000000238
5139  -24.861  -69.846  33.431 0.6000000238
5646  -26.621  -68.155  33.312 0.6000000238
111150  -27.062  -69.695  34.057 0.6000000238
2869  -30.278  -74.519  26.599 0.6000000238
129213  -30.194  -75.294  25.407 0.6000000238
5142  -27.780  -69.222  33.924 0.5000000000
4664  -29.335  -70.464  32.724 0.5000000000
4217  -28.934  -70.978  32.150 0.5000000000
123128  -30.805  -75.446  23.135 0.6000000238
3346  -30.989  -73.484  27.744 0.4000000060
2870  -31.119  -74.331  26.592 0.6000000238
2414  -30.857  -75.400  25.004 0.6000000238
7823  -14.631  -63.524  30.280 0.6000000238
8335  -15.472  -63.005  30.743 0.5000000000
8908  -15.568  -62.502  30.313 0.6000000238
8919  -16.344  -62.053  30.298 0.5000000000
7814  -14.089  -64.202  30.162 0.6000000238
8326  -16.683  -63.740  32.066 0.6000000238
8358  -15.170  -63.058  29.666 0.5000000000
8359  -16.089  -62.808  29.557 0.5000000000
8360  -17.116  -62.684  29.312 0.5000000000
7279  -16.508  -64.539  32.065 0.5000000000
7815  -15.163  -63.875  30.950 0.6000000238
7280  -17.146  -65.230  32.486 0.5000000000
7300  -17.680  -64.515  29.776 0.6000000238
6199  -17.839  -67.522  33.078 0.6999999881
6744  -17.643  -66.676  32.842 0.6000000238
6200  -19.096  -66.878  33.619 0.6000000238
121937  -19.312  -67.100  30.924 0.5000000000
5626  -18.306  -68.278  33.519 0.5000000000
6186  -18.679  -67.507  33.527 0.6999999881
6243  -19.688  -68.203  31.010 0.5000000000
5653  -21.756  -68.647  31.537 0.5000000000
5169  -22.129  -69.483  31.604 0.6000000238
6215  -24.291  -68.049  32.384 0.6000000238
130664  -24.281  -68.664  32.597 0.5000000000
6216  -25.297  -67.641  32.351 0.6000000238
5644  -24.805  -68.458  32.747 0.6000000238
5630  -28.446  -68.486  33.543 0.5000000000
3347  -31.787  -73.219  27.707 0.5000000000
129202  -31.641  -74.161  26.603 0.5000000000
2423  -31.668  -75.524  24.464 0.6000000238
114709  -32.070  -75.597  23.630 0.6000000238
120029  -17.203  -62.530  32.219 0.6000000238
8910  -16.763  -61.733  31.110 0.6000000238
8313  -17.670  -62.940  32.672 0.6000000238
8926  -17.195  -61.910  29.576 0.5000000000
7810  -17.231  -64.241  32.476 0.6000000238
7270  -17.975  -64.864  32.898 0.6999999881
7837  -17.727  -63.555  29.268 0.6000000238
6746  -19.135  -66.004  33.559 0.6000000238
118316  -18.395  -65.695  33.199 0.6000000238
120198  -20.203  -67.289  34.251 0.6000000238
6728  -19.794  -66.709  33.860 0.6000000238
6773  -18.917  -66.031  30.570 0.5000000000
6226  -21.357  -67.675  31.480 0.5000000000
5613  -19.471  -68.531  34.271 0.5000000000
6187  -19.541  -67.615  33.902 0.6000000238
5654  -22.495  -68.485  31.819 0.5000000000
6229  -23.951  -67.454  32.047 0.6000000238
5655  -23.357  -68.131  32.114 0.5000000000
118140  -26.035  -67.245  31.815 0.5000000000
6217  -26.300  -67.626  32.504 0.5000000000
2871  -32.142  -73.964  26.617 0.6000000238
119793  -32.448  -74.917  25.489 0.6000000238
8885  -17.840  -62.257  32.750 0.6000000238
8896  -17.307  -61.718  32.086 0.5000000000
9461  -17.503  -61.208  31.198 0.5000000000
112388  -19.040  -62.729  33.504 0.6999999881
9475  -17.824  -61.402  29.620 0.5000000000
7799  -19.316  -64.498  33.571 0.6999999881
7798  -18.535  -64.133  33.247 0.6000000238
8927  -18.139  -61.953  29.027 0.5000000000
7271  -18.782  -65.079  33.370 0.6000000238
8361  -18.050  -62.770  28.834 0.5000000000
7838  -18.506  -64.142  29.357 0.6000000238
7252  -20.918  -65.920  34.385 0.6999999881
119157  -18.683  -64.971  30.111 0.6000000238
6730  -21.307  -66.702  34.695 0.6000000238
7291  -19.573  -65.412  30.216 0.6000000238
6169  -22.179  -68.079  36.211 0.6999999881
6188  -20.851  -67.403  34.669 0.6999999881
6774  -20.698  -66.988  31.271 0.5000000000
115422  -19.986  -66.356  30.868 0.5000000000
6179  -21.024  -68.073  35.138 0.6000000238
6763  -21.479  -66.767  31.280 0.5000000000
5605  -21.509  -68.478  35.838 0.5000000000
6764  -22.269  -66.729  31.271 0.6000000238
6227  -22.055  -67.862  31.651 0.5000000000
5593  -21.145  -69.293  36.338 0.6000000238
6228  -22.668  -67.461  31.692 0.5000000000
6230  -24.665  -67.187  31.936 0.6000000238
115066  -26.182  -66.979  30.937 0.5000000000
8886  -18.525  -62.051  33.295 0.6999999881
8897  -18.090  -61.349  32.768 0.5000000000
9462  -18.454  -60.779  31.970 0.5000000000
118375  -20.448  -62.647  34.041 0.8000000119
9470  -18.183  -61.073  30.343 0.5000000000
9476  -18.643  -61.480  29.475 0.5000000000
7783  -21.659  -64.437  34.622 0.6999999881
8299  -20.422  -63.507  34.073 0.6999999881
8869  -19.747  -63.076  33.787 0.8000000119
7781  -20.052  -64.868  33.836 0.6999999881
8920  -19.475  -61.831  29.490 0.5000000000
7244  -22.721  -65.582  35.407 0.6999999881
113373  -21.280  -65.198  34.501 0.6999999881
8372  -18.845  -63.197  28.549 0.6000000238
8935  -19.337  -62.823  28.517 0.5000000000
6722  -22.655  -66.441  35.657 0.6000000238
7243  -22.231  -65.979  35.150 0.6000000238
7301  -20.126  -65.266  29.286 0.6000000238
6170  -22.662  -67.669  36.713 0.6999999881
6181  -22.439  -67.279  35.895 0.6999999881
122449  -20.879  -66.226  30.789 0.6000000238
124886  -20.332  -65.735  30.292 0.6000000238
5595  -22.316  -68.227  36.902 0.6000000238
6775  -21.708  -66.252  30.431 0.6000000238
6765  -23.114  -66.758  31.314 0.6000000238
5103  -21.350  -69.160  37.207 0.6000000238
6766  -24.033  -66.810  31.402 0.6000000238
122937  -25.543  -66.788  30.711 0.5000000000
8871  -21.219  -62.297  34.326 0.6000000238
8870  -20.532  -61.631  33.924 0.5000000000
9432  -19.295  -60.790  33.310 0.5000000000
9463  -19.756  -60.755  31.035 0.5000000000
110040  -21.975  -62.970  34.601 0.8000000119
9472  -19.992  -61.573  30.244 0.5000000000
7769  -22.635  -64.511  35.110 0.6999999881
7850  -19.736  -64.329  28.072 0.6000000238
113524  -18.174  -64.958  37.709 0.6000000238
6723  -23.311  -66.089  36.010 0.8000000119
7732  -19.476  -64.839  38.171 0.6000000238
6698  -23.411  -66.381  37.701 0.6999999881
7235  -23.873  -65.774  37.289 0.8000000119
7304  -19.401  -64.628  29.097 0.6000000238
129729  -19.511  -66.341  38.188 0.6000000238
6158  -22.979  -67.179  37.400 0.6000000238
7292  -20.907  -65.713  29.794 0.6000000238
119019  -22.189  -66.300  29.506 0.6000000238
6146  -20.911  -67.440  38.531 0.6000000238
5577  -21.759  -68.227  38.068 0.6000000238
6148  -22.383  -67.669  37.945 0.6000000238
6776  -22.657  -66.448  30.477 0.6000000238
6795  -22.983  -66.557  29.306 0.6000000238
5584  -21.953  -68.415  37.493 0.5000000000
6778  -24.431  -66.644  30.426 0.5000000000
6245  -25.546  -66.831  29.964 0.5000000000
6788  -24.843  -66.828  29.619 0.5000000000
9414  -21.277  -61.158  34.164 0.5000000000
9413  -20.649  -60.834  33.780 0.5000000000
8872  -21.997  -61.972  34.523 0.6000000238
8301  -22.655  -63.572  34.907 0.8000000119
8302  -22.758  -62.721  34.787 0.6999999881
8287  -24.169  -63.887  35.809 0.8000000119
7245  -23.409  -65.177  35.726 0.8000000119
8936  -19.889  -63.172  28.292 0.6000000238
115536  -20.183  -62.211  29.600 0.5000000000
8838  -17.953  -63.223  37.869 0.6000000238
7236  -24.282  -65.052  36.913 0.8000000119
8362  -20.485  -63.185  28.376 0.5000000000
119260  -19.475  -63.063  38.326 0.6999999881
8246  -18.719  -63.644  38.123 0.6000000238
7211  -23.835  -65.235  38.204 0.8000000119
7305  -20.195  -65.053  27.861 0.6000000238
8374  -20.152  -63.804  27.813 0.6000000238
130614  -20.070  -64.397  38.259 0.6000000238
6786  -21.501  -65.974  28.936 0.6000000238
7309  -20.677  -65.252  27.115 0.6000000238
113387  -20.178  -66.108  38.185 0.6000000238
125263  -22.766  -66.327  38.418 0.6000000238
7210  -23.487  -65.533  38.321 0.5000000000
6794  -22.116  -66.579  28.258 0.6000000238
117785  -22.192  -66.880  38.439 0.6000000238
6787  -23.965  -66.746  29.472 0.6000000238
130301  -22.769  -66.855  28.339 0.6000000238
6259  -23.388  -67.037  28.409 0.5000000000
6274  -24.879  -67.501  27.871 0.5000000000
6261  -25.490  -67.182  29.002 0.5000000000
6275  -25.912  -67.523  28.105 0.5000000000
9398  -23.766  -61.612  34.890 0.6000000238
119700  -24.153  -63.141  35.541 0.6999999881
110737  -16.791  -61.859  37.977 0.6000000238
8837  -17.395  -62.483  37.934 0.6000000238
8279  -24.632  -64.118  36.641 0.8000000119
8349  -21.490  -63.027  29.634 0.5000000000
8821  -18.158  -62.321  38.213 0.6000000238
8267  -24.856  -63.741  37.539 0.8000000119
8364  -21.969  -63.534  29.014 0.5000000000
115171  -18.657  -62.899  38.198 0.6999999881
121096  -24.425  -63.370  38.598 0.8000000119
124311  -20.715  -64.726  27.237 0.6000000238
8375  -20.917  -63.655  27.854 0.6000000238
121860  -20.357  -62.880  38.613 0.8000000119
112765  -23.490  -64.835  38.619 0.6999999881
7306  -20.717  -65.583  28.262 0.6000000238
7861  -21.078  -65.071  26.907 0.6000000238
8248  -20.792  -63.461  38.689 0.6999999881
7733  -21.798  -64.493  38.865 0.6999999881
7734  -22.665  -64.662  38.907 0.6000000238
6793  -21.303  -66.237  27.481 0.6000000238
7310  -21.159  -65.885  26.619 0.6000000238
6689  -21.459  -66.275  38.523 0.6000000238
6285  -21.466  -66.531  26.544 0.5000000000
6272  -22.510  -67.228  27.501 0.5000000000
8857  -24.569  -62.413  35.521 0.6000000238
9399  -24.660  -61.392  35.283 0.5000000000
9929  -15.479  -60.205  37.879 0.6000000238
8858  -25.298  -61.969  35.774 0.6999999881
129794  -16.191  -60.395  38.111 0.6000000238
8848  -24.760  -63.292  36.057 0.6999999881
9392  -25.857  -61.834  36.494 0.6000000238
8820  -17.563  -61.591  38.286 0.6000000238
9382  -16.860  -60.694  38.292 0.6000000238
8849  -25.615  -62.520  37.169 0.6000000238
8839  -25.590  -62.308  38.023 0.6999999881
9364  -19.408  -61.293  38.551 0.8000000119
8251  -25.006  -62.740  38.485 0.6999999881
9367  -25.601  -61.244  38.813 0.6000000238
114382  -19.874  -62.157  38.553 0.8000000119
8242  -23.782  -63.305  39.028 0.8000000119
9901  -24.237  -61.132  39.310 0.6999999881
125336  -20.677  -62.108  38.926 0.6999999881
8249  -21.453  -63.640  38.969 0.6999999881
8240  -21.959  -62.921  39.225 0.6000000238
9355  -23.463  -61.575  39.328 0.8000000119
10481  -14.891  -59.505  36.914 0.6000000238
9930  -16.445  -59.840  38.003 0.6000000238
115432  -17.823  -59.362  38.123 0.6999999881
9919  -25.686  -60.561  38.958 0.6000000238
9913  -18.727  -60.594  38.514 0.6999999881
9914  -19.487  -60.391  38.497 0.6999999881
9902  -25.039  -60.798  39.205 0.6999999881
10442  -24.263  -60.145  39.304 0.6000000238
126970  -19.996  -60.781  38.571 0.8000000119
9915  -20.643  -60.667  38.690 0.6000000238
9366  -21.068  -61.314  39.029 0.5000000000
9900  -23.391  -60.678  39.330 0.6999999881
10456  -23.896  -59.145  39.042 0.6999999881
11016  -24.147  -58.261  38.682 0.6000000238
9365  -20.272  -61.389  38.712 0.8000000119
9354  -21.955  -61.212  39.237 0.6000000238
9899  -22.749  -61.147  39.325 0.6000000238
10490  -14.147  -59.479  36.181 0.6000000238
10491  -15.252  -59.522  35.835 0.6000000238
10468  -16.629  -59.457  37.148 0.6999999881
10482  -15.974  -59.583  36.478 0.6000000238
10469  -17.270  -59.305  37.747 0.6999999881
11025  -18.004  -58.878  37.637 0.6999999881
10470  -18.471  -59.241  38.161 0.6999999881
10471  -19.597  -58.875  38.179 0.6000000238
10457  -24.716  -59.475  39.176 0.6000000238
10453  -20.281  -59.325  38.334 0.6000000238
10454  -21.775  -59.596  38.676 0.6000000238
11633  -25.229  -57.926  38.730 0.5000000000
11631  -23.432  -57.777  38.400 0.6000000238
11632  -24.233  -57.433  38.432 0.5000000000
12897  -24.556  -55.580  37.630 0.5000000000
11641  -22.709  -57.410  38.100 0.6000000238
12255  -24.054  -56.213  37.797 0.5000000000
11062  -15.094  -59.149  34.438 0.6000000238
10508  -15.631  -59.482  34.783 0.6000000238
10492  -16.392  -59.482  35.438 0.6999999881
10509  -16.482  -59.431  34.419 0.6999999881
11044  -17.319  -58.964  35.765 0.6999999881
11034  -17.497  -58.927  36.810 0.6999999881
11035  -18.312  -58.311  37.044 0.6000000238
11026  -18.831  -58.596  37.820 0.5000000000
11027  -19.533  -58.226  37.805 0.6999999881
11653  -20.039  -56.987  36.973 0.6000000238
10472  -20.344  -58.378  38.052 0.6000000238
11640  -20.796  -57.606  37.711 0.6000000238
12253  -21.260  -56.907  37.456 0.6000000238
11028  -21.995  -57.817  38.199 0.6000000238
12254  -22.636  -56.687  37.668 0.5000000000
12271  -22.380  -56.008  37.230 0.5000000000
13627  -23.593  -54.391  36.660 0.5000000000
12328  -14.587  -56.572  32.062 0.6999999881
11707  -14.814  -57.684  31.588 0.6999999881
11082  -15.618  -58.933  33.645 0.6000000238
11708  -15.141  -58.225  32.263 0.6999999881
12341  -14.359  -57.008  30.742 0.6999999881
12350  -14.571  -56.425  29.974 0.6999999881
111756  -15.117  -54.257  29.861 0.6000000238
10525  -15.922  -59.433  33.907 0.6999999881
11096  -15.665  -58.643  32.439 0.6999999881
11723  -16.132  -58.159  30.948 0.6999999881
12351  -15.106  -57.252  29.993 0.6999999881
129455  -16.623  -59.278  33.758 0.6999999881
115554  -16.317  -59.077  33.057 0.6999999881
12352  -16.135  -57.188  29.751 0.6999999881
11045  -18.036  -58.330  36.113 0.6999999881
11666  -19.002  -57.004  36.019 0.6000000238
11652  -19.367  -57.239  36.816 0.6000000238
12289  -20.268  -55.989  36.034 0.6000000238
13649  -20.444  -54.836  34.959 0.6000000238
12252  -20.520  -57.093  37.304 0.6000000238
12269  -20.632  -56.476  36.822 0.6000000238
13640  -20.726  -55.268  35.700 0.6000000238
12914  -21.093  -55.709  36.399 0.5000000000
12935  -21.489  -55.003  36.072 0.6000000238
14390  -21.803  -53.815  35.261 0.6000000238
118437  -21.971  -56.574  37.433 0.5000000000
12915  -21.960  -55.460  36.666 0.5000000000
13642  -22.423  -54.068  35.935 0.5000000000
12966  -15.031  -55.591  33.320 0.6999999881
12985  -13.695  -56.205  30.928 0.6999999881
13705  -14.227  -54.821  29.920 0.6000000238
14448  -14.799  -53.519  30.120 0.6000000238
123027  -15.447  -53.611  30.157 0.6000000238
14450  -17.140  -53.947  30.115 0.4000000060
12364  -16.718  -56.386  29.510 0.6000000238
13001  -15.079  -55.448  29.717 0.5000000000
13706  -16.124  -54.828  29.622 0.5000000000
15981  -17.906  -52.742  31.011 0.5000000000
121068  -17.110  -59.165  34.963 0.6999999881
11098  -17.192  -58.474  32.586 0.8000000119
11724  -17.130  -57.662  30.834 0.6999999881
12365  -17.417  -56.132  29.582 0.5000000000
13720  -18.040  -54.914  29.315 0.4000000060
14460  -17.682  -54.424  29.481 0.4000000060
15219  -18.379  -52.832  29.771 0.4000000060
15991  -18.805  -51.867  29.395 0.4000000060
11680  -17.805  -58.186  34.231 0.8000000119
11711  -17.972  -57.670  32.824 0.8000000119
11710  -17.767  -57.617  31.870 0.8000000119
12342  -18.193  -56.903  30.833 0.8000000119
12353  -18.137  -56.266  30.136 0.6000000238
13003  -18.490  -55.676  29.701 0.5000000000
13721  -18.599  -54.735  29.287 0.4000000060
115109  -18.944  -53.574  29.131 0.4000000060
11664  -17.765  -58.419  35.108 0.6999999881
111413  -18.207  -57.659  34.836 0.8000000119
12302  -18.731  -56.501  34.077 0.6999999881
12944  -19.160  -55.816  34.039 0.5000000000
13707  -18.964  -55.001  29.438 0.5000000000
13722  -19.063  -54.314  29.202 0.4000000060
15232  -19.439  -52.866  29.103 0.4000000060
12287  -18.779  -56.919  35.011 0.6000000238
12288  -19.476  -56.334  35.587 0.5000000000
12945  -19.724  -55.234  34.339 0.5000000000
114992  -20.323  -54.433  34.197 0.6000000238
130945  -21.195  -54.556  35.429 0.6000000238
13650  -20.958  -54.063  34.738 0.6000000238
12984  -13.732  -55.406  31.859 0.6000000238
13691  -12.950  -54.730  31.201 0.5000000000
14447  -14.136  -53.985  30.077 0.5000000000
15218  -15.153  -53.075  30.529 0.4000000060
14434  -16.161  -53.579  30.555 0.5000000000
15207  -17.107  -53.256  31.140 0.5000000000
132421  -17.424  -52.646  31.626 0.5000000000
15972  -18.294  -51.986  31.337 0.5000000000
16721  -18.999  -50.674  31.593 0.5000000000
15982  -18.478  -52.118  30.261 0.5000000000
16732  -18.561  -50.302  30.046 0.5000000000
122913  -18.488  -56.870  31.850 0.6999999881
12986  -18.945  -56.246  31.433 0.6000000238
12987  -19.453  -55.524  30.958 0.5000000000
115001  -18.815  -56.024  30.461 0.5000000000
16731  -18.580  -51.119  29.582 0.5000000000
128629  -18.234  -49.469  29.180 0.5000000000
11681  -18.288  -57.349  34.200 0.8000000119
12318  -18.669  -56.583  33.313 0.6999999881
12954  -18.961  -56.101  33.514 0.6000000238
13692  -19.867  -54.762  30.496 0.5000000000
14451  -20.233  -53.944  30.085 0.4000000060
16743  -18.712  -50.857  29.007 0.4000000060
17494  -18.331  -50.126  29.053 0.5000000000
12955  -19.387  -55.465  33.305 0.5000000000
119121  -19.896  -54.799  32.710 0.5000000000
13676  -19.899  -54.800  31.601 0.6000000238
13693  -20.294  -54.145  31.078 0.5000000000
14463  -20.202  -53.097  29.635 0.5000000000
15220  -20.015  -52.073  29.369 0.5000000000
13664  -20.301  -54.204  33.319 0.5000000000
14412  -20.613  -53.592  33.124 0.5000000000
13677  -20.348  -54.017  32.254 0.5000000000
15208  -20.566  -53.111  30.616 0.5000000000
14397  -20.746  -53.722  33.941 0.6000000238
14423  -20.740  -53.027  32.469 0.6000000238
14433  -12.846  -53.877  31.566 0.5000000000
15204  -13.662  -52.960  30.909 0.5000000000
15217  -14.244  -53.192  30.362 0.5000000000
118731  -14.844  -51.710  31.106 0.4000000060
121374  -15.247  -52.448  31.124 0.4000000060
120772  -13.062  -52.973  31.721 0.5000000000
15205  -14.525  -52.440  30.947 0.4000000060
15206  -16.140  -52.989  31.271 0.5000000000
15190  -16.919  -52.503  31.942 0.6000000238
15971  -17.803  -52.147  32.079 0.5000000000
15958  -18.544  -51.395  32.160 0.5000000000
16709  -19.066  -50.758  32.691 0.4000000060
17486  -19.250  -49.803  31.102 0.4000000060
17487  -20.001  -49.284  32.017 0.4000000060
15968  -14.566  -51.331  31.205 0.4000000060
111907  -14.929  -50.927  30.985 0.4000000060
15969  -15.274  -51.680  31.398 0.4000000060
15956  -16.274  -51.729  32.329 0.5000000000
15957  -17.251  -51.887  32.664 0.5000000000
16708  -18.022  -51.416  33.009 0.5000000000
16707  -16.170  -50.662  32.792 0.4000000060
16690  -16.898  -50.364  33.587 0.4000000060
16691  -17.810  -50.652  33.626 0.5000000000
16692  -18.724  -50.601  33.338 0.4000000060
118057  -19.399  -50.213  33.173 0.4000000060
17475  -19.533  -50.092  32.388 0.4000000060
18245  -20.722  -48.807  32.768 0.4000000060
118149  -14.460  -49.705  31.213 0.4000000060
16719  -14.956  -49.916  30.880 0.4000000060
15955  -15.317  -50.774  31.608 0.4000000060
18255  -15.132  -47.867  30.792 0.4000000060
18243  -15.600  -48.433  31.384 0.4000000060
17459  -16.303  -49.693  33.093 0.4000000060
131917  -16.870  -49.570  33.766 0.5000000000
17461  -18.512  -50.012  34.011 0.5000000000
17462  -19.347  -49.837  33.741 0.4000000060
17463  -20.064  -49.551  33.244 0.4000000060
18233  -17.114  -48.140  34.111 0.4000000060
19043  -18.868  -47.786  34.471 0.4000000060
18226  -19.554  -48.608  34.404 0.4000000060
18234  -19.974  -49.207  34.080 0.4000000060
18235  -20.656  -48.730  33.686 0.4000000060
19065  -14.216  -47.965  31.416 0.4000000060
19057  -14.744  -46.980  31.400 0.3000000119
18244  -15.989  -47.986  32.207 0.3000000119
18232  -16.550  -48.693  33.373 0.4000000060
20751  -15.067  -45.989  32.533 0.4000000060
19919  -15.202  -46.505  31.950 0.3000000119
19059  -15.652  -47.073  31.897 0.3000000119
19050  -16.358  -47.422  33.220 0.4000000060
19904  -17.333  -46.416  34.239 0.5000000000
114279  -18.084  -47.032  34.344 0.4000000060
122606  -19.049  -46.794  34.469 0.4000000060
19905  -20.144  -46.951  34.456 0.4000000060
19907  -21.507  -46.897  34.175 0.3000000119
20729  -16.472  -45.093  34.154 0.5000000000
20730  -17.630  -45.578  34.344 0.5000000000
20731  -18.677  -45.845  34.431 0.4000000060
115393  -19.578  -46.069  34.427 0.4000000060
20733  -20.678  -46.257  34.333 0.3000000119
19917  -14.643  -46.741  32.140 0.4000000060
20740  -15.050  -45.157  33.122 0.4000000060
20741  -15.055  -45.274  32.958 0.4000000060
20742  -15.652  -45.467  33.368 0.5000000000
19903  -16.539  -45.870  34.007 0.5000000000
21582  -14.968  -44.580  33.397 0.4000000060
21583  -15.351  -44.754  33.511 0.5000000000
21571  -16.278  -44.257  34.255 0.5000000000
21572  -17.595  -44.529  34.425 0.4000000060
121366  -18.674  -44.309  34.312 0.4000000060
20732  -19.913  -45.397  34.264 0.3000000119
22449  -16.091  -43.403  34.305 0.3000000119
22450  -17.203  -43.621  34.500 0.3000000119
22451  -18.211  -43.680  34.414 0.3000000119
20739  -14.642  -45.568  33.324 0.4000000060
23334  -14.471  -43.244  33.655 0.3000000119
22448  -15.015  -43.007  33.762 0.4000000060
22460  -18.973  -43.654  34.101 0.3000000119
22447  -14.174  -43.059  33.754 0.3000000119
24168  -13.946  -41.467  34.267 0.3000000119
6255  -14.354  -66.224  28.756 0.6000000238
6783  -13.955  -65.295  29.310 0.5000000000
11015  -22.700  -58.222  38.431 0.6000000238
1954  -18.534  -76.200  30.146 0.5000000000
2365  -20.390  -75.186  31.595 0.6000000238
3300  -18.206  -73.273  31.066 0.5000000000
2366  -20.974  -75.164  31.159 0.6999999881
2835  -22.674  -74.359  29.814 0.6999999881
3774  -21.861  -72.610  32.745 0.6999999881
111466  -23.983  -73.894  30.928 0.6999999881
3291  -23.316  -73.920  31.722 0.6999999881
118699  -18.957  -69.941  29.524 0.5000000000
112142  -25.609  -73.008  28.848 0.6999999881
4223  -21.402  -71.441  31.696 0.6999999881
3817  -25.866  -72.686  29.752 0.6999999881
4198  -23.918  -71.618  33.401 0.6999999881
6784  -15.464  -66.017  28.764 0.6000000238
3819  -27.191  -72.554  29.287 0.6999999881
4661  -23.428  -70.448  32.696 0.6000000238
4647  -25.439  -70.497  33.799 0.6000000238
112304  -14.900  -66.808  31.141 0.6999999881
4662  -24.088  -70.103  33.070 0.6000000238
2853  -29.730  -74.154  27.219 0.6000000238
2413  -29.434  -75.346  25.365 0.6000000238
5140  -25.687  -69.660  33.836 0.5000000000
5143  -28.689  -69.399  33.558 0.5000000000
2854  -30.628  -73.985  27.172 0.5000000000
6761  -14.365  -65.913  30.774 0.6000000238
6213  -16.321  -67.576  32.230 0.6999999881
5170  -22.956  -69.349  32.045 0.5000000000
5157  -24.317  -69.218  32.840 0.5000000000
5627  -26.042  -68.852  33.646 0.6000000238
5158  -25.178  -69.013  33.265 0.5000000000
5629  -27.558  -68.270  33.550 0.5000000000
111021  -30.781  -75.614  24.078 0.6000000238
2882  -31.796  -74.549  26.109 0.6000000238
2856  -32.296  -73.418  27.162 0.5000000000
7251  -20.094  -65.805  33.918 0.6000000238
8929  -19.896  -62.521  28.819 0.5000000000
7205  -18.861  -66.104  38.121 0.6000000238
123712  -21.143  -68.215  38.357 0.6000000238
6777  -23.559  -66.569  30.469 0.6000000238
7206  -19.510  -65.643  38.149 0.6000000238
7746  -24.463  -64.487  37.553 0.8000000119
7207  -20.339  -65.200  38.227 0.6000000238
6792  -20.887  -65.752  27.076 0.6000000238
117088  -22.191  -65.210  38.762 0.6000000238
126211  -21.707  -66.876  27.131 0.6000000238
8816  -24.861  -62.232  38.967 0.8000000119
110126  -21.648  -64.569  27.237 0.6000000238
8241  -22.911  -63.099  39.235 0.6000000238
7726  -22.326  -63.808  39.118 0.6999999881
8813  -21.530  -62.069  39.200 0.6000000238
11013  -21.083  -59.004  38.366 0.6000000238
9917  -22.471  -60.292  39.152 0.6999999881
128331  -21.263  -58.154  38.135 0.6000000238
12895  -23.209  -56.088  37.523 0.5000000000
113718  -22.010  -57.139  37.796 0.6000000238
117936  -22.877  -54.432  36.414 0.5000000000
12329  -15.205  -57.462  32.759 0.6999999881
11721  -14.927  -57.735  30.734 0.6999999881
11709  -16.690  -58.336  31.628 0.8000000119
123386  -17.329  -56.876  29.920 0.6000000238
13704  -13.476  -54.783  30.419 0.6000000238
14459  -16.869  -54.525  29.718 0.5000000000
13015  -17.163  -55.813  29.436 0.5000000000
15992  -19.065  -51.779  28.971 0.5000000000
14446  -13.363  -53.813  30.699 0.5000000000
16720  -18.638  -51.357  30.843 0.5000000000
12968  -18.901  -56.251  32.631 0.6000000238
12969  -19.472  -55.557  32.094 0.6000000238
15191  -20.737  -52.775  31.551 0.5000000000
115328  -13.781  -52.193  31.437 0.5000000000
131316  -18.644  -51.100  32.905 0.5000000000
15938  -17.052  -51.301  33.252 0.6000000238
17483  -14.134  -48.861  31.393 0.4000000060
17485  -15.101  -48.836  30.815 0.4000000060
128896  -15.556  -49.639  31.921 0.4000000060
117710  -15.521  -47.591  31.281 0.3000000119
119176  -16.057  -48.895  32.353 0.4000000060
132118  -17.795  -48.591  34.377 0.5000000000
17455  -19.112  -49.351  34.287 0.4000000060
19051  -17.152  -47.226  34.158 0.4000000060
19042  -17.924  -47.883  34.389 0.4000000060
18227  -20.430  -48.452  34.236 0.4000000060
19052  -21.157  -48.097  33.986 0.4000000060
19912  -15.315  -45.911  32.634 0.3000000119
131284  -15.916  -46.035  33.244 0.5000000000
19913  -16.484  -46.560  33.678 0.4000000060
129498  -18.157  -46.313  34.378 0.5000000000
19906  -20.922  -47.100  34.387 0.4000000060
115242  -18.517  -45.057  34.378 0.4000000060
125960  -19.179  -45.391  34.376 0.4000000060
120299  -16.144  -42.453  34.455 0.4000000060
122060  -14.367  -42.369  33.857 0.3000000119
24169  -14.505  -41.332  34.182 0.3000000119
116192  -15.155  -41.951  34.159 0.3000000119
1553  -28.933  -77.759  20.637 0.5000000000
1172  -29.162  -78.787  20.745 0.5000000000
861  -29.473  -79.269  21.184 0.5000000000
1173  -29.879  -79.027  20.750 0.5000000000
862  -30.455  -79.248  21.180 0.5000000000
1174  -30.674  -79.088  20.787 0.5000000000
854  -30.811  -79.136  21.674 0.6000000238
2015  -28.759  -76.605  20.691 0.5000000000
120275  -29.323  -76.991  20.447 0.5000000000
2017  -29.970  -76.741  20.247 0.5000000000
1555  -30.523  -77.539  20.230 0.5000000000
117516  -31.459  -79.345  22.321 0.6000000238
1556  -31.268  -78.239  20.354 0.6000000238
869  -31.138  -79.352  21.128 0.6000000238
2014  -28.144  -76.378  21.121 0.4000000060
3397  -25.258  -74.015  23.803 0.4000000060
2906  -25.796  -74.133  23.171 0.4000000060
2918  -26.094  -74.390  22.526 0.5000000000
2919  -26.783  -74.475  22.199 0.5000000000
2460  -26.929  -75.224  21.602 0.5000000000
2927  -27.455  -74.702  21.698 0.5000000000
2920  -27.413  -74.482  22.250 0.5000000000
2461  -27.771  -75.283  21.251 0.5000000000
2462  -28.349  -74.796  21.166 0.5000000000
844  -32.003  -79.644  23.044 0.6000000238
832  -31.784  -79.407  23.762 0.6000000238
2473  -28.911  -74.920  20.773 0.5000000000
2016  -29.376  -75.733  20.474 0.5000000000
2929  -29.626  -74.571  21.050 0.5000000000
863  -31.993  -79.578  21.514 0.6000000238
2021  -30.245  -75.783  20.188 0.5000000000
1562  -31.826  -77.180  19.877 0.6000000238
1175  -32.108  -78.767  20.528 0.6000000238
856  -32.662  -79.662  22.028 0.6000000238
1179  -32.885  -78.148  20.323 0.6000000238
865  -33.100  -79.434  21.489 0.6000000238
857  -33.410  -79.409  22.120 0.6999999881
127163  -33.639  -78.327  20.527 0.6000000238
1177  -33.556  -78.978  20.996 0.6999999881
3360  -24.559  -73.447  26.146 0.6000000238
3373  -25.027  -73.683  25.375 0.6000000238
2892  -25.388  -74.025  24.561 0.5000000000
112688  -25.850  -74.157  23.804 0.5000000000
2893  -26.155  -74.396  24.757 0.6000000238
124320  -26.508  -74.327  22.737 0.5000000000
2894  -26.571  -74.558  23.946 0.5000000000
2908  -26.951  -74.415  23.095 0.5000000000
2928  -28.310  -74.598  21.574 0.5000000000
2909  -27.753  -74.713  22.909 0.5000000000
2932  -29.055  -74.634  21.032 0.5000000000
1139  -31.958  -79.049  25.520 0.6999999881
823  -31.997  -79.329  24.680 0.6000000238
1140  -32.603  -79.371  25.397 0.8000000119
2474  -30.109  -75.099  20.429 0.5000000000
2482  -30.942  -75.356  19.961 0.5000000000
2483  -31.891  -75.478  19.890 0.6000000238
845  -32.626  -79.731  22.953 0.6999999881
130115  -32.934  -79.675  23.535 0.6999999881
1178  -32.161  -77.945  20.231 0.6000000238
128434  -34.439  -78.647  21.574 0.6999999881
2025  -33.254  -76.414  19.918 0.6000000238
1564  -33.698  -77.339  20.203 0.6000000238
1565  -34.627  -77.053  20.385 0.6999999881
116884  -34.966  -77.900  20.798 0.6999999881
1163  -35.042  -78.420  22.052 0.6000000238
128036  -23.697  -73.380  25.943 0.5000000000
3361  -25.351  -73.612  26.338 0.6000000238
126689  -26.602  -74.468  25.740 0.6000000238
2419  -27.436  -75.095  24.026 0.6000000238
2433  -28.307  -75.319  23.785 0.6000000238
2921  -28.353  -74.527  22.129 0.5000000000
2448  -29.300  -74.962  22.460 0.6000000238
117700  -29.062  -74.556  21.490 0.5000000000
127625  -30.182  -75.170  22.496 0.5000000000
1127  -32.593  -79.001  26.167 0.5000000000
1114  -32.969  -78.742  27.114 0.6000000238
2463  -30.426  -74.660  20.821 0.6000000238
2935  -31.805  -74.946  20.457 0.5000000000
824  -33.116  -79.575  24.859 0.6000000238
2477  -32.269  -75.284  20.202 0.5000000000
847  -33.789  -79.352  23.008 0.6999999881
119550  -33.737  -79.506  23.760 0.6000000238
2485  -33.617  -75.965  20.167 0.5000000000
858  -34.130  -78.946  22.184 0.6000000238
1156  -35.373  -78.444  22.900 0.6000000238
2479  -34.099  -75.951  20.575 0.5000000000
2486  -34.720  -76.294  20.717 0.6000000238
1170  -35.739  -77.493  20.940 0.5000000000
123589  -36.141  -76.247  21.017 0.5000000000
1545  -36.671  -77.401  21.641 0.5000000000
3340  -23.642  -73.387  27.275 0.6000000238
3856  -24.093  -73.383  26.842 0.6000000238
3339  -22.803  -73.312  26.800 0.4000000060
2435  -30.020  -75.464  23.397 0.5000000000
814  -33.343  -79.543  25.827 0.6000000238
111545  -30.873  -75.088  22.012 0.5000000000
122947  -33.875  -79.605  24.937 0.5000000000
2465  -32.269  -74.967  21.049 0.5000000000
836  -34.450  -79.288  23.972 0.5000000000
116941  -34.499  -79.531  24.923 0.5000000000
815  -34.084  -79.950  26.493 0.5000000000
116683  -33.277  -75.278  21.204 0.5000000000
848  -34.635  -78.833  23.000 0.5000000000
1157  -36.017  -78.199  23.265 0.5000000000
118178  -34.374  -75.568  21.376 0.6000000238
2453  -35.218  -75.585  22.082 0.6000000238
1164  -35.817  -77.747  21.460 0.5000000000
119772  -35.918  -77.940  22.306 0.6000000238
119311  -35.514  -75.903  21.207 0.6000000238
2468  -36.665  -75.907  21.192 0.5000000000
3320  -22.246  -73.542  28.071 0.4000000060
2450  -31.825  -75.146  21.958 0.5000000000
128319  -35.055  -79.594  25.494 0.5000000000
2451  -32.714  -75.358  22.085 0.5000000000
2437  -32.940  -75.615  23.266 0.5000000000
113809  -36.168  -78.409  24.171 0.5000000000
828  -35.789  -79.283  25.592 0.5000000000
818  -35.746  -79.542  26.328 0.5000000000
1130  -36.192  -79.089  26.264 0.5000000000
1117  -36.199  -78.732  26.665 0.5000000000
2438  -33.911  -75.595  23.265 0.6000000238
2439  -34.794  -75.488  23.111 0.6000000238
1158  -36.653  -77.942  23.587 0.5000000000
2440  -35.693  -75.305  22.806 0.6000000238
1540  -38.270  -76.976  22.778 0.5000000000
2910  -36.119  -74.854  23.491 0.5000000000
2911  -37.047  -74.658  23.224 0.5000000000
111399  -32.689  -74.290  26.078 0.5000000000
1149  -36.392  -78.632  25.009 0.5000000000
1141  -36.515  -78.751  25.741 0.5000000000
1131  -36.763  -78.431  26.109 0.5000000000
2425  -32.976  -75.273  24.882 0.5000000000
2883  -33.293  -74.684  25.482 0.6000000238
112728  -36.931  -78.072  24.342 0.5000000000
1150  -37.121  -78.215  25.164 0.5000000000
1142  -37.165  -78.163  25.690 0.5000000000
1524  -36.788  -77.911  26.512 0.5000000000
1977  -37.487  -77.022  26.446 0.5000000000
2427  -35.217  -75.157  23.759 0.5000000000
1539  -37.496  -77.511  23.385 0.5000000000
1536  -38.431  -77.146  23.744 0.5000000000
3364  -32.945  -73.606  26.695 0.5000000000
1534  -38.595  -77.150  24.786 0.5000000000
1526  -38.303  -77.163  25.522 0.5000000000
1525  -37.570  -77.593  25.927 0.5000000000
2404  -39.197  -76.015  26.308 0.4000000060
1987  -39.000  -76.723  25.378 0.4000000060
4704  -14.052  -69.707  28.567 0.4000000060
8266  -18.117  -64.130  37.743 0.5000000000
8835  -15.518  -61.928  37.466 0.5000000000
114699  -16.389  -63.079  37.390 0.5000000000
9938  -14.167  -60.001  37.232 0.5000000000
9380  -15.072  -61.105  37.652 0.5000000000
111349  -17.133  -63.173  37.598 0.5000000000
12317  -15.255  -57.124  33.852 0.5000000000
12967  -15.334  -56.418  33.545 0.5000000000
2424  -32.565  -75.571  24.250 0.5000000000
117747  -32.230  -75.470  22.820 0.5000000000
120703  -31.399  -79.380  21.583 0.6000000238
2022  -30.711  -76.407  19.961 0.6000000238
1176  -32.853  -78.957  20.707 0.6000000238
2024  -32.340  -76.284  19.746 0.6000000238
1180  -34.410  -77.748  20.517 0.6999999881
2878  -25.730  -74.056  25.587 0.6000000238
2934  -31.129  -74.800  20.495 0.5000000000
116612  -34.060  -76.507  20.261 0.6000000238
1558  -35.664  -77.245  20.712 0.6000000238
2018  -35.577  -76.535  20.808 0.6000000238
2464  -31.269  -74.709  20.999 0.5000000000
2478  -33.167  -75.614  20.302 0.5000000000
2467  -34.508  -75.888  20.907 0.6000000238
114816  -36.492  -76.866  20.805 0.5000000000
1546  -37.603  -77.013  22.036 0.5000000000
1148  -35.352  -78.768  23.863 0.5000000000
837  -35.175  -79.278  24.794 0.5000000000
2452  -33.623  -75.512  22.303 0.5000000000
2454  -36.210  -75.501  21.778 0.5000000000
115760  -33.426  -75.547  24.127 0.5000000000
2426  -34.333  -75.397  23.987 0.5000000000
2895  -33.844  -75.077  24.795 0.5000000000
1535  -37.728  -77.638  24.501 0.5000000000
1993  -39.268  -76.668  23.946 0.4000000060
1978  -38.483  -76.718  25.994 0.4000000060
1947  -33.108  -77.193  30.904 0.5000000000
1467  -33.511  -78.224  30.433 0.6000000238
1091  -33.569  -78.998  29.668 0.6000000238
128495  -33.002  -78.072  29.789 0.6000000238
1958  -31.795  -76.848  29.947 0.4000000060
109687  -33.855  -79.905  29.127 0.4000000060
555  -34.391  -80.485  27.273 0.4000000060
1105  -33.655  -79.810  28.384 0.5000000000
114854  -33.380  -79.185  28.916 0.6000000238
1115  -33.569  -79.668  27.528 0.5000000000
117605  -33.940  -80.237  27.155 0.4000000060
1483  -32.395  -77.522  29.463 0.5000000000
1128  -33.506  -79.580  26.672 0.5000000000
1494  -32.233  -77.659  28.537 0.6000000238
116782  -31.416  -77.597  27.739 0.6000000238
1523  -30.892  -77.990  26.881 0.6000000238
1125  -30.321  -78.371  26.123 0.6000000238
1138  -31.046  -78.889  25.336 0.6000000238
1137  -29.833  -78.491  25.174 0.6000000238
1147  -30.764  -78.925  24.208 0.5000000000
843  -31.204  -79.138  23.149 0.5000000000
1155  -30.020  -78.624  23.194 0.4000000060
125598  -29.618  -78.791  22.489 0.5000000000
1972  -38.157  -76.095  26.679 0.3000000119
867  -29.364  -79.292  21.032 0.4000000060
7839  -22.337  -63.955  28.385 0.4000000060
111642  -22.514  -64.514  27.698 0.4000000060
7862  -21.856  -65.144  26.800 0.5000000000
14399  -22.148  -53.138  34.881 0.5000000000
15165  -22.109  -52.638  34.328 0.5000000000
15924  -22.770  -51.958  34.209 0.5000000000
112299  -22.019  -52.191  33.618 0.4000000060
15192  -21.213  -52.169  32.121 0.4000000060
16711  -24.078  -50.132  33.034 0.4000000060
15209  -20.906  -52.290  31.067 0.4000000060
15973  -21.401  -51.624  31.414 0.4000000060
15193  -21.886  -51.454  32.300 0.4000000060
15221  -20.682  -52.398  30.155 0.4000000060
129262  -21.010  -51.831  30.690 0.4000000060
16723  -22.768  -50.268  32.072 0.4000000060
15994  -20.198  -51.170  29.345 0.4000000060
16733  -20.919  -50.832  30.035 0.4000000060
18268  -22.407  -48.588  30.531 0.4000000060
16745  -19.590  -50.613  28.823 0.4000000060
17507  -19.829  -49.765  28.700 0.4000000060
16744  -18.939  -50.782  28.748 0.4000000060
16754  -19.022  -49.914  28.529 0.4000000060
18256  -19.458  -48.841  30.755 0.3000000119
17495  -18.589  -49.202  29.845 0.4000000060
18236  -21.373  -48.179  33.229 0.3000000119
130751  -21.081  -48.303  32.485 0.3000000119
130381  -19.538  -48.187  30.465 0.3000000119
115457  -20.399  -48.285  31.442 0.3000000119
16693  -23.719  -50.785  33.378 0.4000000060
15960  -23.089  -51.020  33.101 0.4000000060
15939  -22.480  -51.515  33.211 0.4000000060
15959  -22.577  -50.924  32.507 0.4000000060
15974  -21.998  -50.855  31.580 0.4000000060
18246  -23.816  -48.984  32.073 0.4000000060
17488  -22.326  -50.009  31.332 0.4000000060
17497  -21.945  -49.590  30.635 0.4000000060
16734  -21.657  -50.460  30.718 0.4000000060
2314  -37.925  -75.856  35.924 0.3000000119
1876  -38.106  -76.653  35.298 0.3000000119
2298  -37.587  -75.122  36.432 0.4000000060
2313  -37.209  -75.907  35.234 0.3000000119
1875  -37.483  -76.814  34.802 0.4000000060
2312  -36.451  -74.819  35.524 0.3000000119
2327  -36.752  -76.373  34.509 0.4000000060
2755  -35.842  -73.929  36.025 0.3000000119
113471  -36.079  -75.271  34.700 0.3000000119
129236  -35.998  -75.904  34.115 0.3000000119
2771  -35.416  -74.204  35.108 0.3000000119
130162  -35.351  -74.681  34.538 0.3000000119
2326  -35.230  -75.145  34.014 0.3000000119
2770  -34.491  -73.661  35.068 0.3000000119
2782  -34.637  -74.233  34.430 0.3000000119
2339  -34.655  -75.500  33.325 0.3000000119
3260  -33.802  -73.686  34.718 0.3000000119
126372  -33.829  -74.089  34.139 0.3000000119
2338  -33.742  -75.017  33.086 0.3000000119
2754  -33.169  -73.901  36.998 0.3000000119
3243  -33.306  -73.535  36.342 0.3000000119
3259  -33.174  -73.607  34.968 0.3000000119
2793  -33.342  -74.356  33.679 0.3000000119
2753  -32.653  -74.087  36.264 0.4000000060
1888  -37.115  -77.349  34.272 0.3000000119
119505  -37.162  -74.504  36.992 0.4000000060
1887  -36.327  -76.727  33.890 0.4000000060
3246  -36.180  -73.796  36.975 0.3000000119
1900  -35.809  -76.974  33.319 0.4000000060
3245  -35.170  -73.407  36.686 0.3000000119
1899  -35.032  -76.383  33.005 0.4000000060
2352  -34.195  -75.878  32.647 0.4000000060
3233  -34.637  -73.379  37.525 0.3000000119
2741  -33.332  -74.422  37.591 0.3000000119
3217  -34.285  -73.708  38.373 0.4000000060
2351  -33.107  -75.473  32.417 0.4000000060
126266  -32.250  -74.978  32.723 0.3000000119
119671  -34.314  -75.087  39.322 0.3000000119
1889  -37.818  -77.293  34.628 0.3000000119
1416  -37.549  -77.812  34.065 0.3000000119
1417  -38.124  -77.642  34.218 0.3000000119
1415  -37.074  -77.975  33.836 0.3000000119
1426  -36.735  -78.422  33.237 0.3000000119
2726  -37.557  -74.027  38.307 0.4000000060
1901  -36.538  -77.605  33.623 0.3000000119
1058  -36.013  -78.864  32.512 0.3000000119
3234  -35.782  -73.480  37.950 0.3000000119
2742  -36.879  -73.968  37.702 0.4000000060
1438  -35.978  -77.841  33.010 0.4000000060
1437  -35.311  -77.822  32.398 0.4000000060
1057  -35.244  -78.675  31.907 0.4000000060
130550  -35.427  -73.418  37.289 0.3000000119
2714  -35.825  -74.138  40.015 0.3000000119
1913  -34.679  -76.859  32.451 0.4000000060
113807  -34.621  -78.487  31.429 0.4000000060
3218  -34.734  -73.888  39.101 0.3000000119
2698  -36.240  -74.704  40.566 0.3000000119
1451  -33.930  -77.874  31.145 0.4000000060
779  -34.118  -79.205  30.314 0.5000000000
2713  -35.109  -74.262  39.738 0.3000000119
1933  -33.620  -77.034  31.454 0.4000000060
2263  -34.789  -75.778  39.746 0.3000000119
1046  -37.319  -78.660  33.055 0.3000000119
1428  -37.872  -78.216  33.553 0.3000000119
3208  -37.255  -73.855  39.226 0.4000000060
127058  -35.737  -79.433  31.867 0.4000000060
767  -35.471  -80.097  30.843 0.4000000060
3207  -36.287  -73.777  39.382 0.4000000060
126887  -34.786  -79.766  30.625 0.4000000060
793  -34.934  -80.558  29.680 0.5000000000
544  -35.093  -80.764  28.435 0.4000000060
2699  -37.301  -74.644  40.627 0.3000000119
792  -34.404  -79.993  29.865 0.4000000060
2253  -36.711  -75.541  41.127 0.3000000119
549  -34.664  -80.762  27.833 0.4000000060
817  -35.331  -80.154  26.946 0.4000000060
2697  -35.443  -74.779  40.273 0.3000000119
2251  -35.211  -75.448  40.241 0.3000000119
1838  -35.413  -76.464  40.342 0.3000000119
757  -36.886  -79.590  31.992 0.3000000119
1072  -36.299  -79.588  31.975 0.3000000119
781  -36.056  -80.238  30.506 0.3000000119
123978  -37.862  -74.052  39.980 0.4000000060
129872  -35.843  -80.206  28.852 0.5000000000
810  -35.594  -80.012  27.574 0.4000000060
2254  -37.830  -75.237  41.191 0.4000000060
550  -35.183  -80.555  27.729 0.4000000060
1802  -38.816  -76.347  42.811 0.3000000119
2242  -38.305  -75.750  41.730 0.3000000119
2241  -37.414  -75.962  41.583 0.3000000119
1810  -36.678  -76.831  41.525 0.3000000119
1352  -36.132  -77.894  41.130 0.3000000119
1821  -36.013  -77.067  40.881 0.3000000119
768  -36.506  -79.843  31.367 0.3000000119
794  -35.997  -80.317  29.561 0.4000000060
1106  -35.712  -79.693  28.259 0.4000000060
1794  -38.871  -76.394  43.395 0.3000000119
118677  -38.850  -76.291  44.234 0.3000000119
1801  -37.805  -76.741  42.608 0.3000000119
1339  -37.931  -76.871  43.136 0.3000000119
1347  -37.003  -77.337  42.223 0.3000000119
1782  -38.986  -75.844  44.821 0.3000000119
1300  -38.434  -76.294  45.126 0.3000000119
1330  -37.950  -76.886  43.802 0.3000000119
127117  -37.220  -77.396  44.109 0.3000000119
1338  -37.068  -77.438  42.846 0.3000000119
1495  -35.590  -78.536  28.301 0.3000000119
1509  -35.495  -77.924  27.746 0.4000000060
1766  -38.324  -76.222  45.968 0.3000000119
1765  -37.552  -76.577  46.325 0.3000000119
1959  -35.470  -76.650  29.164 0.3000000119
1484  -35.679  -77.961  28.984 0.3000000119
1969  -35.622  -77.078  27.623 0.3000000119
2396  -35.480  -76.396  28.344 0.3000000119
1963  -35.442  -77.386  28.369 0.3000000119
2397  -36.177  -76.101  27.568 0.3000000119
15179  -21.579  -52.698  33.834 0.5000000000
18264  -18.140  -48.634  29.023 0.5000000000
17517  -18.465  -48.918  28.531 0.4000000060
113495  -21.738  -51.888  32.911 0.4000000060
1508  -32.404  -78.062  27.662 0.6000000238
1104  -33.093  -78.689  28.160 0.5000000000
827  -35.204  -79.810  26.191 0.4000000060
1129  -35.759  -79.474  26.830 0.4000000060
1116  -35.723  -78.969  27.475 0.4000000060
1510  -35.917  -77.935  27.134 0.4000000060
1970  -36.394  -77.061  26.974 0.3000000119
15155  -23.264  -52.787  35.322 0.5000000000
15925  -23.712  -51.631  34.383 0.4000000060
17476  -23.549  -49.809  32.404 0.4000000060
2756  -36.750  -74.549  36.307 0.3000000119
3244  -34.200  -73.327  36.496 0.3000000119
3232  -33.738  -73.722  37.663 0.3000000119
2743  -37.735  -74.499  37.533 0.4000000060
1912  -33.832  -76.443  31.994 0.4000000060
3219  -36.633  -73.721  38.557 0.4000000060
122329  -35.042  -73.510  38.562 0.3000000119
1070  -35.163  -79.435  31.328 0.4000000060
117265  -35.498  -80.538  29.038 0.4000000060
113613  -36.045  -76.268  40.971 0.3000000119
1092  -36.033  -79.463  29.061 0.4000000060
1812  -38.633  -76.070  42.323 0.3000000119
1346  -36.469  -77.874  41.785 0.3000000119
1299  -37.545  -76.808  45.401 0.3000000119
1124  -29.114  -78.207  26.135 0.5000000000
1522  -29.800  -77.898  26.918 0.5000000000
113648  -30.626  -77.209  28.189 0.5000000000
1493  -31.207  -77.108  28.644 0.4000000060
2872  -33.543  -73.993  26.054 0.4000000060
1466  -32.651  -77.392  30.223 0.5000000000
2370  -32.800  -76.218  31.526 0.3000000119
2805  -32.016  -74.669  33.274 0.3000000119
2780  -32.536  -73.942  34.792 0.3000000119
2792  -32.401  -74.290  33.920 0.3000000119
2243  -39.431  -75.476  41.795 0.3000000119
2687  -39.423  -75.005  41.096 0.3000000119
2700  -38.562  -74.626  40.642 0.3000000119
2757  -37.886  -74.928  36.931 0.3000000119
2244  -40.391  -75.291  42.295 0.3000000119
118895  -39.772  -74.529  40.662 0.3000000119
2716  -38.238  -73.964  39.010 0.3000000119
122362  -38.430  -74.369  38.061 0.3000000119
113263  -39.160  -74.095  38.733 0.3000000119
2688  -40.317  -74.852  41.435 0.3000000119
111944  -39.109  -74.038  39.838 0.3000000119
2758  -38.494  -74.988  37.237 0.3000000119
2702  -40.844  -74.178  41.319 0.3000000119
1153  -28.852  -79.229  22.334 0.3000000119
1482  -31.697  -77.074  29.199 0.5000000000
1507  -30.327  -77.498  27.571 0.5000000000
2369  -32.045  -75.431  32.126 0.3000000119
18269  -23.377  -47.732  30.840 0.3000000119
18257  -22.586  -49.285  31.137 0.3000000119
18282  -19.992  -48.823  28.531 0.3000000119
1146  -29.304  -78.464  24.103 0.4000000060
1123  -28.434  -78.418  26.718 0.4000000060
126886  -31.804  -79.846  33.217 0.4000000060
1067  -29.632  -78.497  31.444 0.4000000060
1079  -29.216  -78.300  30.585 0.4000000060
1955  -29.259  -77.094  29.695 0.4000000060
1962  -30.292  -76.935  28.845 0.4000000060
1480  -28.724  -78.072  29.223 0.4000000060
1491  -29.049  -77.529  28.377 0.4000000060
1961  -29.445  -77.069  28.972 0.4000000060
732  -33.173  -80.337  35.366 0.3000000119
745  -31.624  -78.972  33.731 0.4000000060
1056  -29.951  -77.562  32.574 0.4000000060
1505  -28.713  -77.991  27.651 0.4000000060
755  -30.615  -79.368  32.266 0.4000000060
746  -32.463  -80.230  33.762 0.3000000119
1068  -30.243  -78.401  32.524 0.4000000060
131776  -30.010  -78.694  32.003 0.4000000060
1464  -28.986  -77.728  29.805 0.4000000060
1450  -29.417  -77.475  31.283 0.4000000060
1943  -29.543  -76.736  30.218 0.4000000060
122318  -33.264  -79.576  35.504 0.3000000119
737  -32.583  -79.554  34.395 0.3000000119
1044  -30.516  -77.939  33.225 0.3000000119
1038  -31.957  -78.433  34.481 0.3000000119
1930  -29.968  -76.136  31.721 0.3000000119
116823  -30.218  -76.095  30.996 0.3000000119
1910  -29.674  -76.869  32.042 0.3000000119
1931  -30.674  -75.810  31.464 0.3000000119
1932  -31.631  -75.855  31.388 0.3000000119
1945  -31.044  -76.218  30.585 0.3000000119
1944  -30.128  -76.357  30.289 0.3000000119
1957  -30.834  -76.666  29.551 0.3000000119
4032  -34.574  -71.779  52.131 0.3000000119
4046  -33.582  -70.972  51.097 0.3000000119
3156  -37.948  -74.582  45.278 0.3000000119
3587  -32.617  -71.581  49.292 0.3000000119
3594  -32.826  -72.146  48.684 0.3000000119
3603  -33.712  -72.595  47.430 0.3000000119
3604  -34.531  -72.908  47.267 0.3000000119
3127  -35.397  -73.310  46.555 0.3000000119
3140  -35.761  -73.539  45.827 0.3000000119
3141  -36.572  -73.964  45.537 0.3000000119
3155  -36.833  -74.187  44.876 0.3000000119
4068  -32.264  -71.701  48.392 0.3000000119
129713  -33.162  -72.406  47.159 0.3000000119
121941  -33.429  -72.449  46.689 0.3000000119
3619  -33.880  -72.569  46.134 0.3000000119
3631  -34.388  -72.816  45.657 0.3000000119
1436  -30.015  -76.901  32.943 0.3000000119
3578  -33.788  -71.920  50.507 0.3000000119
3596  -34.470  -72.848  48.150 0.3000000119
3588  -33.352  -72.210  49.468 0.3000000119
4055  -33.123  -71.337  50.169 0.3000000119
110035  -34.271  -72.743  49.155 0.3000000119
3595  -33.524  -72.516  48.429 0.3000000119
3618  -32.762  -72.182  46.861 0.3000000119
533  -35.468  -80.506  29.731 0.5000000000
538  -35.010  -80.685  29.133 0.4000000060
543  -34.531  -80.677  28.501 0.4000000060
556  -34.861  -80.619  27.286 0.4000000060
744  -30.994  -79.096  32.944 0.4000000060
758  -37.304  -79.440  31.886 0.3000000119
780  -35.218  -80.384  30.261 0.5000000000
802  -34.063  -80.416  28.616 0.4000000060
803  -34.462  -80.450  29.162 0.4000000060
804  -35.534  -80.402  28.320 0.4000000060
809  -34.046  -80.539  27.884 0.5000000000
816  -34.719  -80.233  26.717 0.4000000060
825  -33.822  -79.655  25.590 0.5000000000
826  -34.462  -79.751  25.818 0.5000000000
833  -32.565  -79.608  23.809 0.6000000238
834  -33.338  -79.602  24.073 0.6000000238
835  -33.973  -79.542  24.346 0.5000000000
846  -33.234  -79.626  23.345 0.6999999881
853  -29.765  -79.073  21.668 0.5000000000
855  -32.056  -79.648  22.244 0.6000000238
864  -32.526  -79.565  21.392 0.6000000238
866  -33.794  -79.036  21.541 0.6999999881
868  -30.115  -79.292  21.044 0.5000000000
870  -32.107  -79.406  20.995 0.6000000238
871  -32.812  -79.376  21.105 0.6000000238
1047  -37.885  -78.608  32.797 0.3000000119
1055  -29.701  -77.881  32.022 0.4000000060
1059  -36.769  -79.151  32.570 0.3000000119
1069  -34.347  -78.838  30.890 0.4000000060
1071  -35.904  -79.921  31.348 0.4000000060
1090  -32.963  -78.308  29.091 0.6000000238
1113  -32.039  -78.160  26.871 0.6000000238
1126  -31.467  -78.597  26.121 0.6000000238
1162  -30.531  -78.893  22.348 0.4000000060
1165  -36.732  -77.661  22.677 0.5000000000
1169  -35.050  -78.168  21.249 0.6000000238
1314  -36.795  -77.464  44.656 0.3000000119
1315  -37.763  -76.872  44.562 0.3000000119
1329  -37.161  -77.431  43.500 0.3000000119
1427  -37.308  -78.240  33.605 0.3000000119
1452  -34.474  -77.575  31.805 0.4000000060
1465  -29.262  -77.238  30.441 0.4000000060
1481  -28.943  -77.552  29.116 0.4000000060
1492  -29.826  -77.198  28.244 0.4000000060
1506  -29.410  -77.592  27.636 0.4000000060
1521  -28.979  -77.910  27.032 0.4000000060
1533  -37.757  -77.656  25.314 0.5000000000
1554  -29.722  -77.989  20.481 0.5000000000
1557  -35.069  -77.370  20.586 0.6000000238
1559  -36.291  -77.040  20.758 0.5000000000
1561  -31.134  -77.130  19.914 0.6000000238
1563  -32.718  -77.215  19.952 0.6000000238
1566  -35.378  -76.931  20.586 0.6000000238
1811  -37.618  -76.463  42.066 0.3000000119
1911  -30.076  -76.191  32.535 0.3000000119
1914  -35.362  -77.157  32.822 0.4000000060
1929  -29.627  -76.614  31.015 0.4000000060
1946  -32.168  -76.542  30.725 0.3000000119
1956  -29.841  -76.684  29.565 0.4000000060
2019  -36.097  -76.888  20.745 0.5000000000
2020  -36.528  -76.626  20.909 0.5000000000
2023  -31.457  -76.235  19.766 0.6000000238
2026  -34.780  -76.560  20.583 0.6999999881
2233  -39.633  -75.840  42.530 0.3000000119
2235  -40.767  -74.987  42.753 0.3000000119
2252  -35.755  -75.490  40.688 0.3000000119
2255  -38.747  -75.223  41.269 0.3000000119
2271  -33.518  -74.904  38.077 0.3000000119
2272  -33.840  -75.038  38.664 0.3000000119
2297  -37.243  -75.264  35.878 0.3000000119
2340  -35.515  -76.089  33.590 0.4000000060
2344  -19.007  -75.153  32.092 0.6000000238
2363  -17.904  -75.732  31.778 0.5000000000
2364  -19.686  -75.233  31.927 0.6000000238
2368  -31.063  -75.476  32.112 0.3000000119
2403  -29.895  -74.981  25.998 0.6000000238
2412  -28.514  -75.268  25.440 0.6999999881
2415  -31.658  -75.156  25.355 0.6000000238
2416  -32.272  -75.346  24.919 0.5000000000
2420  -28.180  -75.390  24.603 0.6999999881
2434  -29.150  -75.447  23.619 0.6999999881
2436  -31.539  -75.432  22.908 0.5000000000
2441  -36.624  -75.076  22.503 0.5000000000
2446  -26.484  -74.692  21.951 0.5000000000
2449  -29.959  -74.693  21.526 0.6000000238
2466  -33.677  -75.577  20.687 0.5000000000
2472  -28.518  -75.451  20.836 0.5000000000
2475  -30.707  -74.883  20.449 0.5000000000
2476  -31.465  -75.005  20.203 0.5000000000
2480  -35.069  -76.175  20.946 0.6000000238
2484  -32.792  -75.701  19.944 0.5000000000
2715  -36.778  -74.095  40.065 0.3000000119
2724  -33.731  -74.279  38.250 0.3000000119
2725  -34.148  -74.356  38.910 0.4000000060
2781  -33.142  -73.903  34.364 0.3000000119
2794  -34.265  -74.650  33.710 0.3000000119
2804  -21.460  -73.908  32.430 0.6999999881
2806  -32.762  -74.717  33.170 0.3000000119
2818  -18.428  -75.057  32.048 0.6000000238
2819  -21.052  -74.678  31.956 0.6999999881
2831  -23.221  -74.254  30.627 0.6999999881
2851  -27.791  -74.442  26.790 0.6999999881
2855  -31.509  -73.780  27.074 0.5000000000
2879  -26.975  -74.885  24.920 0.6000000238
2881  -30.837  -74.896  25.892 0.6000000238
2907  -26.282  -74.216  23.250 0.4000000060
2930  -32.705  -75.256  20.524 0.5000000000
2933  -29.870  -74.742  20.770 0.5000000000
3113  -35.114  -73.178  47.089 0.3000000119
3126  -34.597  -72.953  46.468 0.3000000119
3139  -34.977  -73.163  45.915 0.3000000119
3206  -35.421  -73.801  39.307 0.3000000119
3242  -32.822  -73.677  35.575 0.4000000060
3254  -33.756  -73.424  35.544 0.3000000119
3255  -34.823  -73.486  35.787 0.3000000119
3276  -21.228  -73.233  32.577 0.6999999881
3278  -23.361  -73.350  32.585 0.6999999881
3292  -24.684  -73.415  31.341 0.6999999881
3299  -17.430  -73.392  30.626 0.5000000000
3313  -23.327  -74.073  29.618 0.6999999881
3323  -26.373  -73.213  28.134 0.6999999881
3344  -29.205  -73.777  27.901 0.6000000238
3363  -27.068  -73.939  27.147 0.6999999881
3602  -32.848  -72.270  47.756 0.3000000119
3756  -23.949  -72.163  33.343 0.6999999881
3758  -25.543  -71.752  33.442 0.6000000238
3799  -19.349  -72.244  30.468 0.6999999881
3814  -17.445  -72.441  29.321 0.6000000238
3857  -24.895  -73.391  27.010 0.6000000238
4040  -33.787  -71.001  51.817 0.3000000119
4199  -25.116  -71.224  33.637 0.6000000238
4200  -25.918  -71.111  33.818 0.6000000238
4201  -26.712  -70.985  33.586 0.6000000238
4212  -21.783  -71.945  32.476 0.6999999881
4216  -28.162  -71.059  32.332 0.5000000000
4232  -19.730  -71.489  29.994 0.6999999881
4234  -20.994  -70.982  30.932 0.6999999881
4246  -17.845  -71.891  28.813 0.6000000238
4247  -18.488  -71.375  28.812 0.6000000238
4263  -18.030  -70.863  28.241 0.6000000238
4645  -23.949  -70.903  33.300 0.6000000238
4646  -24.639  -70.651  33.513 0.6000000238
4660  -22.794  -70.833  32.434 0.6000000238
4663  -28.007  -70.679  33.123 0.5000000000
4676  -22.342  -70.268  31.782 0.6000000238
4687  -20.521  -70.694  30.500 0.6999999881
5093  -21.237  -68.838  37.900 0.6000000238
5141  -26.417  -69.481  34.026 0.5000000000
5183  -17.227  -69.370  28.308 0.6000000238
5191  -14.130  -68.800  28.430 0.5000000000
5194  -17.721  -70.295  28.242 0.6000000238
5576  -20.587  -68.734  38.279 0.6000000238
5594  -21.829  -68.684  36.688 0.5000000000
5614  -20.288  -68.109  34.587 0.6000000238
5628  -26.901  -68.874  33.965 0.6000000238
5643  -23.783  -68.869  32.424 0.5000000000
5651  -15.210  -68.274  31.287 0.6999999881
5663  -19.229  -69.114  30.308 0.6000000238
5664  -20.334  -68.779  31.051 0.6000000238
5671  -13.887  -68.342  28.711 0.5000000000
5684  -15.261  -67.975  28.101 0.6000000238
6147  -21.680  -67.620  38.344 0.6000000238
6149  -22.940  -66.852  38.089 0.6000000238
6157  -22.498  -67.877  37.343 0.6000000238
6180  -21.655  -67.556  35.337 0.6999999881
6231  -25.465  -66.993  31.535 0.5000000000
6239  -13.809  -67.618  28.824 0.5000000000
6244  -20.506  -67.885  31.347 0.5000000000
6256  -16.052  -66.898  28.694 0.6000000238
6260  -24.371  -67.165  28.611 0.5000000000
6688  -20.812  -66.630  38.447 0.6000000238
6690  -22.171  -65.958  38.631 0.6000000238
6691  -23.273  -66.124  38.211 0.5000000000
6710  -23.019  -66.911  36.415 0.6999999881
6711  -23.503  -66.392  36.881 0.6999999881
6721  -22.004  -66.655  35.218 0.6000000238
6729  -20.522  -66.633  34.303 0.6000000238
6745  -18.357  -66.598  33.259 0.6000000238
6762  -15.449  -66.216  31.564 0.6000000238
6767  -24.904  -66.733  31.107 0.5000000000
6770  -13.733  -65.625  29.881 0.5000000000
6779  -25.080  -66.715  30.358 0.5000000000
7208  -21.376  -65.325  38.543 0.6000000238
7209  -22.916  -65.564  38.622 0.6000000238
7218  -18.796  -65.308  38.082 0.6000000238
7219  -23.730  -65.761  37.957 0.8000000119
7220  -24.106  -65.202  37.713 0.8000000119
7253  -21.657  -65.959  34.750 0.6999999881
7254  -22.035  -65.271  34.903 0.6999999881
7283  -14.766  -64.536  30.843 0.6000000238
7284  -15.624  -64.614  31.524 0.6000000238
7288  -13.816  -64.834  29.856 0.5000000000
7289  -17.283  -65.160  29.932 0.6000000238
7727  -23.223  -63.985  39.025 0.6000000238
7731  -18.764  -64.488  38.084 0.6000000238
7735  -24.122  -64.668  38.225 0.8000000119
7745  -17.584  -64.605  37.427 0.5000000000
7762  -24.088  -64.753  36.079 0.8000000119
7770  -23.476  -64.303  35.555 0.8000000119
7782  -20.736  -64.381  34.230 0.6999999881
7797  -17.827  -63.740  32.797 0.6000000238
7816  -15.980  -63.758  31.566 0.6000000238
7834  -14.034  -64.352  29.721 0.6000000238
7835  -14.532  -63.719  29.733 0.6000000238
7836  -15.248  -64.018  29.378 0.6999999881
7848  -18.443  -63.511  28.885 0.6000000238
7849  -19.054  -63.908  28.621 0.6000000238
7851  -21.212  -64.250  27.436 0.6000000238
7852  -21.871  -64.124  27.691 0.6000000238
7860  -20.313  -64.638  27.512 0.6000000238
7874  -21.327  -65.579  26.639 0.6000000238
8243  -24.372  -62.711  38.986 0.8000000119
8247  -20.181  -63.675  38.392 0.6000000238
8250  -23.945  -64.039  38.664 0.8000000119
8265  -17.454  -63.867  37.504 0.5000000000
8268  -25.254  -63.036  37.738 0.8000000119
8280  -25.206  -63.295  36.860 0.6000000238
8298  -19.911  -63.998  33.834 0.6999999881
8300  -21.200  -63.437  34.398 0.8000000119
8314  -18.336  -63.039  33.153 0.6999999881
8315  -19.141  -63.592  33.522 0.8000000119
8327  -17.175  -63.306  32.345 0.6000000238
8347  -14.326  -63.698  29.963 0.6000000238
8348  -14.788  -62.900  29.980 0.6000000238
8363  -21.220  -63.303  28.654 0.5000000000
8373  -19.504  -63.583  28.263 0.6000000238
8376  -21.622  -63.721  28.083 0.6000000238
8384  -20.682  -64.188  27.509 0.6000000238
8814  -22.575  -62.060  39.311 0.6000000238
8815  -23.577  -62.462  39.245 0.8000000119
8822  -19.006  -62.207  38.399 0.6999999881
8823  -25.365  -61.972  38.647 0.6000000238
8836  -16.196  -62.284  37.560 0.5000000000
8856  -23.596  -62.534  35.087 0.6999999881
8873  -22.861  -61.770  34.633 0.6000000238
8887  -19.510  -61.885  33.676 0.6999999881
8909  -16.091  -62.274  30.991 0.6000000238
8925  -15.564  -62.489  29.912 0.6000000238
8928  -19.051  -62.067  28.864 0.5000000000
8930  -20.702  -62.749  29.179 0.5000000000
8934  -18.698  -62.525  28.658 0.5000000000
9356  -24.277  -61.971  39.228 0.8000000119
9357  -24.966  -61.596  39.120 0.8000000119
9363  -18.451  -61.460  38.444 0.6000000238
9379  -14.690  -60.315  37.606 0.5000000000
9381  -16.009  -61.214  37.917 0.6000000238
9391  -14.365  -60.971  37.079 0.5000000000
9431  -18.754  -61.298  33.311 0.5000000000
9433  -20.003  -60.926  33.584 0.5000000000
9444  -17.833  -61.119  31.967 0.5000000000
9469  -17.246  -61.486  30.323 0.5000000000
9471  -19.172  -61.221  30.208 0.5000000000
9912  -17.829  -60.657  38.455 0.6000000238
9916  -21.458  -60.485  38.930 0.5000000000
9918  -23.336  -59.863  39.210 0.6999999881
9931  -17.359  -59.878  38.297 0.6999999881
9932  -18.176  -59.891  38.406 0.6999999881
9961  -21.067  -60.276  33.709 0.5000000000
10443  -25.233  -60.035  39.186 0.6000000238
10451  -18.934  -59.826  38.413 0.6999999881
10452  -19.600  -59.642  38.357 0.6000000238
10455  -22.770  -59.181  38.808 0.6000000238
10458  -26.056  -59.879  38.857 0.6000000238
10466  -14.764  -59.769  37.466 0.6000000238
10467  -15.633  -59.676  37.430 0.6000000238
10480  -14.259  -59.600  37.008 0.6000000238
10483  -16.795  -59.324  36.300 0.6999999881
11014  -21.930  -58.664  38.431 0.6000000238
11017  -24.796  -58.788  38.973 0.6000000238
11036  -19.047  -57.859  37.302 0.6000000238
11063  -17.218  -58.983  34.277 0.6999999881
11083  -17.221  -58.784  33.511 0.6999999881
11097  -16.265  -58.863  32.168 0.8000000119
11112  -15.886  -58.640  31.639 0.6999999881
11639  -19.934  -57.599  37.452 0.6999999881
11642  -23.500  -56.896  38.027 0.5000000000
11643  -24.327  -56.769  38.193 0.5000000000
11651  -18.671  -57.706  36.487 0.6000000238
11665  -18.415  -57.651  35.599 0.6999999881
11697  -17.865  -57.956  33.469 0.8000000119
11698  -18.342  -57.154  33.459 0.6999999881
11722  -15.362  -58.212  31.389 0.6999999881
11731  -15.603  -57.844  30.360 0.6999999881
11732  -16.465  -57.655  30.208 0.6999999881
12238  -24.910  -57.082  38.418 0.5000000000
12268  -19.788  -56.652  36.387 0.6000000238
12270  -21.539  -56.164  37.024 0.5000000000
12303  -19.271  -56.034  34.735 0.5000000000
12330  -18.399  -57.033  32.686 0.6999999881
12363  -15.656  -56.424  29.658 0.6999999881
12916  -22.992  -55.190  36.955 0.5000000000
12934  -19.951  -55.591  35.241 0.6000000238
12999  -13.213  -55.485  30.812 0.6000000238
13000  -13.841  -55.709  30.194 0.6999999881
13002  -17.835  -56.081  29.723 0.5000000000
13004  -19.300  -55.343  30.005 0.5000000000
13014  -16.348  -55.672  29.510 0.5000000000
13016  -17.813  -55.596  29.403 0.4000000060
13017  -18.373  -55.211  29.368 0.5000000000
13626  -22.249  -54.743  36.324 0.5000000000
13641  -21.831  -54.426  35.808 0.5000000000
13663  -19.919  -54.795  33.600 0.5000000000
13708  -19.585  -54.554  29.631 0.5000000000
13719  -17.192  -55.136  29.455 0.5000000000
14398  -21.453  -53.268  34.403 0.6000000238
14413  -21.035  -53.078  33.523 0.5000000000
14435  -20.526  -53.463  31.451 0.5000000000
14449  -16.134  -54.074  29.960 0.6000000238
14461  -18.425  -54.248  29.290 0.4000000060
14462  -19.664  -53.770  29.262 0.4000000060
15154  -22.723  -52.664  34.874 0.5000000000
15166  -23.428  -52.251  34.879 0.5000000000
15231  -18.803  -52.726  29.226 0.4000000060
15940  -23.303  -51.344  33.690 0.4000000060
15970  -15.980  -52.347  31.672 0.5000000000
15983  -20.751  -51.622  30.038 0.4000000060
15993  -19.473  -51.296  28.978 0.4000000060
16710  -23.297  -50.503  32.751 0.4000000060
16718  -14.759  -50.430  31.017 0.4000000060
16722  -21.339  -51.229  30.736 0.4000000060
16746  -20.403  -50.356  29.295 0.4000000060
16753  -18.469  -50.001  28.725 0.4000000060
17454  -18.145  -49.289  34.351 0.5000000000
17460  -17.536  -49.870  34.068 0.5000000000
17484  -14.665  -49.086  30.851 0.4000000060
17489  -23.037  -49.516  31.732 0.4000000060
17506  -18.267  -49.191  28.818 0.5000000000
17518  -19.162  -48.982  28.407 0.3000000119
18225  -18.602  -48.610  34.449 0.4000000060
18254  -14.608  -48.309  30.800 0.4000000060
18258  -23.283  -48.629  31.357 0.3000000119
19044  -19.836  -47.751  34.473 0.4000000060
19045  -20.719  -47.716  34.360 0.4000000060
19046  -21.283  -47.515  34.182 0.4000000060
19058  -15.112  -47.056  31.169 0.3000000119
19066  -14.631  -47.480  30.982 0.3000000119
19918  -14.943  -46.576  31.830 0.3000000119
19920  -15.781  -46.514  32.642 0.5000000000
20750  -14.882  -46.066  32.629 0.4000000060
21570  -15.136  -43.983  33.688 0.5000000000
22459  -14.733  -43.852  33.607 0.4000000060
109625  -20.907  -59.878  38.551 0.6000000238
109697  -20.863  -64.301  38.523 0.6999999881
110554  -38.728  -75.726  45.561 0.3000000119
110706  -28.038  -70.000  33.650 0.5000000000
111667  -21.346  -52.462  33.105 0.4000000060
112160  -21.104  -62.847  39.011 0.6999999881
112492  -23.403  -73.364  26.623 0.6000000238
113206  -24.486  -63.977  38.172 0.8000000119
113911  -23.839  -65.597  36.436 0.8000000119
114024  -16.848  -63.556  29.381 0.5000000000
114307  -20.621  -65.231  34.178 0.6000000238
114427  -25.391  -59.325  39.079 0.6000000238
114642  -33.766  -73.469  37.017 0.3000000119
116053  -17.790  -65.892  32.835 0.6000000238
116055  -29.424  -74.889  20.685 0.5000000000
116078  -25.947  -72.111  33.010 0.6000000238
116565  -21.410  -66.980  38.521 0.6000000238
116807  -34.039  -72.682  46.771 0.3000000119
117598  -18.195  -53.587  29.495 0.4000000060
117765  -30.401  -78.501  20.517 0.5000000000
118488  -20.161  -60.128  38.468 0.6000000238
119099  -33.113  -79.634  22.687 0.6999999881
119186  -34.348  -78.579  21.114 0.6999999881
119401  -17.710  -53.337  30.238 0.4000000060
120021  -25.898  -61.573  38.246 0.6999999881
120032  -25.315  -62.611  36.260 0.6999999881
120038  -16.410  -62.278  29.738 0.5000000000
121023  -16.007  -69.803  27.879 0.6000000238
121428  -15.751  -66.971  31.760 0.6999999881
121810  -17.271  -49.046  34.161 0.4000000060
121969  -16.896  -70.062  27.862 0.6000000238
122102  -35.647  -77.676  40.420 0.3000000119
122333  -14.084  -40.671  34.527 0.3000000119
122365  -19.090  -59.227  38.227 0.6000000238
122687  -20.035  -67.252  31.228 0.5000000000
122715  -19.444  -64.017  38.225 0.6000000238
122720  -18.873  -60.792  31.023 0.5000000000
123112  -31.388  -75.588  23.702 0.6000000238
123236  -31.426  -79.117  20.772 0.6000000238
123276  -14.730  -70.328  28.209 0.5000000000
123290  -23.420  -67.283  31.815 0.5000000000
123518  -28.236  -72.734  29.179 0.6000000238
124034  -28.394  -71.993  30.308 0.5000000000
124335  -34.224  -76.206  20.472 0.6000000238
125169  -16.731  -62.213  31.650 0.6000000238
125936  -16.984  -42.898  34.560 0.3000000119
126512  -27.562  -69.853  33.913 0.5000000000
126688  -16.480  -62.916  31.646 0.6000000238
126921  -35.797  -73.592  38.790 0.3000000119
127019  -25.175  -74.063  23.414 0.4000000060
127643  -18.173  -60.919  31.283 0.5000000000
127665  -20.835  -65.893  38.323 0.6000000238
127883  -16.791  -62.600  37.678 0.5000000000
128294  -38.631  -75.681  46.245 0.3000000119
128414  -35.763  -78.876  24.741 0.5000000000
128533  -22.097  -73.908  32.320 0.6999999881
128735  -14.633  -64.031  30.560 0.6000000238
128943  -24.844  -63.395  38.143 0.6999999881
129033  -15.423  -70.752  28.007 0.5000000000
129118  -23.041  -63.960  35.225 0.8000000119
129374  -23.407  -63.451  35.292 0.8000000119
129645  -30.599  -74.683  21.225 0.6000000238
129663  -20.313  -72.831  32.260 0.6999999881
129807  -22.041  -63.794  34.678 0.6999999881
130143  -21.463  -57.518  37.867 0.6000000238
130215  -25.900  -66.877  30.368 0.5000000000
130402  -40.457  -74.432  40.920 0.3000000119
130912  -19.484  -65.257  33.623 0.6000000238
130971  -27.354  -70.960  33.219 0.5000000000
131090  -34.408  -75.566  22.454 0.5000000000
131191  -34.212  -78.369  20.764 0.6999999881
131371  -18.988  -68.189  33.759 0.5000000000
131490  -13.157  -53.390  31.164 0.5000000000
131720  -23.381  -58.516  38.653 0.6000000238
131724  -20.457  -53.694  30.762 0.5000000000
131831  -26.120  -72.390  31.050 0.6999999881
131997  -33.098  -79.899  34.958 0.3000000119
132334  -18.924  -72.830  30.994 0.6999999881
132408  -17.631  -62.283  29.140 0.5000000000
132475  -36.117  -79.250  26.013 0.5000000000
132593  -14.011  -56.373  30.423 0.6999999881
132675  -21.973  -67.262  31.494 0.5000000000
