#!ascii label  , from subject sub-v2s10x28943_ses-1 vox2ras=TkReg
1660
132277  15.463  -71.545  26.030 0.6999999881
4832  15.201  -72.274  25.394 0.8000000119
4847  14.970  -71.988  24.745 0.8000000119
5410  14.488  -71.684  24.146 0.6999999881
4306  15.490  -73.235  27.268 0.6000000238
4316  15.207  -72.934  26.038 0.6000000238
4848  14.691  -72.436  24.093 0.6000000238
120435  15.748  -73.731  28.018 0.6000000238
5988  14.847  -70.741  25.472 0.8000000119
5411  13.996  -71.052  24.357 0.6999999881
6018  13.114  -71.032  24.050 0.6999999881
134713  13.386  -71.529  23.361 0.6999999881
4813  15.969  -72.410  27.475 0.6000000238
5395  15.189  -71.528  25.467 0.6999999881
5424  13.926  -71.498  23.671 0.6999999881
3781  16.538  -74.440  28.392 0.6000000238
3780  17.193  -74.359  28.253 0.6000000238
3257  16.168  -75.197  28.473 0.6000000238
127843  16.747  -76.436  28.011 0.6000000238
116748  15.861  -76.073  28.441 0.6000000238
5989  13.581  -69.945  25.324 0.8000000119
6607  12.650  -69.691  25.021 0.8000000119
6004  11.764  -69.817  24.444 0.6999999881
6620  11.030  -69.423  23.858 0.6999999881
6020  11.191  -70.391  23.844 0.6999999881
133386  14.309  -70.171  25.565 0.8000000119
6003  13.317  -70.462  24.739 0.6999999881
6019  12.038  -70.804  24.110 0.6999999881
5972  14.877  -70.058  26.165 0.6999999881
111679  14.153  -70.593  25.017 0.8000000119
5987  15.444  -70.949  26.152 0.6999999881
4299  16.071  -73.109  28.056 0.6999999881
4289  17.035  -73.775  28.415 0.6000000238
121333  16.788  -73.136  28.365 0.6000000238
116153  17.194  -75.909  27.640 0.6000000238
3268  16.585  -75.737  28.271 0.6000000238
2394  17.065  -76.760  27.112 0.6000000238
2024  17.291  -78.455  26.309 0.6999999881
2025  17.018  -78.204  27.140 0.6000000238
1721  17.368  -79.381  26.411 0.5000000000
2015  17.142  -78.948  27.054 0.6000000238
1425  17.435  -80.513  26.544 0.5000000000
6598  12.651  -68.904  25.241 0.8999999762
6608  12.062  -69.162  24.852 0.8000000119
6609  11.586  -68.894  24.351 0.6999999881
6580  13.859  -68.849  26.082 0.6999999881
117835  13.302  -68.504  25.654 0.8999999762
6578  15.195  -69.496  26.958 0.8000000119
6579  14.501  -69.214  26.480 0.8000000119
5963  16.206  -70.529  27.596 0.8000000119
5358  17.175  -71.671  28.304 0.6999999881
125194  15.837  -70.987  26.982 0.6999999881
4800  17.373  -72.495  28.344 0.8000000119
4799  18.132  -72.655  28.183 0.8000000119
132451  17.750  -74.352  27.852 0.6999999881
3267  17.337  -75.066  27.914 0.6999999881
2406  17.206  -77.527  26.396 0.6999999881
112449  17.435  -78.834  25.494 0.6999999881
7179  13.386  -67.716  25.646 0.8999999762
7197  12.064  -68.119  23.948 0.8000000119
7198  11.336  -68.467  23.400 0.6999999881
7168  14.362  -68.424  26.688 0.8000000119
7169  13.800  -68.052  26.217 0.8000000119
7167  14.890  -68.816  27.029 0.6999999881
6549  17.605  -70.039  28.499 0.6999999881
6550  16.629  -69.956  28.186 0.6000000238
5952  16.931  -70.787  28.241 0.8000000119
5357  18.032  -71.789  28.339 0.8000000119
4297  18.564  -73.146  27.646 0.8000000119
3791  17.987  -74.732  27.110 0.6999999881
3807  17.996  -75.234  26.123 0.8000000119
117957  17.649  -75.406  27.064 0.6999999881
3290  17.937  -75.597  25.190 0.8000000119
2437  17.468  -77.497  24.762 0.6999999881
2420  17.380  -77.139  25.481 0.6999999881
132949  17.782  -75.814  25.784 0.6999999881
123555  17.497  -78.320  24.711 0.6999999881
2034  17.390  -77.942  25.504 0.6999999881
115159  10.472  -64.682  15.442 0.6000000238
112272  11.045  -64.254  15.666 0.6000000238
10750  8.826  -63.018  16.792 0.6000000238
10742  8.400  -63.040  17.203 0.6999999881
7843  12.641  -67.729  24.434 0.8999999762
7859  12.013  -67.645  23.078 0.6999999881
7154  15.560  -68.817  27.686 0.6000000238
129062  17.115  -69.392  28.485 0.6000000238
7153  16.398  -69.157  28.229 0.6000000238
5950  18.611  -71.030  28.209 0.6999999881
122960  19.178  -71.853  27.370 0.6999999881
5372  19.151  -71.043  27.688 0.6999999881
9350  13.193  -65.564  19.286 0.6999999881
8639  12.754  -66.132  19.194 0.6999999881
4823  19.084  -72.615  27.028 0.8000000119
128991  18.769  -72.430  27.751 0.8000000119
117649  13.853  -64.840  18.365 0.6000000238
9359  13.521  -65.419  17.931 0.6000000238
8659  13.041  -66.047  17.566 0.6999999881
4304  18.884  -73.404  26.674 0.6999999881
9363  13.726  -65.632  16.850 0.5000000000
8667  13.177  -66.284  16.349 0.6999999881
3289  18.370  -74.769  25.185 0.8000000119
125943  18.568  -74.258  26.201 0.8000000119
9358  14.137  -64.977  17.439 0.5000000000
9362  14.683  -65.257  16.108 0.5000000000
3301  17.728  -76.169  24.398 0.6999999881
10052  15.379  -64.899  15.094 0.5000000000
125765  15.698  -64.490  14.712 0.6000000238
10059  15.225  -64.959  14.275 0.5000000000
126962  14.703  -65.283  14.074 0.6000000238
9378  13.167  -65.845  14.102 0.6999999881
9380  11.674  -66.150  14.225 0.6999999881
10758  14.780  -64.589  14.121 0.5000000000
9372  14.220  -65.276  13.958 0.6000000238
9379  12.518  -65.650  14.045 0.6000000238
10062  11.127  -64.977  14.843 0.6000000238
10066  15.515  -64.438  14.490 0.6000000238
10060  12.885  -64.617  14.326 0.6000000238
128012  12.486  -64.070  15.140 0.6000000238
10753  15.337  -63.717  14.654 0.5000000000
10754  14.209  -63.900  14.620 0.5000000000
10756  11.714  -63.679  15.918 0.6000000238
10749  9.680  -63.170  16.575 0.6000000238
11483  9.283  -62.380  16.988 0.6999999881
10736  9.193  -62.975  18.170 0.6000000238
10040  8.954  -64.165  18.259 0.6999999881
10755  13.233  -63.980  14.843 0.6000000238
11490  12.597  -63.483  15.740 0.6000000238
11481  11.041  -62.665  16.731 0.6000000238
116821  10.249  -61.995  17.170 0.6999999881
11460  9.346  -61.947  18.139 0.5000000000
7858  12.528  -67.361  23.623 0.8999999762
7155  14.955  -68.111  27.394 0.6000000238
7811  14.353  -67.460  26.931 0.6999999881
8583  12.518  -66.886  22.813 0.8000000119
7207  10.946  -68.315  22.461 0.6999999881
8610  12.521  -66.567  21.555 0.6999999881
8597  12.808  -66.293  22.282 0.8000000119
6548  18.520  -69.498  28.345 0.6999999881
10028  13.406  -65.220  19.956 0.8000000119
8623  12.872  -66.000  20.047 0.6000000238
10038  13.687  -64.863  19.218 0.6999999881
131273  14.157  -64.393  18.808 0.6000000238
4327  18.857  -73.982  25.150 0.8000000119
114946  19.098  -73.205  25.065 0.8000000119
3828  18.600  -74.324  24.215 0.8000000119
10037  14.488  -64.403  18.086 0.5000000000
3300  18.145  -75.231  24.323 0.8000000119
10046  14.920  -64.565  17.075 0.5000000000
10747  16.561  -63.750  16.117 0.5000000000
10050  16.739  -63.938  15.377 0.6000000238
10051  16.071  -64.312  15.453 0.6000000238
10752  16.285  -63.717  14.879 0.6000000238
11487  16.004  -62.888  15.075 0.6000000238
127807  10.872  -62.647  20.144 0.5000000000
11488  14.427  -63.113  15.400 0.5000000000
11451  9.975  -62.657  18.699 0.5000000000
10039  10.063  -63.918  18.730 0.6000000238
11479  13.580  -62.489  16.381 0.6000000238
133272  11.984  -63.024  16.400 0.6999999881
124354  10.875  -61.694  17.307 0.6999999881
132177  9.606  -61.548  17.590 0.6999999881
11478  14.644  -62.341  16.046 0.6000000238
12242  9.970  -61.288  17.524 0.6000000238
133910  13.271  -61.935  16.996 0.6999999881
12241  11.779  -61.244  17.500 0.6000000238
124893  10.597  -60.691  17.685 0.5000000000
7830  13.483  -67.066  25.651 0.6999999881
7842  13.146  -67.207  24.999 0.6999999881
119481  13.174  -66.257  23.783 0.6999999881
112702  13.000  -66.229  23.038 0.8000000119
9309  13.288  -65.612  22.562 0.6999999881
10021  13.671  -64.750  20.522 0.6999999881
9321  13.125  -65.710  21.624 0.6999999881
12208  11.131  -62.027  21.333 0.5000000000
119172  17.730  -61.722  16.269 0.5000000000
11486  16.871  -63.049  15.330 0.6000000238
11441  11.120  -62.663  20.899 0.5000000000
12253  17.161  -61.692  16.066 0.5000000000
12997  17.526  -60.996  16.602 0.5000000000
12265  16.707  -62.390  15.578 0.6000000238
130462  15.286  -62.891  15.279 0.6000000238
12974  9.918  -60.575  17.941 0.5000000000
12985  16.849  -60.317  16.902 0.5000000000
120074  16.523  -60.950  16.615 0.6000000238
12255  15.017  -61.597  16.508 0.6000000238
12998  15.469  -60.915  16.915 0.6000000238
8551  13.524  -66.470  25.376 0.6999999881
9272  13.531  -65.638  24.187 0.6999999881
133911  13.413  -65.610  23.383 0.6999999881
12239  13.411  -60.703  17.608 0.5000000000
13760  17.516  -60.086  17.060 0.5000000000
13765  12.049  -59.610  18.074 0.5000000000
12986  15.926  -60.217  17.179 0.5000000000
12987  14.905  -60.128  17.464 0.5000000000
12999  14.447  -60.891  17.308 0.5000000000
12240  12.908  -61.373  17.391 0.5000000000
130202  13.402  -59.170  18.165 0.5000000000
14485  13.567  -58.209  19.352 0.5000000000
14511  15.296  -57.817  18.244 0.5000000000
14496  14.253  -57.713  18.672 0.5000000000
13764  12.903  -59.743  17.972 0.5000000000
111712  15.819  -58.720  17.841 0.5000000000
120988  14.792  -58.570  18.146 0.5000000000
13763  14.355  -59.292  17.946 0.5000000000
119678  16.680  -58.771  17.587 0.5000000000
13762  15.378  -59.420  17.664 0.5000000000
16072  14.958  -56.624  19.140 0.5000000000
12185  10.436  -62.028  23.244 0.6000000238
11430  10.962  -62.453  22.543 0.6000000238
12166  10.507  -61.599  23.674 0.5000000000
12167  9.703  -61.654  23.854 0.6999999881
11415  10.386  -62.328  23.436 0.6000000238
10700  11.332  -63.230  23.007 0.6000000238
11394  11.412  -62.968  24.705 0.6999999881
134760  9.169  -59.862  24.719 0.6000000238
12168  9.106  -61.538  23.791 0.6999999881
11395  10.295  -62.525  24.102 0.6999999881
10691  11.249  -63.169  23.831 0.6999999881
11396  9.318  -62.177  24.346 0.8000000119
14415  9.677  -58.693  25.187 0.5000000000
13649  10.158  -59.638  25.340 0.5000000000
11397  8.642  -61.766  24.110 0.8000000119
12902  8.649  -60.911  23.953 0.6000000238
12154  8.265  -61.715  24.951 0.6999999881
15165  10.239  -57.565  25.064 0.5000000000
14403  10.538  -58.676  25.586 0.5000000000
12169  8.127  -61.680  24.149 0.6999999881
11379  9.126  -62.094  24.948 0.6999999881
122868  8.284  -61.436  23.888 0.6999999881
14416  8.943  -58.769  24.677 0.6999999881
12140  8.621  -60.901  25.666 0.6999999881
12186  7.467  -61.124  23.807 0.6999999881
15166  9.365  -57.794  24.560 0.6000000238
13660  8.354  -60.019  24.107 0.8000000119
16840  5.320  -56.480  24.540 0.6999999881
134679  4.956  -56.635  24.168 0.8000000119
18568  12.628  -53.660  24.277 0.4000000060
12888  7.329  -60.689  25.083 0.6999999881
16836  11.429  -55.436  24.407 0.5000000000
12170  7.189  -60.961  24.105 0.6999999881
15992  10.521  -56.499  24.511 0.6000000238
15180  9.724  -56.811  24.196 0.6000000238
13670  7.550  -59.848  23.549 0.6999999881
14428  8.573  -58.086  24.092 0.8000000119
14429  7.781  -58.490  23.531 0.8000000119
19338  8.845  -53.041  35.073 0.5000000000
18414  9.160  -53.316  34.553 0.5000000000
18439  8.178  -53.486  33.509 0.5000000000
15920  9.026  -56.438  27.970 0.5000000000
15960  8.704  -56.469  26.514 0.6000000238
15936  10.101  -56.491  27.557 0.6000000238
16788  8.610  -55.999  28.449 0.6000000238
18502  7.442  -53.441  29.717 0.6000000238
124084  7.514  -56.443  26.069 0.6999999881
15938  8.796  -56.505  27.227 0.6999999881
113869  6.688  -56.354  25.732 0.6999999881
12923  5.202  -60.372  23.164 0.6999999881
13691  4.371  -59.344  22.639 0.6999999881
16034  5.150  -57.542  22.653 0.8000000119
17703  11.428  -54.315  23.617 0.5000000000
12903  6.255  -60.675  24.031 0.6999999881
16011  10.049  -56.004  23.688 0.6000000238
13672  6.313  -60.292  22.931 0.8000000119
15182  8.182  -57.477  23.201 0.6999999881
13688  6.298  -59.512  22.614 0.8000000119
13671  6.819  -60.021  23.062 0.8000000119
124656  9.260  -51.107  35.179 0.5000000000
19337  9.710  -52.608  34.677 0.6000000238
21339  10.078  -50.856  33.928 0.5000000000
18437  9.785  -53.364  34.260 0.6000000238
18454  8.754  -53.907  33.172 0.6000000238
19373  8.015  -53.502  32.544 0.6000000238
18464  9.441  -54.371  32.942 0.6000000238
18483  8.403  -54.118  31.234 0.5000000000
15918  10.525  -56.512  28.374 0.5000000000
15903  10.160  -56.471  28.968 0.5000000000
15958  10.041  -56.286  26.725 0.6000000238
16772  8.979  -55.631  29.257 0.6000000238
17648  8.252  -55.053  28.863 0.6999999881
18484  7.692  -53.488  30.640 0.6000000238
16827  9.107  -55.761  25.559 0.6000000238
15978  8.120  -56.491  25.985 0.6999999881
16817  7.147  -56.200  26.568 0.6999999881
16805  8.309  -56.244  27.626 0.6999999881
16789  7.907  -55.476  28.103 0.8000000119
17636  7.757  -54.143  29.153 0.6999999881
132558  8.800  -55.166  25.009 0.6999999881
16838  6.945  -56.224  24.637 0.6999999881
17697  7.651  -55.152  24.014 0.6999999881
16839  6.200  -56.224  24.074 0.8000000119
16032  6.382  -56.567  22.229 0.8000000119
16850  5.732  -56.454  23.553 0.8000000119
16858  10.514  -54.662  22.985 0.5000000000
17721  9.861  -54.408  22.349 0.6000000238
14446  5.467  -58.838  22.151 0.8000000119
15209  5.546  -58.003  22.053 0.8000000119
16012  9.305  -56.329  23.267 0.6000000238
16859  10.034  -55.055  22.813 0.6999999881
127622  6.755  -57.636  21.927 0.8000000119
15190  8.575  -56.674  22.820 0.6999999881
14444  7.335  -57.778  22.471 0.6999999881
22290  8.782  -50.082  35.106 0.4000000060
21316  9.628  -50.690  34.411 0.5000000000
19363  10.309  -52.711  34.150 0.4000000060
123325  9.599  -53.949  33.669 0.5000000000
17606  9.245  -54.644  31.985 0.5000000000
15935  10.860  -56.406  27.872 0.5000000000
16770  10.607  -56.334  29.768 0.6000000238
16754  10.162  -55.948  30.431 0.6000000238
17619  9.034  -54.859  30.857 0.6000000238
17674  10.703  -54.801  26.260 0.6000000238
17635  8.557  -54.846  29.736 0.6999999881
18501  8.136  -54.121  30.191 0.6999999881
17686  9.426  -54.695  25.240 0.6000000238
16849  6.487  -55.871  23.151 0.8000000119
16876  8.866  -55.305  21.882 0.6999999881
16046  8.056  -56.306  21.802 0.6999999881
15207  7.067  -57.100  21.742 0.8000000119
16861  7.496  -55.429  22.190 0.8000000119
16045  8.567  -55.869  21.924 0.6999999881
22312  8.811  -49.325  34.060 0.4000000060
23300  8.023  -48.512  33.847 0.4000000060
23285  7.503  -48.338  34.396 0.4000000060
121039  10.021  -50.341  33.189 0.5000000000
21340  9.520  -49.990  33.692 0.4000000060
23286  6.766  -47.854  34.482 0.5000000000
18453  10.201  -54.194  33.320 0.5000000000
17605  10.866  -55.217  31.959 0.5000000000
118240  9.954  -55.237  31.723 0.5000000000
18463  12.003  -54.304  31.678 0.5000000000
17687  8.898  -54.179  24.548 0.6000000238
17712  7.136  -55.304  22.825 0.8000000119
18604  9.782  -53.946  22.259 0.6000000238
18605  8.946  -54.107  22.310 0.6000000238
19506  9.218  -52.958  23.178 0.6999999881
18579  8.671  -53.569  23.400 0.6999999881
17724  8.171  -55.285  21.902 0.6999999881
25112  4.984  -46.838  33.806 0.3000000119
21350  9.543  -49.766  32.734 0.4000000060
22321  9.010  -49.249  33.050 0.3000000119
23311  7.778  -48.129  32.860 0.4000000060
23301  7.113  -47.714  33.530 0.4000000060
23302  6.024  -47.320  33.645 0.4000000060
115299  5.349  -47.209  33.820 0.5000000000
20363  10.595  -51.131  33.145 0.4000000060
25131  5.636  -46.468  33.104 0.3000000119
20353  10.786  -52.326  33.535 0.4000000060
129763  11.570  -55.018  31.800 0.5000000000
19372  11.261  -53.039  33.030 0.4000000060
17604  12.212  -55.123  31.281 0.6000000238
20362  11.095  -51.944  32.505 0.4000000060
18451  11.575  -53.709  32.357 0.5000000000
120359  8.349  -54.379  24.104 0.6999999881
17710  8.441  -54.481  22.309 0.6999999881
23287  5.775  -47.521  34.564 0.4000000060
116030  5.667  -46.998  33.035 0.4000000060
25999  5.777  -45.811  33.205 0.3000000119
21349  10.064  -50.304  32.345 0.3000000119
19386  11.499  -52.644  31.933 0.4000000060
19385  11.992  -53.175  31.480 0.4000000060
23321  7.653  -48.072  32.087 0.3000000119
23312  6.951  -47.429  32.439 0.3000000119
24217  6.249  -47.217  32.846 0.4000000060
24226  6.183  -46.744  32.457 0.3000000119
26016  6.016  -46.223  32.715 0.3000000119
22322  8.424  -48.684  32.287 0.3000000119
20377  10.542  -51.028  31.822 0.3000000119
19405  11.427  -52.141  30.905 0.3000000119
20376  10.954  -51.730  31.205 0.3000000119
24225  6.343  -47.082  32.347 0.3000000119
26015  6.589  -46.544  32.374 0.3000000119
23322  7.153  -47.363  31.900 0.3000000119
25149  6.969  -46.967  31.888 0.3000000119
20396  10.366  -50.948  30.679 0.3000000119
20395  10.742  -51.464  30.268 0.3000000119
20394  11.330  -51.555  30.265 0.3000000119
115960  5.208  -46.031  33.634 0.3000000119
23334  7.995  -47.754  30.955 0.3000000119
23335  7.570  -47.436  31.463 0.3000000119
20407  10.255  -50.726  29.916 0.3000000119
9368  13.953  -65.851  15.485 0.6000000238
8673  13.242  -66.381  15.075 0.6999999881
8674  12.529  -66.752  14.891 0.6999999881
126361  12.382  -66.205  14.189 0.6999999881
17592  10.311  -54.731  32.619 0.4000000060
17617  10.563  -55.647  31.230 0.6000000238
25998  6.475  -45.906  32.935 0.3000000119
4833  14.950  -72.895  24.927 0.6999999881
5425  12.650  -71.427  23.445 0.6999999881
5373  16.339  -71.490  27.691 0.8000000119
130609  16.902  -77.512  27.291 0.6000000238
117992  17.351  -76.766  26.147 0.6999999881
6562  15.892  -69.722  27.585 0.6000000238
7878  11.570  -67.849  22.574 0.6999999881
4315  19.014  -73.541  25.793 0.8000000119
2837  17.591  -76.349  25.445 0.6999999881
11461  8.974  -62.475  17.617 0.6999999881
9367  14.726  -65.396  14.674 0.5000000000
132821  12.513  -65.095  14.076 0.6000000238
10029  10.378  -64.679  19.407 0.6000000238
12257  12.682  -62.089  17.036 0.6999999881
8609  12.818  -66.090  20.913 0.8000000119
10036  15.225  -63.922  17.752 0.5000000000
10045  15.739  -64.161  16.657 0.6000000238
12266  15.678  -62.296  15.701 0.6000000238
13689  5.804  -59.755  22.476 0.8000000119
509  14.980  -83.679  21.715 0.4000000060
130718  15.724  -83.897  21.431 0.4000000060
938  15.067  -82.327  23.148 0.3000000119
714  14.268  -83.420  22.210 0.4000000060
501  13.921  -84.057  22.478 0.4000000060
500  15.548  -84.633  21.800 0.4000000060
1761  16.571  -79.813  20.106 0.4000000060
1479  16.355  -80.557  20.124 0.5000000000
1224  16.198  -81.203  20.415 0.5000000000
1754  16.498  -80.388  20.579 0.3000000119
1472  16.118  -81.058  20.832 0.4000000060
955  15.226  -82.385  21.376 0.4000000060
1207  16.351  -81.423  22.405 0.3000000119
946  14.881  -82.311  22.074 0.3000000119
720  14.719  -82.862  21.841 0.3000000119
1200  16.164  -81.916  23.230 0.3000000119
127688  17.138  -79.842  20.983 0.4000000060
2076  16.658  -79.110  19.591 0.4000000060
113081  16.578  -79.065  19.093 0.5000000000
1760  17.209  -79.080  20.493 0.3000000119
1463  17.192  -80.790  22.453 0.3000000119
1193  17.226  -81.454  24.125 0.4000000060
1434  17.473  -80.653  25.367 0.4000000060
119808  17.327  -81.450  24.989 0.4000000060
1187  17.405  -81.491  25.995 0.4000000060
134643  17.561  -77.789  20.521 0.4000000060
125877  17.727  -79.154  21.464 0.4000000060
2067  17.766  -78.258  20.985 0.4000000060
2883  17.716  -76.590  20.390 0.5000000000
130568  17.951  -77.697  21.653 0.4000000060
1445  17.450  -80.731  24.457 0.4000000060
119851  17.562  -80.020  24.031 0.5000000000
125054  17.821  -78.273  23.084 0.4000000060
1727  17.476  -79.765  25.526 0.4000000060
2016  16.714  -78.887  27.761 0.6000000238
1711  17.118  -79.880  27.557 0.4000000060
3348  17.963  -75.761  20.735 0.6000000238
3337  18.091  -75.672  21.596 0.6000000238
112561  17.942  -77.002  21.855 0.6000000238
2862  17.989  -76.258  22.084 0.6000000238
116135  17.839  -76.765  22.666 0.6000000238
117151  17.910  -76.014  22.804 0.6999999881
127765  17.628  -78.671  23.924 0.5000000000
2450  17.602  -77.832  23.993 0.6000000238
3312  17.957  -75.674  23.540 0.6999999881
119968  18.354  -73.401  21.044 0.6999999881
4357  18.494  -73.408  21.968 0.6999999881
3853  18.230  -74.210  20.613 0.6000000238
3847  18.388  -74.187  21.525 0.6999999881
4339  18.810  -73.571  23.719 0.6999999881
4846  19.018  -72.961  24.231 0.6999999881
4831  19.272  -72.718  25.944 0.6999999881
3325  18.156  -75.313  22.818 0.6999999881
114884  18.610  -74.193  23.227 0.6999999881
3311  18.300  -74.888  23.478 0.6999999881
5451  18.324  -71.507  21.486 0.5000000000
5436  18.537  -71.844  22.279 0.6000000238
4348  18.673  -73.486  22.857 0.6999999881
4855  18.819  -72.833  23.388 0.6000000238
117049  19.019  -72.206  23.951 0.6999999881
5409  19.147  -71.420  24.546 0.6999999881
3840  18.498  -74.158  22.397 0.6999999881
113044  19.235  -72.371  24.876 0.6999999881
114102  19.347  -72.011  26.545 0.6000000238
130698  18.857  -71.584  23.647 0.6000000238
131495  18.718  -70.876  23.710 0.6000000238
113718  19.337  -70.805  25.575 0.6000000238
6002  18.826  -70.408  24.597 0.6000000238
7144  17.227  -68.524  28.557 0.5000000000
128707  13.112  -72.049  21.984 0.6000000238
4864  13.701  -72.145  22.290 0.6000000238
5382  19.440  -71.129  26.684 0.6000000238
5961  19.305  -70.234  27.295 0.6000000238
7142  18.562  -68.633  28.130 0.5000000000
7143  18.122  -68.754  28.445 0.5000000000
5454  11.043  -72.250  22.254 0.6000000238
5440  11.419  -71.798  22.829 0.6000000238
5453  12.217  -72.272  21.934 0.6000000238
120773  18.958  -69.916  25.603 0.6000000238
6561  19.028  -69.391  27.752 0.5000000000
5962  19.036  -70.233  28.043 0.5000000000
6038  9.624  -70.589  22.114 0.6000000238
6629  9.753  -69.636  22.044 0.6000000238
5442  9.843  -71.197  22.354 0.6000000238
5455  10.101  -71.976  22.153 0.6000000238
5441  10.465  -71.459  22.671 0.6000000238
7208  10.613  -69.082  23.088 0.6000000238
6021  10.490  -69.977  23.370 0.6000000238
8535  14.115  -66.579  26.596 0.6000000238
5986  19.345  -70.292  26.400 0.6000000238
6636  9.543  -69.233  21.136 0.6000000238
7918  11.218  -67.472  20.140 0.6000000238
122599  10.305  -68.888  22.250 0.6000000238
7917  11.815  -67.121  20.338 0.6000000238
7233  11.297  -67.574  20.922 0.6000000238
7933  12.259  -66.662  19.579 0.5000000000
7898  11.959  -67.155  21.220 0.6000000238
8624  12.377  -66.623  20.613 0.5000000000
5456  9.408  -71.321  21.698 0.6999999881
6051  9.341  -70.148  21.415 0.6000000238
124855  10.269  -68.342  21.035 0.6000000238
7934  11.585  -67.186  19.494 0.6000000238
7945  11.912  -66.907  18.820 0.6000000238
7279  8.621  -67.819  17.208 0.6000000238
134714  9.405  -68.989  20.628 0.6000000238
7246  9.803  -68.116  19.810 0.6000000238
7946  11.331  -67.204  18.569 0.5000000000
7262  9.736  -67.787  18.765 0.6000000238
7964  10.339  -67.500  17.055 0.6000000238
7278  9.434  -67.632  16.781 0.6000000238
7301  8.972  -67.701  16.224 0.6000000238
119755  9.273  -68.777  20.120 0.6000000238
7962  11.883  -66.956  17.869 0.6000000238
7947  10.507  -67.434  18.186 0.6000000238
7963  11.194  -67.280  17.434 0.5000000000
7978  11.022  -67.469  16.154 0.6000000238
7979  10.150  -67.600  16.125 0.5000000000
7300  9.658  -67.649  15.739 0.5000000000
8668  12.532  -66.789  15.916 0.6000000238
7977  11.867  -67.214  15.509 0.6000000238
7990  11.179  -67.462  15.134 0.6000000238
130680  10.604  -67.552  14.933 0.6000000238
8681  10.076  -66.964  14.487 0.6999999881
8001  8.838  -67.356  14.893 0.6999999881
128860  7.850  -66.596  15.182 0.6999999881
9377  7.263  -66.267  15.559 0.6999999881
7989  11.873  -67.058  14.716 0.6000000238
8680  10.988  -66.842  14.426 0.6999999881
9374  10.330  -65.472  14.977 0.6999999881
9382  9.711  -66.351  14.737 0.6999999881
10064  8.516  -65.439  15.574 0.6999999881
10055  8.005  -64.911  16.156 0.6000000238
10070  11.154  -65.665  14.455 0.6000000238
7800  16.755  -66.905  28.603 0.5000000000
120083  15.665  -67.891  28.129 0.5000000000
115482  15.603  -65.774  28.236 0.5000000000
7801  15.865  -67.045  28.497 0.5000000000
9225  15.026  -65.684  27.798 0.6000000238
11364  16.136  -62.723  26.202 0.6000000238
9908  15.696  -64.138  27.467 0.6000000238
9237  14.907  -64.916  27.376 0.6000000238
9238  14.469  -65.713  26.969 0.6000000238
127745  14.071  -65.088  25.495 0.6000000238
11376  15.706  -62.726  25.348 0.5000000000
10677  14.961  -63.439  25.378 0.6000000238
9271  13.980  -64.857  24.605 0.6000000238
130077  15.251  -62.905  23.799 0.6000000238
10699  14.668  -63.538  23.627 0.5000000000
9290  14.131  -64.381  23.767 0.6000000238
9291  13.742  -65.061  23.782 0.6000000238
11429  15.671  -62.613  22.606 0.5000000000
131532  14.201  -64.086  23.081 0.6000000238
10020  14.072  -64.109  20.243 0.5000000000
10731  14.638  -63.615  19.836 0.5000000000
9994  13.616  -64.946  22.084 0.6000000238
9993  14.031  -64.209  22.368 0.6000000238
2853  17.732  -76.484  23.467 0.6999999881
7810  15.085  -67.235  27.864 0.5000000000
112937  11.852  -67.121  16.667 0.6000000238
9381  10.681  -66.306  14.441 0.6999999881
8528  14.666  -66.513  27.449 0.6000000238
9985  13.755  -64.839  23.000 0.6000000238
10008  13.959  -64.167  21.022 0.6000000238
947  14.282  -82.766  22.688 0.3000000119
1208  15.456  -81.867  22.282 0.3000000119
116737  15.673  -81.783  20.940 0.4000000060
1206  16.950  -81.451  23.273 0.3000000119
1753  17.605  -79.979  21.940 0.4000000060
1738  17.721  -79.950  23.036 0.4000000060
2487  17.415  -77.391  20.089 0.4000000060
113566  17.981  -78.365  22.011 0.3000000119
2476  17.827  -77.313  20.967 0.5000000000
2873  17.937  -76.429  21.283 0.6000000238
2044  17.777  -79.083  23.277 0.5000000000
2467  17.897  -77.556  22.447 0.5000000000
114771  17.531  -79.268  24.609 0.5000000000
130440  18.098  -75.649  22.271 0.6000000238
4862  18.624  -72.693  22.509 0.6999999881
7935  10.668  -67.548  19.383 0.6000000238
10057  6.340  -65.355  16.713 0.6000000238
9952  14.929  -63.797  26.253 0.6000000238
11413  16.555  -62.302  23.721 0.5000000000
9931  14.488  -64.801  26.400 0.6000000238
120890  14.441  -64.292  25.449 0.6000000238
11393  15.856  -62.549  24.377 0.5000000000
9971  14.503  -63.909  24.554 0.6000000238
11428  16.461  -62.419  22.241 0.5000000000
10714  14.542  -63.540  22.659 0.5000000000
10725  14.379  -63.628  21.692 0.5000000000
130930  20.526  -81.901  33.647 0.4000000060
861  21.676  -82.466  33.966 0.4000000060
862  21.001  -82.469  33.715 0.5000000000
1381  18.041  -80.490  33.681 0.5000000000
1122  16.772  -80.546  34.149 0.5000000000
1113  15.305  -81.290  35.517 0.5000000000
1131  18.237  -81.177  33.536 0.5000000000
1380  18.774  -80.596  33.666 0.5000000000
853  22.819  -83.084  34.387 0.4000000060
114254  24.029  -83.701  34.375 0.4000000060
620  23.101  -84.059  34.100 0.5000000000
183  17.239  -86.090  23.023 0.3000000119
179  17.496  -86.209  23.631 0.3000000119
181  16.006  -86.506  23.353 0.3000000119
315  15.401  -86.054  22.794 0.3000000119
1373  18.359  -79.967  34.072 0.4000000060
1374  17.496  -80.160  33.984 0.5000000000
1367  16.310  -79.972  34.708 0.5000000000
115481  19.804  -80.408  34.358 0.4000000060
1128  20.466  -81.364  33.771 0.4000000060
1119  21.918  -81.908  34.384 0.3000000119
1110  22.296  -81.644  35.370 0.3000000119
630  24.125  -84.254  33.164 0.4000000060
851  24.626  -83.226  34.781 0.3000000119
618  24.520  -83.564  34.227 0.4000000060
619  24.017  -84.158  33.842 0.5000000000
1125  24.901  -82.856  34.440 0.3000000119
314  17.799  -85.830  22.904 0.3000000119
172  17.914  -86.206  24.506 0.3000000119
184  16.701  -86.141  22.823 0.3000000119
321  16.542  -85.740  22.192 0.3000000119
322  15.796  -85.585  22.196 0.3000000119
1365  19.746  -80.254  35.095 0.3000000119
1366  18.293  -79.633  35.096 0.4000000060
1364  20.553  -80.610  35.118 0.3000000119
1116  25.154  -82.530  35.213 0.3000000119
867  24.193  -83.148  32.652 0.4000000060
871  23.782  -83.438  32.049 0.4000000060
860  24.542  -83.176  33.549 0.4000000060
498  19.748  -84.368  22.332 0.4000000060
318  18.543  -85.430  22.909 0.4000000060
313  19.089  -85.376  23.760 0.4000000060
309  19.263  -85.506  24.684 0.4000000060
302  20.082  -85.194  25.191 0.4000000060
113591  20.318  -85.239  26.065 0.5000000000
505  18.217  -84.771  21.733 0.3000000119
319  18.040  -85.369  22.235 0.3000000119
324  17.601  -85.100  21.732 0.3000000119
326  16.278  -85.231  21.770 0.3000000119
719  15.340  -83.110  21.304 0.3000000119
1355  19.981  -80.518  35.924 0.3000000119
1384  23.678  -81.412  33.271 0.3000000119
1134  23.216  -81.665  32.457 0.3000000119
872  23.286  -82.870  31.279 0.4000000060
650  23.206  -83.291  31.273 0.4000000060
1361  25.227  -81.871  35.481 0.3000000119
1377  24.156  -81.319  33.946 0.3000000119
1117  24.877  -81.867  34.631 0.3000000119
1126  24.482  -82.183  33.799 0.3000000119
476  21.735  -84.100  27.553 0.5000000000
672  21.973  -83.455  28.184 0.5000000000
954  21.734  -82.515  21.959 0.3000000119
712  21.210  -83.223  22.422 0.3000000119
715  20.977  -82.975  21.527 0.3000000119
713  20.667  -83.944  22.751 0.3000000119
123376  20.178  -84.502  23.164 0.4000000060
696  21.307  -83.817  25.467 0.5000000000
483  21.577  -84.299  26.819 0.5000000000
123282  20.440  -83.689  21.980 0.3000000119
312  20.385  -84.575  23.951 0.4000000060
490  20.573  -84.689  24.775 0.4000000060
487  20.832  -84.789  25.632 0.5000000000
486  21.330  -84.337  26.028 0.5000000000
506  17.770  -84.546  21.425 0.3000000119
123933  17.253  -84.590  21.355 0.3000000119
507  16.907  -83.828  21.052 0.3000000119
724  16.509  -83.118  20.827 0.3000000119
965  16.476  -82.561  20.622 0.4000000060
1389  22.384  -81.138  32.023 0.3000000119
1143  22.639  -82.345  30.759 0.4000000060
1362  24.622  -81.056  35.731 0.3000000119
1370  24.030  -80.800  34.440 0.3000000119
1378  23.383  -80.628  33.728 0.3000000119
1152  22.365  -82.469  30.012 0.4000000060
1667  23.710  -80.296  35.170 0.3000000119
661  22.347  -82.902  29.557 0.4000000060
132104  22.244  -83.078  28.764 0.5000000000
1170  21.382  -82.311  27.630 0.4000000060
892  22.195  -82.965  28.364 0.5000000000
1203  22.543  -81.391  21.822 0.3000000119
899  21.661  -83.072  26.967 0.5000000000
898  21.933  -82.874  27.785 0.5000000000
945  21.560  -82.561  22.406 0.3000000119
909  20.944  -82.636  26.142 0.4000000060
960  21.748  -82.307  21.312 0.3000000119
123159  21.289  -83.112  22.916 0.4000000060
708  21.052  -83.427  23.646 0.4000000060
920  20.985  -83.058  25.362 0.5000000000
687  21.594  -83.839  26.465 0.5000000000
503  19.640  -83.937  21.699 0.3000000119
494  20.801  -84.116  23.504 0.4000000060
126325  20.898  -84.211  24.283 0.5000000000
703  21.121  -83.881  24.487 0.5000000000
118272  18.637  -83.460  20.937 0.3000000119
963  18.767  -82.886  20.462 0.4000000060
970  18.542  -82.193  19.941 0.3000000119
723  17.186  -83.138  20.676 0.4000000060
2838  14.246  -77.041  25.835 0.5000000000
117930  16.196  -81.871  20.566 0.3000000119
1657  23.049  -79.650  35.806 0.3000000119
1371  23.104  -80.025  34.335 0.3000000119
1395  21.240  -81.012  30.793 0.3000000119
1656  23.839  -80.333  35.996 0.3000000119
1145  21.313  -81.433  29.977 0.3000000119
118673  21.740  -81.995  28.775 0.5000000000
1414  20.345  -81.406  27.562 0.4000000060
1163  21.067  -81.780  28.332 0.3000000119
1470  23.218  -80.552  21.550 0.3000000119
1171  20.840  -82.105  26.839 0.5000000000
1186  20.377  -82.090  25.282 0.4000000060
1179  20.407  -81.876  26.137 0.4000000060
935  21.291  -82.668  23.015 0.4000000060
125482  20.964  -82.988  23.837 0.4000000060
927  20.693  -82.666  24.490 0.4000000060
133296  20.403  -82.922  21.014 0.3000000119
961  20.870  -82.475  20.715 0.3000000119
926  21.028  -83.396  24.556 0.5000000000
969  19.442  -82.254  20.056 0.3000000119
1232  19.216  -81.674  19.614 0.4000000060
1233  18.426  -81.610  19.598 0.4000000060
2826  14.377  -76.381  26.515 0.5000000000
125092  16.896  -82.220  20.313 0.4000000060
1241  17.888  -81.039  19.402 0.5000000000
127398  14.372  -78.232  26.781 0.5000000000
1668  22.730  -79.495  34.987 0.3000000119
4873  10.649  -72.709  21.702 0.5000000000
1424  19.637  -80.401  27.027 0.3000000119
1415  19.680  -80.418  27.919 0.3000000119
5469  11.698  -72.553  21.412 0.5000000000
4897  10.873  -73.350  20.115 0.6000000238
1751  24.605  -79.449  21.098 0.3000000119
1744  22.725  -79.553  21.884 0.3000000119
115974  23.790  -80.266  21.157 0.3000000119
1461  22.316  -80.600  22.015 0.3000000119
1462  21.159  -80.541  22.370 0.3000000119
1432  19.929  -81.160  25.707 0.4000000060
1423  20.071  -81.252  26.580 0.4000000060
4863  14.215  -72.380  22.729 0.5000000000
3864  9.024  -74.248  19.074 0.5000000000
1205  20.989  -81.630  22.770 0.3000000119
1199  20.329  -81.463  23.478 0.3000000119
1443  19.901  -81.033  23.875 0.3000000119
1444  19.716  -80.102  24.114 0.3000000119
4856  14.551  -72.809  23.343 0.5000000000
1230  21.633  -81.303  19.974 0.3000000119
968  20.231  -82.213  20.189 0.3000000119
4328  14.710  -73.823  24.811 0.5000000000
1231  20.165  -81.608  19.683 0.3000000119
113944  14.444  -75.352  25.365 0.5000000000
1489  19.781  -81.016  19.226 0.4000000060
122290  14.443  -75.718  26.175 0.6000000238
1497  19.365  -80.419  18.833 0.4000000060
1498  18.343  -80.398  18.959 0.5000000000
2812  14.620  -76.415  27.492 0.5000000000
1779  18.784  -79.728  18.536 0.4000000060
1234  16.999  -80.867  19.706 0.3000000119
1235  16.562  -81.278  20.128 0.4000000060
2802  14.737  -77.168  27.977 0.6000000238
2525  18.061  -76.821  16.903 0.3000000119
2106  17.004  -78.084  17.895 0.4000000060
1780  17.201  -79.385  18.702 0.4000000060
132609  16.565  -80.732  19.919 0.3000000119
2385  15.559  -77.939  28.441 0.6000000238
2396  14.529  -78.006  27.655 0.5000000000
2922  17.511  -76.137  16.619 0.3000000119
2526  17.265  -76.937  17.193 0.5000000000
2503  16.765  -77.754  18.028 0.4000000060
2086  16.619  -78.417  19.105 0.4000000060
2003  15.294  -78.601  28.367 0.6000000238
124982  17.258  -75.547  16.356 0.3000000119
2913  17.041  -76.305  16.976 0.5000000000
2502  16.905  -77.205  18.361 0.4000000060
2495  16.872  -77.671  19.222 0.4000000060
3368  17.076  -75.320  16.413 0.4000000060
122243  16.997  -76.643  17.660 0.5000000000
2894  17.318  -76.809  19.395 0.5000000000
4885  10.279  -73.299  21.060 0.6000000238
4369  9.863  -73.751  20.347 0.6000000238
2065  25.560  -78.684  21.152 0.3000000119
1752  23.950  -79.765  21.478 0.3000000119
1745  21.514  -79.526  22.200 0.3000000119
4874  9.677  -72.484  21.543 0.6000000238
4370  8.987  -73.442  20.107 0.6000000238
1746  20.614  -79.616  22.661 0.3000000119
4887  8.596  -72.578  20.275 0.6000000238
2084  24.016  -78.766  19.755 0.3000000119
1453  20.278  -80.573  23.144 0.3000000119
117501  8.171  -72.247  19.705 0.6000000238
117175  20.956  -81.271  19.620 0.3000000119
5493  7.637  -70.695  18.821 0.6000000238
5494  7.447  -71.629  18.593 0.6000000238
6091  7.144  -70.757  18.232 0.6000000238
6103  6.585  -70.844  17.746 0.5000000000
1789  19.170  -78.967  18.075 0.4000000060
130414  17.560  -78.385  17.863 0.4000000060
117073  17.145  -75.123  17.057 0.4000000060
112742  17.300  -76.119  18.512 0.5000000000
2053  26.267  -78.214  21.435 0.3000000119
2054  25.711  -78.488  21.602 0.3000000119
2066  24.803  -79.059  21.457 0.3000000119
129405  23.390  -78.649  22.043 0.3000000119
2056  21.816  -78.539  22.327 0.3000000119
131834  21.163  -78.294  22.593 0.3000000119
116308  20.307  -78.198  23.712 0.3000000119
2074  25.592  -78.567  20.846 0.3000000119
1766  24.474  -79.228  20.358 0.3000000119
6064  8.586  -70.958  20.242 0.5000000000
134570  8.848  -71.841  20.887 0.6000000238
2485  25.345  -78.342  20.480 0.3000000119
2040  19.824  -78.993  23.931 0.3000000119
5470  8.362  -71.632  20.005 0.6000000238
129085  24.670  -78.170  19.923 0.3000000119
5482  7.931  -71.538  19.276 0.6000000238
1788  20.232  -78.862  17.993 0.3000000119
1777  20.768  -79.554  18.340 0.3000000119
6669  7.378  -69.735  18.482 0.6000000238
6682  6.478  -69.000  17.858 0.6000000238
6077  8.612  -70.107  20.041 0.6000000238
6655  8.759  -69.252  19.718 0.5000000000
6667  8.334  -68.877  18.913 0.6000000238
6668  7.889  -69.781  18.956 0.6000000238
6102  6.803  -69.828  18.117 0.6000000238
7281  6.955  -68.155  17.413 0.6000000238
6681  7.266  -68.722  17.968 0.6000000238
7305  5.997  -67.735  17.385 0.5000000000
6645  9.118  -69.560  20.538 0.5000000000
7247  9.074  -68.452  19.249 0.5000000000
7263  8.260  -68.262  18.083 0.5000000000
114640  7.646  -67.906  17.173 0.6000000238
8662  4.616  -66.361  17.902 0.5000000000
10048  5.666  -65.102  17.529 0.6000000238
9364  5.002  -65.460  17.706 0.6000000238
9366  3.757  -65.489  18.725 0.5000000000
9365  4.364  -65.352  18.350 0.6000000238
9355  3.711  -65.187  19.594 0.6000000238
114664  8.905  -67.938  18.124 0.5000000000
7323  7.868  -67.606  16.350 0.5000000000
7980  7.308  -67.368  16.278 0.5000000000
7304  6.703  -67.594  16.976 0.6000000238
8675  7.572  -66.960  15.241 0.6000000238
8669  6.524  -66.753  16.307 0.5000000000
8661  5.269  -66.759  17.458 0.5000000000
8676  6.923  -66.577  15.816 0.6000000238
10054  8.845  -64.730  15.999 0.6000000238
9371  5.655  -65.734  17.061 0.6000000238
10024  4.415  -65.077  19.969 0.5000000000
113417  9.564  -61.154  29.658 0.5000000000
113797  9.737  -67.589  17.766 0.5000000000
7302  8.307  -67.736  16.700 0.5000000000
7992  8.667  -67.536  15.301 0.6000000238
12095  8.821  -60.739  29.227 0.5000000000
12846  8.858  -60.657  29.828 0.6000000238
12110  8.142  -60.509  28.281 0.6000000238
12109  8.944  -60.708  28.519 0.6000000238
11321  9.605  -61.798  30.667 0.5000000000
12108  9.991  -60.809  28.656 0.5000000000
12092  11.730  -61.676  29.279 0.5000000000
128674  5.782  -64.936  22.356 0.5000000000
10012  4.836  -65.233  20.998 0.5000000000
15184  3.922  -57.911  23.480 0.6000000238
16014  3.781  -57.282  24.161 0.6999999881
14418  3.754  -58.514  24.012 0.6000000238
14405  3.708  -57.841  24.692 0.6999999881
15142  5.420  -57.881  26.949 0.6000000238
14380  6.594  -58.663  27.804 0.6000000238
13634  5.270  -59.355  25.910 0.6000000238
14391  5.324  -58.591  26.411 0.6000000238
13674  3.887  -58.994  23.324 0.6000000238
12890  5.403  -60.025  25.435 0.6000000238
13623  5.818  -59.395  26.599 0.6000000238
13622  6.361  -59.520  27.260 0.5000000000
13616  7.659  -59.676  28.646 0.6000000238
12905  4.733  -60.145  23.628 0.6000000238
12873  5.748  -59.930  26.135 0.6000000238
12854  7.465  -60.278  28.056 0.5000000000
12847  8.264  -60.319  29.027 0.6000000238
125526  6.135  -60.323  25.836 0.6000000238
12871  7.420  -60.560  26.103 0.6000000238
12125  7.469  -60.491  27.262 0.6000000238
12124  8.477  -60.583  27.447 0.6000000238
12107  11.131  -60.880  28.607 0.5000000000
10629  12.226  -63.281  29.017 0.5000000000
10640  12.218  -63.307  27.894 0.5000000000
9909  11.767  -64.007  27.184 0.5000000000
9239  10.386  -65.166  27.129 0.5000000000
15151  4.027  -57.804  25.415 0.6000000238
130686  3.871  -56.910  26.120 0.6999999881
12889  6.585  -60.564  24.937 0.5000000000
12870  8.220  -60.617  26.367 0.6000000238
113426  10.373  -60.772  26.939 0.6000000238
12106  11.962  -61.420  28.199 0.5000000000
12137  11.845  -61.546  27.266 0.6000000238
122577  12.301  -62.776  26.945 0.5000000000
10660  12.161  -62.960  26.205 0.6000000238
115153  11.207  -64.592  26.655 0.6000000238
19484  9.976  -52.745  24.542 0.4000000060
125205  5.527  -55.854  25.874 0.6999999881
130007  4.550  -54.131  26.160 0.5000000000
130412  3.835  -53.466  26.329 0.5000000000
19492  9.530  -52.569  23.867 0.6000000238
18569  9.230  -53.223  24.272 0.5000000000
17677  3.908  -54.137  26.060 0.6000000238
16809  3.532  -55.314  26.733 0.5000000000
20507  10.120  -52.049  23.565 0.5000000000
114877  5.890  -56.410  25.052 0.6000000238
17689  3.952  -55.087  25.839 0.8000000119
16841  4.421  -56.385  24.856 0.6999999881
16831  3.646  -56.177  25.541 0.8000000119
15941  4.206  -56.383  27.030 0.6999999881
12138  11.175  -61.430  26.661 0.6000000238
11365  11.962  -62.186  26.551 0.6000000238
19470  4.779  -52.787  26.509 0.5000000000
18562  9.651  -53.666  24.874 0.5000000000
16818  6.283  -55.698  26.496 0.6999999881
19471  3.985  -52.826  26.480 0.5000000000
21484  11.212  -51.047  23.434 0.4000000060
19491  10.076  -52.118  24.071 0.4000000060
21516  11.328  -51.030  22.775 0.4000000060
20522  11.246  -52.132  22.392 0.5000000000
18603  10.523  -53.545  22.530 0.4000000060
18540  6.039  -53.229  27.217 0.5000000000
19456  4.433  -52.159  26.821 0.5000000000
18560  11.113  -53.110  25.574 0.3000000119
18550  10.922  -53.906  25.878 0.3000000119
17665  6.247  -54.533  27.051 0.6000000238
21515  11.950  -50.592  22.402 0.4000000060
19528  11.818  -51.944  22.317 0.4000000060
17709  10.471  -54.222  22.656 0.4000000060
132290  6.692  -53.880  27.688 0.6000000238
16807  6.852  -55.523  27.082 0.6000000238
19517  12.105  -52.171  22.419 0.4000000060
18520  6.675  -53.176  28.042 0.5000000000
19455  5.444  -52.332  26.996 0.5000000000
20463  12.727  -51.655  25.941 0.3000000119
18549  11.625  -53.584  26.242 0.3000000119
17673  11.438  -54.451  26.574 0.3000000119
17663  11.196  -55.408  26.916 0.4000000060
19504  12.465  -52.485  22.963 0.3000000119
18578  11.542  -53.695  23.287 0.4000000060
18577  12.190  -53.256  23.523 0.4000000060
17662  11.900  -55.030  27.353 0.4000000060
18539  7.196  -53.935  28.326 0.6000000238
19454  6.173  -52.573  27.699 0.4000000060
16802  12.253  -55.556  28.085 0.4000000060
21444  13.943  -50.804  26.472 0.3000000119
19467  13.080  -52.186  26.599 0.3000000119
18519  7.070  -53.331  28.869 0.5000000000
16785  12.078  -56.168  28.587 0.4000000060
15902  10.991  -56.531  29.083 0.4000000060
16753  11.101  -56.117  30.607 0.5000000000
16768  12.353  -56.141  29.427 0.4000000060
16752  12.213  -55.861  30.503 0.4000000060
20392  13.485  -51.753  30.852 0.3000000119
122414  13.000  -52.662  30.782 0.3000000119
19403  13.537  -53.348  30.605 0.3000000119
18482  12.699  -53.592  31.067 0.3000000119
19404  12.095  -52.478  30.867 0.3000000119
22291  8.109  -49.110  34.903 0.4000000060
113137  12.697  -51.166  30.760 0.3000000119
1726  19.650  -79.192  24.871 0.3000000119
1778  19.835  -79.666  18.418 0.4000000060
17616  12.956  -55.031  30.624 0.3000000119
11377  11.633  -62.677  25.663 0.6000000238
23266  6.478  -48.101  35.414 0.4000000060
19520  9.900  -52.673  22.736 0.5000000000
115791  12.668  -54.482  31.100 0.3000000119
1769  16.548  -79.867  19.614 0.3000000119
2095  16.686  -78.416  18.518 0.4000000060
7280  7.975  -68.150  17.606 0.5000000000
1120  21.078  -81.346  34.101 0.4000000060
1130  19.104  -81.347  33.493 0.5000000000
1368  15.603  -80.312  35.283 0.5000000000
438  23.544  -84.526  33.393 0.5000000000
178  18.210  -85.833  23.630 0.4000000060
1363  21.301  -81.139  34.732 0.4000000060
127740  24.319  -83.752  32.887 0.4000000060
639  23.524  -83.756  31.835 0.4000000060
499  18.785  -84.906  22.268 0.4000000060
122690  18.592  -85.761  24.287 0.4000000060
304  18.623  -85.862  24.927 0.4000000060
1109  25.338  -82.213  36.008 0.3000000119
115597  24.025  -82.354  32.942 0.3000000119
1136  23.624  -82.617  32.120 0.4000000060
717  19.087  -83.753  21.287 0.4000000060
1137  22.885  -82.044  31.622 0.4000000060
879  22.698  -82.901  30.378 0.4000000060
114441  14.370  -76.025  24.882 0.5000000000
511  17.579  -83.965  21.101 0.4000000060
1144  22.005  -81.812  30.345 0.4000000060
1153  22.005  -82.049  29.427 0.4000000060
886  22.139  -82.474  28.796 0.5000000000
1204  21.859  -82.078  22.323 0.3000000119
1222  21.727  -81.884  20.609 0.3000000119
716  19.955  -83.376  21.249 0.3000000119
962  19.829  -82.800  20.609 0.3000000119
2407  14.311  -77.298  26.950 0.6000000238
1154  20.876  -81.424  29.231 0.3000000119
114864  19.841  -81.100  24.740 0.3000000119
3808  14.628  -74.405  25.554 0.5000000000
1240  18.861  -81.079  19.262 0.4000000060
113761  19.474  -79.545  27.462 0.3000000119
1433  19.658  -80.210  25.227 0.3000000119
2511  18.820  -77.491  17.241 0.4000000060
1790  17.984  -79.060  18.231 0.4000000060
1499  17.312  -80.171  19.185 0.4000000060
2932  17.638  -75.452  15.805 0.3000000119
2464  22.400  -77.933  22.573 0.3000000119
6656  8.302  -69.751  19.425 0.6000000238
2104  18.453  -78.307  17.693 0.3000000119
2465  21.387  -77.930  22.731 0.3000000119
2449  20.933  -77.703  23.470 0.3000000119
2891  24.056  -77.434  19.827 0.3000000119
130992  6.085  -67.123  16.971 0.5000000000
8670  5.817  -66.421  16.882 0.6000000238
15995  3.673  -56.748  24.851 0.6999999881
16819  3.506  -55.714  26.173 0.6999999881
121265  4.684  -55.955  25.409 0.6999999881
17688  4.535  -55.021  25.987 0.6000000238
19482  11.993  -52.070  25.584 0.3000000119
19468  12.484  -52.460  26.261 0.3000000119
3782  15.775  -74.508  28.242 0.5000000000
3800  14.965  -74.014  26.571 0.5000000000
4366  18.212  -72.660  20.551 0.6000000238
7321  9.181  -67.655  15.490 0.4000000060
7991  9.239  -67.633  15.082 0.5000000000
10043  5.317  -64.893  18.163 0.5000000000
111617  8.253  -63.842  16.629 0.5000000000
123602  7.450  -64.348  16.709 0.5000000000
10047  6.445  -64.804  17.244 0.5000000000
10023  5.307  -65.126  20.267 0.5000000000
118312  5.953  -64.877  18.387 0.5000000000
10053  9.250  -63.925  16.353 0.5000000000
9341  6.279  -65.249  20.564 0.4000000060
116805  7.783  -63.582  16.994 0.5000000000
10738  7.252  -64.270  17.483 0.5000000000
10033  6.160  -65.136  19.327 0.5000000000
9325  6.412  -65.112  21.651 0.5000000000
122820  7.877  -63.698  17.408 0.6000000238
10032  7.264  -65.161  18.747 0.5000000000
9340  7.421  -65.561  20.698 0.5000000000
9933  10.326  -65.179  26.262 0.5000000000
10031  8.499  -65.109  18.672 0.6000000238
119791  8.725  -65.514  24.192 0.5000000000
130044  9.748  -65.476  24.820 0.5000000000
9353  7.981  -65.560  19.517 0.6000000238
9312  8.094  -65.607  22.312 0.6000000238
9313  7.028  -65.120  23.030 0.5000000000
10737  8.465  -63.372  17.656 0.6000000238
9352  9.041  -65.550  19.486 0.6000000238
9339  8.470  -65.787  20.239 0.6000000238
130111  10.083  -65.597  23.877 0.6000000238
9338  9.336  -65.815  20.381 0.6000000238
9256  10.707  -65.139  25.239 0.5000000000
116804  11.380  -64.540  25.696 0.5000000000
9311  9.144  -65.880  22.160 0.6000000238
9294  8.333  -65.558  23.161 0.6000000238
14370  7.315  -58.720  28.513 0.5000000000
15940  5.113  -56.712  27.628 0.5000000000
15135  6.080  -57.867  27.628 0.5000000000
10678  11.892  -63.306  25.424 0.6000000238
130665  10.113  -65.824  22.031 0.6000000238
131205  11.509  -64.500  24.790 0.6000000238
9293  9.723  -65.740  23.021 0.6000000238
9273  11.009  -65.217  24.170 0.6000000238
9996  11.257  -65.024  22.542 0.6000000238
124267  12.785  -55.570  28.809 0.3000000119
21297  8.577  -51.084  35.862 0.3000000119
3355  17.708  -75.890  19.749 0.4000000060
115831  18.031  -75.027  20.180 0.5000000000
2002  16.119  -78.565  28.360 0.5000000000
115171  16.533  -77.979  27.877 0.5000000000
4367  18.123  -73.428  20.142 0.4000000060
2395  16.557  -77.140  27.896 0.4000000060
4881  18.206  -71.838  20.797 0.4000000060
3801  14.585  -74.992  26.381 0.4000000060
3269  14.926  -75.740  27.813 0.4000000060
2811  15.158  -76.318  28.181 0.4000000060
2801  15.479  -77.085  28.382 0.4000000060
6634  17.243  -69.600  21.449 0.4000000060
6035  17.854  -70.135  22.159 0.4000000060
113111  18.594  -71.318  22.964 0.4000000060
4317  14.870  -73.621  25.571 0.4000000060
6050  17.940  -70.641  21.286 0.4000000060
6034  18.367  -70.968  22.157 0.4000000060
6617  18.230  -70.048  23.720 0.4000000060
6606  18.105  -69.422  24.627 0.5000000000
10022  10.672  -65.094  20.164 0.5000000000
121157  10.901  -64.270  19.851 0.5000000000
10010  11.235  -64.762  21.655 0.5000000000
128219  11.347  -63.661  21.384 0.5000000000
11436  11.190  -62.590  21.705 0.5000000000
9986  11.535  -64.220  22.841 0.5000000000
16808  3.795  -55.618  27.237 0.4000000060
118183  3.521  -54.537  26.772 0.4000000060
10715  11.375  -63.385  22.218 0.5000000000
130184  11.606  -64.186  23.785 0.5000000000
128911  18.430  -72.486  21.508 0.5000000000
132822  18.117  -71.273  20.974 0.4000000060
6016  18.292  -70.519  22.927 0.4000000060
1112  15.947  -81.160  34.672 0.4000000060
848  15.524  -82.183  35.290 0.4000000060
114  16.661  -87.272  37.693 0.4000000060
115514  16.766  -81.581  34.092 0.4000000060
118  17.215  -86.799  37.155 0.4000000060
847  16.220  -82.360  34.674 0.4000000060
240  18.469  -86.784  36.314 0.4000000060
241  17.798  -86.429  36.588 0.4000000060
242  16.868  -85.774  36.651 0.4000000060
864  18.607  -82.176  33.601 0.5000000000
129633  17.617  -81.890  33.755 0.5000000000
855  17.955  -82.883  34.022 0.4000000060
856  17.055  -82.634  34.253 0.4000000060
121172  17.606  -85.658  36.224 0.4000000060
863  20.154  -82.434  33.609 0.5000000000
632  20.068  -83.232  33.812 0.5000000000
633  19.387  -82.795  33.721 0.5000000000
625  17.551  -83.575  34.621 0.4000000060
626  16.647  -83.352  34.900 0.4000000060
623  19.492  -83.778  34.248 0.4000000060
128  20.442  -86.258  35.017 0.4000000060
247  19.744  -86.012  35.607 0.4000000060
111884  19.019  -85.517  35.609 0.4000000060
428  17.906  -85.159  35.712 0.4000000060
612  17.236  -84.258  35.281 0.4000000060
248  19.119  -86.332  35.850 0.4000000060
249  18.418  -86.024  36.129 0.4000000060
433  20.152  -84.810  34.793 0.5000000000
624  18.486  -83.764  34.446 0.4000000060
435  18.206  -84.501  35.078 0.4000000060
253  20.980  -85.836  34.916 0.5000000000
426  20.526  -85.618  35.055 0.4000000060
427  19.912  -85.554  35.310 0.4000000060
270  20.004  -85.663  32.650 0.3000000119
447  19.198  -84.574  31.926 0.3000000119
455  19.823  -83.903  31.340 0.4000000060
269  21.227  -85.664  33.026 0.3000000119
454  21.129  -84.169  31.472 0.4000000060
446  20.562  -84.996  32.066 0.4000000060
472  18.637  -84.715  29.761 0.3000000119
465  18.912  -83.835  30.243 0.4000000060
456  18.850  -83.907  31.157 0.4000000060
642  20.597  -83.483  30.639 0.4000000060
471  19.503  -84.163  29.415 0.4000000060
643  19.541  -83.546  30.512 0.4000000060
653  20.274  -83.356  29.921 0.4000000060
652  21.681  -83.257  29.889 0.3000000119
125326  20.580  -86.173  33.600 0.3000000119
641  21.922  -83.618  30.887 0.3000000119
453  22.364  -84.377  31.745 0.4000000060
284  19.290  -85.305  28.872 0.4000000060
664  20.089  -83.652  29.578 0.4000000060
673  21.481  -84.052  28.358 0.4000000060
662  22.026  -83.360  28.878 0.4000000060
118271  21.279  -85.866  34.144 0.4000000060
445  21.757  -85.102  32.261 0.4000000060
285  18.508  -85.786  29.228 0.4000000060
651  22.689  -83.171  30.515 0.3000000119
294  20.633  -85.191  27.547 0.4000000060
290  19.836  -85.517  28.051 0.4000000060
481  21.258  -84.784  27.175 0.4000000060
477  21.220  -84.732  27.804 0.4000000060
470  20.579  -84.211  28.969 0.4000000060
252  21.584  -85.372  34.320 0.4000000060
259  21.882  -85.425  33.685 0.4000000060
452  23.255  -84.283  32.095 0.3000000119
444  22.702  -84.951  32.534 0.4000000060
640  22.965  -83.701  31.368 0.3000000119
295  19.778  -85.538  27.309 0.4000000060
299  19.593  -85.560  26.564 0.4000000060
298  20.543  -85.224  26.863 0.4000000060
123379  21.361  -84.049  34.099 0.4000000060
443  23.488  -84.604  32.820 0.3000000119
621  21.859  -83.369  33.944 0.4000000060
622  20.533  -84.011  34.242 0.4000000060
431  22.108  -84.662  34.097 0.4000000060
258  22.785  -85.045  33.343 0.4000000060
6594  18.426  -69.082  25.671 0.4000000060
289  20.648  -85.119  28.039 0.4000000060
173  17.055  -86.585  24.373 0.3000000119
180  16.816  -86.451  23.557 0.3000000119
185  16.108  -86.105  22.612 0.3000000119
246  20.351  -85.995  35.362 0.4000000060
260  20.800  -86.195  34.496 0.3000000119
268  22.128  -85.377  32.971 0.4000000060
308  19.889  -85.060  24.334 0.4000000060
320  17.289  -85.692  22.333 0.3000000119
325  16.935  -85.240  21.699 0.3000000119
422  16.965  -84.939  35.928 0.4000000060
430  23.029  -84.600  33.740 0.5000000000
432  21.088  -85.045  34.578 0.5000000000
434  19.215  -84.670  34.938 0.4000000060
464  19.560  -83.583  29.925 0.4000000060
478  20.193  -84.949  28.581 0.4000000060
484  21.097  -84.827  26.446 0.4000000060
489  21.052  -84.278  25.150 0.5000000000
495  19.359  -84.940  22.975 0.4000000060
504  18.953  -84.359  21.716 0.4000000060
508  16.448  -84.483  21.381 0.3000000119
510  18.288  -84.064  21.269 0.3000000119
629  24.471  -83.798  33.697 0.4000000060
631  20.845  -83.188  33.767 0.5000000000
635  23.922  -84.090  32.395 0.4000000060
663  21.094  -83.642  29.279 0.4000000060
679  21.945  -83.404  27.667 0.5000000000
709  21.059  -83.614  23.166 0.4000000060
718  16.144  -83.501  21.113 0.3000000119
721  19.225  -83.262  20.890 0.3000000119
722  18.031  -83.397  20.756 0.4000000060
854  18.737  -83.110  33.932 0.4000000060
885  22.343  -82.742  29.269 0.4000000060
936  20.685  -82.281  23.585 0.4000000060
944  22.145  -82.037  21.988 0.3000000119
953  22.192  -82.020  21.659 0.3000000119
964  17.826  -82.643  20.298 0.3000000119
966  15.865  -82.557  20.924 0.4000000060
971  17.545  -81.744  19.859 0.5000000000
1121  17.434  -80.923  33.705 0.5000000000
1127  21.104  -81.851  33.799 0.4000000060
1129  19.892  -81.607  33.589 0.5000000000
1162  21.843  -82.423  28.274 0.5000000000
1192  20.179  -81.821  24.216 0.3000000119
1213  15.785  -81.548  21.550 0.3000000119
1214  15.321  -81.997  21.571 0.3000000119
1223  20.930  -81.816  20.085 0.3000000119
1372  20.536  -80.827  34.197 0.4000000060
1375  16.970  -79.857  34.398 0.5000000000
1379  19.701  -80.818  33.711 0.4000000060
1454  17.433  -80.779  23.529 0.4000000060
1464  16.440  -81.072  21.698 0.3000000119
1471  16.837  -80.508  21.411 0.4000000060
1490  16.426  -80.635  20.008 0.3000000119
1500  16.678  -80.259  19.655 0.3000000119
1670  17.554  -79.670  34.571 0.5000000000
1737  20.074  -79.616  23.378 0.3000000119
1758  24.988  -79.072  20.770 0.3000000119
1781  16.733  -79.573  19.200 0.3000000119
2004  14.820  -78.688  27.976 0.6000000238
2043  20.320  -78.838  23.129 0.3000000119
2057  17.886  -79.172  22.459 0.3000000119
2064  26.099  -78.342  21.157 0.3000000119
2075  17.096  -78.232  19.975 0.4000000060
2083  24.957  -78.737  20.359 0.3000000119
2105  17.102  -78.725  18.296 0.4000000060
2384  16.095  -77.572  28.336 0.4000000060
2386  14.939  -77.902  28.267 0.6000000238
2466  20.749  -78.173  22.905 0.3000000119
2496  16.667  -77.921  18.598 0.4000000060
2512  17.646  -77.660  17.441 0.4000000060
2513  17.065  -77.499  17.642 0.5000000000
2800  16.196  -76.659  28.292 0.6000000238
2825  17.547  -76.046  26.470 0.6999999881
2844  17.505  -76.831  24.820 0.6999999881
2905  16.965  -77.113  17.591 0.4000000060
3256  16.734  -74.943  28.311 0.6000000238
3258  15.473  -75.458  28.253 0.4000000060
3281  14.600  -75.675  27.017 0.6000000238
3291  14.348  -76.210  25.619 0.5000000000
3336  18.286  -74.948  22.064 0.6999999881
3347  18.212  -74.968  21.116 0.6000000238
3362  17.078  -75.911  17.334 0.5000000000
3792  15.347  -74.065  27.610 0.5000000000
3793  14.987  -74.892  27.521 0.5000000000
3854  17.951  -74.224  19.665 0.5000000000
4290  16.315  -73.792  28.314 0.6000000238
4298  17.786  -73.633  28.118 0.6000000238
4305  18.340  -73.958  27.363 0.6999999881
4371  8.313  -73.034  19.674 0.6000000238
4378  9.423  -74.036  19.641 0.5000000000
4379  8.656  -73.785  19.408 0.5000000000
4798  18.684  -71.810  28.023 0.8000000119
4812  16.569  -72.392  28.144 0.8000000119
4824  15.560  -72.455  26.672 0.6000000238
4884  11.341  -72.960  20.801 0.6000000238
4886  9.278  -73.035  20.846 0.6000000238
4898  7.804  -72.424  19.138 0.6000000238
5383  15.729  -71.681  26.677 0.6999999881
5394  19.387  -71.734  25.682 0.6000000238
5396  14.669  -71.247  24.818 0.8000000119
5422  18.752  -72.080  23.112 0.6000000238
5423  14.356  -72.052  23.439 0.6999999881
5426  11.691  -71.291  23.474 0.6000000238
5437  13.853  -71.855  22.988 0.6999999881
5438  13.243  -71.797  22.760 0.6000000238
5439  12.447  -71.858  22.764 0.6999999881
5468  12.418  -72.435  20.970 0.5000000000
5951  17.816  -70.966  28.446 0.6999999881
5971  15.561  -70.304  26.888 0.8000000119
6036  10.776  -70.924  23.241 0.6000000238
6037  10.050  -70.489  22.731 0.6000000238
6063  8.974  -70.635  20.797 0.5000000000
6078  8.188  -70.646  19.512 0.6000000238
6596  14.057  -69.565  25.854 0.8000000119
6597  13.302  -69.250  25.549 0.8000000119
6680  7.790  -68.857  18.414 0.5000000000
7145  16.522  -67.716  28.542 0.5000000000
7189  12.884  -68.122  25.143 0.8999999762
7190  12.259  -68.521  24.724 0.8999999762
7219  10.671  -68.172  21.501 0.6000000238
7220  10.013  -68.751  21.460 0.6000000238
7234  10.515  -67.907  20.517 0.6000000238
7235  9.813  -68.555  20.681 0.6000000238
7282  6.200  -68.300  17.549 0.6000000238
7303  7.329  -67.661  16.834 0.6000000238
7320  9.867  -67.670  15.084 0.5000000000
7322  8.516  -67.622  15.887 0.4000000060
7821  13.774  -67.264  26.185 0.6999999881
7857  12.953  -66.954  24.130 0.6999999881
7877  12.098  -67.244  22.147 0.6999999881
7899  11.437  -67.693  21.799 0.6999999881
7981  6.762  -67.166  16.399 0.5000000000
7993  7.899  -67.350  15.604 0.6000000238
7994  7.118  -67.067  15.795 0.6000000238
7998  11.165  -67.229  14.642 0.6000000238
7999  10.387  -67.338  14.698 0.6000000238
8000  9.587  -67.392  14.784 0.5000000000
8002  8.214  -67.271  15.083 0.6000000238
8527  15.336  -66.407  28.177 0.5000000000
8536  13.731  -66.650  25.973 0.6000000238
8550  13.954  -65.845  25.991 0.6000000238
8569  13.318  -66.370  24.577 0.6999999881
8651  13.055  -65.828  18.535 0.6000000238
8652  12.464  -66.474  18.416 0.6000000238
8653  3.464  -66.032  18.808 0.5000000000
8660  12.465  -66.615  17.152 0.6999999881
8663  4.104  -65.914  18.354 0.5000000000
8677  13.095  -66.269  14.430 0.6999999881
8678  12.492  -66.478  14.396 0.6999999881
8679  11.810  -66.681  14.423 0.6999999881
8682  8.275  -67.016  14.832 0.6999999881
9224  15.635  -64.969  27.933 0.5000000000
9255  13.660  -65.688  25.047 0.6999999881
9292  10.731  -65.434  23.252 0.6000000238
9310  10.740  -65.356  22.011 0.6000000238
9322  10.620  -65.435  21.184 0.6000000238
9323  9.693  -65.903  21.253 0.6000000238
9324  7.274  -65.327  21.936 0.6000000238
9336  13.235  -65.459  20.727 0.8000000119
9337  10.127  -65.644  20.508 0.6000000238
9343  3.302  -65.700  19.830 0.6000000238
9351  9.974  -65.426  19.717 0.6000000238
9354  7.027  -65.385  19.763 0.5000000000
9360  3.851  -65.115  18.910 0.6000000238
9361  3.403  -65.513  19.183 0.6000000238
9369  7.145  -65.314  16.181 0.6000000238
9370  6.287  -66.170  16.361 0.6000000238
9373  13.945  -65.796  14.283 0.6000000238
9375  9.299  -65.509  15.320 0.6999999881
9376  8.651  -66.316  15.088 0.6999999881
9910  11.097  -64.740  27.644 0.5000000000
9930  15.099  -64.187  27.059 0.6000000238
9932  11.934  -63.783  26.124 0.6000000238
9953  11.837  -63.928  25.285 0.5000000000
9987  11.378  -64.893  23.331 0.5000000000
9995  11.451  -64.253  22.130 0.5000000000
10009  13.586  -64.905  21.279 0.6000000238
10011  5.551  -65.092  21.427 0.5000000000
10027  14.150  -64.202  19.474 0.5000000000
10030  9.600  -64.931  18.919 0.6999999881
10034  5.024  -64.875  19.113 0.5000000000
10035  4.157  -64.932  19.213 0.5000000000
10041  7.787  -64.343  17.950 0.6000000238
10042  6.327  -64.708  17.658 0.5000000000
10044  4.508  -64.960  18.588 0.6000000238
10049  4.904  -65.080  18.039 0.6000000238
10056  6.847  -64.731  16.825 0.5000000000
10058  16.292  -64.039  14.890 0.6000000238
10061  11.961  -64.580  14.824 0.6000000238
10063  9.726  -64.713  15.687 0.6000000238
10065  7.851  -65.801  15.536 0.6999999881
10067  15.004  -65.037  14.044 0.5000000000
10068  13.215  -65.220  13.881 0.6000000238
10069  11.848  -65.353  14.260 0.6000000238
10659  15.698  -63.422  26.798 0.6000000238
10676  15.448  -63.133  26.045 0.5000000000
10690  15.098  -63.115  24.520 0.5000000000
10698  15.092  -62.969  23.046 0.5000000000
10713  15.000  -62.975  22.163 0.5000000000
10727  14.503  -63.544  20.726 0.5000000000
10728  11.137  -63.498  20.398 0.5000000000
10732  10.638  -63.343  19.473 0.5000000000
10743  7.700  -63.734  17.172 0.5000000000
10744  7.131  -64.328  17.176 0.5000000000
10748  10.646  -63.401  16.360 0.6000000238
10751  16.825  -63.527  15.219 0.6000000238
10757  10.181  -64.083  16.168 0.6000000238
10759  13.802  -64.633  14.062 0.5000000000
11318  12.012  -62.755  29.652 0.5000000000
11333  12.334  -62.401  28.663 0.5000000000
11348  12.310  -62.212  27.550 0.6000000238
11366  11.141  -62.059  25.933 0.6000000238
11378  10.387  -62.417  25.030 0.8000000119
11380  8.600  -61.926  24.392 0.6999999881
11414  15.747  -62.569  23.430 0.6000000238
11450  10.457  -62.173  19.439 0.5000000000
11471  8.822  -62.537  17.162 0.6999999881
11480  12.693  -62.817  16.397 0.6999999881
11482  10.047  -62.509  16.814 0.6999999881
11489  13.450  -63.304  15.581 0.6000000238
12093  10.637  -61.354  29.573 0.5000000000
12123  11.246  -60.951  27.577 0.6000000238
12139  9.262  -60.747  26.423 0.6999999881
12152  10.045  -61.578  25.833 0.6000000238
12153  9.065  -61.463  25.450 0.6999999881
12155  7.832  -61.342  24.321 0.6999999881
12171  6.794  -60.708  23.556 0.8000000119
12198  11.415  -61.701  21.824 0.5000000000
12231  9.539  -61.169  18.066 0.5000000000
12232  9.331  -61.784  17.699 0.6999999881
12243  9.649  -61.230  17.763 0.6999999881
12252  17.882  -61.862  16.339 0.5000000000
12254  16.103  -61.627  16.199 0.6000000238
12256  13.906  -61.663  16.979 0.6999999881
12258  9.681  -61.905  17.321 0.6999999881
12259  9.354  -61.955  17.494 0.6999999881
12264  17.408  -62.324  15.875 0.5000000000
12860  6.793  -60.231  27.341 0.6000000238
12861  6.214  -60.111  26.687 0.6000000238
12872  6.736  -60.404  26.602 0.6000000238
12887  8.012  -60.830  25.348 0.6999999881
12891  5.000  -60.111  24.524 0.6000000238
12901  9.388  -61.009  24.221 0.6999999881
12904  5.439  -60.468  23.862 0.6999999881
12920  7.946  -60.946  23.735 0.6999999881
12921  7.228  -60.757  23.556 0.6999999881
12922  5.887  -60.512  23.260 0.6999999881
12924  4.728  -60.006  22.877 0.6999999881
12938  5.435  -60.098  22.664 0.6999999881
12988  12.350  -60.375  17.759 0.5000000000
12989  11.327  -60.080  17.855 0.5000000000
13617  6.960  -59.677  27.932 0.5000000000
13650  4.715  -59.467  25.098 0.6000000238
13659  9.930  -60.439  24.827 0.5000000000
13661  4.327  -59.607  24.187 0.6000000238
13662  3.930  -59.131  23.868 0.6000000238
13673  4.208  -59.618  23.365 0.6000000238
13690  5.351  -59.466  22.301 0.8000000119
13761  16.521  -59.519  17.361 0.5000000000
14381  5.946  -58.624  27.111 0.6000000238
14392  4.654  -58.632  25.642 0.6999999881
14404  4.081  -58.721  24.679 0.6000000238
14417  8.267  -59.060  24.233 0.8000000119
14430  6.933  -58.954  23.073 0.8000000119
14431  4.144  -58.592  22.852 0.6000000238
14445  6.457  -58.510  22.298 0.8000000119
14447  4.940  -59.182  22.225 0.6999999881
14448  4.639  -58.883  22.348 0.6999999881
14462  5.732  -58.341  22.059 0.8000000119
14463  5.191  -58.655  22.194 0.6999999881
14497  13.475  -58.129  18.835 0.5000000000
14512  13.823  -58.540  18.431 0.5000000000
14513  13.157  -58.731  18.505 0.5000000000
14514  12.667  -59.187  18.303 0.5000000000
15125  5.933  -57.134  28.103 0.5000000000
15136  4.772  -57.165  26.898 0.5000000000
15143  4.662  -57.813  26.230 0.6000000238
15150  10.918  -57.890  25.617 0.5000000000
15152  3.589  -57.117  25.315 0.6999999881
15167  3.590  -57.249  24.760 0.6999999881
15181  8.954  -57.133  23.734 0.6999999881
15183  4.417  -57.970  22.911 0.6000000238
15191  7.958  -56.989  22.334 0.6999999881
15192  6.048  -58.333  21.974 0.8000000119
15193  4.811  -58.329  22.396 0.8000000119
15206  7.552  -56.897  21.890 0.6999999881
15208  6.349  -57.665  21.927 0.8000000119
15245  16.042  -57.128  18.264 0.5000000000
15246  14.940  -56.997  18.703 0.5000000000
15247  14.284  -57.133  18.988 0.5000000000
15901  11.716  -56.440  29.064 0.4000000060
15919  9.755  -56.521  28.196 0.5000000000
15937  9.405  -56.507  27.582 0.6000000238
15939  8.010  -56.442  26.745 0.6999999881
15942  3.551  -56.023  26.483 0.6999999881
15959  9.386  -56.514  26.975 0.6000000238
15961  3.544  -56.419  25.810 0.8000000119
15993  5.032  -56.913  23.475 0.8000000119
15994  4.203  -56.766  24.273 0.6999999881
16010  10.758  -55.680  24.064 0.6000000238
16013  4.374  -57.379  23.482 0.6000000238
16029  9.613  -55.631  22.864 0.6999999881
16030  8.929  -56.030  22.356 0.6999999881
16031  8.245  -56.406  22.042 0.6999999881
16033  5.755  -56.779  22.696 0.8000000119
16047  7.616  -56.504  21.818 0.6999999881
16048  6.895  -56.750  21.790 0.8000000119
16049  6.013  -57.213  22.029 0.8000000119
16740  11.448  -55.563  31.314 0.5000000000
16769  11.539  -56.362  29.782 0.4000000060
16771  9.744  -56.137  29.582 0.6000000238
16786  11.313  -56.423  28.461 0.4000000060
16787  9.385  -56.281  28.729 0.5000000000
16803  11.538  -56.020  27.752 0.5000000000
16804  10.748  -56.186  27.211 0.6000000238
16806  7.516  -55.947  27.348 0.6999999881
16816  9.318  -56.292  26.256 0.6000000238
16828  8.323  -56.055  25.278 0.6999999881
16829  7.530  -56.337  25.431 0.6999999881
16830  3.913  -55.827  25.416 0.6999999881
16837  7.725  -55.952  24.762 0.6999999881
16842  3.896  -56.373  25.021 0.6999999881
16847  11.016  -54.894  23.641 0.5000000000
16848  10.313  -55.274  23.274 0.5000000000
16860  9.209  -55.428  22.172 0.6999999881
16862  6.852  -55.934  22.262 0.8000000119
16863  6.265  -56.267  22.749 0.8000000119
16875  9.429  -54.970  22.125 0.6000000238
16877  8.246  -55.835  21.768 0.6999999881
16878  7.599  -55.988  21.804 0.6999999881
17591  11.235  -54.577  32.355 0.5000000000
17618  9.789  -55.489  30.932 0.6000000238
17634  9.357  -55.474  30.138 0.6000000238
17649  7.657  -54.627  28.459 0.6000000238
17664  7.153  -54.835  27.755 0.8000000119
17675  9.953  -55.434  25.964 0.6000000238
17676  5.370  -54.849  26.376 0.6000000238
17678  3.736  -54.621  26.231 0.6000000238
17685  10.191  -54.275  25.544 0.3000000119
17690  3.693  -55.369  25.957 0.6999999881
17695  11.690  -54.743  24.195 0.5000000000
17696  8.269  -55.169  24.567 0.6999999881
17698  6.946  -55.585  23.619 0.8000000119
17702  11.946  -54.013  23.979 0.4000000060
17704  7.601  -54.795  23.237 0.8000000119
17708  10.993  -54.214  23.063 0.5000000000
17711  7.743  -54.803  22.521 0.6999999881
17722  9.308  -54.673  22.077 0.6999999881
17723  8.772  -54.913  21.880 0.6999999881
18438  8.965  -53.642  33.963 0.6000000238
18452  10.961  -54.032  33.071 0.4000000060
18465  8.581  -54.077  32.269 0.5000000000
18541  5.265  -53.642  26.534 0.5000000000
18551  4.263  -53.405  26.229 0.5000000000
18552  3.669  -53.906  26.422 0.5000000000
18561  10.396  -53.357  25.240 0.3000000119
18570  8.693  -53.661  23.991 0.5000000000
18571  8.231  -54.226  23.597 0.6999999881
18576  12.867  -52.868  23.772 0.4000000060
18589  11.753  -52.911  22.854 0.4000000060
18590  11.082  -53.530  22.761 0.4000000060
18591  9.529  -53.432  22.510 0.6000000238
18592  8.772  -53.679  22.689 0.6999999881
18593  8.135  -54.135  22.958 0.6999999881
19362  10.493  -53.426  33.705 0.4000000060
19469  11.805  -52.804  25.897 0.3000000119
19472  3.705  -53.164  26.671 0.5000000000
19493  9.036  -53.129  23.804 0.6000000238
19505  9.766  -52.420  23.286 0.5000000000
19518  11.359  -52.674  22.552 0.4000000060
19519  10.606  -52.401  22.577 0.5000000000
19529  10.854  -52.779  22.492 0.5000000000
19530  10.251  -53.159  22.483 0.6000000238
20329  9.772  -51.538  34.653 0.6000000238
20330  9.236  -52.201  35.272 0.5000000000
20354  10.338  -51.837  34.129 0.4000000060
20462  13.477  -51.594  26.589 0.3000000119
20481  10.692  -52.024  24.518 0.4000000060
20495  10.571  -51.599  23.820 0.4000000060
20506  10.689  -51.532  23.181 0.4000000060
20513  11.763  -51.397  22.340 0.4000000060
20514  10.916  -51.692  22.583 0.4000000060
20515  10.257  -52.050  22.947 0.5000000000
20521  12.425  -51.362  22.182 0.4000000060
21398  9.673  -50.080  29.576 0.3000000119
21483  11.705  -50.553  23.776 0.4000000060
21514  12.570  -50.237  22.113 0.4000000060
21527  12.337  -50.836  22.130 0.4000000060
22313  8.451  -48.745  33.226 0.4000000060
24202  5.042  -47.325  34.545 0.4000000060
26865  6.101  -45.296  33.618 0.3000000119
112701  7.862  -61.415  23.910 0.6999999881
112746  17.708  -77.307  23.302 0.6000000238
112778  11.174  -64.508  20.730 0.5000000000
112969  5.766  -60.416  24.800 0.5000000000
113260  18.416  -70.365  28.390 0.6999999881
113522  12.510  -70.378  24.535 0.6999999881
113637  17.899  -79.766  18.706 0.4000000060
114108  6.437  -64.966  22.474 0.5000000000
114698  9.582  -60.607  27.601 0.6000000238
115839  9.060  -49.280  32.295 0.3000000119
115914  18.338  -84.489  30.782 0.4000000060
116465  17.512  -80.065  24.790 0.4000000060
116512  19.415  -82.049  33.534 0.5000000000
116734  21.827  -83.779  27.114 0.4000000060
116973  13.888  -64.352  21.689 0.6000000238
117005  24.562  -81.157  35.069 0.3000000119
118237  16.313  -58.074  17.861 0.5000000000
118241  5.825  -59.072  22.242 0.8000000119
118356  17.465  -59.189  17.439 0.5000000000
118494  3.705  -57.869  24.131 0.6999999881
118698  6.804  -64.682  18.081 0.5000000000
118816  10.653  -52.686  25.026 0.4000000060
118936  11.846  -62.332  17.017 0.6999999881
119247  17.646  -79.382  23.788 0.5000000000
119369  9.144  -66.989  14.608 0.6999999881
119492  21.343  -83.377  26.116 0.4000000060
119607  10.508  -60.673  27.854 0.5000000000
120212  8.511  -65.845  21.277 0.6000000238
120465  19.097  -80.013  34.590 0.3000000119
120554  11.681  -63.675  24.618 0.6999999881
120635  17.543  -77.005  24.113 0.6999999881
121126  10.399  -67.608  15.430 0.5000000000
121703  13.896  -59.972  17.757 0.5000000000
121929  12.175  -63.320  26.814 0.5000000000
122474  9.258  -50.177  34.509 0.5000000000
122514  17.437  -73.166  28.328 0.8000000119
123166  5.118  -66.059  17.425 0.6000000238
123457  9.522  -61.941  23.855 0.6999999881
123858  19.159  -80.265  33.941 0.4000000060
124679  16.733  -79.003  18.767 0.4000000060
124726  15.446  -72.062  25.992 0.6999999881
125030  20.941  -78.743  22.503 0.3000000119
125371  10.176  -69.604  22.743 0.6000000238
125913  7.763  -61.405  23.953 0.6999999881
126953  3.823  -58.414  23.549 0.6000000238
127368  4.918  -59.680  22.438 0.6999999881
127643  18.901  -73.613  24.471 0.6999999881
127976  4.629  -65.796  17.895 0.6000000238
128578  5.478  -57.355  27.451 0.5000000000
129043  18.383  -74.692  22.786 0.6999999881
129340  22.286  -85.088  33.904 0.4000000060
129470  24.830  -83.106  34.727 0.3000000119
129502  6.824  -60.507  25.771 0.6000000238
129722  17.762  -69.238  28.534 0.6000000238
129929  16.309  -62.398  22.991 0.5000000000
129975  13.782  -64.624  19.888 0.6999999881
130393  14.663  -84.164  22.076 0.4000000060
130400  3.599  -55.077  26.380 0.5000000000
130481  13.451  -65.300  18.682 0.6999999881
130561  15.419  -64.706  16.070 0.6000000238
130652  16.242  -68.427  28.318 0.6000000238
130754  8.696  -59.384  24.503 0.6999999881
130782  8.709  -56.342  25.913 0.6999999881
130834  21.904  -81.391  22.239 0.3000000119
130846  20.911  -84.702  28.311 0.4000000060
130883  10.569  -55.683  26.577 0.6000000238
130965  9.007  -62.321  17.395 0.6999999881
130997  9.520  -62.114  23.915 0.6999999881
131015  12.823  -66.730  23.465 0.8000000119
131083  21.045  -83.854  23.803 0.5000000000
131125  10.525  -65.538  22.573 0.6000000238
131740  13.921  -57.546  18.920 0.5000000000
131746  19.783  -84.890  23.630 0.4000000060
132815  10.033  -60.673  17.779 0.6000000238
132895  12.471  -66.748  22.180 0.8000000119
133023  3.572  -56.747  25.273 0.6999999881
133266  24.667  -83.385  34.169 0.4000000060
133806  6.678  -65.964  15.973 0.6999999881
133840  8.319  -63.063  17.002 0.6000000238
134270  5.437  -52.911  26.736 0.5000000000
134274  15.309  -64.528  27.493 0.6000000238
134299  8.543  -55.364  21.827 0.6999999881
134356  10.557  -64.105  19.333 0.6000000238
134429  6.517  -64.983  18.581 0.5000000000
134545  5.565  -45.456  33.754 0.3000000119
134687  11.656  -64.240  28.088 0.5000000000
