#!ascii label  , from subject sub-v2s10x30155_ses-1 vox2ras=TkReg
1052
47208  31.713  -18.365  78.553 0.0000000000
53953  41.434  -12.237  87.439 0.0000000000
58952  44.250  -5.948  60.933 0.0000000000
116751  37.325  -13.783  71.402 0.0000000000
52255  43.769  -13.767  79.766 0.0000000000
63428  54.314  -0.973  50.415 0.0000000000
56959  45.136  -9.030  64.790 0.0000000000
55136  40.241  -10.039  64.108 0.0000000000
110351  29.401  -23.315  78.445 0.0000000000
53150  36.910  -12.941  81.625 0.0000000000
105503  38.620  -16.543  80.265 0.0000000000
49245  32.146  -16.090  74.876 0.0000000000
60892  49.357  -4.500  55.517 0.0000000000
51191  34.497  -14.934  84.863 0.0000000000
105192  33.770  -20.174  82.391 0.0000000000
59924  48.991  -4.999  59.908 0.0000000000
41284  29.293  -23.840  82.841 0.0000000000
39299  24.098  -26.358  84.027 0.0000000000
55953  40.074  -9.813  69.988 0.0000000000
52293  40.476  -13.522  75.610 0.0000000000
48253  44.620  -17.564  73.976 0.0000000000
47217  42.007  -17.950  77.877 0.0000000000
111044  45.690  -9.038  66.195 0.0000000000
56038  42.899  -9.474  64.489 0.0000000000
56005  42.362  -9.088  66.067 0.0000000000
57928  47.156  -7.523  66.144 0.0000000000
112485  31.557  -20.764  76.295 0.0000000000
42335  29.736  -23.154  76.004 0.0000000000
44320  31.775  -21.446  78.267 0.0000000000
102945  32.965  -15.144  80.286 0.0000000000
50208  34.422  -14.924  79.146 0.0000000000
49232  31.517  -17.224  77.030 0.0000000000
46309  31.492  -19.951  74.160 0.0000000000
58975  44.376  -6.210  58.253 0.0000000000
102021  46.516  -5.561  62.926 0.0000000000
59926  46.881  -5.419  60.544 0.0000000000
59952  47.369  -5.419  58.484 0.0000000000
44241  33.795  -20.983  84.409 0.0000000000
43226  31.788  -22.404  82.405 0.0000000000
42253  31.329  -23.193  84.645 0.0000000000
39261  27.824  -26.117  88.154 0.0000000000
105626  26.482  -24.969  85.963 0.0000000000
39288  24.652  -26.271  86.645 0.0000000000
37273  22.294  -28.180  87.021 0.0000000000
37254  23.297  -28.042  89.255 0.0000000000
53184  39.239  -12.069  78.182 0.0000000000
52265  42.084  -13.471  78.087 0.0000000000
97610  43.242  -14.179  74.838 0.0000000000
51285  44.342  -14.907  76.660 0.0000000000
48246  37.300  -16.712  76.577 0.0000000000
48182  40.212  -17.058  79.440 0.0000000000
48244  38.488  -17.056  75.951 0.0000000000
48255  39.655  -17.697  74.196 0.0000000000
54147  37.228  -11.481  70.641 0.0000000000
54163  37.795  -10.936  67.902 0.0000000000
52346  36.804  -13.796  69.217 0.0000000000
116063  56.829  0.106  48.586 0.0000000000
63442  55.211  -0.946  48.352 0.0000000000
57963  44.792  -7.116  63.377 0.0000000000
56983  42.476  -8.664  62.563 0.0000000000
58916  46.526  -6.615  64.798 0.0000000000
53115  39.909  -12.207  83.913 0.0000000000
51211  40.853  -14.926  84.115 0.0000000000
51239  38.496  -15.068  81.221 0.0000000000
49219  35.765  -16.176  77.894 0.0000000000
49269  34.257  -16.127  73.141 0.0000000000
60875  51.377  -4.287  57.660 0.0000000000
61717  51.589  -3.534  55.416 0.0000000000
62578  51.709  -2.509  53.122 0.0000000000
62589  52.189  -2.191  50.535 0.0000000000
49175  32.404  -16.394  81.642 0.0000000000
102185  33.239  -19.682  80.661 0.0000000000
48128  33.605  -17.546  83.980 0.0000000000
52198  35.293  -13.238  83.557 0.0000000000
116859  49.312  -4.869  57.716 0.0000000000
43253  32.547  -21.665  80.141 0.0000000000
42292  29.608  -23.353  80.286 0.0000000000
97872  26.556  -24.467  81.002 0.0000000000
40274  29.440  -24.480  84.967 0.0000000000
41270  26.646  -24.398  83.336 0.0000000000
35258  21.187  -29.917  91.559 0.0000000000
56901  41.632  -8.684  69.411 0.0000000000
54121  37.647  -11.226  73.682 0.0000000000
54097  38.012  -11.712  75.668 0.0000000000
52315  38.961  -13.629  73.750 0.0000000000
99059  41.546  -14.250  72.859 0.0000000000
50288  43.966  -15.621  72.527 0.0000000000
107806  42.665  -18.899  71.348 0.0000000000
49141  41.546  -16.133  83.135 0.0000000000
49183  43.450  -16.311  80.727 0.0000000000
49191  44.136  -15.898  79.011 0.0000000000
47225  43.444  -18.648  75.938 0.0000000000
112981  41.496  -18.911  72.793 0.0000000000
55992  39.513  -9.475  67.462 0.0000000000
54212  38.079  -11.610  64.706 0.0000000000
56925  44.886  -8.489  67.500 0.0000000000
56004  43.956  -9.181  66.093 0.0000000000
56926  43.845  -8.430  67.625 0.0000000000
56923  46.668  -8.330  67.051 0.0000000000
46285  31.961  -19.957  77.345 0.0000000000
44329  31.802  -20.826  77.380 0.0000000000
46277  32.198  -20.005  78.049 0.0000000000
49198  31.849  -16.281  79.478 0.0000000000
49197  32.165  -15.756  79.021 0.0000000000
48218  31.547  -17.826  77.895 0.0000000000
47229  31.578  -18.780  76.413 0.0000000000
58964  44.239  -5.789  59.961 0.0000000000
59916  45.613  -5.595  61.472 0.0000000000
59915  46.539  -5.429  61.420 0.0000000000
59928  45.181  -5.587  60.627 0.0000000000
115084  46.092  -5.508  59.468 0.0000000000
39246  26.088  -26.519  88.551 0.0000000000
39263  25.805  -26.154  87.717 0.0000000000
38214  24.467  -26.681  87.424 0.0000000000
114718  23.416  -27.262  86.855 0.0000000000
118131  23.650  -27.453  88.069 0.0000000000
37265  22.480  -28.231  87.996 0.0000000000
108097  41.274  -12.788  79.363 0.0000000000
52264  42.940  -13.642  78.481 0.0000000000
52280  43.496  -14.166  77.240 0.0000000000
51277  43.837  -14.515  77.792 0.0000000000
53091  41.707  -12.938  87.048 0.0000000000
49254  36.447  -16.413  74.569 0.0000000000
114847  37.871  -16.831  76.368 0.0000000000
49253  37.224  -16.593  74.043 0.0000000000
48268  37.822  -16.826  73.409 0.0000000000
53244  36.863  -12.500  71.717 0.0000000000
53265  36.795  -11.983  69.966 0.0000000000
63423  53.925  -1.164  51.260 0.0000000000
63422  55.148  -0.827  51.637 0.0000000000
64343  55.569  -0.493  50.264 0.0000000000
111033  55.487  -0.534  49.602 0.0000000000
63433  54.362  -1.108  49.439 0.0000000000
57953  45.072  -7.780  64.032 0.0000000000
56992  43.231  -7.910  62.648 0.0000000000
56972  43.932  -8.938  63.967 0.0000000000
56039  41.875  -9.534  64.398 0.0000000000
56051  41.586  -9.633  63.686 0.0000000000
55146  40.330  -10.289  63.285 0.0000000000
57929  46.610  -7.958  65.700 0.0000000000
57943  45.690  -7.594  64.498 0.0000000000
57952  45.436  -6.867  63.766 0.0000000000
42316  29.303  -23.448  77.525 0.0000000000
41333  28.132  -24.291  78.429 0.0000000000
53125  38.692  -12.147  82.906 0.0000000000
52197  39.230  -13.105  82.756 0.0000000000
52211  38.149  -13.245  81.815 0.0000000000
50231  33.235  -15.217  77.473 0.0000000000
50219  35.054  -15.376  78.644 0.0000000000
50242  34.327  -15.494  76.007 0.0000000000
50255  34.673  -15.673  75.263 0.0000000000
105819  32.972  -15.830  73.774 0.0000000000
48270  31.579  -17.854  73.510 0.0000000000
49291  42.122  -15.564  71.006 0.0000000000
60884  50.372  -4.367  56.626 0.0000000000
61712  51.806  -3.735  56.273 0.0000000000
60891  50.970  -3.958  56.034 0.0000000000
61731  51.033  -2.950  53.585 0.0000000000
61736  50.908  -2.910  52.534 0.0000000000
62585  52.182  -1.930  51.678 0.0000000000
104676  33.474  -15.630  83.436 0.0000000000
48140  32.793  -17.267  82.748 0.0000000000
50139  33.676  -15.896  84.106 0.0000000000
52184  35.119  -13.611  84.315 0.0000000000
51214  33.817  -14.822  83.092 0.0000000000
59939  49.945  -4.764  58.833 0.0000000000
59940  49.160  -5.002  59.132 0.0000000000
59964  47.232  -5.442  57.466 0.0000000000
46263  33.523  -19.758  81.430 0.0000000000
105338  33.096  -21.135  79.856 0.0000000000
44270  33.477  -20.747  81.070 0.0000000000
42272  30.624  -23.317  82.540 0.0000000000
42282  30.489  -23.189  81.627 0.0000000000
41298  29.128  -23.740  81.773 0.0000000000
41313  27.258  -24.141  80.693 0.0000000000
101461  27.814  -23.961  82.285 0.0000000000
40258  30.223  -24.758  86.231 0.0000000000
104985  25.130  -25.398  85.306 0.0000000000
41239  26.971  -24.609  85.158 0.0000000000
40278  25.214  -25.056  84.238 0.0000000000
41288  25.434  -24.874  82.614 0.0000000000
55048  38.152  -10.639  72.927 0.0000000000
106388  39.430  -12.595  77.677 0.0000000000
53195  38.830  -12.068  77.377 0.0000000000
53209  38.651  -12.696  76.037 0.0000000000
53221  37.848  -12.518  74.805 0.0000000000
52304  39.170  -13.445  74.612 0.0000000000
52314  40.064  -13.751  73.933 0.0000000000
51302  41.019  -13.872  74.163 0.0000000000
50268  44.373  -15.213  74.062 0.0000000000
50279  43.973  -15.184  73.352 0.0000000000
48265  44.565  -17.151  73.289 0.0000000000
115390  44.165  -17.567  72.912 0.0000000000
110616  43.997  -18.265  73.621 0.0000000000
49143  40.388  -15.814  82.398 0.0000000000
102518  41.333  -15.779  83.551 0.0000000000
49159  40.454  -16.157  81.932 0.0000000000
48198  40.696  -17.288  78.767 0.0000000000
47186  41.655  -16.981  79.563 0.0000000000
48181  42.586  -16.993  79.268 0.0000000000
49192  43.826  -16.274  79.542 0.0000000000
48197  43.644  -17.219  78.212 0.0000000000
48212  44.045  -17.494  77.370 0.0000000000
47226  42.673  -18.546  76.537 0.0000000000
47266  39.752  -17.945  72.716 0.0000000000
47254  41.063  -18.732  73.485 0.0000000000
55962  40.982  -9.152  69.912 0.0000000000
112677  40.936  -8.759  67.940 0.0000000000
55977  39.622  -9.541  68.323 0.0000000000
53303  37.075  -12.804  66.751 0.0000000000
54186  37.947  -11.192  66.167 0.0000000000
64371  57.205  0.125  46.806 0.0000000000
106007  45.659  -8.924  65.369 0.0000000000
56036  44.297  -9.192  64.553 0.0000000000
56020  44.630  -9.367  65.477 0.0000000000
56021  43.206  -9.296  65.631 0.0000000000
101261  41.536  -9.214  65.794 0.0000000000
57908  47.445  -7.706  67.140 0.0000000000
56936  46.567  -8.486  66.433 0.0000000000
114823  30.795  -21.816  76.196 0.0000000000
110599  30.924  -21.810  77.050 0.0000000000
43268  30.684  -22.401  78.367 0.0000000000
108118  35.630  -13.402  81.407 0.0000000000
52243  36.184  -13.833  80.652 0.0000000000
50209  33.707  -14.824  79.708 0.0000000000
50232  32.485  -15.519  77.685 0.0000000000
49231  31.764  -16.291  76.352 0.0000000000
48258  31.501  -17.610  74.400 0.0000000000
101839  31.505  -18.366  75.736 0.0000000000
45389  31.450  -20.761  75.511 0.0000000000
60893  48.590  -4.828  55.046 0.0000000000
50125  34.590  -15.535  85.311 0.0000000000
60835  47.759  -5.085  62.477 0.0000000000
59913  48.228  -5.176  60.930 0.0000000000
59925  48.414  -5.186  60.181 0.0000000000
98494  48.067  -5.346  58.972 0.0000000000
99382  47.390  -5.423  59.317 0.0000000000
59954  45.781  -5.656  58.123 0.0000000000
44247  33.690  -20.821  83.541 0.0000000000
44255  32.959  -21.273  82.311 0.0000000000
43224  33.042  -21.382  83.159 0.0000000000
42270  31.811  -22.508  83.280 0.0000000000
42262  30.767  -23.447  83.404 0.0000000000
40243  28.172  -25.332  86.767 0.0000000000
39275  27.439  -25.694  87.439 0.0000000000
40246  25.201  -25.680  86.184 0.0000000000
39289  24.473  -26.074  85.596 0.0000000000
38239  23.225  -27.307  84.984 0.0000000000
105269  40.027  -12.788  78.256 0.0000000000
52274  41.149  -13.498  77.023 0.0000000000
52292  41.522  -13.699  75.701 0.0000000000
52281  42.833  -13.907  76.640 0.0000000000
51294  44.456  -14.875  75.656 0.0000000000
49240  45.110  -16.579  74.859 0.0000000000
48184  37.596  -17.098  79.341 0.0000000000
48169  39.144  -16.781  79.999 0.0000000000
48216  38.209  -17.138  77.857 0.0000000000
48215  39.103  -17.284  77.438 0.0000000000
48228  40.096  -17.549  76.542 0.0000000000
48242  40.507  -17.908  75.649 0.0000000000
111280  39.244  -17.386  74.783 0.0000000000
99924  38.950  -17.465  72.729 0.0000000000
106138  38.724  -10.327  70.200 0.0000000000
108747  38.567  -10.311  69.008 0.0000000000
54155  37.313  -11.328  69.268 0.0000000000
53286  36.904  -12.295  68.078 0.0000000000
64356  56.483  -0.114  49.139 0.0000000000
64358  55.747  -0.609  48.209 0.0000000000
58942  44.340  -6.261  61.787 0.0000000000
101682  42.788  -6.957  60.780 0.0000000000
57974  42.968  -7.292  61.685 0.0000000000
56050  43.326  -9.291  64.037 0.0000000000
56059  41.638  -9.580  63.008 0.0000000000
58902  47.952  -6.026  66.233 0.0000000000
59879  47.567  -5.628  65.499 0.0000000000
59888  47.514  -5.106  64.695 0.0000000000
59897  46.493  -5.765  63.688 0.0000000000
58931  45.238  -6.275  62.963 0.0000000000
53971  40.720  -11.980  85.721 0.0000000000
52174  41.129  -13.789  85.779 0.0000000000
52183  40.282  -13.067  84.027 0.0000000000
51224  39.670  -14.172  82.749 0.0000000000
50172  39.088  -15.676  81.313 0.0000000000
50197  36.701  -15.428  79.896 0.0000000000
49185  36.970  -16.399  79.719 0.0000000000
49194  37.223  -16.933  79.573 0.0000000000
49218  36.562  -16.632  77.551 0.0000000000
49255  35.548  -16.135  74.481 0.0000000000
49268  35.111  -16.296  73.042 0.0000000000
61724  53.103  -3.118  55.105 0.0000000000
61726  51.309  -3.242  54.534 0.0000000000
61730  51.965  -2.746  54.079 0.0000000000
114308  53.268  -2.377  54.183 0.0000000000
62581  53.000  -1.897  53.082 0.0000000000
63419  52.932  -1.628  52.289 0.0000000000
63429  53.571  -1.312  50.549 0.0000000000
102294  53.660  -1.394  49.796 0.0000000000
48171  31.886  -17.571  80.198 0.0000000000
116927  32.194  -18.943  79.526 0.0000000000
47187  32.302  -18.219  81.015 0.0000000000
47173  32.905  -18.188  82.497 0.0000000000
46247  33.848  -19.479  83.056 0.0000000000
49127  34.187  -16.663  84.962 0.0000000000
46246  34.238  -19.900  83.479 0.0000000000
45294  34.730  -20.065  84.777 0.0000000000
54885  40.652  -10.630  87.428 0.0000000000
54909  40.443  -10.978  85.621 0.0000000000
107133  39.192  -11.029  84.191 0.0000000000
53996  38.018  -11.437  83.351 0.0000000000
53987  36.739  -11.639  84.393 0.0000000000
118092  35.477  -13.013  82.803 0.0000000000
108768  34.161  -14.139  81.921 0.0000000000
50188  32.725  -15.635  81.528 0.0000000000
60867  51.519  -4.307  58.478 0.0000000000
60876  50.554  -4.486  57.423 0.0000000000
60877  49.766  -4.665  57.208 0.0000000000
59951  48.117  -5.299  58.129 0.0000000000
59963  48.179  -5.236  57.236 0.0000000000
60886  48.859  -4.863  56.038 0.0000000000
46273  32.805  -20.192  79.316 0.0000000000
44309  32.019  -21.615  78.909 0.0000000000
43255  30.924  -22.511  79.243 0.0000000000
43232  31.805  -22.327  81.494 0.0000000000
43239  31.079  -22.641  80.150 0.0000000000
42301  29.502  -23.299  79.350 0.0000000000
41319  27.953  -23.971  79.295 0.0000000000
41314  26.627  -24.720  80.166 0.0000000000
41249  30.439  -23.990  84.808 0.0000000000
110654  29.389  -24.112  83.675 0.0000000000
99813  28.168  -24.295  84.177 0.0000000000
41269  27.706  -24.164  83.242 0.0000000000
41286  26.956  -24.231  82.463 0.0000000000
117142  21.907  -29.451  90.694 0.0000000000
56913  43.223  -8.185  68.590 0.0000000000
55058  40.236  -9.966  71.212 0.0000000000
55060  38.343  -10.599  71.516 0.0000000000
106371  37.647  -11.109  72.109 0.0000000000
110523  37.070  -12.803  72.386 0.0000000000
54108  37.794  -11.426  75.005 0.0000000000
52317  37.687  -12.725  74.063 0.0000000000
52325  38.215  -13.827  72.547 0.0000000000
51317  39.133  -14.108  72.436 0.0000000000
51316  40.702  -14.218  72.554 0.0000000000
51315  42.232  -14.691  72.452 0.0000000000
51301  42.586  -14.162  74.095 0.0000000000
50280  43.133  -14.885  72.824 0.0000000000
49280  43.838  -16.028  71.664 0.0000000000
99320  44.037  -16.889  71.504 0.0000000000
47262  43.358  -18.365  71.436 0.0000000000
113761  44.130  -13.908  80.382 0.0000000000
51188  41.757  -14.732  85.423 0.0000000000
50123  42.389  -14.962  85.215 0.0000000000
50153  42.803  -15.787  83.749 0.0000000000
48153  41.062  -16.622  81.143 0.0000000000
49171  42.385  -16.460  81.843 0.0000000000
50170  43.755  -15.756  82.349 0.0000000000
50184  44.313  -15.372  81.583 0.0000000000
107004  44.407  -15.191  80.170 0.0000000000
103661  44.189  -14.812  79.155 0.0000000000
105153  44.442  -15.943  77.646 0.0000000000
48211  44.733  -17.162  76.643 0.0000000000
48241  44.161  -18.358  75.323 0.0000000000
113133  42.070  -18.862  75.488 0.0000000000
100746  42.504  -19.184  74.020 0.0000000000
47252  43.174  -18.966  73.468 0.0000000000
47264  42.132  -18.993  72.236 0.0000000000
55990  41.916  -8.620  67.687 0.0000000000
100765  41.469  -8.824  66.788 0.0000000000
55121  39.863  -9.572  65.795 0.0000000000
55097  38.369  -10.454  67.459 0.0000000000
55122  38.497  -10.608  65.771 0.0000000000
55137  39.359  -10.339  64.464 0.0000000000
62599  53.828  -2.386  48.287 0.0000000000
56924  45.868  -8.525  67.304 0.0000000000
47218  31.897  -19.500  77.766 0.0000000000
47207  32.011  -19.327  78.442 0.0000000000
48185  31.668  -17.080  79.455 0.0000000000
48203  31.597  -17.463  78.688 0.0000000000
47219  31.688  -18.735  77.832 0.0000000000
46286  31.727  -19.195  77.161 0.0000000000
58965  43.453  -6.397  59.330 0.0000000000
58953  43.450  -6.356  60.363 0.0000000000
59917  44.871  -5.773  61.413 0.0000000000
38202  25.119  -26.958  88.741 0.0000000000
38213  25.110  -26.578  88.027 0.0000000000
102058  24.331  -27.092  88.218 0.0000000000
102884  23.808  -27.139  87.485 0.0000000000
109909  23.816  -27.567  88.756 0.0000000000
52256  43.002  -13.378  79.382 0.0000000000
115394  42.125  -12.983  79.561 0.0000000000
52271  43.440  -14.093  78.096 0.0000000000
52263  43.565  -13.909  78.906 0.0000000000
111789  41.692  -11.963  88.018 0.0000000000
102364  35.886  -16.498  72.839 0.0000000000
49267  36.527  -16.489  73.507 0.0000000000
49266  36.706  -16.628  72.522 0.0000000000
52333  37.080  -13.304  71.740 0.0000000000
52334  36.750  -12.906  71.161 0.0000000000
112180  54.596  -0.927  51.246 0.0000000000
63427  55.056  -0.697  50.757 0.0000000000
63432  54.971  -0.696  49.930 0.0000000000
56970  45.360  -8.458  64.632 0.0000000000
56971  44.642  -8.620  64.177 0.0000000000
55120  40.957  -9.635  64.627 0.0000000000
55145  41.027  -9.784  63.861 0.0000000000
116550  45.553  -8.802  64.993 0.0000000000
56958  45.959  -8.347  65.180 0.0000000000
104310  29.939  -22.848  77.966 0.0000000000
41332  28.769  -23.858  78.019 0.0000000000
53139  37.378  -12.640  82.027 0.0000000000
53138  38.363  -12.731  82.340 0.0000000000
52227  37.522  -13.509  81.373 0.0000000000
50257  32.471  -15.681  75.638 0.0000000000
50243  33.259  -15.290  76.450 0.0000000000
50256  33.647  -15.437  75.365 0.0000000000
49258  32.267  -16.175  74.115 0.0000000000
49271  32.449  -16.413  73.418 0.0000000000
49272  31.729  -16.925  73.820 0.0000000000
116663  42.105  -15.053  71.698 0.0000000000
101887  50.145  -4.224  55.794 0.0000000000
104407  50.919  -2.977  51.549 0.0000000000
50157  34.021  -15.044  84.027 0.0000000000
51201  34.616  -14.279  84.255 0.0000000000
59912  48.839  -4.967  60.661 0.0000000000
59923  49.633  -4.808  59.667 0.0000000000
45340  33.631  -20.202  81.610 0.0000000000
44254  33.389  -20.668  81.911 0.0000000000
41283  30.166  -23.692  83.059 0.0000000000
42273  29.922  -23.584  82.184 0.0000000000
117446  28.590  -23.852  82.211 0.0000000000
107957  29.759  -25.212  86.682 0.0000000000
40262  24.552  -25.795  84.602 0.0000000000
40290  24.555  -25.775  83.621 0.0000000000
40289  24.984  -25.177  83.112 0.0000000000
52284  39.562  -13.141  76.428 0.0000000000
53204  39.278  -12.756  77.140 0.0000000000
52294  39.372  -13.288  75.482 0.0000000000
52303  40.260  -13.615  74.784 0.0000000000
50267  45.000  -16.019  74.117 0.0000000000
49264  44.640  -15.739  73.635 0.0000000000
49252  44.867  -16.557  73.690 0.0000000000
113668  39.702  -16.095  81.368 0.0000000000
49173  39.196  -16.458  80.607 0.0000000000
48213  41.157  -17.614  77.905 0.0000000000
47206  41.660  -17.580  78.485 0.0000000000
47205  42.522  -17.804  78.215 0.0000000000
47193  43.018  -17.427  78.584 0.0000000000
47204  43.293  -17.821  77.834 0.0000000000
47227  41.916  -18.161  77.191 0.0000000000
55963  40.460  -9.421  69.559 0.0000000000
55964  39.816  -9.684  69.186 0.0000000000
56019  45.427  -9.159  65.662 0.0000000000
56003  44.983  -9.221  66.161 0.0000000000
105853  43.062  -8.995  66.294 0.0000000000
56022  42.446  -9.412  65.174 0.0000000000
57907  48.136  -7.222  67.644 0.0000000000
56937  46.139  -8.746  66.575 0.0000000000
56948  46.077  -8.859  65.999 0.0000000000
44330  31.539  -21.292  77.444 0.0000000000
109417  31.158  -21.868  77.887 0.0000000000
43274  30.466  -22.356  77.471 0.0000000000
51243  34.474  -13.986  81.329 0.0000000000
51258  34.675  -14.199  80.526 0.0000000000
51259  33.783  -14.618  80.474 0.0000000000
49221  31.566  -16.865  78.006 0.0000000000
49209  32.014  -15.955  78.185 0.0000000000
49220  31.921  -16.059  77.288 0.0000000000
109657  31.525  -17.153  76.091 0.0000000000
48247  31.490  -17.546  75.359 0.0000000000
48233  31.503  -17.893  76.289 0.0000000000
101853  31.642  -20.230  76.019 0.0000000000
59896  47.171  -5.266  63.167 0.0000000000
59904  47.086  -5.342  62.156 0.0000000000
59914  47.447  -5.311  61.200 0.0000000000
98495  47.771  -5.331  60.432 0.0000000000
114632  47.392  -5.418  59.969 0.0000000000
59943  46.752  -5.463  59.740 0.0000000000
59955  45.012  -5.749  58.573 0.0000000000
59944  45.746  -5.569  58.932 0.0000000000
43219  33.131  -21.531  84.007 0.0000000000
42260  31.834  -22.629  84.151 0.0000000000
42261  31.304  -23.094  83.772 0.0000000000
41265  30.845  -23.564  84.279 0.0000000000
39264  25.080  -26.304  87.362 0.0000000000
39277  25.488  -25.904  86.971 0.0000000000
39290  23.799  -26.688  85.320 0.0000000000
39278  24.052  -26.574  86.078 0.0000000000
38228  22.791  -27.652  86.490 0.0000000000
37255  22.645  -28.399  88.900 0.0000000000
37245  22.778  -28.560  89.752 0.0000000000
53182  41.137  -13.082  78.602 0.0000000000
53193  41.084  -13.343  77.772 0.0000000000
52273  42.026  -13.614  77.250 0.0000000000
52282  41.810  -13.683  76.467 0.0000000000
114581  43.912  -14.537  77.101 0.0000000000
99886  43.778  -14.276  76.320 0.0000000000
50240  44.863  -15.594  76.294 0.0000000000
48217  37.583  -17.045  78.082 0.0000000000
110237  37.964  -17.181  78.759 0.0000000000
48231  37.765  -16.912  77.238 0.0000000000
48245  37.940  -16.806  75.477 0.0000000000
48230  38.408  -17.099  76.882 0.0000000000
48229  39.131  -17.327  76.344 0.0000000000
111222  39.757  -17.547  75.788 0.0000000000
108515  38.604  -17.086  75.064 0.0000000000
48277  38.289  -17.107  72.814 0.0000000000
54146  37.921  -10.773  70.390 0.0000000000
55077  38.135  -10.600  69.588 0.0000000000
115383  37.438  -11.203  69.957 0.0000000000
52347  36.644  -12.941  69.561 0.0000000000
53277  36.808  -12.161  68.984 0.0000000000
52362  36.698  -13.052  68.630 0.0000000000
109458  55.052  -0.824  49.128 0.0000000000
64349  55.761  -0.489  48.944 0.0000000000
63450  55.480  -1.033  47.649 0.0000000000
63451  54.909  -1.598  47.744 0.0000000000
58932  44.538  -6.619  62.604 0.0000000000
57973  43.758  -6.962  62.228 0.0000000000
56982  43.250  -8.785  63.368 0.0000000000
56058  41.932  -9.204  62.499 0.0000000000
56037  43.678  -9.377  64.597 0.0000000000
55155  41.007  -9.969  63.135 0.0000000000
110120  41.038  -10.074  62.446 0.0000000000
56068  41.370  -9.716  61.846 0.0000000000
58890  47.800  -7.013  66.608 0.0000000000
114828  48.352  -6.319  66.830 0.0000000000
58903  47.372  -6.583  65.848 0.0000000000
58915  46.978  -6.029  65.000 0.0000000000
117207  47.784  -5.037  65.287 0.0000000000
59890  46.562  -6.041  64.368 0.0000000000
59889  46.978  -5.490  64.136 0.0000000000
53114  40.455  -12.401  84.762 0.0000000000
52210  38.858  -13.665  82.194 0.0000000000
51225  39.264  -14.794  81.933 0.0000000000
50185  38.361  -15.849  80.706 0.0000000000
51265  35.317  -14.533  79.869 0.0000000000
51256  36.673  -14.653  80.248 0.0000000000
50198  35.971  -15.001  79.707 0.0000000000
117548  35.414  -15.826  78.342 0.0000000000
50206  36.283  -15.821  79.487 0.0000000000
49195  36.665  -16.610  79.323 0.0000000000
49208  36.577  -16.759  78.606 0.0000000000
49207  37.039  -17.023  79.227 0.0000000000
49230  35.904  -16.227  76.727 0.0000000000
49256  34.723  -15.778  74.492 0.0000000000
49244  35.318  -15.976  75.035 0.0000000000
98328  34.902  -15.967  73.769 0.0000000000
111347  31.516  -19.200  74.639 0.0000000000
46317  31.502  -18.979  73.634 0.0000000000
60874  52.181  -4.001  57.911 0.0000000000
61711  52.653  -3.569  56.502 0.0000000000
61716  52.471  -3.435  55.659 0.0000000000
61715  53.313  -3.324  55.895 0.0000000000
61725  52.266  -3.194  54.849 0.0000000000
60907  49.310  -4.178  53.924 0.0000000000
61727  50.217  -3.478  54.065 0.0000000000
62573  52.836  -2.750  54.439 0.0000000000
62577  52.631  -2.272  53.670 0.0000000000
62582  52.324  -2.069  52.702 0.0000000000
63424  53.010  -1.507  51.209 0.0000000000
98586  32.031  -16.996  80.996 0.0000000000
48156  32.429  -17.471  81.885 0.0000000000
109866  33.114  -17.106  83.384 0.0000000000
48139  33.248  -17.917  83.229 0.0000000000
105545  33.432  -18.720  82.947 0.0000000000
49115  34.550  -16.262  85.403 0.0000000000
47148  34.716  -18.247  85.227 0.0000000000
116132  34.195  -18.965  84.121 0.0000000000
47157  34.554  -19.185  84.591 0.0000000000
46237  34.530  -19.827  84.217 0.0000000000
54893  40.447  -10.567  86.360 0.0000000000
53985  38.354  -10.984  84.000 0.0000000000
53117  35.696  -12.871  84.268 0.0000000000
53116  36.361  -12.175  83.815 0.0000000000
53128  35.895  -12.617  83.222 0.0000000000
52199  34.871  -13.589  82.912 0.0000000000
50173  33.301  -15.381  82.641 0.0000000000
50187  33.207  -15.143  81.851 0.0000000000
50200  32.321  -15.843  80.837 0.0000000000
57985  42.399  -7.651  60.280 0.0000000000
60869  49.914  -4.762  57.965 0.0000000000
60868  50.707  -4.563  58.228 0.0000000000
102175  48.694  -5.181  58.658 0.0000000000
59972  47.418  -5.468  56.466 0.0000000000
59971  48.244  -5.166  56.341 0.0000000000
109193  32.742  -19.476  79.910 0.0000000000
46267  33.287  -20.159  80.093 0.0000000000
44308  32.505  -21.417  79.396 0.0000000000
43254  31.804  -22.028  79.579 0.0000000000
43231  32.416  -21.824  81.900 0.0000000000
42283  29.740  -23.441  81.232 0.0000000000
42291  30.407  -23.101  80.689 0.0000000000
42300  30.302  -23.002  79.771 0.0000000000
42293  28.755  -23.578  79.809 0.0000000000
40325  26.083  -25.054  80.593 0.0000000000
41238  30.059  -24.441  85.329 0.0000000000
41250  29.853  -24.220  84.328 0.0000000000
41251  29.033  -24.316  84.270 0.0000000000
40261  27.492  -24.894  86.046 0.0000000000
41254  26.244  -24.587  84.262 0.0000000000
41252  27.760  -24.456  84.799 0.0000000000
41253  27.242  -24.382  84.167 0.0000000000
41287  26.076  -24.515  82.549 0.0000000000
37235  22.897  -28.725  90.562 0.0000000000
36225  22.430  -29.211  90.993 0.0000000000
36226  21.905  -29.577  91.317 0.0000000000
56889  41.438  -8.950  70.316 0.0000000000
55046  40.166  -10.002  71.948 0.0000000000
55059  39.300  -10.249  71.491 0.0000000000
99657  37.477  -11.387  72.963 0.0000000000
54131  37.055  -12.016  72.524 0.0000000000
54122  37.319  -11.910  73.467 0.0000000000
53196  38.370  -11.986  76.472 0.0000000000
52305  38.231  -13.118  74.343 0.0000000000
52316  37.983  -13.352  73.405 0.0000000000
52324  38.806  -13.786  73.046 0.0000000000
51308  40.851  -14.009  73.345 0.0000000000
50290  41.337  -14.571  72.097 0.0000000000
52301  42.278  -13.925  75.060 0.0000000000
51306  43.124  -14.588  73.488 0.0000000000
50289  43.075  -15.237  72.068 0.0000000000
49279  44.324  -16.682  72.453 0.0000000000
47251  43.580  -18.182  72.788 0.0000000000
105814  40.916  -14.434  84.766 0.0000000000
51189  41.210  -14.329  85.376 0.0000000000
51199  41.338  -14.917  84.844 0.0000000000
50136  41.861  -15.317  84.790 0.0000000000
50154  41.956  -15.764  83.946 0.0000000000
50135  42.544  -15.445  84.527 0.0000000000
49140  42.355  -16.153  83.213 0.0000000000
48183  39.124  -16.992  79.608 0.0000000000
48168  39.970  -16.817  80.063 0.0000000000
48167  42.055  -16.757  80.106 0.0000000000
109624  41.625  -16.641  80.790 0.0000000000
48151  42.464  -16.547  80.933 0.0000000000
49170  43.210  -16.327  81.673 0.0000000000
49169  43.946  -15.840  81.286 0.0000000000
50205  44.250  -15.637  79.896 0.0000000000
103941  44.284  -15.310  79.490 0.0000000000
100830  44.389  -14.829  80.017 0.0000000000
50218  44.224  -15.503  78.498 0.0000000000
49206  44.200  -16.238  78.169 0.0000000000
48227  44.170  -18.017  76.342 0.0000000000
48226  44.801  -17.509  75.571 0.0000000000
107338  39.953  -17.741  74.994 0.0000000000
107332  41.332  -18.448  75.547 0.0000000000
47246  40.942  -18.376  74.897 0.0000000000
98780  41.528  -18.927  74.139 0.0000000000
47244  43.245  -19.111  74.354 0.0000000000
47253  42.224  -19.105  73.285 0.0000000000
56900  42.462  -8.369  69.409 0.0000000000
56914  42.267  -8.462  68.519 0.0000000000
55991  40.117  -9.073  67.784 0.0000000000
109662  40.598  -8.859  67.146 0.0000000000
112195  40.041  -9.101  67.044 0.0000000000
56006  40.559  -9.158  66.341 0.0000000000
56007  39.635  -9.467  66.621 0.0000000000
54154  37.862  -10.770  68.742 0.0000000000
55087  38.445  -10.376  68.286 0.0000000000
54198  37.684  -11.809  65.620 0.0000000000
54197  38.098  -11.183  65.429 0.0000000000
103361  39.190  -10.089  65.332 0.0000000000
55138  38.562  -10.769  64.926 0.0000000000
65307  57.941  0.431  46.156 0.0000000000
63434  53.718  -1.691  48.994 0.0000000000
55987  45.388  -8.876  66.747 0.0000000000
55988  44.422  -8.837  66.834 0.0000000000
55989  43.412  -8.743  66.895 0.0000000000
44343  31.780  -20.465  76.896 0.0000000000
44344  31.575  -20.987  76.816 0.0000000000
45369  32.013  -20.472  77.706 0.0000000000
44319  32.003  -20.938  77.986 0.0000000000
102969  32.238  -15.729  79.938 0.0000000000
100473  31.559  -18.277  77.110 0.0000000000
46294  31.729  -19.706  76.575 0.0000000000
100206  44.267  -5.906  58.977 0.0000000000
59905  45.980  -5.648  62.347 0.0000000000
99804  46.059  -5.475  60.849 0.0000000000
59927  46.053  -5.490  60.138 0.0000000000
59945  45.233  -5.589  59.537 0.0000000000
44234  33.835  -21.220  85.328 0.0000000000
43213  33.107  -21.645  84.932 0.0000000000
38226  23.949  -26.807  86.768 0.0000000000
38215  23.080  -27.648  87.489 0.0000000000
37264  23.151  -27.848  88.425 0.0000000000
53173  42.115  -13.276  78.919 0.0000000000
52272  42.877  -13.804  77.613 0.0000000000
51276  44.202  -14.970  77.475 0.0000000000
49242  36.787  -16.527  75.738 0.0000000000
49241  37.309  -16.602  75.048 0.0000000000
48257  38.038  -16.862  74.413 0.0000000000
48278  37.644  -16.886  72.377 0.0000000000
53253  36.790  -12.228  70.908 0.0000000000
52340  36.668  -12.889  70.447 0.0000000000
63418  54.415  -1.171  52.138 0.0000000000
64348  56.030  -0.318  49.726 0.0000000000
57954  44.521  -7.884  63.637 0.0000000000
57964  44.126  -7.461  63.024 0.0000000000
56981  43.967  -8.322  63.496 0.0000000000
106034  42.330  -9.447  63.851 0.0000000000
57942  46.281  -7.408  64.994 0.0000000000
58923  46.099  -6.592  64.207 0.0000000000
42323  29.754  -22.941  76.991 0.0000000000
41334  27.340  -24.888  78.795 0.0000000000
53995  39.110  -11.602  83.588 0.0000000000
53124  39.571  -12.592  83.355 0.0000000000
52226  38.410  -14.112  81.549 0.0000000000
50220  34.028  -15.133  78.219 0.0000000000
50207  35.422  -15.060  79.328 0.0000000000
103315  34.292  -15.371  77.075 0.0000000000
50230  35.250  -15.800  77.182 0.0000000000
50241  35.049  -15.728  76.385 0.0000000000
118368  34.919  -15.709  75.798 0.0000000000
50269  33.995  -15.536  74.650 0.0000000000
49270  33.332  -16.112  73.210 0.0000000000
49283  32.776  -16.683  72.757 0.0000000000
48269  31.985  -17.106  73.044 0.0000000000
50299  41.072  -15.085  71.223 0.0000000000
60883  51.191  -4.152  56.850 0.0000000000
60882  52.001  -3.886  57.098 0.0000000000
61732  50.280  -3.441  52.930 0.0000000000
62583  51.548  -2.437  52.118 0.0000000000
62586  51.491  -2.585  51.079 0.0000000000
117789  51.687  -2.733  50.469 0.0000000000
49162  32.624  -16.664  82.292 0.0000000000
49161  33.001  -16.324  82.947 0.0000000000
49144  33.374  -16.507  83.742 0.0000000000
49128  33.797  -16.647  84.409 0.0000000000
52185  34.818  -13.774  83.715 0.0000000000
51226  34.269  -14.171  82.619 0.0000000000
51213  34.384  -14.268  83.452 0.0000000000
108045  50.293  -4.644  59.522 0.0000000000
112854  49.276  -4.950  58.367 0.0000000000
45349  33.527  -20.234  80.833 0.0000000000
44290  33.165  -21.285  80.575 0.0000000000
42281  31.165  -22.843  82.027 0.0000000000
41311  28.901  -23.660  80.795 0.0000000000
41299  28.111  -23.846  81.371 0.0000000000
41300  27.165  -24.114  81.603 0.0000000000
40259  29.411  -24.786  85.830 0.0000000000
40277  25.900  -24.858  85.182 0.0000000000
41271  25.719  -24.702  83.364 0.0000000000
55047  39.277  -10.244  72.387 0.0000000000
55035  39.121  -10.251  73.361 0.0000000000
55036  38.250  -10.651  73.928 0.0000000000
54077  38.941  -11.408  77.932 0.0000000000
53205  38.814  -12.517  76.747 0.0000000000
53210  38.040  -12.247  75.557 0.0000000000
52295  38.430  -12.910  75.193 0.0000000000
50253  44.058  -14.679  74.733 0.0000000000
51300  43.558  -14.616  74.064 0.0000000000
49265  44.583  -16.096  73.104 0.0000000000
118417  40.605  -15.099  83.491 0.0000000000
50155  40.852  -15.544  83.407 0.0000000000
49142  40.924  -16.037  82.891 0.0000000000
49158  41.074  -16.308  82.349 0.0000000000
112231  40.799  -16.951  79.738 0.0000000000
47195  41.214  -17.194  79.177 0.0000000000
48166  43.046  -16.635  79.914 0.0000000000
118320  43.634  -16.325  80.133 0.0000000000
48180  43.315  -16.878  78.939 0.0000000000
48179  43.850  -16.566  78.593 0.0000000000
112889  44.084  -16.889  77.967 0.0000000000
47215  43.422  -18.229  76.912 0.0000000000
109363  42.708  -18.926  75.718 0.0000000000
47255  40.133  -18.115  73.490 0.0000000000
48254  40.529  -18.274  74.208 0.0000000000
47265  40.646  -18.507  72.754 0.0000000000
97842  41.225  -18.889  71.854 0.0000000000
56915  41.515  -8.644  68.517 0.0000000000
55975  40.875  -8.866  69.059 0.0000000000
55976  40.260  -9.183  68.691 0.0000000000
54174  37.315  -11.672  67.534 0.0000000000
54173  37.805  -11.092  67.022 0.0000000000
54187  37.361  -11.912  66.590 0.0000000000
108671  56.076  -0.538  47.673 0.0000000000
64365  56.797  0.020  47.784 0.0000000000
56035  44.976  -9.298  65.053 0.0000000000
104548  44.215  -9.417  64.925 0.0000000000
107514  43.444  -9.487  64.967 0.0000000000
115322  43.913  -9.395  65.377 0.0000000000
56023  41.551  -9.457  65.079 0.0000000000
57915  47.989  -7.262  66.919 0.0000000000
57916  47.305  -7.746  66.748 0.0000000000
56922  46.996  -8.106  66.789 0.0000000000
56935  46.829  -8.164  66.365 0.0000000000
56947  46.341  -8.552  65.904 0.0000000000
43283  30.291  -22.398  76.534 0.0000000000
116449  31.259  -21.380  76.718 0.0000000000
115914  35.900  -13.092  81.719 0.0000000000
52228  36.510  -13.331  81.298 0.0000000000
51242  35.215  -13.759  80.906 0.0000000000
51266  34.567  -14.574  79.837 0.0000000000
50210  32.844  -15.225  79.390 0.0000000000
102081  33.555  -15.013  78.959 0.0000000000
110572  32.616  -15.469  77.099 0.0000000000
50244  32.360  -15.664  76.580 0.0000000000
49246  31.697  -16.611  75.463 0.0000000000
49259  31.660  -16.798  74.628 0.0000000000
109375  31.480  -18.399  74.999 0.0000000000
46301  31.563  -19.270  75.644 0.0000000000
100621  31.544  -20.074  75.105 0.0000000000
60899  49.803  -4.047  54.905 0.0000000000
60900  49.134  -4.424  54.735 0.0000000000
110291  35.285  -14.428  85.832 0.0000000000
60834  48.513  -4.802  62.324 0.0000000000
59903  47.974  -5.127  61.737 0.0000000000
59941  48.571  -5.200  59.432 0.0000000000
59942  47.977  -5.348  59.727 0.0000000000
59953  46.568  -5.481  58.899 0.0000000000
98580  46.649  -5.509  58.070 0.0000000000
59965  46.216  -5.669  57.336 0.0000000000
45306  33.965  -20.215  83.150 0.0000000000
101497  33.501  -20.703  82.724 0.0000000000
43225  32.401  -21.905  82.782 0.0000000000
43220  32.444  -22.031  83.643 0.0000000000
42271  31.243  -22.974  82.911 0.0000000000
40242  29.179  -25.590  87.126 0.0000000000
40244  26.997  -25.275  86.710 0.0000000000
40245  26.012  -25.421  86.531 0.0000000000
111642  25.710  -25.232  85.861 0.0000000000
108596  24.104  -26.333  84.801 0.0000000000
38227  23.385  -27.105  86.004 0.0000000000
97929  40.299  -12.468  79.084 0.0000000000
53183  39.632  -12.140  78.789 0.0000000000
53194  40.106  -13.208  77.289 0.0000000000
52283  40.763  -13.490  76.411 0.0000000000
52291  42.328  -13.871  75.903 0.0000000000
51286  43.056  -14.086  75.707 0.0000000000
51295  43.746  -14.333  75.451 0.0000000000
108186  44.755  -15.449  74.729 0.0000000000
112457  45.032  -16.912  74.197 0.0000000000
113688  38.181  -16.799  79.912 0.0000000000
48155  38.826  -16.670  80.132 0.0000000000
49193  38.207  -17.063  79.567 0.0000000000
98434  38.640  -17.173  79.080 0.0000000000
98137  38.598  -17.199  78.371 0.0000000000
48200  39.379  -17.251  78.372 0.0000000000
48199  40.226  -17.307  78.375 0.0000000000
48214  40.195  -17.417  77.604 0.0000000000
47228  41.066  -17.789  76.927 0.0000000000
48267  38.533  -17.156  73.522 0.0000000000
48256  38.892  -17.264  74.238 0.0000000000
48266  39.311  -17.569  73.482 0.0000000000
48276  39.321  -17.842  71.844 0.0000000000
55068  39.563  -10.107  70.577 0.0000000000
55076  39.188  -10.084  69.624 0.0000000000
54164  37.274  -11.503  68.413 0.0000000000
110315  37.055  -12.363  67.302 0.0000000000
64357  56.289  -0.261  48.411 0.0000000000
58943  43.556  -6.564  61.338 0.0000000000
56993  42.412  -8.059  61.766 0.0000000000
56057  42.475  -9.182  63.277 0.0000000000
114422  47.494  -4.996  63.814 0.0000000000
58930  45.902  -6.011  63.334 0.0000000000
58941  45.069  -5.930  62.122 0.0000000000
53963  40.888  -11.515  86.755 0.0000000000
53092  41.150  -12.554  86.567 0.0000000000
53104  40.933  -13.010  85.739 0.0000000000
52182  40.775  -13.652  84.994 0.0000000000
52195  40.516  -14.073  84.162 0.0000000000
52196  39.967  -13.600  83.397 0.0000000000
51212  40.327  -14.545  83.472 0.0000000000
50156  40.174  -15.149  82.797 0.0000000000
50171  39.766  -15.562  81.956 0.0000000000
49160  38.852  -16.265  80.704 0.0000000000
51241  37.174  -14.306  80.703 0.0000000000
51255  37.336  -15.334  80.280 0.0000000000
50186  37.837  -15.859  80.365 0.0000000000
49174  38.114  -16.394  80.233 0.0000000000
113020  37.709  -16.983  79.654 0.0000000000
48202  37.066  -16.945  78.107 0.0000000000
49229  36.704  -16.584  76.658 0.0000000000
50254  35.486  -15.987  75.746 0.0000000000
106979  36.218  -16.372  76.002 0.0000000000
49243  35.995  -16.285  75.257 0.0000000000
101463  35.745  -16.311  73.727 0.0000000000
49281  35.297  -16.599  72.348 0.0000000000
47256  31.599  -18.462  72.951 0.0000000000
52332  37.746  -13.932  71.825 0.0000000000
62572  53.558  -2.688  54.694 0.0000000000
61718  50.653  -3.682  55.145 0.0000000000
62575  53.870  -2.234  54.240 0.0000000000
62576  53.405  -1.989  53.680 0.0000000000
63413  53.692  -1.562  52.898 0.0000000000
108336  53.596  -1.364  51.978 0.0000000000
47196  31.814  -18.098  79.373 0.0000000000
113390  31.993  -18.871  79.022 0.0000000000
102101  32.209  -18.580  80.123 0.0000000000
46268  32.693  -19.057  80.601 0.0000000000
47180  32.721  -18.460  81.794 0.0000000000
46264  32.992  -19.138  81.275 0.0000000000
47179  33.364  -19.160  82.171 0.0000000000
97621  33.775  -19.846  82.240 0.0000000000
50138  34.131  -15.824  84.767 0.0000000000
48121  34.138  -17.444  84.739 0.0000000000
107517  34.580  -17.153  85.403 0.0000000000
47167  33.787  -18.670  83.675 0.0000000000
47166  34.228  -19.431  83.848 0.0000000000
45324  33.985  -19.935  82.861 0.0000000000
44240  34.285  -20.280  84.002 0.0000000000
103783  34.395  -20.542  84.917 0.0000000000
53954  41.220  -11.520  87.872 0.0000000000
53983  40.334  -11.460  84.963 0.0000000000
54910  39.769  -10.751  84.826 0.0000000000
53984  39.829  -11.545  84.317 0.0000000000
53126  37.678  -11.978  82.710 0.0000000000
53997  37.073  -11.646  83.478 0.0000000000
53127  36.713  -12.179  82.835 0.0000000000
52212  36.221  -12.735  82.139 0.0000000000
52213  35.422  -13.202  82.157 0.0000000000
52214  34.782  -13.664  81.913 0.0000000000
51244  33.821  -14.461  81.347 0.0000000000
51227  33.723  -14.651  82.261 0.0000000000
50199  33.091  -15.063  81.065 0.0000000000
49186  31.890  -16.540  80.180 0.0000000000
57984  42.778  -6.952  59.797 0.0000000000
60866  52.288  -3.942  58.769 0.0000000000
60885  49.584  -4.597  56.395 0.0000000000
59950  48.777  -5.098  57.876 0.0000000000
59962  48.949  -4.876  57.019 0.0000000000
103560  32.432  -19.953  78.672 0.0000000000
45361  32.375  -20.532  78.520 0.0000000000
103548  32.310  -21.138  78.696 0.0000000000
44307  33.189  -20.626  79.738 0.0000000000
104431  32.795  -20.859  79.235 0.0000000000
43267  31.440  -22.001  78.694 0.0000000000
42315  30.138  -22.901  78.876 0.0000000000
44271  33.078  -21.285  81.426 0.0000000000
43237  32.565  -21.805  80.986 0.0000000000
43238  31.830  -22.218  80.567 0.0000000000
42290  31.129  -22.757  81.089 0.0000000000
42302  28.709  -23.646  78.878 0.0000000000
41312  27.991  -23.827  80.274 0.0000000000
41320  27.258  -24.361  79.743 0.0000000000
113434  26.793  -25.088  79.428 0.0000000000
41266  30.351  -23.839  83.889 0.0000000000
41267  29.858  -23.974  83.539 0.0000000000
101952  29.034  -25.175  86.470 0.0000000000
40275  28.609  -24.551  85.080 0.0000000000
41268  28.694  -24.115  83.489 0.0000000000
41285  28.429  -23.948  82.809 0.0000000000
107462  26.359  -24.427  81.767 0.0000000000
41301  26.005  -24.749  81.228 0.0000000000
114912  22.258  -29.050  90.269 0.0000000000
117752  21.559  -29.531  89.968 0.0000000000
56912  44.328  -8.102  68.354 0.0000000000
112488  41.055  -9.362  70.540 0.0000000000
55952  40.667  -9.586  70.302 0.0000000000
112797  40.347  -9.849  70.619 0.0000000000
55069  38.604  -10.429  70.877 0.0000000000
54137  37.719  -10.991  71.165 0.0000000000
110542  38.549  -10.541  72.052 0.0000000000
54138  37.102  -11.708  71.512 0.0000000000
106757  37.782  -11.149  74.381 0.0000000000
54109  37.535  -11.784  74.322 0.0000000000
53211  37.658  -12.001  75.024 0.0000000000
53222  37.592  -12.261  74.462 0.0000000000
53229  37.454  -12.273  73.927 0.0000000000
53235  37.347  -12.675  73.223 0.0000000000
52326  37.521  -13.343  72.539 0.0000000000
51309  39.818  -13.966  73.037 0.0000000000
100497  39.932  -14.243  72.295 0.0000000000
51326  40.414  -14.555  71.826 0.0000000000
50298  42.894  -15.509  71.457 0.0000000000
52302  41.262  -13.718  74.925 0.0000000000
113789  41.784  -13.962  74.377 0.0000000000
104332  41.706  -14.086  73.666 0.0000000000
51307  42.367  -14.382  73.224 0.0000000000
48290  43.792  -17.682  71.001 0.0000000000
48275  43.964  -17.524  72.088 0.0000000000
47277  43.624  -18.458  70.348 0.0000000000
52161  41.383  -13.387  86.339 0.0000000000
52173  41.559  -14.087  85.973 0.0000000000
52172  42.361  -14.279  85.908 0.0000000000
50137  41.385  -15.395  84.161 0.0000000000
51197  43.925  -14.553  84.208 0.0000000000
48154  39.513  -16.620  80.414 0.0000000000
48138  40.658  -16.421  81.511 0.0000000000
48137  41.235  -16.458  81.814 0.0000000000
110669  41.030  -16.783  80.315 0.0000000000
48152  41.720  -16.524  81.502 0.0000000000
49157  41.840  -16.402  82.391 0.0000000000
49139  43.075  -16.042  83.099 0.0000000000
50152  43.534  -15.557  83.280 0.0000000000
50151  44.013  -14.906  83.424 0.0000000000
51223  44.443  -14.614  82.710 0.0000000000
49182  44.038  -15.962  80.395 0.0000000000
51254  44.480  -14.908  80.590 0.0000000000
52240  44.387  -14.379  80.686 0.0000000000
52254  44.194  -14.331  79.879 0.0000000000
51264  43.955  -14.239  79.245 0.0000000000
51271  43.873  -14.413  78.566 0.0000000000
51270  44.165  -14.932  78.232 0.0000000000
50229  44.544  -15.516  77.136 0.0000000000
48196  44.447  -16.687  77.458 0.0000000000
49217  44.861  -16.264  76.884 0.0000000000
49228  45.059  -16.488  75.974 0.0000000000
48240  44.750  -17.676  74.676 0.0000000000
47237  41.814  -18.468  76.216 0.0000000000
47245  41.978  -19.035  74.818 0.0000000000
47236  42.719  -19.148  75.092 0.0000000000
47235  43.460  -19.005  75.134 0.0000000000
105466  44.117  -18.484  74.489 0.0000000000
47263  42.885  -18.762  72.502 0.0000000000
56927  42.838  -8.472  67.673 0.0000000000
97623  42.485  -8.755  66.883 0.0000000000
56024  40.764  -9.433  65.430 0.0000000000
99356  40.044  -9.747  64.939 0.0000000000
55086  39.112  -9.981  68.728 0.0000000000
55096  38.976  -9.941  67.900 0.0000000000
55108  38.925  -9.893  67.036 0.0000000000
55109  38.388  -10.536  66.594 0.0000000000
99817  39.034  -9.956  66.181 0.0000000000
63443  54.461  -1.460  48.509 0.0000000000
62609  54.399  -2.202  47.844 0.0000000000
44289  33.417  -20.729  80.326 0.0000000000
47194  42.171  -17.367  78.897 0.0000000000
47216  42.660  -18.189  77.445 0.0000000000
47238  40.966  -17.989  76.167 0.0000000000
48170  38.639  -16.876  79.826 0.0000000000
48201  37.275  -17.106  78.779 0.0000000000
48232  37.198  -16.814  77.395 0.0000000000
48243  39.165  -17.330  75.486 0.0000000000
48282  31.842  -17.852  72.660 0.0000000000
49156  42.813  -16.305  82.526 0.0000000000
49172  39.941  -16.415  81.088 0.0000000000
49184  37.578  -16.709  79.839 0.0000000000
49196  35.874  -16.011  78.863 0.0000000000
49210  31.695  -16.598  78.792 0.0000000000
49257  33.872  -15.715  73.890 0.0000000000
50169  44.086  -15.180  82.787 0.0000000000
50174  32.797  -15.890  82.179 0.0000000000
50195  44.340  -15.362  80.758 0.0000000000
50196  37.451  -16.116  80.037 0.0000000000
50221  32.821  -15.265  78.395 0.0000000000
50270  33.057  -15.610  74.521 0.0000000000
51190  34.916  -14.965  85.566 0.0000000000
51240  37.863  -15.227  80.679 0.0000000000
51257  35.827  -14.381  80.150 0.0000000000
99298  40.326  -16.639  80.761 0.0000000000
99325  39.665  -17.176  79.018 0.0000000000
100166  44.306  -15.391  77.807 0.0000000000
100290  44.988  -15.734  75.475 0.0000000000
101739  35.015  -15.608  77.907 0.0000000000
103602  44.418  -15.063  82.141 0.0000000000
103997  32.401  -19.490  79.142 0.0000000000
104229  37.423  -16.682  75.878 0.0000000000
107098  37.913  -14.456  81.089 0.0000000000
111963  31.481  -18.399  74.230 0.0000000000
113885  37.193  -16.621  73.188 0.0000000000
116982  38.052  -17.153  79.280 0.0000000000
