#!ascii label  , from subject sub-v2s10x30155_ses-1 vox2ras=TkReg
643
41203  40.881  -23.888  89.774 0.0000000000
55055  52.287  -9.920  71.255 0.0000000000
56917  58.560  -7.247  67.431 0.0000000000
51252  52.917  -14.211  80.713 0.0000000000
37325  45.245  -28.249  82.674 0.0000000000
37258  44.778  -28.797  88.755 0.0000000000
56883  55.434  -7.601  69.847 0.0000000000
57815  57.714  -7.689  73.842 0.0000000000
50133  49.007  -15.332  85.037 0.0000000000
41231  46.890  -24.565  85.763 0.0000000000
100482  63.431  -5.445  58.305 0.0000000000
59885  59.041  -4.539  65.077 0.0000000000
53181  50.290  -12.302  78.717 0.0000000000
55868  53.056  -9.377  78.169 0.0000000000
39285  43.317  -26.821  86.119 0.0000000000
39233  43.423  -26.242  89.613 0.0000000000
56885  53.831  -8.729  70.565 0.0000000000
115096  56.307  -7.129  71.912 0.0000000000
56866  54.855  -8.268  72.653 0.0000000000
45319  49.290  -20.081  82.689 0.0000000000
36277  46.920  -29.848  84.999 0.0000000000
39305  47.156  -26.303  83.087 0.0000000000
37278  49.311  -28.793  85.717 0.0000000000
60857  62.216  -4.301  59.821 0.0000000000
57989  61.833  -6.744  59.267 0.0000000000
59908  62.055  -4.930  61.875 0.0000000000
57925  56.614  -6.761  66.503 0.0000000000
58920  56.486  -6.082  64.475 0.0000000000
113879  58.654  -5.334  66.038 0.0000000000
57948  58.902  -7.006  64.110 0.0000000000
57938  57.635  -7.927  64.865 0.0000000000
51207  50.941  -14.502  83.332 0.0000000000
51236  49.949  -14.162  81.556 0.0000000000
54016  51.116  -12.218  81.128 0.0000000000
54970  50.999  -10.921  79.031 0.0000000000
54043  52.323  -10.872  79.630 0.0000000000
54059  55.283  -11.334  77.984 0.0000000000
52250  54.861  -14.243  79.147 0.0000000000
37280  44.718  -29.208  85.991 0.0000000000
56933  54.986  -8.123  66.632 0.0000000000
57905  57.450  -6.468  67.992 0.0000000000
57880  58.577  -6.637  69.902 0.0000000000
110822  58.657  -8.781  72.167 0.0000000000
46221  46.241  -18.810  87.289 0.0000000000
47153  48.849  -18.244  85.816 0.0000000000
47150  50.640  -17.819  84.127 0.0000000000
48133  53.274  -17.750  81.991 0.0000000000
49179  53.953  -16.863  80.169 0.0000000000
43206  44.419  -21.791  85.770 0.0000000000
43195  47.425  -22.715  86.683 0.0000000000
58999  62.278  -6.623  55.606 0.0000000000
59910  58.973  -4.944  61.935 0.0000000000
58927  60.906  -6.085  63.216 0.0000000000
56986  58.452  -8.154  61.666 0.0000000000
55019  53.070  -10.198  74.244 0.0000000000
56817  55.521  -8.542  76.459 0.0000000000
106735  57.457  -11.239  75.923 0.0000000000
40208  41.854  -25.166  90.251 0.0000000000
40207  42.477  -25.358  90.078 0.0000000000
39222  42.445  -25.788  90.151 0.0000000000
55947  53.122  -9.274  70.831 0.0000000000
55935  54.181  -8.716  72.144 0.0000000000
55925  53.534  -9.305  72.380 0.0000000000
36276  48.259  -29.789  85.853 0.0000000000
59936  60.981  -4.691  59.343 0.0000000000
60848  62.078  -4.489  60.866 0.0000000000
60849  61.208  -4.415  61.621 0.0000000000
58888  58.013  -6.031  67.135 0.0000000000
58900  57.552  -5.899  66.433 0.0000000000
57924  58.695  -6.473  66.481 0.0000000000
57937  58.642  -6.975  65.578 0.0000000000
52205  51.809  -14.042  82.090 0.0000000000
52206  50.740  -13.197  82.759 0.0000000000
53144  51.713  -12.530  81.330 0.0000000000
54027  51.490  -11.616  80.383 0.0000000000
53159  52.292  -12.378  80.578 0.0000000000
53171  53.418  -12.242  79.497 0.0000000000
52236  53.556  -14.111  80.151 0.0000000000
38218  44.275  -28.155  86.434 0.0000000000
37267  44.882  -28.728  87.325 0.0000000000
36253  45.877  -30.310  87.179 0.0000000000
56908  53.842  -8.786  68.725 0.0000000000
56921  53.967  -8.803  67.814 0.0000000000
56907  54.675  -8.316  68.356 0.0000000000
57906  56.294  -7.156  67.648 0.0000000000
57898  56.445  -6.962  68.409 0.0000000000
109989  58.480  -6.468  69.125 0.0000000000
57865  56.658  -6.768  70.200 0.0000000000
57831  57.517  -7.100  72.872 0.0000000000
57848  58.208  -7.266  72.186 0.0000000000
56855  58.271  -8.177  73.479 0.0000000000
55041  57.479  -10.153  72.672 0.0000000000
55912  58.238  -9.057  73.824 0.0000000000
45276  47.238  -19.896  86.443 0.0000000000
47144  47.489  -17.918  86.887 0.0000000000
46234  47.838  -19.407  85.870 0.0000000000
46241  50.419  -19.140  83.730 0.0000000000
48124  51.859  -17.245  82.951 0.0000000000
40284  47.136  -25.509  83.906 0.0000000000
41243  45.895  -24.033  84.368 0.0000000000
42242  45.645  -23.112  86.168 0.0000000000
43196  46.299  -22.192  87.171 0.0000000000
41220  47.722  -24.062  86.407 0.0000000000
60872  63.307  -4.298  58.057 0.0000000000
58979  62.980  -6.168  57.389 0.0000000000
58960  61.453  -6.892  60.010 0.0000000000
59895  57.433  -5.378  64.248 0.0000000000
98753  56.540  -6.067  63.434 0.0000000000
108640  58.051  -4.975  63.627 0.0000000000
112244  58.135  -5.371  62.075 0.0000000000
60830  59.914  -4.382  63.800 0.0000000000
60829  60.747  -4.539  63.238 0.0000000000
59884  59.986  -4.869  64.587 0.0000000000
56964  57.485  -8.171  63.102 0.0000000000
57958  58.820  -7.709  62.500 0.0000000000
113366  48.125  -15.701  84.507 0.0000000000
49154  48.784  -16.026  82.651 0.0000000000
52252  50.587  -13.521  80.249 0.0000000000
50193  50.654  -15.221  80.278 0.0000000000
55869  52.193  -9.792  78.619 0.0000000000
54998  51.115  -11.177  77.429 0.0000000000
54996  52.595  -10.387  76.628 0.0000000000
54102  52.130  -11.374  75.013 0.0000000000
54995  53.265  -9.976  76.144 0.0000000000
55905  54.532  -8.763  75.422 0.0000000000
55881  54.705  -8.803  76.987 0.0000000000
53190  56.235  -12.059  77.474 0.0000000000
104272  56.424  -11.056  77.028 0.0000000000
53200  57.017  -12.810  76.307 0.0000000000
53214  57.273  -11.976  75.449 0.0000000000
39250  43.714  -26.363  88.623 0.0000000000
37238  44.049  -27.713  89.441 0.0000000000
36228  43.573  -29.069  89.424 0.0000000000
38194  42.979  -27.679  89.823 0.0000000000
118043  54.457  -8.306  69.993 0.0000000000
110830  55.785  -7.319  70.655 0.0000000000
56874  55.444  -7.649  71.404 0.0000000000
56865  55.552  -7.691  72.246 0.0000000000
112580  55.894  -7.694  73.757 0.0000000000
36291  46.220  -29.293  83.968 0.0000000000
38259  46.708  -27.111  82.741 0.0000000000
37308  46.982  -28.011  83.454 0.0000000000
38245  48.264  -27.728  84.718 0.0000000000
39284  48.351  -26.189  85.413 0.0000000000
40252  48.559  -25.521  85.796 0.0000000000
38233  49.577  -28.012  85.565 0.0000000000
60863  63.108  -4.389  58.873 0.0000000000
58970  62.734  -6.138  58.819 0.0000000000
58946  62.973  -5.225  60.058 0.0000000000
58947  62.534  -5.257  60.959 0.0000000000
58948  61.625  -6.498  60.906 0.0000000000
57926  55.630  -7.263  65.556 0.0000000000
58914  56.015  -6.623  64.992 0.0000000000
59887  57.540  -5.430  65.288 0.0000000000
59876  58.868  -4.861  65.597 0.0000000000
100887  59.849  -5.355  64.867 0.0000000000
58912  59.480  -5.652  65.375 0.0000000000
57949  58.111  -7.526  64.238 0.0000000000
50148  49.870  -14.791  84.274 0.0000000000
99570  49.457  -14.229  83.137 0.0000000000
52193  50.120  -13.434  83.239 0.0000000000
52223  50.237  -12.733  81.893 0.0000000000
53160  50.512  -12.090  80.164 0.0000000000
54062  50.401  -11.881  78.784 0.0000000000
54044  50.957  -11.349  79.814 0.0000000000
110487  51.721  -10.544  79.367 0.0000000000
55843  52.613  -9.835  78.962 0.0000000000
55853  54.203  -9.450  77.960 0.0000000000
54952  53.689  -10.758  78.878 0.0000000000
111430  54.795  -12.685  78.708 0.0000000000
52259  55.654  -13.776  78.056 0.0000000000
39295  43.164  -27.015  85.084 0.0000000000
37295  43.862  -28.379  84.190 0.0000000000
37294  44.477  -29.090  83.857 0.0000000000
36278  45.785  -29.823  84.758 0.0000000000
35316  47.185  -30.815  87.015 0.0000000000
115513  55.600  -7.575  66.258 0.0000000000
57913  57.182  -6.520  67.382 0.0000000000
57904  58.539  -6.684  67.863 0.0000000000
57896  58.674  -6.812  68.434 0.0000000000
56892  58.911  -7.572  69.175 0.0000000000
55958  58.796  -8.940  69.670 0.0000000000
57863  58.025  -6.668  71.352 0.0000000000
56873  58.814  -7.644  71.244 0.0000000000
46228  44.948  -19.187  86.065 0.0000000000
47145  46.086  -17.907  86.263 0.0000000000
48108  47.564  -16.871  86.416 0.0000000000
49112  48.794  -16.240  85.810 0.0000000000
46232  49.258  -18.855  84.998 0.0000000000
47151  50.100  -17.930  84.716 0.0000000000
49123  50.046  -16.187  84.844 0.0000000000
49136  51.113  -16.501  83.724 0.0000000000
49152  52.192  -16.454  82.545 0.0000000000
50181  52.962  -15.770  81.465 0.0000000000
50180  53.641  -15.665  80.687 0.0000000000
49165  53.990  -17.042  80.714 0.0000000000
45266  44.916  -20.181  87.024 0.0000000000
44223  46.972  -21.336  86.945 0.0000000000
44230  47.909  -22.131  85.981 0.0000000000
41219  49.085  -24.368  85.846 0.0000000000
42241  48.944  -23.658  85.804 0.0000000000
59008  63.037  -6.255  55.082 0.0000000000
109812  58.919  -5.328  60.803 0.0000000000
60840  60.827  -4.403  62.514 0.0000000000
59899  61.658  -4.905  62.519 0.0000000000
58937  60.748  -6.714  62.238 0.0000000000
57947  60.199  -6.331  63.673 0.0000000000
57957  59.837  -7.073  62.628 0.0000000000
57969  59.042  -8.014  61.132 0.0000000000
50194  50.165  -15.682  80.871 0.0000000000
55033  51.752  -11.134  73.038 0.0000000000
55044  52.948  -9.823  72.576 0.0000000000
55914  53.617  -9.508  73.787 0.0000000000
104516  55.597  -7.968  74.396 0.0000000000
56830  56.623  -8.154  75.465 0.0000000000
55865  55.635  -9.146  76.912 0.0000000000
55879  56.367  -8.986  76.353 0.0000000000
55892  57.587  -9.394  75.343 0.0000000000
54101  57.390  -11.164  75.019 0.0000000000
50202  54.491  -15.360  79.403 0.0000000000
102560  54.729  -15.162  78.965 0.0000000000
41194  41.305  -24.441  90.214 0.0000000000
40219  41.074  -24.860  90.435 0.0000000000
41193  41.964  -24.587  90.074 0.0000000000
55948  52.493  -9.637  70.719 0.0000000000
55937  52.812  -9.572  71.360 0.0000000000
55926  53.048  -9.570  71.949 0.0000000000
59921  61.195  -4.440  60.417 0.0000000000
59922  60.093  -4.764  60.716 0.0000000000
57912  58.347  -6.474  67.203 0.0000000000
56931  58.514  -7.228  66.797 0.0000000000
52221  52.157  -13.590  81.433 0.0000000000
52237  52.588  -13.316  80.660 0.0000000000
52251  53.227  -13.012  79.907 0.0000000000
111102  44.847  -28.511  88.249 0.0000000000
36244  45.172  -29.377  88.234 0.0000000000
36235  44.936  -29.514  88.915 0.0000000000
56894  54.578  -8.270  69.246 0.0000000000
56893  55.479  -7.633  68.864 0.0000000000
57882  56.539  -6.826  69.280 0.0000000000
118148  57.506  -7.348  73.490 0.0000000000
57814  58.002  -7.529  73.116 0.0000000000
56843  57.880  -8.313  74.260 0.0000000000
45289  47.629  -20.338  85.457 0.0000000000
40269  47.285  -25.245  85.179 0.0000000000
41242  46.630  -24.729  84.663 0.0000000000
113186  46.265  -24.173  85.290 0.0000000000
99796  45.700  -23.556  85.366 0.0000000000
41232  46.433  -23.761  86.209 0.0000000000
102459  47.185  -24.183  86.380 0.0000000000
59958  63.687  -4.707  57.866 0.0000000000
114097  63.697  -5.274  57.564 0.0000000000
59894  58.365  -4.717  64.522 0.0000000000
59893  59.055  -4.425  64.208 0.0000000000
60822  60.249  -4.550  64.017 0.0000000000
60823  59.698  -4.553  64.554 0.0000000000
56976  56.594  -8.658  62.823 0.0000000000
49125  48.546  -15.657  85.299 0.0000000000
49138  48.323  -15.849  83.577 0.0000000000
50150  48.730  -15.176  84.484 0.0000000000
52253  50.426  -12.551  79.699 0.0000000000
52262  50.399  -12.972  78.820 0.0000000000
54981  52.410  -9.875  77.731 0.0000000000
55883  53.220  -9.511  77.214 0.0000000000
55882  53.918  -9.103  76.721 0.0000000000
113519  53.841  -9.109  77.529 0.0000000000
52258  56.169  -13.207  77.517 0.0000000000
53189  56.769  -12.781  76.882 0.0000000000
111619  56.410  -13.459  77.044 0.0000000000
52276  56.892  -13.159  75.997 0.0000000000
40217  43.232  -25.611  89.035 0.0000000000
40226  43.139  -25.859  87.691 0.0000000000
38193  43.985  -27.025  89.215 0.0000000000
37239  43.566  -28.104  89.606 0.0000000000
38180  43.413  -27.020  89.794 0.0000000000
55959  52.962  -9.287  70.038 0.0000000000
55972  53.093  -9.197  69.112 0.0000000000
56895  53.754  -8.764  69.618 0.0000000000
56884  54.857  -8.028  70.635 0.0000000000
106857  54.838  -8.181  71.939 0.0000000000
110724  55.712  -7.705  73.035 0.0000000000
56856  55.067  -8.231  73.524 0.0000000000
108003  46.493  -28.602  83.490 0.0000000000
37293  47.274  -28.959  84.289 0.0000000000
37292  48.434  -28.724  85.283 0.0000000000
39294  48.078  -26.779  84.592 0.0000000000
38244  48.992  -27.965  85.465 0.0000000000
107891  49.233  -27.322  85.499 0.0000000000
60865  61.805  -4.446  58.980 0.0000000000
60864  62.696  -4.303  59.012 0.0000000000
98043  62.876  -4.362  59.541 0.0000000000
59935  63.086  -4.624  59.558 0.0000000000
60847  62.370  -4.680  61.026 0.0000000000
59920  62.748  -4.738  60.361 0.0000000000
118028  62.304  -5.880  61.007 0.0000000000
97830  62.136  -5.657  61.592 0.0000000000
58901  56.538  -6.549  65.811 0.0000000000
59878  57.956  -5.414  66.116 0.0000000000
59877  58.268  -5.091  65.757 0.0000000000
58898  59.206  -5.264  65.707 0.0000000000
57923  59.004  -5.912  66.005 0.0000000000
56965  57.035  -8.321  63.795 0.0000000000
51208  50.227  -14.167  83.678 0.0000000000
51209  49.859  -14.113  83.692 0.0000000000
52192  50.077  -13.580  83.371 0.0000000000
53134  50.670  -12.832  82.366 0.0000000000
53135  50.437  -12.849  82.319 0.0000000000
115286  50.544  -12.611  81.768 0.0000000000
106228  50.622  -12.436  81.050 0.0000000000
54017  50.826  -12.328  81.112 0.0000000000
54029  50.770  -11.900  80.318 0.0000000000
54028  51.042  -11.714  80.398 0.0000000000
110057  51.924  -11.312  80.138 0.0000000000
54943  51.824  -10.904  79.734 0.0000000000
54954  52.194  -10.260  79.349 0.0000000000
54953  52.816  -10.230  79.214 0.0000000000
54968  53.390  -9.836  78.677 0.0000000000
54042  53.094  -11.263  79.376 0.0000000000
53170  54.295  -13.152  79.228 0.0000000000
52260  55.176  -13.585  78.673 0.0000000000
51261  55.203  -14.357  78.540 0.0000000000
39286  42.715  -26.378  85.480 0.0000000000
117888  42.732  -26.602  84.909 0.0000000000
37281  44.078  -28.331  85.299 0.0000000000
100517  44.477  -29.157  84.742 0.0000000000
118433  44.984  -29.512  84.383 0.0000000000
36279  45.175  -29.780  85.225 0.0000000000
56934  54.027  -8.791  66.844 0.0000000000
101267  54.300  -8.590  65.989 0.0000000000
58882  58.168  -6.296  67.705 0.0000000000
58871  58.227  -6.405  68.087 0.0000000000
56882  59.004  -7.704  70.203 0.0000000000
109646  56.788  -6.781  71.185 0.0000000000
110930  58.693  -8.111  71.939 0.0000000000
55933  58.767  -8.815  71.512 0.0000000000
55945  58.888  -8.839  70.648 0.0000000000
55934  58.320  -9.576  71.123 0.0000000000
100576  45.226  -18.964  86.833 0.0000000000
47146  45.488  -18.608  86.429 0.0000000000
47134  45.796  -18.488  87.012 0.0000000000
46226  48.102  -18.488  86.285 0.0000000000
48098  47.263  -17.361  86.830 0.0000000000
47143  48.236  -17.634  86.408 0.0000000000
49113  47.991  -16.213  85.955 0.0000000000
47142  48.905  -17.308  85.955 0.0000000000
46243  48.705  -19.599  84.399 0.0000000000
46242  49.578  -19.289  84.098 0.0000000000
47162  50.554  -18.594  83.924 0.0000000000
46231  49.959  -18.677  84.466 0.0000000000
48117  50.130  -17.022  84.844 0.0000000000
48116  50.631  -16.838  84.303 0.0000000000
49137  50.311  -15.744  84.402 0.0000000000
48125  51.237  -17.596  83.612 0.0000000000
105974  52.604  -17.273  82.379 0.0000000000
50165  52.395  -15.883  82.120 0.0000000000
49167  52.950  -16.708  81.789 0.0000000000
49166  53.658  -16.455  81.039 0.0000000000
102286  53.728  -17.338  81.322 0.0000000000
39318  46.034  -26.530  82.125 0.0000000000
39317  46.612  -26.145  82.462 0.0000000000
44238  44.132  -21.479  85.175 0.0000000000
45291  44.196  -20.904  85.529 0.0000000000
45277  44.473  -20.477  86.379 0.0000000000
44225  44.660  -20.848  86.809 0.0000000000
108763  46.948  -22.866  86.952 0.0000000000
101649  46.944  -22.142  86.995 0.0000000000
43204  47.459  -22.157  86.578 0.0000000000
43203  48.119  -22.982  86.271 0.0000000000
40234  49.151  -25.103  85.773 0.0000000000
42249  49.305  -23.503  85.089 0.0000000000
58998  63.395  -5.977  56.059 0.0000000000
117428  55.647  -6.740  64.204 0.0000000000
57950  55.030  -7.012  63.624 0.0000000000
58921  55.805  -6.616  63.536 0.0000000000
59911  58.020  -5.663  61.258 0.0000000000
59909  60.058  -4.496  61.784 0.0000000000
58926  61.285  -5.231  63.041 0.0000000000
60828  61.304  -4.768  62.820 0.0000000000
115963  61.429  -5.959  62.686 0.0000000000
58919  59.810  -6.100  64.563 0.0000000000
112891  59.193  -7.770  61.882 0.0000000000
51237  49.697  -14.017  82.410 0.0000000000
50183  49.694  -14.928  81.881 0.0000000000
112210  50.702  -11.455  79.131 0.0000000000
54997  51.462  -11.480  76.445 0.0000000000
55020  52.568  -10.853  74.691 0.0000000000
54116  52.054  -11.344  74.425 0.0000000000
55032  52.350  -10.821  73.773 0.0000000000
103276  52.380  -10.426  72.805 0.0000000000
55031  52.954  -10.065  73.365 0.0000000000
115223  53.423  -9.547  73.036 0.0000000000
56832  55.220  -8.367  76.221 0.0000000000
56846  55.404  -8.159  75.308 0.0000000000
104483  56.334  -7.839  75.142 0.0000000000
56831  55.927  -8.094  75.905 0.0000000000
54966  55.090  -10.156  77.814 0.0000000000
55852  55.043  -9.454  77.409 0.0000000000
54980  55.779  -10.068  77.269 0.0000000000
54083  57.061  -11.177  76.439 0.0000000000
54979  56.607  -10.022  76.660 0.0000000000
55878  57.139  -9.615  76.020 0.0000000000
55893  56.928  -8.720  75.776 0.0000000000
113427  57.534  -10.372  75.589 0.0000000000
55017  57.763  -10.199  74.900 0.0000000000
54100  57.459  -11.138  75.418 0.0000000000
53215  57.007  -12.148  75.108 0.0000000000
50192  54.016  -16.269  80.314 0.0000000000
50191  54.246  -15.567  80.000 0.0000000000
104822  54.174  -16.014  79.793 0.0000000000
40218  42.580  -24.901  89.481 0.0000000000
40206  43.022  -25.604  89.874 0.0000000000
39221  42.989  -26.033  90.100 0.0000000000
39223  42.182  -25.859  90.178 0.0000000000
55936  53.548  -9.099  71.503 0.0000000000
55924  54.169  -8.963  73.101 0.0000000000
35331  47.634  -30.490  86.401 0.0000000000
37279  49.006  -29.495  86.040 0.0000000000
60856  62.669  -4.451  60.201 0.0000000000
98342  61.907  -4.568  61.801 0.0000000000
58899  58.463  -5.814  66.548 0.0000000000
56942  58.228  -7.473  65.987 0.0000000000
51221  51.420  -14.338  82.764 0.0000000000
52191  50.597  -13.667  83.170 0.0000000000
110945  51.170  -13.564  82.700 0.0000000000
102110  51.299  -13.019  82.208 0.0000000000
53145  51.114  -12.486  81.794 0.0000000000
54015  51.413  -12.199  81.075 0.0000000000
54026  51.847  -11.895  80.657 0.0000000000
53158  52.501  -11.751  80.037 0.0000000000
106219  54.164  -13.952  79.637 0.0000000000
38234  43.707  -27.534  85.749 0.0000000000
38206  44.445  -27.934  87.627 0.0000000000
36268  45.389  -29.939  86.241 0.0000000000
36254  45.304  -29.645  87.217 0.0000000000
55984  53.159  -9.289  68.186 0.0000000000
56920  54.777  -8.345  67.473 0.0000000000
56919  55.463  -7.809  67.311 0.0000000000
56906  55.483  -7.746  67.998 0.0000000000
57897  57.731  -6.459  68.707 0.0000000000
57881  57.684  -6.441  69.635 0.0000000000
57864  57.774  -6.469  70.519 0.0000000000
57832  56.562  -7.173  72.624 0.0000000000
109647  57.353  -6.847  72.059 0.0000000000
56864  58.481  -8.079  72.644 0.0000000000
55040  58.402  -9.481  71.991 0.0000000000
55923  58.476  -9.073  72.931 0.0000000000
55029  57.964  -9.843  73.591 0.0000000000
45263  46.698  -19.475  87.132 0.0000000000
46220  46.911  -18.525  87.119 0.0000000000
46227  47.397  -18.866  86.804 0.0000000000
46233  48.511  -19.125  85.414 0.0000000000
46254  50.010  -19.581  83.359 0.0000000000
47161  51.220  -18.505  83.515 0.0000000000
47160  51.921  -18.343  83.085 0.0000000000
48134  52.674  -18.102  82.565 0.0000000000
40283  47.601  -26.374  83.882 0.0000000000
40294  46.684  -25.411  82.827 0.0000000000
41258  46.410  -24.729  83.554 0.0000000000
42257  45.199  -23.536  83.814 0.0000000000
42250  45.242  -23.321  84.646 0.0000000000
42243  44.920  -22.681  85.374 0.0000000000
43205  45.157  -22.388  86.433 0.0000000000
43198  44.763  -21.546  86.615 0.0000000000
42235  46.161  -22.913  86.844 0.0000000000
42234  47.026  -23.581  86.729 0.0000000000
42233  47.591  -23.351  86.547 0.0000000000
58978  63.980  -4.881  57.159 0.0000000000
58987  63.594  -5.627  56.881 0.0000000000
58988  62.681  -6.437  56.467 0.0000000000
116841  57.226  -5.639  63.232 0.0000000000
58928  56.741  -6.193  62.454 0.0000000000
59902  57.681  -5.501  62.640 0.0000000000
59901  58.836  -4.680  63.032 0.0000000000
59900  59.998  -4.372  62.807 0.0000000000
59892  60.679  -4.803  63.590 0.0000000000
58918  60.488  -5.405  64.019 0.0000000000
57959  58.359  -7.639  63.247 0.0000000000
115045  59.298  -7.032  63.442 0.0000000000
56975  57.943  -8.187  62.339 0.0000000000
49126  47.727  -16.119  85.042 0.0000000000
52238  50.150  -13.317  81.324 0.0000000000
51253  50.527  -14.359  80.621 0.0000000000
51263  50.855  -14.527  79.622 0.0000000000
54969  51.585  -10.282  78.827 0.0000000000
54983  51.001  -11.005  78.339 0.0000000000
54982  51.638  -10.350  78.083 0.0000000000
110881  51.882  -10.734  77.105 0.0000000000
117585  52.107  -11.113  76.251 0.0000000000
55008  52.556  -10.866  75.629 0.0000000000
55007  53.195  -10.203  75.169 0.0000000000
55906  53.764  -9.486  74.743 0.0000000000
55895  53.867  -9.403  75.710 0.0000000000
55894  54.489  -8.791  76.263 0.0000000000
113847  55.784  -10.955  77.520 0.0000000000
54075  56.810  -11.904  76.795 0.0000000000
53188  57.220  -12.091  76.272 0.0000000000
54092  57.384  -11.825  75.774 0.0000000000
53199  57.193  -12.490  75.870 0.0000000000
39269  42.932  -26.142  86.497 0.0000000000
39268  43.549  -26.590  87.281 0.0000000000
38207  44.162  -27.133  88.187 0.0000000000
38192  44.452  -27.930  88.773 0.0000000000
37247  44.342  -28.658  89.262 0.0000000000
36236  44.219  -29.686  89.178 0.0000000000
37240  43.089  -28.537  89.573 0.0000000000
38181  42.689  -26.571  90.064 0.0000000000
56875  54.409  -8.417  71.353 0.0000000000
57816  56.766  -7.303  73.489 0.0000000000
57798  57.218  -7.447  73.994 0.0000000000
44244  47.851  -20.796  84.411 0.0000000000
37309  45.672  -28.749  83.272 0.0000000000
38270  45.738  -27.435  82.348 0.0000000000
37324  46.198  -28.042  82.891 0.0000000000
39304  47.525  -27.267  83.656 0.0000000000
37307  47.667  -28.180  84.138 0.0000000000
40268  47.732  -25.947  84.799 0.0000000000
108581  47.914  -25.556  85.614 0.0000000000
40253  47.720  -24.855  86.074 0.0000000000
39283  48.991  -26.502  85.575 0.0000000000
39282  49.639  -27.063  85.410 0.0000000000
101032  63.023  -4.123  58.426 0.0000000000
59947  63.469  -4.653  58.716 0.0000000000
58969  63.285  -5.235  59.243 0.0000000000
107172  62.795  -5.855  59.603 0.0000000000
58959  62.389  -6.092  60.328 0.0000000000
57967  60.672  -7.046  61.215 0.0000000000
57939  55.084  -7.237  64.507 0.0000000000
58913  56.980  -5.911  65.587 0.0000000000
59886  58.248  -4.860  65.193 0.0000000000
60818  59.504  -4.744  65.173 0.0000000000
59875  59.305  -4.898  65.487 0.0000000000
57936  59.102  -6.533  65.107 0.0000000000
50149  49.341  -14.950  84.370 0.0000000000
50167  49.107  -14.620  83.863 0.0000000000
51222  49.889  -13.520  83.116 0.0000000000
52207  50.287  -13.196  82.879 0.0000000000
52208  50.206  -13.110  82.737 0.0000000000
52222  49.912  -13.313  82.289 0.0000000000
52239  50.393  -12.610  80.840 0.0000000000
53172  50.439  -11.986  79.420 0.0000000000
54045  50.676  -11.660  79.581 0.0000000000
54956  50.915  -11.237  79.424 0.0000000000
105704  51.258  -10.904  79.418 0.0000000000
54944  51.346  -11.138  79.774 0.0000000000
54955  51.637  -10.379  79.120 0.0000000000
113367  51.967  -9.896  78.976 0.0000000000
55855  52.473  -9.763  78.762 0.0000000000
55854  53.154  -9.556  78.383 0.0000000000
55867  53.913  -9.210  77.678 0.0000000000
54967  54.376  -10.394  78.341 0.0000000000
54041  53.958  -11.991  78.976 0.0000000000
54060  54.625  -11.657  78.511 0.0000000000
107378  55.517  -12.706  78.151 0.0000000000
37326  44.354  -28.304  82.651 0.0000000000
37311  44.003  -28.592  83.269 0.0000000000
37310  44.769  -28.835  83.176 0.0000000000
36292  45.242  -29.318  83.830 0.0000000000
113619  46.614  -30.221  85.771 0.0000000000
36267  46.061  -30.272  86.160 0.0000000000
57914  55.966  -7.356  66.927 0.0000000000
107947  58.631  -7.507  67.931 0.0000000000
56904  58.774  -7.864  68.424 0.0000000000
112442  58.505  -6.800  70.668 0.0000000000
47165  45.826  -19.058  84.254 0.0000000000
48120  46.651  -17.369  85.412 0.0000000000
47133  46.665  -17.890  87.078 0.0000000000
48109  46.887  -17.213  86.441 0.0000000000
48119  47.305  -16.689  85.715 0.0000000000
49124  49.021  -15.607  85.386 0.0000000000
45288  48.012  -19.861  84.769 0.0000000000
47152  49.509  -18.023  85.288 0.0000000000
48118  49.551  -17.084  85.442 0.0000000000
102020  49.479  -16.144  85.309 0.0000000000
50132  49.481  -15.398  84.920 0.0000000000
50147  50.817  -15.258  83.735 0.0000000000
49153  51.566  -16.179  83.174 0.0000000000
50166  51.663  -15.392  82.821 0.0000000000
51220  52.179  -15.050  82.071 0.0000000000
51235  52.743  -14.799  81.203 0.0000000000
48146  54.144  -17.769  81.004 0.0000000000
48163  54.024  -17.741  80.547 0.0000000000
41276  46.050  -24.690  82.700 0.0000000000
46235  45.051  -19.730  84.854 0.0000000000
45265  44.804  -19.649  86.654 0.0000000000
46222  45.445  -19.335  87.202 0.0000000000
44216  45.154  -21.267  87.111 0.0000000000
44215  45.613  -20.900  87.313 0.0000000000
109118  46.435  -20.462  87.195 0.0000000000
99095  46.925  -20.488  86.876 0.0000000000
44231  47.301  -21.148  86.287 0.0000000000
44237  47.658  -21.232  85.377 0.0000000000
40235  48.450  -24.593  86.071 0.0000000000
42232  48.353  -23.832  86.182 0.0000000000
43210  48.600  -22.857  85.590 0.0000000000
60839  61.678  -4.721  62.322 0.0000000000
58925  61.776  -5.421  62.355 0.0000000000
58936  61.524  -6.252  61.919 0.0000000000
57968  59.851  -7.474  61.587 0.0000000000
56997  58.812  -8.304  60.341 0.0000000000
55056  51.931  -10.299  71.519 0.0000000000
103055  49.080  -15.122  82.804 0.0000000000
114252  51.815  -10.657  72.181 0.0000000000
55045  52.462  -10.038  71.939 0.0000000000
55913  54.545  -8.729  74.300 0.0000000000
56845  56.600  -7.571  74.318 0.0000000000
56844  57.184  -7.804  74.634 0.0000000000
55866  54.758  -9.043  77.238 0.0000000000
55880  55.735  -8.691  76.532 0.0000000000
56816  56.138  -8.412  76.101 0.0000000000
56829  57.429  -8.497  75.050 0.0000000000
55904  57.945  -9.209  74.572 0.0000000000
105739  57.941  -9.721  74.207 0.0000000000
55018  57.569  -10.364  74.391 0.0000000000
51251  53.710  -14.932  80.397 0.0000000000
51250  54.452  -14.847  79.672 0.0000000000
49201  54.304  -15.613  79.375 0.0000000000
51262  54.906  -14.893  79.017 0.0000000000
51269  55.056  -14.662  78.536 0.0000000000
39293  48.737  -27.043  85.294 0.0000000000
41202  41.484  -24.098  89.830 0.0000000000
43191  45.766  -21.588  87.254 0.0000000000
43197  45.506  -22.035  87.047 0.0000000000
44217  45.082  -20.654  87.170 0.0000000000
44224  46.310  -21.316  87.238 0.0000000000
44232  44.319  -21.130  86.086 0.0000000000
45252  45.475  -20.167  87.332 0.0000000000
45264  46.000  -19.722  87.426 0.0000000000
46236  44.453  -20.079  85.795 0.0000000000
47155  45.537  -18.707  85.427 0.0000000000
47175  54.315  -18.476  80.984 0.0000000000
48107  48.162  -16.833  86.267 0.0000000000
50168  48.731  -15.312  83.482 0.0000000000
53146  50.751  -12.558  81.876 0.0000000000
54093  51.826  -11.525  75.625 0.0000000000
54994  57.243  -10.494  76.124 0.0000000000
55844  52.070  -9.986  79.118 0.0000000000
56805  55.249  -8.754  76.829 0.0000000000
58897  59.569  -5.095  65.287 0.0000000000
60809  59.199  -4.731  65.388 0.0000000000
99764  61.391  -4.586  62.468 0.0000000000
103252  56.687  -13.320  76.559 0.0000000000
113389  47.698  -17.300  86.607 0.0000000000
116375  45.953  -20.471  87.399 0.0000000000
