#!ascii label  , from subject sub-v2s10x30155_ses-1 vox2ras=TkReg
1137
111327  31.094  -45.111  23.833 0.8999999762
24253  31.007  -44.488  23.354 0.8000000119
23391  30.573  -45.666  22.091 0.6999999881
114384  30.495  -45.251  21.369 0.8000000119
23369  31.490  -45.425  24.523 0.8999999762
24252  31.409  -44.489  24.113 1.0000000000
25023  31.272  -43.713  23.677 1.0000000000
24263  30.670  -44.673  22.308 0.8000000119
106588  30.424  -45.365  20.117 0.8000000119
24286  30.391  -44.500  19.931 0.6999999881
99410  30.615  -45.122  19.182 0.6999999881
22454  31.854  -46.161  25.179 0.8000000119
23359  32.143  -45.380  25.229 0.8999999762
22439  32.289  -46.949  25.929 0.8999999762
25012  31.763  -43.744  24.382 1.0000000000
25024  30.814  -43.746  22.863 0.8999999762
106190  31.006  -42.966  23.264 1.0000000000
25035  30.488  -43.782  21.855 0.8999999762
24274  30.444  -44.533  21.090 0.8000000119
115481  30.658  -44.478  19.135 0.6999999881
24228  32.524  -44.690  25.481 0.8999999762
23358  32.716  -45.458  25.942 0.8999999762
22453  32.820  -46.277  26.490 0.8999999762
21597  32.187  -47.928  26.566 0.8999999762
24241  31.945  -44.586  24.762 0.8999999762
25047  30.329  -43.779  20.702 0.8000000119
104598  30.445  -43.807  19.581 0.8000000119
25058  30.771  -43.081  19.117 0.8000000119
25800  31.577  -42.617  18.854 0.8000000119
23343  33.245  -45.491  26.813 0.8999999762
22438  32.735  -47.217  27.112 0.8999999762
20783  32.325  -48.038  27.353 0.8999999762
24981  33.122  -44.064  25.950 0.8999999762
22416  33.045  -46.110  28.054 0.8999999762
22428  32.812  -46.772  28.001 0.8000000119
20784  31.967  -48.390  27.799 0.8000000119
24240  32.372  -43.860  25.074 0.8999999762
22417  32.197  -46.802  28.528 0.6999999881
21586  32.334  -47.657  28.090 0.6999999881
21565  31.494  -48.260  28.362 0.6999999881
107834  32.154  -42.954  24.679 0.8999999762
97993  31.485  -47.367  28.644 0.6999999881
21566  30.617  -47.854  28.776 0.6999999881
22418  30.505  -46.950  28.952 0.6000000238
105139  31.531  -42.967  23.986 1.0000000000
104375  30.505  -42.987  22.436 1.0000000000
101096  30.168  -43.095  21.398 0.8000000119
98621  30.225  -43.107  20.255 0.8000000119
25791  30.096  -42.408  19.932 0.8000000119
25801  30.702  -42.146  19.182 0.8000000119
25792  29.791  -41.713  19.712 0.8000000119
26574  30.334  -41.313  19.217 0.8000000119
114224  33.005  -44.875  26.172 0.8999999762
24214  33.408  -44.690  26.799 0.8999999762
116535  33.428  -45.096  27.248 0.8999999762
23336  33.111  -46.280  27.425 0.8999999762
102485  32.640  -46.186  28.414 0.8999999762
24995  32.746  -43.166  25.434 0.8999999762
101827  31.291  -46.424  28.909 0.6000000238
25729  32.576  -42.513  25.110 1.0000000000
22419  29.549  -46.443  29.055 0.5000000000
25743  31.837  -42.254  24.214 1.0000000000
106447  28.789  -45.853  28.859 0.5000000000
25755  31.263  -42.256  23.591 1.0000000000
25756  30.620  -42.238  22.906 1.0000000000
25768  29.977  -42.225  21.970 0.8999999762
25777  29.717  -42.524  20.904 0.8000000119
26547  29.372  -41.911  21.231 0.8000000119
26537  29.585  -41.291  21.769 0.8999999762
27371  29.062  -40.681  21.195 0.8999999762
26562  29.033  -41.348  20.093 0.8000000119
27398  29.689  -40.542  19.161 0.8000000119
109043  28.808  -40.149  19.395 0.8000000119
108082  30.310  -40.128  18.869 0.8000000119
102100  33.282  -45.003  28.288 0.8999999762
24980  33.636  -43.860  27.060 0.8999999762
23326  32.395  -45.570  28.817 0.6999999881
112334  32.084  -46.150  28.773 0.8000000119
25728  33.104  -42.481  25.651 0.8999999762
24994  33.365  -43.181  26.237 0.8999999762
98979  30.838  -44.938  29.323 0.6999999881
23328  30.563  -45.663  29.188 0.6000000238
23329  29.630  -45.713  29.101 0.6000000238
24200  30.135  -44.241  29.287 0.6999999881
103984  29.853  -44.979  29.233 0.6000000238
25742  32.304  -42.214  24.699 1.0000000000
108885  29.008  -45.070  28.873 0.5000000000
24202  28.493  -44.384  28.538 0.5000000000
26509  32.218  -41.575  24.447 1.0000000000
26510  31.633  -41.561  23.841 1.0000000000
27347  31.410  -40.858  23.446 1.0000000000
26524  30.980  -41.560  23.259 1.0000000000
26525  30.351  -41.483  22.579 0.8999999762
27331  32.066  -40.828  24.055 1.0000000000
27348  30.787  -40.941  22.967 0.8999999762
27359  30.267  -40.684  22.408 0.8999999762
27360  29.673  -40.484  21.817 0.8999999762
27384  28.771  -40.757  20.368 0.8999999762
108239  30.267  -39.810  22.131 0.8999999762
28212  29.320  -39.938  21.408 0.8999999762
27385  28.461  -40.142  19.926 0.8999999762
28224  28.791  -39.361  20.858 0.8999999762
23342  33.536  -44.655  27.669 0.8999999762
24198  32.824  -44.809  28.868 0.8999999762
24197  33.381  -44.336  28.473 0.8999999762
24199  31.889  -44.919  29.236 0.8000000119
110011  33.756  -43.275  27.809 0.8999999762
23327  31.557  -45.634  29.080 0.6999999881
25716  33.584  -42.418  26.479 0.8999999762
24187  31.126  -44.195  29.389 0.6999999881
24201  29.290  -44.309  28.900 0.5000000000
106704  32.765  -41.778  25.125 1.0000000000
98571  28.844  -43.635  28.555 0.5000000000
27314  32.726  -40.802  24.763 1.0000000000
27330  32.516  -40.064  24.200 1.0000000000
27346  31.897  -40.088  23.571 1.0000000000
28203  31.707  -39.272  23.162 0.8999999762
28211  31.012  -39.213  22.535 0.8999999762
117799  30.500  -39.156  22.133 0.8999999762
31481  31.856  -35.523  20.474 0.6999999881
31491  31.030  -35.563  20.067 0.8000000119
30714  31.423  -36.315  20.174 0.8000000119
108724  30.493  -36.351  19.570 0.8000000119
111618  33.703  -43.033  27.022 0.8999999762
25692  33.654  -42.729  28.507 1.0000000000
24962  33.477  -43.554  28.566 1.0000000000
24963  33.005  -43.884  29.074 1.0000000000
24186  32.178  -44.123  29.312 0.6999999881
24951  31.360  -43.429  29.466 0.6999999881
26495  33.417  -41.750  25.857 0.8999999762
24952  30.404  -43.538  29.328 0.6999999881
112836  29.259  -42.950  28.663 0.6000000238
107099  33.213  -41.120  25.403 0.8999999762
104803  33.660  -40.971  26.040 0.8999999762
24966  28.013  -43.669  28.173 0.4000000060
28202  32.376  -39.324  23.765 1.0000000000
29022  32.209  -38.539  23.401 1.0000000000
29928  28.551  -37.575  18.717 0.8999999762
33199  33.522  -33.724  20.584 0.6000000238
32282  32.323  -34.708  20.535 0.6000000238
32283  31.469  -34.795  20.274 0.8000000119
108725  30.298  -37.154  19.323 0.8999999762
29927  29.518  -37.648  18.864 0.8999999762
26483  33.823  -41.623  26.728 0.8999999762
25706  33.866  -42.365  27.529 0.8999999762
25680  31.539  -42.629  29.503 0.8000000119
117103  29.874  -43.026  29.133 0.6999999881
24965  28.471  -42.920  28.239 0.4000000060
27313  33.400  -40.286  25.374 1.0000000000
27329  33.021  -39.991  24.714 1.0000000000
28187  32.930  -39.342  24.369 1.0000000000
29006  32.807  -38.595  23.975 1.0000000000
107559  32.619  -37.854  23.589 1.0000000000
107422  32.088  -37.852  23.156 1.0000000000
29929  27.814  -37.811  19.274 0.8999999762
29918  27.517  -37.086  19.178 0.8999999762
29945  27.490  -37.186  19.034 0.8999999762
31493  29.377  -36.107  18.981 0.8999999762
30724  29.052  -36.902  18.685 0.8999999762
34171  34.321  -32.273  19.962 0.6000000238
34154  33.883  -33.009  20.300 0.6000000238
101877  32.740  -33.898  20.425 0.6000000238
33200  31.908  -33.997  20.235 0.8000000119
32300  30.716  -34.916  19.959 0.8000000119
25693  33.145  -43.006  29.123 0.8999999762
25679  32.534  -42.400  29.429 0.6999999881
25678  33.365  -42.044  29.120 0.8999999762
114631  30.591  -42.815  29.364 0.6000000238
27283  34.046  -40.775  26.834 1.0000000000
26469  34.078  -41.341  27.714 1.0000000000
25681  30.752  -42.058  29.365 0.6000000238
117879  29.838  -42.296  28.961 0.6000000238
26452  29.486  -41.506  28.626 0.5000000000
28172  33.828  -39.509  25.691 1.0000000000
27301  33.909  -40.174  26.191 1.0000000000
28186  33.431  -39.431  24.975 1.0000000000
29005  33.403  -38.650  24.589 1.0000000000
29863  33.257  -37.861  24.136 1.0000000000
29878  31.695  -37.365  22.782 1.0000000000
29889  30.925  -37.570  22.234 1.0000000000
29890  30.257  -37.324  21.735 1.0000000000
29900  29.597  -37.606  21.281 0.8999999762
29036  30.172  -38.093  21.670 0.8999999762
108384  28.001  -38.042  19.929 0.8999999762
30741  27.529  -36.827  18.844 0.8999999762
101299  29.191  -35.312  19.116 0.8999999762
36092  35.354  -30.830  19.088 0.6000000238
102551  34.824  -31.513  19.582 0.6000000238
34172  33.490  -32.418  19.823 0.6000000238
33219  33.100  -33.140  20.186 0.6000000238
33221  30.940  -34.108  19.996 0.8000000119
26450  33.802  -41.325  28.681 0.8999999762
26433  32.579  -41.510  29.451 0.6999999881
26435  30.877  -41.242  29.398 0.6000000238
27282  34.206  -40.440  27.580 0.8999999762
26451  30.173  -41.570  29.095 0.6000000238
28158  34.203  -39.465  26.449 0.8999999762
28995  33.894  -38.768  25.308 1.0000000000
29851  33.968  -37.861  24.905 1.0000000000
29876  32.921  -37.102  23.707 1.0000000000
30664  32.502  -36.408  23.313 1.0000000000
29877  32.301  -37.184  23.235 1.0000000000
30678  30.595  -36.690  22.009 1.0000000000
30696  29.751  -36.717  21.457 1.0000000000
30697  28.885  -36.512  20.801 0.8999999762
29916  28.348  -37.225  20.320 0.8999999762
30725  27.304  -36.670  19.030 0.8999999762
32303  27.103  -34.894  18.835 0.8999999762
108252  34.624  -30.972  19.148 0.6000000238
35120  33.962  -31.566  19.399 0.6000000238
34173  32.663  -32.578  19.764 0.6000000238
112021  31.968  -32.765  19.738 0.6999999881
115946  30.807  -33.386  19.721 0.6999999881
32301  29.851  -34.615  19.536 0.8000000119
32302  28.329  -34.793  18.904 0.8999999762
36124  35.353  -30.289  17.685 0.6000000238
115111  30.183  -33.833  19.624 0.6999999881
33222  29.069  -33.956  19.333 0.8999999762
27245  31.761  -40.948  29.516 0.6999999881
27259  33.801  -40.013  28.734 0.8999999762
99083  33.658  -40.705  28.887 0.8000000119
27244  32.612  -40.655  29.437 0.6999999881
27300  34.221  -40.006  26.940 0.8999999762
27258  34.192  -40.060  28.121 0.8000000119
28980  34.207  -38.940  25.995 1.0000000000
28979  34.471  -38.728  26.807 0.8000000119
28994  34.447  -38.168  25.894 0.8999999762
29862  33.604  -37.062  24.278 1.0000000000
30663  33.205  -36.338  23.763 1.0000000000
102630  31.493  -36.104  22.635 1.0000000000
30677  31.274  -36.706  22.478 1.0000000000
102935  30.219  -35.939  21.809 1.0000000000
99907  27.862  -36.351  20.092 0.8999999762
30715  27.410  -36.523  19.312 0.8999999762
32304  26.954  -35.315  18.987 0.8999999762
35121  33.011  -31.799  19.384 0.6000000238
34174  31.161  -32.644  19.542 0.6999999881
33223  27.554  -34.120  18.862 0.8999999762
36136  35.073  -30.394  16.770 0.6000000238
111680  34.734  -30.123  18.003 0.6000000238
27246  31.033  -40.305  29.440 0.6000000238
28112  33.718  -39.182  28.872 0.8000000119
110697  33.329  -39.672  29.203 0.8000000119
28113  32.718  -39.846  29.411 0.6999999881
106654  31.921  -40.138  29.498 0.6999999881
28964  34.544  -38.217  27.658 0.6999999881
28121  34.212  -39.433  28.274 0.8000000119
101547  34.691  -37.818  26.880 0.6999999881
29836  34.762  -37.417  26.203 0.6999999881
29850  34.503  -37.434  25.518 0.8000000119
103245  34.325  -36.950  24.920 0.8000000119
30650  33.938  -36.301  24.324 0.8000000119
31426  34.324  -35.600  24.331 0.8000000119
31437  33.570  -35.659  23.807 0.8999999762
31438  32.728  -35.555  23.305 1.0000000000
31439  32.000  -35.832  22.903 1.0000000000
103106  30.926  -36.012  22.308 1.0000000000
31469  29.783  -35.195  21.630 1.0000000000
31450  31.365  -35.462  22.526 1.0000000000
102096  29.381  -35.872  21.295 1.0000000000
31470  28.849  -35.176  21.077 1.0000000000
30698  28.571  -35.827  20.733 0.8999999762
31482  27.769  -35.303  20.298 0.8999999762
31483  27.265  -35.746  19.412 0.8999999762
32285  27.042  -34.886  19.430 0.8999999762
36109  34.081  -30.260  18.269 0.6000000238
35140  33.445  -30.971  18.913 0.6000000238
35122  32.018  -32.001  19.407 0.6999999881
34175  30.326  -32.169  19.291 0.6999999881
105089  29.931  -33.108  19.421 0.6999999881
110357  28.329  -33.334  19.145 0.8999999762
34177  27.364  -32.807  18.936 0.8999999762
28947  33.563  -38.454  28.955 0.6999999881
28934  32.986  -38.982  29.342 0.6000000238
28114  31.989  -39.306  29.500 0.6000000238
28115  30.993  -39.368  29.422 0.6000000238
29807  34.420  -37.805  28.165 0.6999999881
28948  32.941  -37.971  29.260 0.6000000238
29825  34.649  -37.460  27.647 0.6999999881
30625  35.004  -36.860  26.999 0.6999999881
30638  34.933  -36.718  25.779 0.6999999881
32239  33.339  -34.967  23.446 0.8000000119
31449  31.995  -34.987  22.756 1.0000000000
32240  32.683  -34.809  23.046 0.8000000119
32254  31.167  -34.633  22.318 1.0000000000
31451  30.619  -35.281  22.119 1.0000000000
32270  30.233  -34.554  21.836 1.0000000000
33190  28.679  -33.822  21.116 1.0000000000
32272  28.275  -34.522  20.775 1.0000000000
32284  27.381  -34.548  20.167 1.0000000000
35141  32.517  -31.160  18.876 0.6000000238
104295  26.761  -34.399  19.035 0.8999999762
36125  34.512  -29.934  17.413 0.6000000238
36110  33.066  -30.332  18.327 0.6000000238
33224  26.754  -33.922  18.937 0.8999999762
110805  31.583  -31.302  18.876 0.6999999881
35124  29.525  -31.628  19.086 0.6999999881
28936  31.526  -38.558  29.453 0.5000000000
29808  33.860  -37.622  28.683 0.6000000238
29809  33.014  -37.013  29.100 0.5000000000
108677  34.700  -36.906  27.725 0.6999999881
30591  34.436  -37.210  28.185 0.6999999881
30637  35.245  -36.062  26.445 0.6999999881
31416  35.174  -35.827  25.637 0.6999999881
31425  35.043  -35.375  24.939 0.6999999881
32229  34.022  -35.120  23.825 0.8000000119
33177  33.745  -33.697  22.973 0.8000000119
32252  33.170  -34.303  23.028 0.8000000119
115719  31.753  -34.428  22.514 0.8999999762
109823  32.248  -33.554  22.348 0.8000000119
33179  31.565  -33.884  22.267 0.8999999762
33189  30.692  -33.927  21.917 1.0000000000
107341  29.733  -33.839  21.603 1.0000000000
32271  29.268  -34.491  21.415 1.0000000000
33201  27.570  -33.903  20.476 1.0000000000
33202  26.721  -33.171  20.097 0.8999999762
99901  26.913  -34.040  19.629 0.8999999762
33225  26.496  -33.349  19.238 0.8999999762
33203  26.326  -32.723  19.613 0.8999999762
34178  26.444  -32.901  18.955 0.8999999762
36126  33.602  -29.798  17.617 0.6000000238
35123  30.661  -31.437  18.949 0.6999999881
35125  28.035  -31.856  19.066 0.8000000119
36138  33.704  -29.756  16.123 0.6000000238
35142  31.010  -30.738  18.530 0.6999999881
35143  29.989  -30.915  18.652 0.6999999881
35126  26.420  -32.101  18.892 0.8999999762
35144  28.627  -31.068  18.750 0.6999999881
30592  33.929  -36.779  28.534 0.5000000000
116465  32.515  -37.463  29.316 0.5000000000
98855  34.460  -36.640  28.117 0.6999999881
102751  33.249  -36.200  28.708 0.5000000000
30613  34.772  -36.318  27.641 0.6999999881
31407  35.302  -35.440  26.759 0.6999999881
30612  35.150  -36.041  27.116 0.6999999881
31415  35.387  -35.456  26.147 0.6999999881
31424  35.401  -35.058  25.600 0.6999999881
33160  35.127  -34.002  24.234 0.6999999881
32228  34.708  -34.860  24.276 0.6999999881
32238  34.127  -34.376  23.564 0.8000000119
33178  32.932  -33.653  22.603 0.8000000119
33188  31.106  -33.372  21.817 0.8999999762
34141  30.337  -33.229  21.617 1.0000000000
34142  29.252  -33.052  21.271 1.0000000000
34132  32.726  -32.920  22.153 0.8000000119
34133  31.798  -33.133  21.919 0.8000000119
112265  30.120  -32.594  21.376 0.8999999762
34155  28.472  -32.534  20.836 1.0000000000
34143  27.967  -33.188  20.713 1.0000000000
35091  29.432  -32.207  21.003 0.8999999762
34156  27.265  -32.451  20.533 1.0000000000
112884  25.843  -31.829  19.510 1.0000000000
35127  25.709  -31.860  18.978 0.8999999762
105572  32.005  -30.434  18.347 0.6999999881
35128  25.543  -31.555  19.232 0.8999999762
36127  32.659  -29.775  17.744 0.6000000238
37139  32.179  -29.410  17.086 0.6000000238
35146  25.463  -31.320  18.926 0.8999999762
110665  31.220  -30.014  18.110 0.6999999881
36111  30.366  -30.218  18.304 0.6999999881
36112  29.231  -30.320  18.404 0.6999999881
35145  26.863  -31.276  18.748 0.8000000119
36114  25.591  -30.602  18.608 0.8000000119
37128  24.829  -29.777  18.421 0.8999999762
36113  27.598  -30.441  18.448 0.6999999881
30614  34.183  -35.997  28.259 0.5000000000
31395  34.830  -35.438  27.548 0.6999999881
32219  35.497  -34.261  25.651 0.6999999881
109306  35.432  -34.840  26.257 0.6999999881
33159  35.573  -33.553  24.946 0.6999999881
33153  35.481  -33.403  25.816 0.6999999881
32227  35.370  -34.540  24.946 0.6999999881
33166  35.538  -33.086  24.087 0.6999999881
34124  35.107  -32.769  23.283 0.6999999881
33167  34.672  -33.520  23.471 0.6999999881
33176  34.212  -33.045  22.820 0.8000000119
112711  33.448  -33.183  22.552 0.8000000119
34139  32.040  -32.337  21.651 0.8000000119
34138  33.046  -32.020  21.711 0.8000000119
108695  32.237  -31.561  21.354 0.8000000119
34140  31.045  -32.620  21.556 0.8000000119
35108  28.288  -31.694  20.719 0.8999999762
35105  31.662  -31.093  20.940 0.8000000119
35089  31.362  -31.772  21.308 0.8000000119
35109  26.660  -31.618  20.312 1.0000000000
37154  32.367  -29.139  16.157 0.6000000238
35110  25.799  -31.521  19.696 1.0000000000
37124  30.626  -29.691  17.900 0.6999999881
37125  29.744  -29.654  18.048 0.6999999881
35147  25.214  -31.154  19.039 0.8999999762
36084  25.248  -31.016  19.249 1.0000000000
37126  28.375  -29.632  18.167 0.8000000119
37127  26.363  -29.784  18.175 0.8000000119
34123  35.653  -32.385  23.699 0.6999999881
34129  35.459  -32.087  23.069 0.6999999881
34130  34.591  -32.372  22.604 0.6999999881
35078  35.068  -31.683  22.393 0.6999999881
35079  34.088  -31.895  22.013 0.8000000119
34131  33.660  -32.574  22.301 0.8000000119
116055  32.923  -31.337  21.332 0.8000000119
35088  33.675  -31.348  21.506 0.8000000119
36071  32.476  -30.933  20.997 0.8000000119
35107  29.724  -31.408  20.786 0.8999999762
35106  30.765  -31.249  20.854 0.8000000119
37101  29.551  -30.049  20.127 0.8999999762
37155  31.616  -29.038  16.486 0.6000000238
36081  28.929  -30.756  20.522 0.8999999762
36093  28.184  -30.085  20.017 0.8999999762
36083  25.949  -30.998  19.854 1.0000000000
38086  31.583  -29.069  15.649 0.6000000238
36095  25.131  -30.368  19.250 0.8999999762
37142  29.051  -29.007  17.440 0.6999999881
37118  24.680  -29.763  19.024 0.8999999762
37143  27.286  -29.033  17.672 0.8000000119
34110  35.539  -32.508  25.318 0.6999999881
34117  35.781  -32.213  24.362 0.6999999881
35086  35.560  -30.977  22.189 0.6999999881
35087  34.650  -31.232  21.753 0.6999999881
36079  31.121  -30.573  20.520 0.8000000119
36080  30.149  -30.659  20.519 0.8000000119
37100  30.579  -30.024  20.143 0.8000000119
36082  27.315  -30.899  20.446 0.8999999762
37140  31.269  -29.407  17.381 0.6000000238
109461  28.996  -29.274  19.629 0.8999999762
37116  27.221  -29.368  19.643 0.8999999762
36094  26.495  -30.212  19.808 0.8999999762
112492  31.124  -28.753  15.932 0.6000000238
37141  30.302  -29.226  17.366 0.6999999881
37117  25.369  -29.560  19.337 0.8999999762
37129  24.748  -29.512  18.581 0.8000000119
38079  26.056  -28.414  17.230 0.6999999881
37144  25.050  -29.173  17.847 0.8000000119
35077  35.918  -31.378  22.919 0.6999999881
36078  31.997  -30.455  20.544 0.8000000119
37099  31.471  -29.926  20.139 0.8000000119
37115  30.936  -29.419  19.698 0.8000000119
116341  30.102  -29.535  19.754 0.8000000119
38052  27.866  -28.636  19.307 0.8999999762
37156  30.839  -28.873  16.632 0.6000000238
38053  25.982  -28.756  19.217 0.8999999762
38077  29.950  -28.617  16.660 0.6999999881
115082  29.020  -28.451  16.642 0.6999999881
105832  26.474  -27.812  16.473 0.6999999881
38068  24.566  -28.489  18.119 0.8000000119
38080  24.655  -28.336  17.689 0.8000000119
37145  24.585  -29.104  18.056 0.8000000119
38090  25.142  -27.683  16.894 0.8000000119
35076  36.251  -31.000  23.511 0.6999999881
38098  30.683  -28.996  15.426 0.6000000238
117763  29.160  -28.566  19.197 0.8000000119
38066  27.003  -28.124  18.800 0.8999999762
38099  29.595  -28.816  15.136 0.6000000238
101130  26.279  -27.619  18.451 0.8999999762
38078  27.841  -28.398  17.029 0.8000000119
38067  25.128  -28.147  18.541 0.8999999762
39096  24.559  -27.871  17.868 0.8000000119
38091  24.856  -27.604  17.361 0.8000000119
40083  25.037  -27.143  16.917 0.8000000119
38088  29.415  -28.272  15.916 0.6999999881
109300  28.567  -28.116  18.740 0.8000000119
38100  28.392  -28.460  14.842 0.5000000000
108579  28.164  -27.993  16.169 0.6000000238
38101  27.742  -28.111  14.532 0.6000000238
38089  27.192  -27.751  15.440 0.6999999881
39081  25.206  -27.543  18.062 0.8000000119
39113  26.681  -27.383  15.150 0.6000000238
39106  25.170  -27.071  16.393 0.6999999881
40054  24.747  -27.573  17.653 0.8000000119
39114  25.587  -26.976  15.684 0.6000000238
39080  27.709  -27.563  18.371 0.8000000119
39094  28.062  -27.182  17.706 0.8000000119
39095  26.598  -27.219  17.963 0.8999999762
38109  28.004  -28.427  14.133 0.6000000238
40095  25.458  -26.553  15.994 0.8000000119
40067  25.384  -27.075  17.434 0.8000000119
40082  25.684  -26.599  16.674 0.8000000119
39124  25.546  -26.568  15.744 0.6000000238
39093  29.170  -27.105  17.334 0.8000000119
40066  26.809  -26.740  17.320 0.8000000119
39122  27.294  -27.623  14.450 0.6000000238
39123  26.271  -26.753  15.013 0.6000000238
41067  25.937  -25.800  15.224 0.6999999881
40094  26.096  -25.992  15.905 0.8000000119
40115  26.195  -25.250  14.398 0.6000000238
41087  26.220  -25.160  14.517 0.6000000238
41086  26.221  -24.986  14.533 0.6999999881
39134  27.120  -26.926  14.094 0.6000000238
40114  26.749  -25.833  13.897 0.6000000238
39104  29.923  -26.941  16.995 0.8000000119
40065  28.170  -26.763  17.141 0.8000000119
39132  28.358  -28.006  13.708 0.6000000238
40080  29.031  -26.569  16.596 0.8000000119
41066  26.782  -25.395  15.218 0.8000000119
40093  27.994  -25.986  15.878 0.8000000119
40112  28.731  -26.926  13.275 0.6000000238
39133  27.676  -27.815  13.945 0.6000000238
110744  29.894  -26.897  13.105 0.5000000000
108287  27.910  -27.329  13.604 0.6000000238
40113  27.690  -26.448  13.431 0.6000000238
41088  26.193  -24.683  14.169 0.6000000238
40130  28.220  -25.690  12.904 0.6000000238
41099  27.260  -25.515  13.348 0.6000000238
41100  26.446  -24.691  13.757 0.6000000238
42118  26.510  -24.300  13.797 0.6000000238
40092  29.570  -26.149  15.786 0.8000000119
40079  30.268  -26.609  16.446 0.8000000119
41064  30.162  -25.638  15.200 0.6999999881
41065  28.645  -25.437  15.100 0.6999999881
40129  29.354  -26.043  12.711 0.6000000238
42098  26.443  -24.351  14.058 0.6000000238
41085  27.213  -24.770  14.603 0.6000000238
41111  29.825  -25.303  12.370 0.5000000000
41112  28.905  -25.151  12.404 0.5000000000
41113  27.179  -24.729  12.974 0.6000000238
41114  26.602  -23.949  13.176 0.6000000238
42134  30.176  -24.599  12.052 0.5000000000
41084  29.613  -25.015  14.607 0.6000000238
111006  28.482  -24.762  14.514 0.6000000238
42097  27.500  -24.134  14.071 0.6000000238
108220  28.909  -24.236  14.121 0.6000000238
42135  29.280  -24.496  12.081 0.5000000000
106855  27.284  -24.047  12.594 0.6000000238
42137  27.657  -23.421  12.392 0.6000000238
43056  26.817  -23.607  13.165 0.6000000238
42117  26.816  -23.727  13.522 0.6000000238
42155  28.581  -23.649  11.910 0.6000000238
42153  30.453  -23.897  11.652 0.5000000000
42154  29.521  -23.861  11.655 0.5000000000
43076  30.719  -23.141  11.254 0.4000000060
43077  29.738  -23.157  11.287 0.5000000000
42096  30.162  -24.387  14.235 0.6000000238
43061  27.459  -22.964  12.741 0.6000000238
43055  27.269  -23.032  13.125 0.6000000238
42115  29.376  -23.510  13.669 0.6000000238
43079  27.993  -22.793  11.978 0.6000000238
44073  28.210  -22.252  12.160 0.6000000238
43078  28.840  -23.032  11.508 0.5000000000
113402  29.077  -22.458  11.153 0.6000000238
44090  29.905  -22.277  10.778 0.5000000000
44058  27.855  -22.528  12.698 0.6000000238
100255  29.147  -22.691  13.270 0.5000000000
44057  28.560  -22.262  12.806 0.5000000000
44092  28.494  -22.230  11.564 0.6000000238
43044  30.718  -23.824  13.876 0.4000000060
106964  28.309  -22.097  12.297 0.5000000000
44091  28.847  -21.558  10.952 0.4000000060
45136  28.566  -21.681  11.604 0.6000000238
100294  28.533  -21.641  11.807 0.6000000238
44072  28.977  -21.682  12.332 0.4000000060
44108  29.611  -21.172  10.279 0.4000000060
45160  29.151  -20.583  10.553 0.4000000060
44056  29.648  -22.303  13.056 0.4000000060
45145  28.797  -21.131  11.240 0.4000000060
45135  28.867  -21.030  11.573 0.4000000060
104826  30.337  -20.884  9.831 0.4000000060
46091  29.000  -20.649  10.976 0.4000000060
44055  31.765  -22.510  13.409 0.4000000060
107111  30.714  -22.587  13.318 0.4000000060
45159  29.767  -20.346  9.889 0.4000000060
46102  29.379  -20.116  10.522 0.4000000060
46090  29.402  -20.422  11.276 0.4000000060
45133  30.951  -21.167  12.481 0.4000000060
44071  30.494  -21.841  12.805 0.4000000060
46116  29.610  -19.800  9.979 0.3000000119
45134  29.738  -20.978  12.119 0.4000000060
45120  31.752  -21.644  12.959 0.4000000060
109573  31.050  -37.086  19.739 0.8000000119
29074  28.748  -38.313  18.829 0.8999999762
29073  29.749  -38.702  18.860 0.8999999762
27358  31.082  -40.128  22.887 0.8999999762
29023  31.526  -38.340  22.758 1.0000000000
101075  28.653  -40.094  20.627 0.8999999762
28223  29.908  -39.057  21.614 0.8999999762
28238  28.319  -39.472  20.093 0.8999999762
29035  30.704  -38.565  22.177 1.0000000000
29075  28.248  -38.559  19.232 0.8999999762
29901  28.792  -37.879  20.643 0.8999999762
43053  30.212  -23.057  13.485 0.4000000060
43043  31.683  -23.912  14.153 0.4000000060
116921  32.409  -46.064  25.721 0.8999999762
25778  29.362  -41.915  20.496 0.8000000119
26548  29.036  -41.382  20.871 0.8999999762
26575  29.459  -41.154  19.535 0.8000000119
28239  28.458  -39.407  19.520 0.8999999762
28254  29.408  -39.668  18.949 0.8000000119
24972  33.714  -43.969  27.975 0.8999999762
24964  29.585  -43.607  28.996 0.6000000238
109354  31.842  -37.072  20.304 0.6999999881
31492  30.167  -35.467  19.581 0.8000000119
98540  33.871  -41.992  28.376 0.8999999762
29085  28.119  -38.003  18.937 0.8999999762
32281  33.216  -34.633  20.859 0.6000000238
30723  29.764  -36.831  19.086 0.8999999762
26434  31.660  -41.804  29.507 0.6999999881
25694  28.978  -42.219  28.397 0.4000000060
29063  28.094  -38.697  19.700 0.8999999762
31514  27.765  -36.300  18.685 0.8999999762
31494  28.140  -35.650  18.695 0.8999999762
33220  32.328  -33.267  20.067 0.6999999881
107619  31.548  -33.341  19.907 0.6999999881
26432  33.277  -41.114  29.221 0.8000000119
26449  34.033  -40.662  28.309 0.8999999762
30665  31.892  -36.584  22.888 1.0000000000
29047  29.243  -38.474  21.093 0.8999999762
99494  29.148  -37.176  20.890 0.8999999762
29048  28.349  -38.754  20.326 0.8999999762
31515  27.281  -36.329  18.921 0.8999999762
110520  34.448  -39.019  27.675 0.8000000119
28122  30.356  -39.910  29.141 0.5000000000
31495  27.159  -36.064  19.023 0.8999999762
110940  31.182  -31.906  19.228 0.6999999881
110817  27.069  -33.542  18.840 0.8999999762
34176  29.010  -32.447  19.265 0.8000000119
115558  31.470  -39.777  29.480 0.6000000238
28946  34.211  -38.535  28.388 0.8000000119
30649  34.675  -36.164  24.955 0.6999999881
32253  32.322  -34.230  22.657 0.8999999762
30580  31.999  -37.029  29.386 0.5000000000
34158  26.068  -32.269  19.255 0.8999999762
31375  33.302  -35.493  28.488 0.5000000000
36096  24.889  -30.435  18.914 0.8999999762
31396  33.995  -35.048  28.139 0.5000000000
32198  35.216  -34.692  26.986 0.6999999881
35090  30.430  -31.956  21.182 0.8999999762
35068  35.947  -31.733  23.642 0.6999999881
36077  32.839  -30.345  20.589 0.8000000119
38054  24.769  -29.055  18.861 0.8999999762
35062  36.056  -31.314  24.208 0.6000000238
39105  25.732  -27.361  15.944 0.6999999881
113078  25.715  -26.198  15.606 0.6999999881
40102  26.316  -26.085  14.519 0.6000000238
40103  25.890  -25.887  15.107 0.6000000238
42099  26.199  -24.664  14.154 0.6000000238
109869  28.021  -24.827  12.549 0.6000000238
43054  28.124  -22.708  13.183 0.6000000238
43052  31.273  -23.252  13.661 0.4000000060
44054  32.697  -21.997  13.353 0.4000000060
108037  28.807  -38.985  18.997 0.8999999762
20097  30.737  -49.582  21.969 0.4000000060
20098  29.852  -49.605  21.716 0.4000000060
105698  28.796  -49.610  21.565 0.4000000060
20107  30.362  -49.044  21.178 0.4000000060
20108  29.497  -48.935  21.073 0.4000000060
20877  30.543  -47.873  20.109 0.3000000119
21679  30.845  -47.337  19.665 0.4000000060
22517  31.068  -46.766  19.208 0.4000000060
22527  31.198  -46.050  18.866 0.4000000060
20863  29.417  -48.258  20.958 0.5000000000
99687  28.566  -48.741  21.272 0.4000000060
20878  30.048  -47.883  20.283 0.4000000060
21680  30.513  -47.487  19.914 0.5000000000
108463  30.676  -47.006  19.507 0.4000000060
22528  30.891  -46.340  19.004 0.4000000060
23423  31.305  -45.275  18.660 0.5000000000
24296  31.903  -44.819  18.880 0.6000000238
24285  32.315  -44.812  19.533 0.5000000000
112369  32.264  -43.946  18.986 0.6000000238
25776  32.489  -43.061  19.850 0.4000000060
21664  29.595  -47.832  21.020 0.5000000000
21665  28.221  -48.122  21.667 0.5000000000
20864  27.486  -48.462  21.589 0.5000000000
21666  26.840  -47.776  21.911 0.5000000000
22504  30.008  -47.155  21.124 0.6000000238
21663  30.277  -47.455  20.174 0.5000000000
22503  30.326  -46.814  20.293 0.5000000000
23414  30.548  -46.302  19.610 0.4000000060
113998  30.676  -45.806  19.145 0.6000000238
23424  30.925  -45.638  18.736 0.6000000238
101755  30.930  -44.890  18.662 0.6000000238
24297  31.508  -44.447  18.616 0.6000000238
25069  31.692  -43.535  18.658 0.6000000238
25068  32.154  -42.969  18.976 0.6000000238
25790  32.413  -42.284  19.623 0.6000000238
114317  29.661  -47.302  21.868 0.5000000000
21648  28.732  -47.596  22.130 0.5000000000
21649  27.397  -47.631  22.230 0.5000000000
21650  26.611  -47.652  22.149 0.5000000000
22488  30.310  -46.428  21.631 0.6000000238
23404  30.416  -46.006  20.873 0.5000000000
24298  30.967  -44.080  18.805 0.6000000238
25799  32.007  -42.111  19.056 0.6000000238
26572  31.960  -41.422  19.167 0.6999999881
21635  29.357  -47.128  22.846 0.6000000238
21636  28.168  -47.394  22.894 0.5000000000
21637  27.025  -47.653  22.561 0.5000000000
22489  30.075  -46.696  22.503 0.6000000238
20832  27.653  -47.692  23.191 0.5000000000
20833  27.432  -48.528  23.575 0.5000000000
26573  31.334  -41.645  18.987 0.6999999881
99962  29.203  -47.306  23.373 0.6000000238
21624  28.697  -47.654  23.572 0.6000000238
113825  30.360  -46.372  23.541 0.6000000238
21623  29.567  -47.489  24.100 0.6000000238
20820  29.285  -48.234  24.311 0.6000000238
20821  28.379  -48.357  23.903 0.6000000238
20071  28.166  -49.331  24.256 0.5000000000
22476  30.496  -46.068  22.851 0.6000000238
20059  28.857  -50.041  25.037 0.6000000238
27396  31.580  -40.853  19.073 0.6999999881
22477  29.906  -46.869  23.708 0.6000000238
20819  30.178  -48.148  24.723 0.6000000238
22465  30.574  -46.630  24.238 0.6000000238
21622  30.333  -47.354  24.489 0.6000000238
20058  29.925  -48.961  24.977 0.6000000238
20070  29.076  -49.140  24.556 0.6000000238
113167  29.572  -49.620  25.195 0.6000000238
23380  30.770  -45.319  23.111 0.6000000238
107597  31.092  -40.158  18.955 0.6999999881
28253  30.492  -39.482  18.942 0.6999999881
23370  30.811  -45.879  23.904 0.6000000238
21610  30.810  -47.855  25.042 0.6999999881
21621  31.018  -47.152  24.847 0.6999999881
22464  31.233  -46.368  24.640 0.6999999881
21609  31.540  -47.749  25.617 0.6999999881
20810  30.933  -48.773  25.631 0.6999999881
20057  30.307  -49.661  25.701 0.6999999881
20798  31.473  -49.081  26.595 0.6000000238
29926  30.525  -37.852  19.328 0.8000000119
107454  31.563  -46.869  25.236 0.6999999881
20809  31.675  -48.503  26.300 0.6999999881
19186  30.434  -50.387  27.198 0.5000000000
20797  31.904  -48.707  27.123 0.6999999881
20046  31.424  -49.330  27.195 0.6000000238
20033  30.922  -49.785  27.578 0.6000000238
38051  30.207  -28.827  19.311 0.6999999881
36069  34.204  -30.709  21.238 0.6999999881
36070  33.280  -30.824  21.073 0.6999999881
37098  32.331  -29.819  20.165 0.6999999881
37114  31.829  -29.342  19.695 0.6999999881
38050  31.308  -28.797  19.274 0.6999999881
38065  29.794  -28.199  18.700 0.6999999881
37097  33.206  -29.736  20.199 0.6999999881
37113  32.709  -29.280  19.710 0.6999999881
112178  35.944  -30.278  22.007 0.6000000238
38064  30.830  -28.297  18.725 0.6999999881
39078  30.418  -27.744  18.190 0.6999999881
36068  35.157  -30.546  21.519 0.6000000238
36075  34.739  -30.074  20.864 0.6000000238
37096  34.197  -29.611  20.257 0.6000000238
38048  33.090  -28.777  19.288 0.6999999881
38049  32.222  -28.792  19.267 0.6999999881
39077  31.358  -27.841  18.197 0.6999999881
39091  31.001  -27.459  17.625 0.6999999881
39092  30.119  -27.324  17.557 0.6999999881
99783  35.609  -29.815  21.328 0.6000000238
37111  34.522  -28.977  19.779 0.5000000000
38047  33.908  -28.690  19.299 0.6000000238
38062  32.725  -28.342  18.763 0.5000000000
114521  31.743  -27.515  17.696 0.6999999881
39102  31.592  -27.166  17.099 0.6999999881
46115  32.388  -20.208  9.338 0.3000000119
45173  31.606  -20.244  9.219 0.3000000119
19251  29.422  -50.249  22.279 0.3000000119
20106  31.093  -49.128  21.507 0.3000000119
20876  31.252  -47.830  20.207 0.4000000060
20109  27.972  -49.265  21.460 0.4000000060
21678  31.492  -47.186  19.803 0.4000000060
22516  31.769  -46.415  19.478 0.4000000060
23422  31.843  -45.560  19.034 0.5000000000
24273  32.566  -43.931  20.314 0.4000000060
20865  26.410  -48.065  21.806 0.5000000000
26561  32.436  -41.555  19.651 0.6000000238
21651  26.340  -47.745  22.265 0.5000000000
115753  26.709  -47.848  22.889 0.5000000000
20084  26.459  -48.681  23.286 0.5000000000
27383  32.366  -40.803  19.588 0.6000000238
19224  27.861  -50.202  24.638 0.4000000060
28251  31.947  -40.102  19.446 0.6999999881
19212  29.719  -50.227  25.739 0.5000000000
29072  30.951  -38.637  19.341 0.6999999881
19199  30.312  -50.229  26.355 0.5000000000
29915  31.447  -37.836  19.816 0.8000000119
19187  29.809  -50.944  27.626 0.5000000000
20022  30.721  -49.633  28.159 0.6000000238
32209  35.364  -34.067  26.386 0.6000000238
36059  36.227  -30.563  22.768 0.6000000238
37093  36.075  -29.057  21.222 0.5000000000
38046  35.381  -28.421  19.769 0.5000000000
38059  35.146  -27.952  18.987 0.5000000000
39075  33.459  -27.910  18.321 0.5000000000
101641  33.113  -27.476  17.715 0.5000000000
40077  32.367  -26.692  16.612 0.5000000000
40090  31.800  -26.184  15.895 0.5000000000
46114  33.132  -19.924  9.683 0.3000000119
45174  30.654  -20.283  9.439 0.3000000119
27397  30.761  -40.766  18.934 0.6999999881
36076  33.749  -30.245  20.671 0.6999999881
39079  29.208  -27.561  18.136 0.6999999881
40091  30.766  -26.206  15.814 0.6000000238
29914  32.221  -37.830  20.356 0.6999999881
20862  30.081  -48.393  20.563 0.4000000060
20861  30.965  -48.514  20.776 0.3000000119
23413  32.343  -45.631  19.945 0.3000000119
105343  32.762  -43.047  21.071 0.4000000060
107253  26.935  -49.330  21.639 0.5000000000
20047  30.950  -49.709  26.614 0.6000000238
38063  31.793  -28.328  18.714 0.6999999881
37112  33.594  -29.205  19.725 0.6999999881
37095  35.269  -29.248  20.497 0.6000000238
109888  34.647  -28.476  19.313 0.5000000000
38061  33.468  -28.409  18.886 0.6000000238
39103  30.720  -27.060  17.018 0.6999999881
38060  34.206  -28.248  18.795 0.5000000000
39076  32.371  -27.790  18.133 0.5000000000
39090  32.430  -27.289  17.376 0.5000000000
40078  31.272  -26.658  16.480 0.6999999881
111657  36.322  -28.352  21.285 0.5000000000
39074  34.496  -27.679  18.314 0.5000000000
39089  33.939  -27.389  17.693 0.5000000000
41046  32.773  -26.043  15.976 0.5000000000
29062  31.872  -38.570  19.869 0.6000000238
30712  32.925  -36.267  21.070 0.5000000000
29913  32.927  -37.951  20.795 0.6000000238
109358  32.676  -37.074  20.831 0.6000000238
32268  34.569  -34.571  21.458 0.5000000000
31479  33.371  -35.574  21.207 0.5000000000
30713  32.226  -36.291  20.655 0.6000000238
104293  29.683  -48.137  28.987 0.5000000000
33187  34.815  -33.723  21.152 0.5000000000
32269  33.909  -34.970  21.325 0.5000000000
104168  35.399  -33.098  21.005 0.5000000000
21567  29.585  -47.237  29.040 0.4000000060
22420  28.695  -46.637  28.951 0.4000000060
32280  34.012  -34.172  21.035 0.5000000000
35104  36.174  -31.768  20.193 0.5000000000
33197  34.746  -32.893  20.553 0.5000000000
23330  28.185  -45.189  28.585 0.4000000060
35119  35.702  -31.347  19.624 0.5000000000
34170  35.202  -32.022  20.131 0.5000000000
27260  30.071  -40.742  28.999 0.4000000060
27261  29.176  -40.729  28.401 0.4000000060
26453  28.684  -41.464  28.137 0.3000000119
30593  32.450  -36.244  29.096 0.4000000060
30594  31.556  -36.161  29.215 0.4000000060
28937  30.676  -38.507  29.276 0.4000000060
103557  30.155  -39.212  28.999 0.4000000060
31376  32.073  -35.557  28.959 0.4000000060
109614  29.614  -39.906  28.626 0.4000000060
28949  29.916  -38.438  28.842 0.4000000060
103519  28.851  -40.019  28.171 0.4000000060
29796  31.263  -37.760  29.389 0.4000000060
30581  30.998  -36.919  29.283 0.4000000060
105483  32.553  -35.167  28.614 0.4000000060
103663  30.645  -36.099  29.087 0.4000000060
29810  30.417  -37.699  29.119 0.4000000060
102791  30.156  -36.902  28.936 0.4000000060
29811  29.677  -37.658  28.685 0.4000000060
28123  29.458  -39.126  28.533 0.4000000060
30595  29.430  -36.890  28.572 0.4000000060
29812  28.957  -37.559  28.303 0.4000000060
114434  29.156  -39.568  28.348 0.4000000060
32199  34.553  -34.511  27.554 0.4000000060
110287  31.926  -34.985  28.712 0.4000000060
32180  31.506  -34.465  28.531 0.4000000060
31377  31.218  -35.290  28.891 0.4000000060
32200  33.589  -34.120  27.930 0.4000000060
32201  32.721  -34.089  28.240 0.4000000060
32181  30.634  -34.533  28.565 0.4000000060
107913  29.827  -36.151  28.768 0.4000000060
31379  29.363  -35.518  28.567 0.4000000060
33148  35.134  -33.315  26.502 0.5000000000
32210  34.975  -33.923  27.029 0.5000000000
109317  34.337  -33.823  27.437 0.5000000000
33135  32.737  -33.361  27.863 0.4000000060
33118  32.007  -33.826  28.275 0.4000000060
31378  30.227  -35.355  28.787 0.4000000060
33133  34.538  -33.276  27.062 0.5000000000
34085  33.204  -32.689  27.375 0.4000000060
33136  31.746  -33.091  27.884 0.4000000060
33119  31.062  -33.643  28.255 0.4000000060
34084  34.043  -32.759  27.172 0.4000000060
34086  32.241  -32.580  27.450 0.4000000060
34087  31.401  -32.467  27.417 0.4000000060
35038  33.285  -31.534  26.563 0.4000000060
36000  32.801  -30.892  26.178 0.4000000060
35039  32.266  -31.432  26.574 0.4000000060
35040  31.400  -31.380  26.537 0.4000000060
34096  35.286  -32.757  26.086 0.5000000000
35054  34.745  -31.329  25.895 0.5000000000
35055  33.865  -31.030  26.143 0.4000000060
36019  32.315  -30.359  25.659 0.4000000060
36001  31.829  -30.851  26.120 0.4000000060
36002  30.999  -30.840  26.059 0.3000000119
35037  34.272  -31.732  26.440 0.5000000000
34098  33.720  -32.180  26.909 0.4000000060
35027  32.713  -32.026  27.029 0.4000000060
35028  31.804  -31.931  27.035 0.4000000060
36016  35.233  -30.932  25.392 0.5000000000
36017  34.458  -30.593  25.620 0.5000000000
36018  33.395  -30.416  25.695 0.4000000060
36020  31.402  -30.356  25.592 0.3000000119
36037  35.730  -30.742  24.708 0.5000000000
36021  30.596  -30.343  25.568 0.3000000119
110345  35.857  -30.078  24.447 0.5000000000
36036  36.226  -30.568  24.032 0.4000000060
36049  36.333  -30.349  23.409 0.5000000000
37066  34.520  -29.303  24.743 0.3000000119
37046  34.014  -29.839  25.299 0.4000000060
37047  32.886  -29.785  25.280 0.4000000060
37048  31.869  -29.798  25.199 0.3000000119
37049  30.996  -29.808  25.138 0.3000000119
37050  30.129  -29.740  25.144 0.3000000119
36038  35.141  -30.050  25.066 0.3000000119
37085  36.219  -29.758  23.776 0.4000000060
37084  36.277  -29.157  23.298 0.4000000060
117285  36.269  -30.042  22.431 0.4000000060
36067  36.299  -29.532  22.036 0.4000000060
37067  33.424  -29.238  24.801 0.3000000119
37068  32.375  -29.252  24.743 0.3000000119
37069  31.454  -29.267  24.695 0.3000000119
110577  29.448  -29.878  25.325 0.3000000119
37070  30.627  -29.240  24.695 0.3000000119
107034  29.946  -29.165  24.705 0.3000000119
37071  29.409  -29.391  24.934 0.3000000119
37065  35.512  -29.331  24.360 0.3000000119
112460  35.971  -29.021  23.768 0.3000000119
38030  36.406  -28.906  22.676 0.3000000119
38033  36.401  -28.622  21.909 0.4000000060
38034  35.983  -28.472  20.591 0.4000000060
106983  28.822  -29.117  24.800 0.3000000119
38018  34.626  -28.166  24.009 0.3000000119
38001  33.989  -28.665  24.407 0.3000000119
38000  34.880  -28.752  24.363 0.3000000119
38017  35.470  -28.541  23.940 0.3000000119
38031  36.082  -28.385  23.291 0.3000000119
108906  36.391  -27.860  21.693 0.3000000119
38037  36.405  -27.789  20.945 0.4000000060
39052  36.477  -27.206  20.607 0.3000000119
39053  36.165  -27.728  20.047 0.4000000060
39073  35.286  -27.372  18.485 0.4000000060
39088  34.894  -27.067  17.784 0.4000000060
104953  34.234  -26.890  17.280 0.4000000060
114641  33.364  -26.941  17.108 0.4000000060
39063  36.462  -26.868  19.902 0.3000000119
40053  36.335  -26.412  19.121 0.3000000119
40064  34.776  -26.545  17.255 0.4000000060
40076  34.174  -26.378  16.718 0.4000000060
41045  33.700  -25.855  16.087 0.4000000060
41061  33.199  -25.403  15.506 0.4000000060
41062  32.248  -25.544  15.402 0.4000000060
41063  31.262  -25.648  15.293 0.5000000000
40039  36.488  -26.031  19.829 0.3000000119
108382  35.739  -26.718  18.405 0.3000000119
40063  35.470  -26.303  17.662 0.4000000060
40075  35.086  -25.986  16.953 0.4000000060
41044  34.587  -25.612  16.331 0.4000000060
41060  34.160  -25.152  15.649 0.3000000119
42077  33.556  -24.825  15.163 0.4000000060
42078  32.670  -24.826  14.906 0.3000000119
41082  31.704  -25.060  14.831 0.3000000119
41083  30.736  -25.107  14.712 0.4000000060
118185  31.972  -24.478  14.539 0.3000000119
42095  31.204  -24.478  14.396 0.3000000119
41012  36.489  -25.005  18.884 0.3000000119
41030  35.798  -25.490  17.479 0.3000000119
41043  35.387  -25.220  16.713 0.3000000119
42060  34.937  -24.935  16.045 0.3000000119
117784  34.628  -24.691  15.647 0.3000000119
42094  33.419  -24.237  14.719 0.3000000119
43042  32.534  -24.061  14.413 0.3000000119
41001  36.483  -25.212  19.659 0.3000000119
41029  36.301  -24.900  18.077 0.3000000119
42059  35.533  -24.449  16.511 0.3000000119
42075  35.093  -24.212  15.771 0.3000000119
42076  34.281  -24.380  15.204 0.3000000119
43040  34.063  -23.654  14.644 0.3000000119
43041  33.173  -23.512  14.259 0.3000000119
43051  32.251  -23.363  13.915 0.3000000119
44041  33.814  -22.920  14.170 0.3000000119
43050  32.923  -22.776  13.755 0.3000000119
34097  34.661  -32.563  26.636 0.5000000000
28252  31.490  -39.372  19.385 0.6000000238
29061  32.507  -38.483  20.366 0.5000000000
117096  33.150  -36.773  21.174 0.5000000000
29899  33.433  -37.311  21.260 0.5000000000
33186  35.744  -33.546  21.460 0.5000000000
31467  34.609  -35.752  21.892 0.5000000000
30695  33.593  -36.436  21.397 0.5000000000
20021  31.400  -49.076  27.888 0.6000000238
20765  30.595  -48.888  28.572 0.6000000238
20766  29.564  -48.984  28.973 0.5000000000
114734  28.923  -48.262  29.187 0.5000000000
21568  28.637  -47.457  29.093 0.4000000060
103634  28.003  -46.851  28.852 0.4000000060
22421  27.878  -46.085  28.649 0.4000000060
109385  27.350  -45.276  28.376 0.4000000060
25707  28.209  -42.185  27.857 0.3000000119
27284  28.441  -40.723  27.839 0.4000000060
30596  28.735  -36.778  28.250 0.4000000060
31380  28.498  -35.879  28.251 0.4000000060
33120  30.075  -33.838  28.329 0.4000000060
32182  29.712  -34.664  28.540 0.4000000060
110786  31.042  -32.917  27.778 0.4000000060
33121  29.159  -34.014  28.336 0.4000000060
110722  30.650  -32.448  27.413 0.4000000060
35029  31.007  -31.886  26.999 0.4000000060
36022  29.830  -30.329  25.596 0.3000000119
34137  36.238  -32.818  21.184 0.5000000000
29826  28.435  -37.378  27.892 0.4000000060
33137  30.374  -33.080  27.858 0.4000000060
24203  27.641  -44.468  28.259 0.4000000060
31480  32.655  -35.487  20.830 0.5000000000
112994  32.725  -35.721  28.760 0.4000000060
37090  36.387  -29.775  22.910 0.5000000000
32178  33.058  -34.740  28.345 0.4000000060
35053  35.641  -31.546  24.961 0.5000000000
117272  35.662  -27.856  19.470 0.4000000060
101986  33.282  -26.396  16.483 0.4000000060
31468  34.022  -35.731  21.534 0.5000000000
32267  35.333  -34.314  21.675 0.5000000000
28950  29.181  -38.382  28.380 0.4000000060
28124  28.726  -39.204  28.046 0.4000000060
114573  29.165  -36.242  28.469 0.4000000060
33134  33.751  -33.327  27.521 0.4000000060
114187  35.270  -31.645  25.555 0.5000000000
34111  35.071  -32.057  26.053 0.5000000000
39064  35.935  -27.296  19.169 0.4000000060
39019  35.360  -27.790  23.506 0.3000000119
40052  36.460  -25.674  19.185 0.3000000119
41013  36.189  -25.798  18.372 0.3000000119
42047  36.030  -24.590  17.334 0.3000000119
107623  35.971  -23.788  17.049 0.3000000119
32183  28.772  -34.878  28.425 0.4000000060
19213  28.295  -50.778  25.497 0.4000000060
98791  29.114  -50.623  25.783 0.4000000060
112575  28.859  -51.103  26.246 0.4000000060
18370  29.202  -51.361  27.179 0.3000000119
19200  29.721  -50.787  26.579 0.4000000060
26560  32.853  -41.326  20.483 0.5000000000
19169  30.282  -50.370  28.037 0.5000000000
18339  29.555  -50.962  28.240 0.3000000119
116177  32.709  -41.056  20.000 0.5000000000
108786  32.593  -40.063  19.959 0.5000000000
27382  32.933  -40.500  20.416 0.5000000000
20023  30.050  -49.731  28.552 0.4000000060
28222  33.437  -39.924  21.141 0.5000000000
29046  33.572  -39.098  21.167 0.3000000119
28237  32.402  -39.282  20.012 0.5000000000
28236  33.027  -39.605  20.551 0.4000000060
29060  33.039  -38.776  20.674 0.4000000060
29045  34.195  -38.575  21.767 0.3000000119
29898  34.084  -37.686  21.633 0.3000000119
103476  33.568  -38.234  21.212 0.3000000119
29888  34.570  -37.092  22.034 0.3000000119
103227  34.555  -37.876  22.078 0.3000000119
107084  27.700  -47.352  28.995 0.3000000119
32251  35.781  -34.822  22.240 0.4000000060
30676  34.766  -36.337  22.131 0.4000000060
108975  34.001  -36.992  21.609 0.4000000060
109171  28.193  -39.946  27.588 0.3000000119
28951  28.433  -38.226  27.770 0.3000000119
28141  27.954  -39.098  27.389 0.3000000119
29827  27.929  -37.588  27.450 0.3000000119
104264  28.274  -34.199  28.219 0.3000000119
32202  27.836  -35.061  28.084 0.3000000119
31398  27.271  -35.604  27.470 0.3000000119
105351  29.847  -32.532  27.468 0.3000000119
33138  29.531  -33.249  27.920 0.3000000119
33139  28.663  -33.449  27.971 0.3000000119
34099  30.211  -31.876  27.009 0.3000000119
34088  28.962  -32.696  27.549 0.3000000119
34100  29.321  -31.926  27.051 0.3000000119
34101  28.245  -32.105  27.164 0.3000000119
35041  30.605  -31.354  26.517 0.3000000119
35042  29.770  -31.333  26.508 0.3000000119
35043  28.761  -31.283  26.477 0.3000000119
116821  32.638  -41.837  20.066 0.5000000000
30694  34.262  -36.400  21.752 0.4000000060
21569  27.245  -46.760  28.697 0.3000000119
31397  27.806  -35.946  27.802 0.3000000119
103462  29.672  -50.379  28.514 0.3000000119
21552  28.117  -48.033  29.253 0.3000000119
116438  27.306  -50.197  21.762 0.4000000060
19254  26.650  -50.458  21.874 0.4000000060
20110  25.913  -48.598  21.859 0.4000000060
19255  25.364  -49.968  22.302 0.4000000060
20086  25.252  -49.436  22.774 0.3000000119
20866  25.910  -47.960  21.984 0.4000000060
20099  25.397  -49.138  22.388 0.4000000060
20085  25.583  -49.036  23.057 0.4000000060
20834  26.039  -48.128  22.595 0.4000000060
19238  25.595  -49.926  23.591 0.3000000119
19225  26.971  -50.303  24.362 0.3000000119
115965  26.635  -51.378  25.500 0.3000000119
115564  26.626  -50.813  24.772 0.3000000119
18387  27.725  -51.290  25.809 0.3000000119
20072  27.241  -49.514  23.947 0.4000000060
19214  27.360  -50.813  25.108 0.3000000119
108586  25.829  -50.528  22.020 0.4000000060
19267  25.551  -49.074  22.087 0.4000000060
18371  28.296  -51.529  26.587 0.3000000119
19265  27.870  -49.972  21.715 0.3000000119
18372  27.355  -51.725  26.379 0.3000000119
18399  25.923  -50.980  24.671 0.3000000119
19266  25.938  -49.647  21.865 0.4000000060
20073  26.326  -49.683  23.717 0.3000000119
20087  25.079  -49.791  22.684 0.3000000119
20111  25.645  -48.395  22.087 0.4000000060
20847  25.898  -47.950  22.093 0.4000000060
20848  25.649  -48.596  22.411 0.4000000060
21667  26.220  -47.730  22.010 0.5000000000
23325  32.987  -45.559  28.389 0.8999999762
23335  33.318  -45.494  27.745 0.8999999762
24950  32.382  -43.266  29.400 0.6999999881
27243  33.276  -40.341  29.231 0.8000000119
27399  28.866  -40.730  19.701 0.8000000119
28140  34.325  -39.738  27.611 0.8999999762
28157  34.375  -39.400  27.093 0.8999999762
28935  32.312  -38.531  29.436 0.6000000238
29795  32.097  -37.877  29.424 0.6000000238
29917  27.763  -37.202  19.620 0.8999999762
29944  27.827  -37.438  18.861 0.8999999762
30740  28.205  -36.910  18.649 0.8999999762
31448  35.349  -35.735  22.361 0.4000000060
31466  34.989  -35.067  21.882 0.5000000000
31513  28.543  -36.360  18.668 0.8999999762
32179  32.285  -34.540  28.465 0.4000000060
32322  27.231  -35.780  18.870 0.8999999762
33198  34.183  -33.514  20.700 0.5000000000
34153  35.686  -32.473  20.645 0.5000000000
34157  26.247  -32.214  19.941 1.0000000000
35139  34.177  -30.808  18.895 0.6000000238
36108  34.893  -30.475  18.506 0.6000000238
36128  31.881  -29.780  17.787 0.6999999881
36137  34.391  -30.071  16.458 0.6000000238
37137  33.936  -29.661  16.914 0.6000000238
38087  30.394  -28.541  15.896 0.6000000238
39082  24.557  -27.840  18.038 0.8000000119
40081  27.360  -26.403  16.603 0.8000000119
42116  27.906  -23.463  13.619 0.6000000238
42136  28.329  -24.286  12.261 0.6000000238
44089  31.054  -22.529  10.852 0.4000000060
108001  34.411  -35.223  21.619 0.5000000000
112129  30.325  -46.261  29.086 0.6000000238
113510  26.945  -23.510  12.854 0.6000000238
116127  28.307  -51.221  25.992 0.4000000060
117013  35.643  -32.876  24.658 0.6999999881
