#!ascii label  , from subject sub-v2s10x28996_ses-1 vox2ras=TkReg
738
42050  -17.116  -41.477  72.323 0.0000000000
54632  -43.874  -29.784  73.160 0.0000000000
138936  -46.470  -22.674  68.092 0.0000000000
66773  -52.077  -19.347  61.213 0.0000000000
50088  -42.212  -34.531  72.326 0.0000000000
65745  -49.379  -21.162  63.929 0.0000000000
132871  -50.880  -12.609  58.158 0.0000000000
76787  -56.466  -9.495  58.398 0.0000000000
53609  -48.014  -31.930  70.840 0.0000000000
58984  -48.517  -26.885  68.903 0.0000000000
60003  -44.676  -25.540  71.820 0.0000000000
148723  -18.838  -40.642  75.912 0.0000000000
40967  -23.246  -41.801  75.664 0.0000000000
43146  -28.001  -41.059  76.556 0.0000000000
44223  -32.262  -39.475  74.645 0.0000000000
43154  -36.844  -40.055  75.356 0.0000000000
45416  -41.384  -38.421  73.801 0.0000000000
48894  -45.239  -35.184  72.463 0.0000000000
62321  -49.401  -23.395  67.166 0.0000000000
77823  -58.294  -8.176  57.592 0.0000000000
54634  -46.059  -30.686  72.974 0.0000000000
56865  -46.430  -28.326  72.547 0.0000000000
56853  -44.585  -28.124  73.009 0.0000000000
44239  -19.209  -40.113  73.791 0.0000000000
41980  -20.894  -41.139  75.714 0.0000000000
45428  -38.367  -38.849  73.925 0.0000000000
43157  -39.423  -39.546  74.861 0.0000000000
46560  -39.539  -37.312  74.265 0.0000000000
138590  -43.237  -32.502  72.315 0.0000000000
48881  -42.893  -34.560  74.255 0.0000000000
51252  -44.437  -32.661  73.857 0.0000000000
51280  -46.892  -33.703  71.790 0.0000000000
61145  -48.050  -24.026  70.050 0.0000000000
60032  -51.302  -25.051  68.855 0.0000000000
64518  -49.785  -21.094  69.180 0.0000000000
65758  -50.891  -20.540  62.529 0.0000000000
65727  -53.046  -20.972  64.290 0.0000000000
64608  -53.034  -20.910  62.016 0.0000000000
65802  -53.053  -19.899  60.580 0.0000000000
73596  -53.645  -13.109  62.184 0.0000000000
71609  -52.119  -14.411  61.438 0.0000000000
46573  -40.541  -36.651  72.213 0.0000000000
65784  -48.809  -20.296  60.227 0.0000000000
146932  -53.384  -10.878  58.202 0.0000000000
73600  -56.109  -11.918  61.029 0.0000000000
75796  -58.547  -9.990  56.065 0.0000000000
52480  -49.699  -32.606  68.611 0.0000000000
56880  -48.091  -29.578  69.858 0.0000000000
58974  -46.953  -26.439  70.443 0.0000000000
42025  -18.024  -41.379  74.571 0.0000000000
41014  -25.198  -42.426  73.480 0.0000000000
40971  -25.889  -41.925  76.317 0.0000000000
129156  -27.024  -41.978  73.516 0.0000000000
42031  -29.440  -41.578  75.162 0.0000000000
42033  -31.693  -41.602  74.204 0.0000000000
154099  -33.530  -42.243  73.840 0.0000000000
44225  -34.720  -39.432  74.799 0.0000000000
41001  -38.113  -42.346  73.520 0.0000000000
48867  -41.284  -36.000  74.399 0.0000000000
46575  -43.464  -37.037  72.889 0.0000000000
45444  -45.445  -38.487  70.735 0.0000000000
47749  -47.542  -36.684  70.178 0.0000000000
50131  -48.977  -34.672  69.800 0.0000000000
64538  -51.172  -20.352  66.756 0.0000000000
69647  -50.973  -16.499  60.729 0.0000000000
67709  -52.635  -18.238  60.614 0.0000000000
131894  -16.121  -41.303  74.261 0.0000000000
54619  -44.344  -30.355  73.823 0.0000000000
55750  -45.273  -29.175  73.513 0.0000000000
55749  -44.321  -29.045  73.345 0.0000000000
44268  -38.720  -39.219  72.505 0.0000000000
45414  -38.869  -38.283  74.611 0.0000000000
45440  -39.301  -38.699  72.121 0.0000000000
53606  -43.378  -31.196  72.737 0.0000000000
52417  -43.099  -32.061  73.748 0.0000000000
53578  -44.017  -30.978  74.004 0.0000000000
52406  -45.032  -32.041  73.618 0.0000000000
63425  -48.987  -22.465  69.993 0.0000000000
64516  -48.135  -21.178  69.508 0.0000000000
65786  -51.325  -19.732  61.488 0.0000000000
65759  -52.590  -20.355  62.585 0.0000000000
65771  -52.858  -19.826  61.602 0.0000000000
132889  -52.885  -20.568  61.172 0.0000000000
66766  -53.138  -19.776  61.001 0.0000000000
72647  -54.687  -13.576  61.687 0.0000000000
72630  -53.813  -13.928  62.329 0.0000000000
72655  -53.453  -13.873  59.865 0.0000000000
75755  -53.218  -10.641  57.002 0.0000000000
145509  -54.656  -10.433  58.638 0.0000000000
75728  -55.125  -11.187  60.800 0.0000000000
137800  -56.349  -10.490  60.044 0.0000000000
74702  -56.970  -11.452  60.097 0.0000000000
76777  -57.667  -9.402  58.968 0.0000000000
148279  -59.151  -8.550  57.364 0.0000000000
53631  -49.244  -31.980  69.520 0.0000000000
54678  -49.294  -31.200  69.264 0.0000000000
54668  -48.053  -30.600  70.428 0.0000000000
145075  -45.473  -26.771  72.819 0.0000000000
57941  -46.534  -27.494  72.078 0.0000000000
58963  -46.230  -25.957  71.987 0.0000000000
61134  -45.895  -24.492  71.641 0.0000000000
61132  -44.751  -24.914  71.532 0.0000000000
42026  -19.014  -41.454  74.860 0.0000000000
41999  -19.476  -41.122  75.849 0.0000000000
146779  -22.500  -41.616  75.468 0.0000000000
43171  -27.108  -40.624  75.446 0.0000000000
43129  -26.666  -41.570  76.420 0.0000000000
40996  -26.292  -42.358  75.248 0.0000000000
42003  -27.944  -41.938  75.867 0.0000000000
42030  -28.580  -41.783  75.073 0.0000000000
42004  -28.663  -41.492  76.053 0.0000000000
43149  -31.928  -40.550  74.741 0.0000000000
42034  -32.361  -41.701  74.172 0.0000000000
150889  -33.464  -40.467  74.589 0.0000000000
44248  -36.585  -39.556  74.710 0.0000000000
44247  -35.662  -39.449  74.707 0.0000000000
43153  -35.975  -40.090  75.257 0.0000000000
42011  -35.442  -41.111  74.716 0.0000000000
42012  -36.342  -41.136  74.786 0.0000000000
41000  -37.462  -42.656  73.585 0.0000000000
42039  -37.724  -41.648  74.206 0.0000000000
139042  -40.160  -39.325  74.464 0.0000000000
43173  -40.109  -40.252  73.990 0.0000000000
43174  -40.836  -39.927  73.531 0.0000000000
44270  -42.256  -39.804  72.468 0.0000000000
47726  -40.667  -35.933  72.943 0.0000000000
48891  -41.111  -35.297  73.330 0.0000000000
48893  -43.672  -34.731  73.819 0.0000000000
47719  -43.077  -36.027  73.717 0.0000000000
47728  -44.597  -36.315  72.381 0.0000000000
147653  -43.982  -37.699  72.088 0.0000000000
47736  -45.167  -36.900  71.631 0.0000000000
47738  -46.459  -36.283  71.131 0.0000000000
52437  -47.815  -32.652  71.113 0.0000000000
50091  -48.388  -34.259  70.625 0.0000000000
139338  -48.986  -33.250  70.082 0.0000000000
51306  -49.524  -33.248  69.023 0.0000000000
44216  -18.111  -39.906  75.269 0.0000000000
44206  -17.814  -40.020  76.042 0.0000000000
41977  -18.040  -40.621  76.048 0.0000000000
56916  -49.730  -28.550  68.291 0.0000000000
57974  -51.518  -27.372  68.055 0.0000000000
61175  -50.682  -23.870  68.551 0.0000000000
64559  -48.438  -21.051  65.413 0.0000000000
65695  -49.459  -20.253  67.153 0.0000000000
65713  -50.416  -20.357  65.758 0.0000000000
136033  -52.334  -22.055  63.080 0.0000000000
63495  -52.635  -21.441  64.436 0.0000000000
70633  -53.206  -15.396  62.500 0.0000000000
71608  -51.135  -14.894  60.202 0.0000000000
147825  -51.974  -16.406  61.725 0.0000000000
69637  -51.799  -17.108  61.504 0.0000000000
68650  -52.891  -17.317  61.045 0.0000000000
67716  -53.085  -18.207  60.294 0.0000000000
76820  -55.742  -9.581  55.978 0.0000000000
147574  -57.828  -8.640  58.365 0.0000000000
133581  -57.465  -8.570  56.620 0.0000000000
147795  -58.257  -7.890  56.489 0.0000000000
54635  -46.807  -30.840  72.227 0.0000000000
55752  -47.126  -30.146  71.897 0.0000000000
140119  -46.340  -30.067  72.768 0.0000000000
56855  -45.485  -28.390  73.264 0.0000000000
57930  -44.864  -26.736  72.669 0.0000000000
44217  -19.297  -40.110  74.936 0.0000000000
131236  -20.067  -41.056  75.935 0.0000000000
43140  -22.998  -41.352  75.244 0.0000000000
140458  -37.918  -39.394  75.194 0.0000000000
43155  -37.755  -39.821  75.331 0.0000000000
44229  -38.478  -39.226  75.227 0.0000000000
44231  -39.568  -38.656  74.965 0.0000000000
45403  -40.195  -37.968  74.730 0.0000000000
51263  -42.473  -33.581  73.040 0.0000000000
50069  -42.095  -34.179  73.712 0.0000000000
51250  -42.715  -33.491  73.922 0.0000000000
51251  -43.738  -33.301  74.066 0.0000000000
143715  -44.909  -33.563  73.349 0.0000000000
50072  -46.546  -34.563  71.791 0.0000000000
51265  -45.421  -32.880  73.127 0.0000000000
52419  -46.578  -32.110  72.334 0.0000000000
132825  -18.084  -39.972  73.111 0.0000000000
60029  -48.428  -25.740  69.366 0.0000000000
58985  -50.623  -25.935  69.078 0.0000000000
61154  -50.098  -24.377  69.550 0.0000000000
62278  -50.703  -23.385  69.115 0.0000000000
62308  -50.362  -22.453  68.441 0.0000000000
65746  -50.453  -20.784  63.521 0.0000000000
65725  -51.310  -20.359  65.070 0.0000000000
65747  -51.766  -20.477  63.390 0.0000000000
64609  -53.174  -20.895  62.734 0.0000000000
74698  -52.277  -11.984  59.468 0.0000000000
73632  -51.283  -13.020  59.317 0.0000000000
73595  -52.808  -13.308  61.549 0.0000000000
136127  -53.317  -14.676  62.403 0.0000000000
54665  -44.578  -30.392  71.428 0.0000000000
52435  -43.644  -31.933  71.939 0.0000000000
138935  -47.247  -21.432  67.086 0.0000000000
64606  -48.541  -21.403  62.258 0.0000000000
64607  -49.435  -20.916  61.897 0.0000000000
65769  -49.151  -20.650  61.081 0.0000000000
65785  -49.887  -20.032  60.957 0.0000000000
74712  -51.887  -11.582  58.310 0.0000000000
74699  -53.179  -11.833  60.175 0.0000000000
74685  -54.606  -12.441  61.994 0.0000000000
73636  -55.900  -12.401  60.398 0.0000000000
75744  -58.146  -9.351  58.752 0.0000000000
75779  -58.579  -10.015  57.290 0.0000000000
153843  -50.190  -31.540  68.226 0.0000000000
135234  -49.363  -29.475  68.543 0.0000000000
57961  -48.294  -27.899  68.894 0.0000000000
55798  -47.607  -29.118  70.632 0.0000000000
56895  -47.343  -28.064  70.292 0.0000000000
58983  -47.587  -26.582  69.523 0.0000000000
140083  -47.095  -24.409  70.607 0.0000000000
62246  -46.687  -23.222  70.980 0.0000000000
138034  -44.758  -27.922  71.958 0.0000000000
57950  -44.667  -27.065  71.225 0.0000000000
61142  -44.031  -25.127  70.590 0.0000000000
129916  -17.552  -41.486  73.276 0.0000000000
42051  -18.539  -41.574  73.325 0.0000000000
42054  -25.624  -41.869  71.770 0.0000000000
43185  -22.743  -40.896  73.454 0.0000000000
43141  -23.920  -41.204  75.374 0.0000000000
40969  -24.560  -42.135  76.052 0.0000000000
41015  -26.169  -42.282  73.806 0.0000000000
42059  -30.192  -41.473  74.099 0.0000000000
43192  -31.081  -41.433  73.617 0.0000000000
45400  -33.208  -38.635  74.247 0.0000000000
45413  -34.191  -38.657  73.938 0.0000000000
143754  -33.846  -39.460  74.677 0.0000000000
43151  -34.273  -40.264  74.739 0.0000000000
42036  -34.898  -42.210  74.273 0.0000000000
42015  -38.758  -40.769  74.574 0.0000000000
140250  -39.983  -36.874  72.869 0.0000000000
47716  -40.402  -36.409  74.137 0.0000000000
46561  -41.503  -37.380  74.170 0.0000000000
137716  -42.262  -35.012  74.311 0.0000000000
46563  -42.633  -36.695  73.704 0.0000000000
45417  -42.177  -38.013  73.454 0.0000000000
45432  -43.314  -38.757  72.064 0.0000000000
44289  -44.370  -39.365  71.079 0.0000000000
47770  -47.723  -36.503  69.178 0.0000000000
155452  -47.106  -34.994  71.309 0.0000000000
150464  -48.402  -35.754  69.875 0.0000000000
48939  -47.962  -35.332  68.698 0.0000000000
50174  -48.668  -34.030  68.520 0.0000000000
41996  -16.627  -41.011  75.343 0.0000000000
65661  -48.542  -20.513  68.564 0.0000000000
65664  -50.213  -20.234  68.001 0.0000000000
63459  -50.576  -21.274  67.777 0.0000000000
64548  -52.187  -20.646  65.798 0.0000000000
63471  -51.821  -21.136  66.157 0.0000000000
63479  -49.673  -22.660  66.368 0.0000000000
66780  -49.360  -19.093  59.817 0.0000000000
67706  -50.081  -18.972  60.319 0.0000000000
71615  -50.495  -14.376  58.884 0.0000000000
70660  -49.711  -15.625  58.425 0.0000000000
69646  -50.048  -16.862  59.713 0.0000000000
67715  -50.510  -18.260  60.477 0.0000000000
67708  -52.512  -18.956  60.861 0.0000000000
66774  -52.929  -19.233  60.450 0.0000000000
42049  -16.263  -41.482  72.377 0.0000000000
54618  -43.797  -30.384  73.742 0.0000000000
55735  -44.216  -29.697  73.619 0.0000000000
44285  -38.542  -39.748  71.825 0.0000000000
45429  -38.889  -38.380  73.426 0.0000000000
54631  -43.459  -30.682  73.308 0.0000000000
53577  -43.573  -31.084  73.729 0.0000000000
63434  -46.877  -22.134  69.668 0.0000000000
63435  -47.477  -21.792  69.964 0.0000000000
63446  -47.042  -21.944  68.676 0.0000000000
73634  -54.174  -13.641  60.501 0.0000000000
76786  -55.128  -10.031  57.665 0.0000000000
75756  -55.859  -10.085  59.058 0.0000000000
75742  -56.784  -10.578  59.970 0.0000000000
76776  -56.963  -9.775  59.359 0.0000000000
53622  -48.598  -31.961  70.159 0.0000000000
53630  -48.614  -31.256  69.922 0.0000000000
54650  -48.085  -31.262  70.626 0.0000000000
58952  -45.120  -26.331  72.638 0.0000000000
144792  -46.092  -26.737  72.489 0.0000000000
60005  -45.322  -25.568  72.241 0.0000000000
61121  -45.496  -24.945  71.884 0.0000000000
61119  -44.953  -25.145  71.956 0.0000000000
41978  -19.032  -41.009  76.161 0.0000000000
41979  -19.580  -41.004  75.951 0.0000000000
43125  -22.703  -41.529  75.414 0.0000000000
42001  -22.727  -42.031  75.398 0.0000000000
44218  -27.954  -40.642  76.099 0.0000000000
43145  -27.315  -41.161  76.403 0.0000000000
41985  -27.569  -41.497  76.313 0.0000000000
41986  -28.493  -41.102  76.404 0.0000000000
44222  -31.320  -39.922  74.935 0.0000000000
42008  -32.689  -41.255  74.494 0.0000000000
43150  -32.899  -39.993  74.561 0.0000000000
44227  -36.336  -39.742  75.152 0.0000000000
42038  -36.947  -41.917  74.218 0.0000000000
42013  -37.276  -40.745  75.048 0.0000000000
44252  -40.783  -39.014  73.996 0.0000000000
44269  -41.533  -39.456  73.220 0.0000000000
45430  -42.173  -38.909  72.962 0.0000000000
50087  -41.671  -34.747  73.248 0.0000000000
138276  -44.352  -35.445  73.007 0.0000000000
47729  -45.191  -36.003  72.125 0.0000000000
47737  -45.757  -36.389  71.489 0.0000000000
48907  -45.906  -35.729  71.736 0.0000000000
53608  -47.515  -31.918  71.391 0.0000000000
52438  -48.523  -32.646  70.418 0.0000000000
52454  -49.105  -32.667  69.800 0.0000000000
44207  -18.451  -40.250  75.839 0.0000000000
43123  -18.258  -40.446  75.971 0.0000000000
57972  -49.158  -27.724  68.553 0.0000000000
56917  -50.842  -28.438  67.902 0.0000000000
57973  -50.393  -27.592  68.336 0.0000000000
61174  -49.885  -24.050  67.720 0.0000000000
147670  -50.003  -24.877  67.477 0.0000000000
61187  -49.089  -24.460  66.914 0.0000000000
65723  -49.303  -20.783  65.014 0.0000000000
65712  -49.333  -20.499  66.066 0.0000000000
72661  -50.306  -13.107  57.527 0.0000000000
69625  -53.286  -15.731  62.173 0.0000000000
70646  -52.599  -15.707  62.134 0.0000000000
69638  -52.658  -16.589  61.880 0.0000000000
130106  -44.753  -28.608  73.414 0.0000000000
56854  -44.979  -27.816  73.226 0.0000000000
132413  -44.857  -27.387  72.980 0.0000000000
43166  -22.444  -41.006  74.870 0.0000000000
137002  -38.122  -39.557  72.814 0.0000000000
44249  -37.618  -39.353  74.396 0.0000000000
44250  -38.384  -38.841  75.076 0.0000000000
150784  -39.162  -37.762  74.140 0.0000000000
46553  -39.406  -37.897  74.686 0.0000000000
45402  -39.643  -38.004  74.807 0.0000000000
46554  -39.757  -37.528  74.606 0.0000000000
51278  -43.127  -33.207  72.046 0.0000000000
51264  -42.888  -32.696  73.412 0.0000000000
143524  -43.636  -32.409  74.120 0.0000000000
139138  -43.066  -32.677  74.128 0.0000000000
141573  -45.701  -31.444  73.141 0.0000000000
53592  -46.482  -31.348  72.515 0.0000000000
53593  -47.042  -31.606  71.911 0.0000000000
44260  -18.708  -40.131  72.953 0.0000000000
44238  -18.540  -39.935  74.178 0.0000000000
61153  -48.871  -24.699  69.643 0.0000000000
61146  -49.128  -23.838  69.882 0.0000000000
63437  -49.438  -21.795  69.644 0.0000000000
62277  -49.991  -22.861  69.550 0.0000000000
63438  -50.202  -22.006  69.279 0.0000000000
140031  -50.453  -22.395  68.952 0.0000000000
148841  -50.263  -21.431  68.916 0.0000000000
65760  -53.078  -20.566  62.498 0.0000000000
63522  -52.697  -21.529  62.557 0.0000000000
154175  -52.239  -21.336  61.351 0.0000000000
73615  -52.854  -12.528  60.932 0.0000000000
73614  -52.022  -12.713  60.098 0.0000000000
152791  -54.006  -15.280  62.203 0.0000000000
53607  -44.078  -31.178  71.682 0.0000000000
65783  -48.013  -20.661  59.976 0.0000000000
75754  -52.534  -11.051  57.153 0.0000000000
74727  -51.740  -11.371  57.212 0.0000000000
74728  -52.414  -11.229  57.890 0.0000000000
74713  -52.700  -11.389  58.863 0.0000000000
75739  -53.530  -11.282  59.512 0.0000000000
75721  -55.828  -11.159  60.920 0.0000000000
74701  -55.281  -11.678  61.423 0.0000000000
73599  -55.291  -12.348  61.479 0.0000000000
73616  -55.142  -13.027  61.569 0.0000000000
73617  -55.846  -12.326  61.103 0.0000000000
73618  -56.393  -11.930  60.700 0.0000000000
74715  -57.643  -10.940  59.296 0.0000000000
77808  -58.192  -8.453  58.184 0.0000000000
76789  -58.036  -8.763  58.663 0.0000000000
76790  -58.407  -8.737  58.209 0.0000000000
76822  -59.080  -9.291  56.899 0.0000000000
76811  -58.920  -9.023  57.784 0.0000000000
52509  -49.538  -32.063  67.300 0.0000000000
53648  -50.097  -31.797  67.606 0.0000000000
138005  -50.078  -32.065  68.166 0.0000000000
54677  -48.543  -30.389  69.705 0.0000000000
55823  -49.302  -30.346  68.947 0.0000000000
55844  -48.640  -29.530  69.208 0.0000000000
56915  -48.738  -28.662  68.713 0.0000000000
145402  -47.957  -28.659  69.505 0.0000000000
55771  -47.134  -29.171  71.790 0.0000000000
54667  -47.662  -29.936  71.055 0.0000000000
144505  -46.587  -26.678  71.551 0.0000000000
57942  -46.977  -27.388  70.996 0.0000000000
57951  -47.202  -27.227  70.067 0.0000000000
60028  -47.421  -25.784  69.776 0.0000000000
60020  -46.968  -25.402  70.500 0.0000000000
62244  -45.702  -23.704  71.212 0.0000000000
61135  -46.477  -23.973  71.188 0.0000000000
42052  -19.485  -41.702  73.718 0.0000000000
41012  -23.504  -42.532  72.698 0.0000000000
41013  -24.302  -42.505  73.111 0.0000000000
153246  -24.782  -42.074  71.617 0.0000000000
41035  -24.967  -42.280  72.422 0.0000000000
43167  -23.433  -41.050  74.219 0.0000000000
41983  -24.904  -41.905  76.264 0.0000000000
40982  -24.976  -42.384  75.577 0.0000000000
40970  -25.384  -42.183  76.154 0.0000000000
42028  -26.900  -42.261  74.708 0.0000000000
42055  -26.370  -41.893  72.560 0.0000000000
42081  -27.183  -41.558  72.158 0.0000000000
42057  -28.358  -41.610  73.587 0.0000000000
42058  -29.216  -41.534  73.893 0.0000000000
143318  -30.871  -41.349  74.862 0.0000000000
42060  -30.858  -41.484  74.500 0.0000000000
129427  -33.098  -42.003  74.077 0.0000000000
44246  -34.852  -39.135  74.572 0.0000000000
44245  -33.991  -38.883  74.459 0.0000000000
42037  -35.702  -42.161  74.319 0.0000000000
40999  -35.393  -42.864  73.753 0.0000000000
40998  -34.633  -42.664  73.569 0.0000000000
41019  -37.298  -43.314  73.105 0.0000000000
41020  -38.084  -43.193  73.041 0.0000000000
43156  -38.664  -39.848  75.171 0.0000000000
43172  -39.369  -40.513  74.391 0.0000000000
137910  -40.083  -37.340  72.141 0.0000000000
48877  -40.730  -35.850  73.830 0.0000000000
48866  -40.891  -36.047  74.281 0.0000000000
47708  -40.690  -36.661  74.420 0.0000000000
47709  -41.287  -36.582  74.442 0.0000000000
50055  -42.465  -34.326  74.085 0.0000000000
46562  -42.203  -37.234  73.750 0.0000000000
46574  -42.780  -37.569  73.128 0.0000000000
45431  -42.767  -38.415  72.664 0.0000000000
139033  -43.371  -37.999  72.364 0.0000000000
46587  -44.742  -37.875  71.469 0.0000000000
45442  -44.011  -38.569  71.643 0.0000000000
45443  -44.739  -38.739  71.107 0.0000000000
47748  -46.893  -36.913  70.594 0.0000000000
47758  -48.015  -36.339  69.805 0.0000000000
50090  -47.539  -34.523  71.167 0.0000000000
50112  -48.783  -34.715  70.217 0.0000000000
50111  -48.278  -35.058  70.532 0.0000000000
48934  -48.656  -35.263  69.607 0.0000000000
50150  -48.447  -34.804  68.790 0.0000000000
50151  -48.913  -34.569  69.179 0.0000000000
51321  -49.211  -33.250  68.336 0.0000000000
51322  -49.704  -32.558  68.077 0.0000000000
41997  -17.569  -41.042  75.562 0.0000000000
42024  -16.966  -41.339  74.193 0.0000000000
58986  -51.378  -25.764  68.720 0.0000000000
58999  -51.835  -26.456  68.125 0.0000000000
135576  -51.836  -26.134  67.873 0.0000000000
64544  -47.118  -21.559  66.150 0.0000000000
65678  -48.034  -20.812  67.707 0.0000000000
65696  -50.498  -20.224  67.220 0.0000000000
65680  -49.938  -20.136  67.949 0.0000000000
65681  -50.613  -20.253  67.386 0.0000000000
64537  -50.629  -20.506  67.655 0.0000000000
64546  -51.104  -20.766  67.101 0.0000000000
65726  -52.603  -20.652  64.834 0.0000000000
155933  -51.902  -20.328  65.178 0.0000000000
64561  -52.691  -20.882  65.183 0.0000000000
63481  -52.282  -21.343  65.405 0.0000000000
63480  -51.004  -21.855  65.842 0.0000000000
63493  -50.179  -22.655  65.081 0.0000000000
67714  -49.591  -18.465  59.792 0.0000000000
72644  -51.206  -13.921  59.771 0.0000000000
72653  -50.669  -13.488  58.545 0.0000000000
70661  -50.748  -15.640  60.034 0.0000000000
137555  -50.314  -15.214  59.102 0.0000000000
69654  -50.183  -16.022  59.378 0.0000000000
69653  -49.565  -16.426  58.679 0.0000000000
68649  -52.356  -17.358  61.299 0.0000000000
68656  -50.803  -17.445  60.688 0.0000000000
68648  -51.717  -18.081  60.847 0.0000000000
67707  -51.216  -18.880  60.799 0.0000000000
54633  -45.171  -30.504  73.619 0.0000000000
140753  -45.592  -29.913  73.394 0.0000000000
145573  -44.774  -29.725  73.733 0.0000000000
151908  -44.565  -29.213  73.582 0.0000000000
52434  -43.059  -32.021  72.991 0.0000000000
53591  -43.244  -31.421  73.518 0.0000000000
52404  -43.431  -31.773  73.973 0.0000000000
52405  -44.098  -31.811  74.055 0.0000000000
53579  -44.646  -31.160  73.803 0.0000000000
62260  -47.413  -22.763  70.600 0.0000000000
62261  -48.347  -23.121  70.253 0.0000000000
63424  -48.127  -22.235  70.309 0.0000000000
64508  -48.056  -21.558  70.054 0.0000000000
64517  -48.860  -21.010  69.567 0.0000000000
65770  -50.415  -20.340  61.656 0.0000000000
148586  -52.055  -19.992  62.042 0.0000000000
129575  -53.013  -20.165  62.063 0.0000000000
65772  -53.038  -20.221  61.664 0.0000000000
65788  -53.229  -19.969  60.989 0.0000000000
147728  -53.130  -19.756  60.810 0.0000000000
72613  -54.358  -13.521  62.422 0.0000000000
72612  -54.281  -13.389  62.497 0.0000000000
72631  -54.405  -13.556  62.412 0.0000000000
72646  -54.218  -14.180  61.745 0.0000000000
141105  -54.041  -10.427  57.577 0.0000000000
75740  -54.363  -10.956  59.642 0.0000000000
75741  -55.483  -10.675  59.998 0.0000000000
75729  -56.331  -11.057  60.624 0.0000000000
75730  -56.689  -11.087  60.337 0.0000000000
74703  -57.173  -10.720  59.756 0.0000000000
75743  -57.695  -10.085  59.143 0.0000000000
77824  -58.903  -7.741  57.369 0.0000000000
76791  -58.777  -8.317  57.647 0.0000000000
77825  -59.268  -7.744  57.148 0.0000000000
133217  -59.243  -9.423  55.905 0.0000000000
53639  -49.808  -31.949  68.777 0.0000000000
55799  -47.943  -29.969  70.323 0.0000000000
56866  -47.068  -28.273  71.420 0.0000000000
60013  -46.393  -25.028  71.375 0.0000000000
60012  -45.810  -25.321  72.017 0.0000000000
61133  -45.439  -24.434  71.561 0.0000000000
62243  -45.000  -24.248  71.266 0.0000000000
41998  -18.542  -41.070  75.795 0.0000000000
149193  -20.005  -41.519  75.112 0.0000000000
40994  -24.473  -42.464  74.468 0.0000000000
40983  -26.182  -42.211  76.127 0.0000000000
41984  -26.641  -41.900  76.317 0.0000000000
42002  -27.066  -42.180  75.903 0.0000000000
42029  -27.681  -42.011  74.703 0.0000000000
42007  -31.689  -41.327  74.551 0.0000000000
42009  -33.617  -41.398  74.439 0.0000000000
44266  -35.956  -39.515  73.904 0.0000000000
44265  -35.055  -39.111  73.716 0.0000000000
44226  -35.511  -39.625  74.987 0.0000000000
43152  -35.159  -40.100  75.090 0.0000000000
151848  -36.302  -42.275  74.166 0.0000000000
43194  -40.815  -40.919  73.086 0.0000000000
44287  -42.883  -40.064  71.783 0.0000000000
47734  -41.062  -35.907  72.145 0.0000000000
48878  -41.240  -35.530  74.183 0.0000000000
48892  -43.424  -35.336  73.769 0.0000000000
47727  -43.868  -36.179  72.960 0.0000000000
46576  -44.335  -37.019  72.245 0.0000000000
46588  -45.545  -37.675  71.037 0.0000000000
46589  -46.065  -37.057  70.929 0.0000000000
47739  -47.278  -36.130  70.737 0.0000000000
52436  -47.120  -32.869  71.751 0.0000000000
51281  -47.731  -33.581  71.173 0.0000000000
51282  -48.457  -33.414  70.579 0.0000000000
51296  -49.091  -34.016  70.102 0.0000000000
51305  -49.202  -33.937  69.419 0.0000000000
51297  -49.292  -33.337  69.565 0.0000000000
52466  -49.561  -32.680  69.184 0.0000000000
44237  -17.621  -39.852  73.944 0.0000000000
44215  -17.380  -39.845  75.289 0.0000000000
150649  -17.180  -39.953  76.131 0.0000000000
61163  -51.228  -24.990  68.538 0.0000000000
60049  -51.577  -25.667  67.948 0.0000000000
60048  -50.871  -24.931  68.058 0.0000000000
64558  -47.725  -21.255  65.788 0.0000000000
65711  -48.505  -20.711  66.369 0.0000000000
131627  -50.199  -20.258  66.694 0.0000000000
135161  -50.883  -20.255  66.655 0.0000000000
63496  -53.132  -21.096  63.919 0.0000000000
64575  -52.946  -21.074  64.580 0.0000000000
70655  -52.010  -15.139  61.662 0.0000000000
70654  -51.532  -15.717  61.111 0.0000000000
76809  -55.969  -9.478  57.186 0.0000000000
76810  -57.057  -9.006  57.902 0.0000000000
77822  -57.655  -8.539  57.710 0.0000000000
77830  -59.102  -6.978  56.845 0.0000000000
54649  -47.511  -31.183  71.413 0.0000000000
142480  -47.720  -30.622  71.081 0.0000000000
55751  -46.284  -29.237  72.832 0.0000000000
154806  -45.898  -29.571  73.208 0.0000000000
57932  -45.676  -27.483  72.983 0.0000000000
57931  -45.078  -27.084  73.030 0.0000000000
58951  -44.791  -26.069  72.252 0.0000000000
44208  -18.930  -40.285  75.638 0.0000000000
43124  -19.401  -40.890  75.956 0.0000000000
43137  -20.157  -40.511  75.455 0.0000000000
43138  -20.998  -40.921  75.645 0.0000000000
41981  -21.816  -41.282  75.500 0.0000000000
45399  -32.511  -38.755  74.355 0.0000000000
44228  -37.217  -39.659  75.185 0.0000000000
44230  -39.020  -39.097  75.288 0.0000000000
45401  -39.084  -38.576  75.101 0.0000000000
44251  -40.236  -38.618  74.641 0.0000000000
45415  -40.662  -38.334  74.402 0.0000000000
50056  -42.963  -33.660  74.188 0.0000000000
50057  -43.431  -34.080  74.090 0.0000000000
50070  -44.404  -34.386  73.445 0.0000000000
48895  -46.001  -35.080  71.966 0.0000000000
50071  -45.510  -34.419  72.565 0.0000000000
51266  -45.947  -33.690  72.491 0.0000000000
141565  -46.319  -32.935  72.385 0.0000000000
52418  -45.815  -32.291  72.886 0.0000000000
52420  -47.222  -32.230  71.697 0.0000000000
154274  -18.633  -39.845  75.156 0.0000000000
136913  -49.452  -26.103  69.035 0.0000000000
58997  -49.820  -26.809  68.666 0.0000000000
60030  -49.820  -25.317  69.362 0.0000000000
60031  -50.909  -25.140  69.219 0.0000000000
62262  -49.281  -23.197  69.890 0.0000000000
132305  -50.422  -23.721  69.430 0.0000000000
61155  -50.915  -24.320  69.170 0.0000000000
61162  -51.049  -24.199  68.909 0.0000000000
62307  -50.014  -23.175  67.920 0.0000000000
65724  -50.278  -20.596  64.566 0.0000000000
131140  -51.181  -20.510  64.150 0.0000000000
142559  -52.924  -20.751  63.974 0.0000000000
65748  -52.862  -20.610  63.309 0.0000000000
64596  -53.131  -20.844  63.356 0.0000000000
63512  -53.020  -21.248  63.209 0.0000000000
73633  -51.534  -12.241  58.799 0.0000000000
72645  -51.949  -13.509  60.709 0.0000000000
72629  -52.801  -13.986  62.025 0.0000000000
71594  -52.880  -15.122  62.400 0.0000000000
71595  -53.643  -15.238  62.449 0.0000000000
54648  -43.730  -30.417  72.496 0.0000000000
149268  -44.111  -29.708  72.225 0.0000000000
63456  -46.255  -22.904  67.229 0.0000000000
63457  -46.839  -22.111  67.592 0.0000000000
64557  -47.112  -21.641  65.402 0.0000000000
64573  -48.420  -21.328  64.382 0.0000000000
64594  -48.498  -21.465  63.315 0.0000000000
64595  -49.505  -21.149  62.831 0.0000000000
132985  -50.580  -19.398  60.919 0.0000000000
74726  -50.963  -11.626  56.760 0.0000000000
73651  -51.216  -11.869  57.712 0.0000000000
74684  -53.798  -12.435  61.670 0.0000000000
74700  -54.303  -11.616  60.976 0.0000000000
73598  -54.605  -13.211  62.213 0.0000000000
73635  -54.741  -12.913  59.966 0.0000000000
73637  -56.685  -12.018  59.806 0.0000000000
76788  -57.503  -9.066  58.720 0.0000000000
75757  -58.106  -10.263  58.675 0.0000000000
75758  -58.543  -9.623  58.200 0.0000000000
54688  -49.893  -31.084  68.569 0.0000000000
55845  -49.974  -30.230  68.322 0.0000000000
57960  -47.707  -27.558  69.432 0.0000000000
60021  -47.759  -24.956  69.897 0.0000000000
61144  -47.298  -23.507  70.628 0.0000000000
63445  -46.279  -22.719  69.017 0.0000000000
55770  -44.371  -28.902  72.472 0.0000000000
57940  -44.730  -27.115  72.356 0.0000000000
58962  -44.654  -26.286  72.058 0.0000000000
58961  -44.575  -25.790  71.780 0.0000000000
60010  -44.451  -25.366  71.415 0.0000000000
61143  -44.456  -24.781  71.031 0.0000000000
130102  -16.795  -41.447  73.043 0.0000000000
129915  -17.892  -41.531  72.443 0.0000000000
154036  -20.140  -41.030  75.994 0.0000000000
43126  -23.594  -41.624  75.627 0.0000000000
41982  -24.078  -41.853  76.035 0.0000000000
153721  -25.691  -42.373  75.714 0.0000000000
146775  -25.679  -42.185  72.753 0.0000000000
42056  -27.681  -41.679  73.201 0.0000000000
42005  -29.482  -41.231  75.870 0.0000000000
42032  -30.207  -41.422  75.098 0.0000000000
42061  -32.557  -41.854  73.764 0.0000000000
45412  -33.456  -38.477  73.858 0.0000000000
44224  -33.185  -39.036  74.606 0.0000000000
42010  -34.548  -41.242  74.572 0.0000000000
42035  -33.957  -42.212  74.113 0.0000000000
42014  -38.102  -40.654  74.957 0.0000000000
42040  -38.467  -41.566  73.991 0.0000000000
42041  -39.217  -41.467  73.706 0.0000000000
41002  -38.860  -42.488  73.147 0.0000000000
45441  -39.948  -38.167  71.661 0.0000000000
46572  -39.454  -37.547  73.050 0.0000000000
47724  -39.841  -36.783  73.781 0.0000000000
47725  -40.286  -36.329  73.308 0.0000000000
47715  -40.024  -36.971  74.469 0.0000000000
46555  -40.122  -37.398  74.622 0.0000000000
46556  -40.740  -37.257  74.537 0.0000000000
45404  -40.859  -37.815  74.428 0.0000000000
50054  -41.780  -34.911  74.061 0.0000000000
48879  -41.750  -35.492  74.351 0.0000000000
48880  -42.727  -35.268  74.217 0.0000000000
47718  -42.270  -35.793  74.333 0.0000000000
47710  -41.694  -36.017  74.438 0.0000000000
47717  -41.914  -36.565  74.237 0.0000000000
44271  -42.831  -39.252  72.224 0.0000000000
44288  -43.572  -39.504  71.542 0.0000000000
48908  -46.720  -35.463  71.372 0.0000000000
48922  -48.084  -35.860  70.296 0.0000000000
138137  -47.893  -33.846  67.920 0.0000000000
51311  -49.261  -33.690  68.871 0.0000000000
138076  -48.609  -33.391  67.984 0.0000000000
58998  -51.087  -26.611  68.520 0.0000000000
64536  -47.437  -21.380  68.035 0.0000000000
133361  -47.907  -20.913  68.454 0.0000000000
65646  -49.451  -20.444  68.919 0.0000000000
65679  -48.997  -20.261  67.951 0.0000000000
65662  -49.330  -20.295  68.552 0.0000000000
64529  -50.130  -20.595  68.547 0.0000000000
63447  -50.341  -21.349  68.462 0.0000000000
63458  -50.007  -22.390  67.491 0.0000000000
65714  -51.394  -20.348  65.933 0.0000000000
65698  -51.660  -20.452  66.203 0.0000000000
64560  -52.437  -21.006  65.704 0.0000000000
64547  -51.808  -20.605  66.186 0.0000000000
63470  -50.752  -21.546  66.898 0.0000000000
66771  -48.801  -19.556  59.631 0.0000000000
66772  -49.531  -19.591  60.285 0.0000000000
71627  -50.057  -13.979  57.901 0.0000000000
138671  -49.861  -14.815  58.182 0.0000000000
68663  -49.362  -17.223  58.909 0.0000000000
68655  -49.846  -17.693  59.809 0.0000000000
66782  -52.992  -19.427  60.413 0.0000000000
131836  -53.131  -18.735  60.069 0.0000000000
43196  -42.371  -40.513  72.040 0.0000000000
48909  -47.547  -35.361  70.896 0.0000000000
48923  -48.641  -35.274  70.067 0.0000000000
48940  -48.442  -35.314  69.144 0.0000000000
50173  -47.895  -34.612  68.347 0.0000000000
51312  -49.509  -33.060  68.594 0.0000000000
53649  -50.348  -31.381  67.740 0.0000000000
56918  -51.647  -27.959  67.624 0.0000000000
58953  -45.659  -26.130  72.459 0.0000000000
58964  -46.591  -25.920  71.159 0.0000000000
60004  -44.921  -25.616  72.210 0.0000000000
60011  -44.574  -25.232  71.530 0.0000000000
60040  -51.631  -25.681  68.354 0.0000000000
61120  -45.080  -25.080  71.952 0.0000000000
61131  -44.368  -25.140  71.206 0.0000000000
62245  -46.072  -23.770  71.338 0.0000000000
62293  -50.721  -23.306  68.884 0.0000000000
63409  -46.351  -23.130  71.007 0.0000000000
63436  -48.651  -21.721  69.958 0.0000000000
64515  -47.583  -21.440  69.347 0.0000000000
64526  -47.610  -21.233  68.762 0.0000000000
64527  -48.064  -20.864  69.032 0.0000000000
64528  -48.721  -20.602  69.067 0.0000000000
65663  -49.833  -20.222  68.430 0.0000000000
65697  -50.943  -20.191  66.886 0.0000000000
65715  -52.179  -20.536  65.659 0.0000000000
72632  -54.619  -13.487  62.260 0.0000000000
73597  -54.241  -13.115  62.419 0.0000000000
74686  -55.956  -11.576  61.063 0.0000000000
74687  -56.356  -11.521  60.678 0.0000000000
77809  -58.493  -8.321  57.813 0.0000000000
132061  -52.208  -20.458  64.306 0.0000000000
140823  -49.832  -23.616  69.684 0.0000000000
145975  -57.263  -10.083  59.397 0.0000000000
148988  -52.716  -21.565  63.640 0.0000000000
155000  -56.102  -10.831  60.547 0.0000000000
155671  -50.408  -22.696  69.200 0.0000000000
